41.6880025071365,182.44301384674324
161.0601450652247,140.5403778658
157.24664636457575,53.62182677614945
55.69823833898665,28.026755826906445
151.65296863629442,168.64796113864182
16.42186673178746,11.884496001459372
180.7249932118977,132.31712082302064
44.51348617632773,163.55585855330136
18.994321367330386,130.09643272586538
15.158031612135105,192.78140188186916
39.23894249057493,166.17285257275722
180.2227071649252,114.47509318709581
9.90145250697898,160.86327321557502
61.08947894073252,8.36126837419487
23.922743722985196,7.634816042673126
35.191277378806234,182.64088602151435
131.64945689943636,38.560403365342104
69.5943092063327,61.81450948695075
180.3673868159193,118.32600976231505
60.99467108120414,159.56793892640363
33.849732641464975,126.04023542364133
44.46692347337508,27.417287577575053
129.23393387703058,121.2850479779179
28.46377737461868,185.56204279477947
163.71244294330614,35.367973867204654
179.3872418896184,127.5308599720651
169.93541680468613,188.5393927553873
179.8413209878688,118.7055920850485
35.44266039267256,52.78984380299031
173.82954705500524,120.55279416049534
177.14210369885373,177.30093445858816
63.383563616160686,196.77753516735496
18.453391316843142,13.829171923277332
11.833927918546049,38.501274140194994
174.20521143806505,54.09190694062569
150.26857697482615,130.7836360054581
168.6586873783365,122.99796492893238
34.73687218282269,22.78196801115118
151.7488681920626,47.438583672424556
45.57360441736766,38.02675892511156
144.3715748725472,126.5596636364918
33.0956492887218,5.018710204617787
31.265995073695333,74.52702068027094
171.0122201523309,62.89315181561162
33.14027321746551,73.51875534103823
6.036692408684783,129.3491723118211
137.4046480393846,196.67685531164574
50.95293837152211,11.496599723083484
43.58334883315446,193.35915807538964
152.41511592810582,161.82508496345125
83.7045994415883,46.08979379459077
25.77616339988223,136.22836330555037
7.775787794477548,189.20168001849063
137.33833769774944,140.64846569999693
28.8295185938562,44.66304489650699
160.73000215683308,119.32123312631087
180.75275578332966,11.178211719051184
7.563424720637547,177.50725475986815
68.35689923621464,188.01495844973218
46.92746212728466,139.77667845246273
126.39417411136355,95.40249497303886
55.35876307866284,87.92108355171337
164.02779045774597,17.952644061930194
135.1324275497913,192.6713247175976
51.981007732800414,195.38288004200524
133.39590519223916,146.19045924105797
170.44085978672027,34.857526697193855
173.05365168801484,105.37615625482184
34.3555706548612,31.53019270004575
161.26825490092307,150.40063233174052
148.21367432787633,55.134853479123485
163.90305329347856,62.05710028296528
70.96210391475839,44.77222358284119
23.297524973454713,127.08702253741424
73.7726594914262,50.34781068010758
159.8886392635511,113.79976293137351
69.60406825361729,49.408890242340135
162.8836155009433,118.81070259976671
67.97323565421331,145.42970258249503
60.638899215985305,185.83524344392268
67.74996545503343,64.76860023838441
60.213157170750016,48.5584191243609
45.00431041877059,75.80590909060109
55.76990371059974,42.13967656127154
43.59732950775962,61.433960063874146
21.314354041477472,184.94233495040112
172.81970175891047,110.66226233899897
72.98846931574839,80.94231479583942
28.88930559520449,168.73663405123366
189.0079682842665,163.69707861909887
13.987923752145022,192.13525807332272
69.9230791964077,134.7866266552892
70.08470389664784,18.512591804046483
139.83298752572242,196.00201149927062
57.068183776946704,112.43645660016614
179.55286171502948,141.3783450058312
156.69705200562674,108.6661365930476
171.60069422084877,45.98830640217765
17.6383260039163,40.86618821854507
139.22493281574444,31.070778016528713
37.41055347497654,57.586419394273975
140.77567901344864,172.84033065054905
127.43397501649636,178.21096769735155
164.02332976126502,12.355181757054357
188.68959148122912,127.49044822341736
155.10385944750857,144.16224566675018
7.5533196584160756,123.00367567647257
39.384457287658684,38.89717869001519
131.70722281777662,15.399040760315268
178.617856893317,122.25290823060065
151.4294090433047,9.266392308800837
156.13885702333067,14.355021793286987
145.07881374755684,5.243385105547595
36.44977045671775,42.897111247523526
145.65863155892046,165.6530889332189
144.86648554277468,154.40472283396218
26.235039959190303,37.948693554185795
187.10510011378875,196.53143403356123
148.40296897274064,129.75508606237577
196.59650411366826,63.38531478858659
46.33788190324933,173.8060143637084
66.49512850680831,72.16342622056571
40.10815618112966,92.6243322948114
128.11378100374614,77.64206560559761
41.851055571544876,76.35411826875352
191.74098647612925,83.31627458872369
137.44049669426326,73.86067017746771
47.17023446869794,80.39997627644368
12.336431113132509,175.05646240464574
158.66007464301688,6.340559330185796
21.22076996532147,28.562080666557254
22.15919357506366,158.06183180362873
7.799605295180596,49.270696609420334
187.2009236127066,138.62763661199742
138.8016282327529,169.356946023987
142.39502585345014,117.81553528730781
70.38817934130498,122.41246120053147
63.70865872770817,168.32611089472223
71.53916084958702,64.74321395168347
56.50271587464047,121.43167183331859
129.3084237531123,34.306185505782075
64.12605316636261,40.0371952249482
34.83133969985112,175.86357235113934
44.66960599127878,183.5335291917263
180.4994234692388,171.96159166797966
60.16342896720896,142.35260910238836
174.7340655714897,149.80407088908424
144.12705743027726,176.14639494219242
23.36815903908433,82.45936441830037
50.81888676912913,40.42283271221483
62.11113636334772,54.75429159270109
67.63857009592238,93.53015491232513
59.73226413525952,26.394342824743884
127.47365404487739,188.77788954507665
171.86891362313904,121.88062837281846
194.86578679839647,168.86206928761456
56.940598886382176,175.4692279610917
128.21805514489938,170.14716301563254
25.80448024245221,151.0653040771555
168.79662612858743,152.10682935118194
160.89086945470135,16.094302277848584
66.99807547525504,66.53548484189376
97.21604352801387,42.894335105111445
167.45442512056206,14.301059785922813
15.527518061313618,134.91922777113246
169.93034394975956,176.78741063398004
129.4596661815893,127.60061541715015
67.14425506032023,49.89642845717538
141.6991783903921,13.286406997032683
16.26925121808374,92.23206840000894
175.3639449925436,158.12604930381772
46.31341258958991,81.78024913204756
155.9855097834741,178.0170308424757
26.11479728249553,124.97120205641085
138.58671272230023,80.55407821747916
154.130807160301,115.97582019257607
65.17979667971626,54.15665332847678
17.429713229919642,181.08419415121764
157.50365624557048,168.1039292941482
48.01698351971831,169.63872524388705
22.733307585147482,142.28841138422368
126.12890717414058,167.77163482310525
53.16282108638988,36.47464738517848
31.706941289588094,156.31020469625543
150.29816788265546,18.46505398526572
68.78481981812936,176.45502554047906
69.932226138845,31.75380468783132
46.42629557829541,179.0643387035491
20.806845045286156,184.63837531963148
61.93206084835103,148.59394983754916
64.64762873858685,58.71096080164075
152.5485919317506,190.39133205292404
146.53786161339286,130.30906751648604
18.906952688410453,179.11399181971078
132.75714713063113,55.706313139385145
15.660150096322726,85.23971048530203
72.21428052449308,57.789198757234786
72.58564265262245,98.17779504252441
180.25611998709587,118.06719851956508
56.74923102276507,162.65220783357137
180.23756504402073,76.9566417992188
166.25255983040356,155.82140283043472
165.0579085758772,80.13301660200467
10.11072415099215,66.93530447495944
49.348360165386765,48.35690319091674
55.3719357824034,21.45455324772254
141.2244881920555,130.77290792133465
32.94945231411969,154.1065220475557
68.2317756146016,167.01049648808223
132.7646119254856,13.14937837686147
40.96090335794385,189.8311780718793
46.69462795627104,16.459806504205197
167.76475926524495,103.96686850172945
179.57723793701052,156.45806012809427
131.81653324119256,129.14057460517762
165.12122988439242,88.97492763380367
176.61073057864152,102.39822845308147
147.46727255839187,98.77833721052123
195.29865883822217,131.60322072163973
37.757159849049586,136.88648268962166
189.85680650249333,50.067882988296674
73.45759684099028,65.64905836151509
191.664254187735,13.658882950451856
129.7773492377183,136.94569071882654
51.29915017872286,39.78929957460889
33.16908354584959,90.61731594450949
33.261194183773114,20.862084029768784
10.125694501496584,49.83399600500273
7.196293216648525,102.15508476276766
154.49732619435903,140.207163408583
145.05673197745114,185.35893279034335
6.572618934416306,120.10545727527617
74.4075242761376,58.18192863164748
44.27083535373257,95.15159941291884
11.39580182979978,110.4841400832219
57.02943776139242,61.56869541156079
66.06284750059832,121.99676360238111
135.31283330179895,25.866605702682374
74.87069433653231,83.26735740440547
158.55375964368565,12.533214899242806
95.12515005995203,47.062066507834096
191.06700880850673,5.944786965392673
54.75863476434315,133.16045050554357
8.093928325261391,15.787126540880246
23.73955220562671,149.54676597257534
147.34423685354233,30.033845745160637
189.5655441252403,133.70635674712835
129.7970100045413,59.968660444201916
59.892381131159716,119.40438449663152
146.8200213374842,89.66625554401934
193.2190547587007,147.88562734068287
67.47010228322772,20.55688616310788
177.61533249095336,74.82715727628084
75.90289374433212,188.40818521238108
156.01403273504056,64.67092313763011
30.634361191842526,40.14369766655544
186.1029962915339,189.01175672965252
154.98295447609365,100.65199656003713
169.1058206624192,102.98160792745819
182.97020178020705,57.862087808515035
25.4047920016771,53.88346693287996
29.020792813481403,160.05233487250385
154.1585702428832,14.375536965547214
192.09172788050856,78.57128411534356
163.54219043644724,42.85755592161537
13.164172457016525,68.10677742894335
55.676997913390636,40.88142167917877
56.57971692445524,186.73937926597728
182.90017420186652,94.31467462855319
12.105791222907877,12.791923794596377
181.57401543355996,33.238369386990385
151.83027482514092,7.4548767258736115
178.29953323026274,119.74694849268289
49.975332129523096,191.51256919012516
155.33152664629924,11.785647715107388
191.77266085985522,145.93485053634836
46.67768887560254,194.44749930455546
180.6488485139835,59.86299761635741
8.306035839293836,30.067285245144316
8.763884378392003,32.80374224320926
180.29274562496167,177.3683209648962
154.24008756114304,51.12652301113226
152.96705480728113,102.42658141204558
127.65466546595343,70.83445018951825
27.147185863437226,118.88743229952719
37.80194540984763,131.3470543904743
30.0720516147752,102.71583391953355
149.78222294990513,9.735840120416107
185.43597596428341,36.19059488229646
42.62464963829356,117.13263812995245
163.34834840202433,42.75474783979572
141.3057410569734,141.33678469411834
139.1923714075173,101.73033854937633
195.97259127396313,175.07001525135874
61.071125655816466,71.46229330886823
47.71925329165079,162.4097330175266
48.211067792623645,23.28284527873659
182.83964245124764,142.0475728326085
159.76708571031287,165.8824654357852
142.61585378681306,59.94966099975174
41.08670326653368,165.35795620288005
171.10303160647385,143.16105021004753
57.1516387883388,32.95901324246054
37.40512283796477,190.08919405838068
186.62466951922096,95.51842341453568
140.10591909055412,67.76956044995106
171.30631114512906,27.925067394748588
196.28403209262657,194.58698930291564
10.29196720429898,15.209023985737357
38.209389819720165,78.95278898096295
108.59479600670748,44.03572162132514
174.77209191770493,123.08074780991738
147.27066884718926,10.883396944552366
66.28463802295248,32.993922106888185
185.17957452642798,186.94324338774183
5.405757378322091,18.230331541457232
137.67269425390322,90.37033690696289
41.35531062142405,26.51809785973976
126.58289279856986,61.967507239324306
59.095079364037474,52.44465621637188
34.51561133761162,53.71938107918262
178.69089109762757,94.10449711958599
41.640507642719754,162.3856356732783
10.088228778804465,33.206257738951706
171.79167337742393,153.43246189277517
167.20267966683974,104.80725954899684
65.2506868397376,124.16753179510809
139.36233759092366,10.989233740868729
31.16396229285794,177.289224387115
164.38051241598302,31.432945292084604
169.20368155981785,52.01241398596238
161.04516477342315,113.91140157700197
6.149298102736498,50.42635060141789
73.04262822316542,41.674559898793646
21.386464844483598,96.727728803567
174.03241411735314,51.946086949490805
44.93594212978065,149.79093140682804
65.40323871626396,76.89149357537073
196.7056466867517,187.12198814806183
129.66778730392457,134.30746816380787
145.0847129567199,105.03550593091433
127.89494139489388,147.9364386011125
19.438065584178542,192.6977587123144
11.424765179873427,157.13651972819144
150.4822164592509,69.16277311645885
156.3026523891689,131.08775814093897
65.49181467135203,83.83707720397284
139.63132980365617,92.75282809575546
160.49636264288918,134.8317214535124
71.158633652951,94.237341222813
129.40666765777138,40.04702069124917
5.442290540363977,35.28727384732632
25.166648261835913,93.03716110822481
58.8204458795791,155.28646419348206
126.29270473700615,57.85927417313401
68.38309806127197,195.61363583162105
161.71524308358505,146.7794784710092
74.34038977125245,54.54371544335589
140.358132207987,90.319311807494
54.69876855119602,180.57393155978983
59.58151864422506,169.87720774075086
58.67703241539639,38.17444964727791
58.162118600894914,111.20474153096421
37.43807430865641,185.5077574200209
169.42721198665024,61.16067425000555
160.95347885196838,170.97693023560805
35.79106450127286,69.02321496914962
146.10864449236522,11.367492437564108
194.95443487496973,70.47543620384697
38.947809583254475,168.4177373614974
19.52050897935164,115.29505364171438
159.661129176493,82.86227387460339
164.0382541270784,88.60291508078535
54.25202076232915,110.56496700284018
153.6279358224045,177.16632250240198
19.427591707949233,12.122003761731037
160.13019254278854,17.893058590094583
148.75023025592174,43.09150213857412
66.44834480951467,17.86985524550327
38.732060914396484,108.44732395543396
65.82405540009762,190.93237806771148
164.139494909232,52.568133287812714
38.845362792169894,141.7656028542676
159.445525852122,108.47683883728824
134.59402082788552,124.44826218876446
171.34167308472442,102.66032971880094
55.40994090647082,158.32919647497647
25.938505538434377,6.279516611962414
64.17026971374645,68.16333874630688
26.887832151531093,152.57491625335126
18.766446742145707,120.95024727460661
44.27945785466348,130.28643966966595
57.721692650331825,109.79955759051917
55.864466896559485,124.26496374201585
27.693933654680695,64.49910120305634
42.15698853140147,114.12195342999878
138.4536831979819,33.65411707077688
68.06012508238983,153.214539698722
9.5678546628501,143.45039248921253
156.4925039979889,137.89263063855617
141.74829338485523,165.066155314932
103.09338038312548,43.61472008546553
135.33538217602842,147.42966651878768
142.54751406991932,98.83247619696193
38.21242292417789,75.49096868475065
69.9889383499268,17.25203833123512
144.91188446803798,118.38812817932275
26.200700721654158,137.5123705739685
169.5836476130473,98.82890572247383
154.01541157021796,140.05537841012747
22.07570160250523,132.81192371457726
141.60996067124412,95.69890388305177
33.798192813081705,165.41928623572613
68.89367363755565,116.06512475753108
157.7078004707552,174.84941145076618
64.21313315529275,160.30780980727812
142.00407143535736,30.87527737188855
182.2493314129082,69.70188396862937
37.11118985148814,60.04703851646664
48.401808499936465,159.8780434140924
68.57760299170253,32.506240656674024
142.07979597886623,164.2308905013538
157.49722520422705,119.9004999577166
9.050127973190714,56.24888427103559
74.35687986989241,191.58045611287457
58.99205559499625,17.044185511757515
72.21078644064048,19.290498088538815
55.69804841182975,141.5237780051044
47.89589768717061,44.32124672953853
52.017129924930906,61.002050504796216
164.24516188025947,175.96850514570517
177.81756494302198,171.70804617759467
46.50570122448787,34.82847863822676
29.83516639069671,64.0886810324914
25.666216804173764,51.52018095106189
15.862123585372784,12.229440610940944
12.415866086110972,129.20156112726164
9.20907955346741,193.67016638044998
34.1457106262215,194.97761280363997
178.31788212135078,190.22120788209028
25.164414291894694,113.77202132674198
36.59160296235836,154.2519871592482
20.78155661143247,136.6549476361662
150.51103607245398,20.01647800916306
46.85953030780056,45.54145562869952
174.18153740832878,35.45689054621202
74.28801498730638,141.73307477841882
33.280286708937545,181.89928434325762
126.22377072535394,194.18803831967278
151.04634778477532,40.42684180609926
133.9051608186558,95.8452557015282
176.67705522334438,135.89817700264757
17.80902903385346,74.9031612395089
133.82519875852967,42.78380873125242
53.759387991610296,50.90242403250547
70.31538609034119,117.7809417731767
25.253977561901117,138.53712312064434
183.62661474282143,179.8953490831195
27.373426550184785,77.68409916079015
20.892701025565568,68.31471395266232
180.402065865765,165.5398670774053
173.65747619542202,128.4005873960499
158.65308386045407,187.02771381653847
193.6782338636203,25.324821365938618
153.90077707094588,38.41904536719349
190.16840301116028,165.93910898928095
178.09177430330857,25.30327988692818
142.80987934784577,120.1394520093107
171.30450401059838,36.779286705636174
189.06046611901505,108.26053466715297
5.338901114313872,148.10852623067728
18.974296178934154,114.33421921709459
182.15698953769288,130.9040367943599
173.02530393243234,144.53523174340157
53.741231728739116,7.8957729577188855
182.09837156977704,82.44187060355746
176.6924167328402,186.64852256885058
48.45821615374882,47.441953686159486
72.96256617417811,45.306896344501546
57.99443444304557,83.40156915333085
141.14581769849153,98.9900703904761
178.98505308448682,6.525404150554383
34.884775512689195,95.34231099186434
48.164726304201956,45.3625281501876
160.25748505754225,16.428711986975593
10.075820167444027,88.37856774046203
65.553573782866,100.51005330678221
71.6579122311365,85.34231015108064
30.98313303128861,42.095759927298914
160.72459051537456,177.84157465011
131.37325416961053,171.73717316553163
183.68859444051057,133.69927520680665
160.49221462629203,141.8373076277835
48.606611224788736,54.64450322505904
41.98193125274662,170.82958979346049
56.03259364366981,119.58935083008139
29.910354229764316,167.23467438902094
179.67053475925425,185.0813368363249
143.2753312313385,172.78231269795737
137.0988837979602,6.407150251961262
75.29944093208414,16.37527817550503
75.4138529990798,147.28330491430552
59.11972147903073,170.99577660056136
155.33565083579347,148.13738190926975
130.23920204277732,155.41721827467904
157.86749106929344,70.4908554996718
74.01720646914596,142.46665391242908
19.806187845567667,193.0128405208699
112.01184267416264,41.63025223330663
126.29101193584772,175.62903000781603
47.318590046503324,93.44855267649878
13.762856327746624,180.54020293003717
145.78283632135043,75.2343385294109
35.991065143309605,166.78635228351487
194.30149076509977,81.45120725396673
46.00438331154892,78.07678134115379
127.32452506979043,159.8778430225098
129.78501210422286,153.28292248635822
27.01078996657771,118.5226908114008
37.72881666830678,37.64119637736832
187.06585633390856,71.62510206913689
176.76726849864997,75.00036244836551
74.95936936336851,164.81061748160965
168.62967853976485,77.95672499724608
36.06567226645085,79.54477141532291
43.51870960154959,74.32499115013718
43.69623293914518,108.28978447324332
43.814342893823884,89.24995536828636
140.65021874256217,172.71616341092306
194.22197558698184,37.594263076742386
10.430515950852337,43.27287180194562
127.76695383892444,10.767429682264531
179.25654798728286,65.32654932168728
13.27635723800259,158.54403526433074
161.85259186136426,18.930511791951165
164.72347262253172,164.09647693323237
152.24967284974196,177.37968073040258
46.3679291100292,51.31788465154515
29.29050996506968,112.48486119776398
11.768192100260448,169.36693512315955
185.20804605650085,190.9374828905
177.29074726955753,23.468728300394684
144.45560029434557,159.22439204155455
75.32342648837657,140.0437057982283
57.60895261852792,24.861015891724662
108.4718983878927,49.304293639251114
7.295461675440674,180.0032330096205
169.06691050301313,29.859205501124137
51.797588093672665,37.91134638915952
43.49015579714158,147.24470666556354
33.71345742978003,25.12801831984718
14.52817642306196,57.37746849768633
40.13943201938856,128.1673279051566
31.1877596326754,111.87550906696401
49.71727665730671,172.0214779079801
5.688108844401416,12.153966317301169
138.88410146199038,124.06170932201488
18.17753873260195,77.13745980460551
48.07235110031751,165.44799064050105
36.651780583067804,120.42841467265295
159.62230165527242,96.03256520492721
159.872759163321,40.095306927028204
146.5667458094925,187.8287094656925
157.42885004960195,172.24873460943994
66.65026278053777,155.42475990663294
176.94561042441137,77.1745602703171
192.39590661218818,26.786929812879656
168.91532266611082,65.3706984947821
5.877138560037052,107.00553960979795
60.42442439359825,150.24609202193312
178.7335809675201,179.73638173338395
163.25833163379932,33.295989019204555
182.30500980661165,83.81933576437177
17.40499504448279,14.72821521183975
20.57891567581113,176.72303306389296
147.62960601248545,157.2070988119451
164.0716385648499,119.73399334836176
28.51397698680448,193.8583334002554
196.52893029925804,161.59931152115476
17.579437608898925,109.00711753750846
6.592564296572107,93.23947546767386
132.38589258937384,106.38177103982115
20.034610724098393,136.871890359221
38.26842279482138,66.91430765515653
46.06670053765094,48.54009813297921
49.884092649336814,95.11137306634221
159.47693485641588,163.3052784934753
147.32079486781836,188.5312949273185
157.60189737539469,184.96062477092403
170.19885137393857,58.02586963351787
176.43948021214803,154.7742225373514
129.1621449132379,153.64492237451773
67.46653455023493,5.980854549268652
180.0027372138313,109.17164540324823
48.45714594381987,106.99721858884072
11.080944532961697,6.9524101584435245
139.32118822400082,137.00536331176434
60.6611450200456,156.91399771023447
74.15630011174548,39.307628990042865
33.45682824808958,59.233015287993354
145.3027357728633,128.79736085853023
187.31159891803406,101.13426584261569
58.37011002545933,99.11648424618794
33.97629672616556,103.90468536365532
156.28751736941646,37.06832494638301
156.14124036390385,8.05555398837054
70.16206060740006,148.28309727923966
142.23454938687374,49.60616069400342
39.92321738046621,53.169121232307575
137.46199398828276,152.84236825816546
66.82311507083884,132.3592406958169
64.3534477791641,13.067241988296066
52.20368451900592,162.6221795876882
48.350766683273676,30.996090168485072
34.46254032280028,61.865637132080046
160.5257196159056,141.12810472551067
187.3118839852576,121.0475923044421
23.57461128796308,35.00809202835432
32.81091732476657,161.7279387762461
138.18766086700944,133.54328221968925
42.370855576718135,49.41895089426592
186.84676827647195,70.9587213425902
36.30429938790277,80.88016189735166
175.69524663427853,37.26364837959534
138.73716138630365,47.21199805632187
138.5256342969293,64.67679512470058
185.86416243333363,43.69820773965813
47.82056603445444,44.8139163278772
162.59002322339893,120.57556632441819
61.12197022189352,123.93128507861854
88.77226380439308,42.20952410927537
126.35183985589933,38.37723773754671
24.92168705632397,61.15226951347408
195.1819000331786,56.01549150953276
174.1492949562396,26.29556043974607
45.115101513399054,82.36024671895844
129.04636788510783,145.6681865578847
51.5005422227789,88.137078589121
186.54343454532398,100.88169093991091
192.4799754114224,13.370870768976282
157.6085288735823,11.10450793408237
192.8507602345627,123.10866557811623
196.76671214141805,164.45322145778042
24.85319738302507,165.84816539149293
188.71154250966887,99.29349924638802
12.857845273832385,24.947708150931625
154.6130271794063,138.3146375882822
31.57450057178828,144.90489765779952
27.38590912193511,174.62911672758847
69.19935894732684,178.217769871253
15.915057040606616,13.379718973360868
154.47123413004937,131.76170409951095
52.10585287896868,88.58664881502575
192.75257791038777,9.57470806888504
53.65918995379756,12.757970949498377
42.67049593653594,132.60370605004593
176.6170388395862,77.03682621488845
142.44178506490587,47.94076951095945
173.39768915464495,63.84682697941508
32.65603219584291,55.276105144297794
7.322321594882972,51.249082992796
64.38773845162329,57.39810562481734
8.287815579237304,88.37949412035013
194.33859299569932,126.93884496370569
133.96219375646575,64.33485047593184
6.029624715540223,131.74298477315165
155.44794760004544,117.19761168079799
164.77497694638976,143.62878859377167
174.30891234796053,163.00977569323402
144.35404321259395,142.5803064834289
75.06017760197521,5.495645085665796
169.70868040726467,12.541276107155333
37.62775850636721,57.72744213781951
79.8853643417629,41.06130020745923
47.05144859381651,40.79641997935539
12.326907202698239,29.841769672174213
50.14444698982836,107.8236190562379
134.11767220120706,118.1481276168006
144.66356813244943,152.51278430617663
50.38964117321753,179.1745009705549
146.84060372541882,127.7565848606527
45.26636602677215,157.04859775974947
15.835092683584065,125.32577910972333
183.6497544445559,121.52816228837821
130.37528418638792,192.941154211656
163.2549503246906,169.93690422805906
127.39267336587277,101.04892695596423
28.997132785799337,194.71088761882694
71.83880548999554,121.06526477176253
179.55810054663024,108.62102998435492
132.8478372894399,73.17573301598134
163.3633739304981,58.90998698875664
63.684115200703445,72.95782933484367
162.42178800907107,174.44645250504755
137.2539978772922,111.96617701937454
19.898925932835848,71.35724323147006
19.50966377237769,16.190113208133607
9.700467805414531,144.82380990954059
52.211278657428004,166.35316581595163
16.370685075102173,24.93247094694425
185.41490166692788,196.1201106544247
182.506576437683,184.90382069558106
193.08428038611663,143.71537054228375
37.60945775913851,39.59900630280055
67.10670742625341,50.91873260310471
145.99620309499068,77.54256730268088
164.46926319841813,101.86694574639742
130.27045629217076,166.49583484117545
11.833168839101797,99.79078422629442
191.55759044578488,132.3694410658223
144.48070337227128,77.75891716245687
128.55768235796424,193.1758046517988
11.123408118221302,70.57575531101827
26.746781064759354,84.53860858610085
47.58706562174569,164.8387746927717
60.39972355078073,133.43571310980954
174.4265097629093,76.31159641646391
160.74893485667258,192.33292916361995
148.2547305124861,115.7609345457584
67.56149935564086,147.61342296981286
141.1384478961375,29.847264682609556
149.8217973960236,91.33036297497627
126.21145637352942,187.2774600537582
149.4532286597121,122.94724367442934
156.30748867967046,192.27052287030642
18.54297894412876,48.33957938185105
32.42582560652782,17.578982424788148
48.26965304406194,37.22597894476906
186.72813427851779,65.04539485158858
169.53861623639756,173.4132613141461
38.803725083771894,141.22868332896255
59.31730554073607,100.9753080377478
19.287323216651046,41.49921393303922
43.11695574946984,129.3766955753727
176.69589487467834,27.244603447196617
5.105222593088473,160.7066530632497
183.27272680692047,31.376314160670024
11.895099614825446,162.22886610410478
190.2606928876063,28.56348212069638
170.64445028408758,132.68842865822552
133.91278585470297,58.825552782890675
128.76262738187256,170.00010769866637
156.7640987695896,158.77863682929248
136.04626458591773,122.04053082213437
33.007704484421666,111.16202758845105
44.98682821380119,177.05300342123974
138.94392544722396,40.59608289223871
192.09592440101244,33.88398108001056
25.478971853536006,152.10852991428746
177.55493642926407,30.802320235473857
55.49198078384111,169.76619969771633
178.79633915178752,135.70173835553538
187.89461504508654,138.95709078465822
14.07344681000482,93.5287484854556
51.25251520664006,80.63677748578968
61.91425504825396,191.09959738087278
189.14268398998652,14.498351717329932
29.522114393660466,187.47366139286152
89.92687311593056,41.680142632362184
25.86022092193942,116.47455672099477
148.30007318446982,134.65893911232376
16.566571826018073,155.013932008654
174.3744763802146,184.31517761996332
85.93028583781835,43.72917433447954
58.1444107244357,163.96638460718881
152.61895825551102,135.11513307784801
162.38278410277627,46.230907403099856
171.01797148187768,150.41586375828547
130.40138814615486,29.819160467874767
142.33450586160413,81.86966974963805
41.668896870368975,147.27570588098766
26.122770436007034,31.749566235135568
24.064798278545247,184.30444652677608
20.659079312519943,109.27324335268088
162.4115118185753,39.89847701389471
194.81122100901226,166.40278045150603
65.89957301087361,118.45270047174331
180.65648322861955,134.57729427075986
160.4368096994563,84.63204660348184
21.88236074756706,189.00540184210513
171.7076302781266,184.3283768342703
139.8205012572924,126.76742138911854
67.31820948965472,66.30856058334061
18.52327839545547,53.615933337393415
32.69449055954761,17.12305113672749
68.75259527691253,50.51044024288172
189.80553828738803,28.43658517228628
152.6423386623256,170.544620463948
145.42262438478448,6.580753356434043
188.31245549254703,129.14263556959637
5.1009498999158165,104.66466335152717
181.57787894101875,79.28958061805507
161.04128061586388,98.01769916412474
127.01513748630451,39.64849953467808
72.28839510479317,165.36556220399754
72.12079363782613,46.038465074442044
188.19644848704223,78.81728153055656
151.2155134133581,95.5727775424495
34.47786919920624,71.19396969485163
98.29120557911502,49.26237350573432
161.8195092679948,180.66858500216495
36.385282049640274,69.88238630339087
71.14216603178303,99.36520514027998
68.68302526937869,7.698899087336798
136.4049286881306,118.7074219881143
50.84528996336127,33.69038889890851
143.73173042196015,40.55318210965428
9.895701939236952,101.20700625001022
54.843878900468766,26.222301113040857
133.9566241218158,90.75748022511668
133.29154572261987,151.6309926594096
188.59999137540336,25.584221530715332
9.506012785076177,118.40744950918354
194.2341261897975,174.97648115157742
62.90454511910995,139.24267190937604
29.591365529905296,17.278803395634124
34.01881075349556,20.406397200792362
17.455003766672462,83.47789511068478
31.460946864125514,102.5918916993061
36.91798265157394,187.59276766133732
176.12715634376937,196.7724219320729
167.56510746622746,24.649020667668164
178.66744573605297,160.3869266309713
14.352036686430177,156.46782043688557
10.935510792298272,65.98811405479228
52.609342379405135,157.79119970873427
37.64445852533433,99.01969957918787
141.6998608801548,37.91382301276219
5.023663858897676,79.64069414681907
185.4585724989289,67.41349437906065
29.8529721715471,36.75284826784145
31.496816040759292,131.37399984571755
48.68597398103651,120.7648392589588
56.44407640441268,90.72176761908861
51.27174441648072,23.127723190809565
183.91664967485087,177.78050434868052
67.15039427340992,186.7759922259106
16.4663034671399,167.40957761597042
7.394951765572472,30.330541117235963
56.41231337546665,61.943321500573205
196.77809161744037,97.90011232457188
8.26816811061637,167.483353699998
170.37055228537466,15.041306290479286
164.34094590718732,147.54586463094194
189.0700650608397,102.01019722574567
178.25577757572944,150.54880783952814
129.17642583387277,57.34878537402882
49.048085953989116,157.7801853539989
16.954988291084174,103.53333131626168
100.72670488231127,49.03038775232523
18.50880083094414,162.92019556431208
67.01296712668501,11.91264867260468
192.06377587843514,19.632493324044695
132.51883727059626,146.11294188876658
36.483237324162886,6.489421114884141
6.662799012548351,57.918636965022415
33.785078384192964,169.83443319488637
66.2554233797751,192.21122328512357
160.20309530999097,194.61772679605042
129.65827265607712,160.30700341594275
181.8470741827814,124.27425760892496
6.30755242544024,135.49639786799602
47.646581468733125,29.327529788247567
178.35043304123795,162.69434833110026
136.22178143898083,26.85378402491498
156.27450569449988,137.78270337640686
135.33676822981434,99.81869190478585
163.56152130845288,163.64955152131122
18.581198207777753,122.63647595504469
68.818976211947,191.8706429957695
24.215078953084674,43.93509590857359
150.99058579125753,43.970459919878266
47.02681860320819,145.10767353850298
182.75048753704667,61.64864364387147
155.64820782365922,18.457998636829238
149.18268380708759,164.94296911428683
74.61091167379416,151.91100120530734
196.12026020500173,162.72414571157523
150.16927769513606,131.52638072438288
160.5595547870876,99.68382594791736
174.4387421696974,184.74840187588015
162.99259984748124,144.06367062411547
53.67373055941055,127.11797178028439
177.00628919357368,169.9553084236824
16.375343994339122,12.844193281738658
62.948638181431164,146.08214041616682
9.487329349992601,184.72005771409673
20.222240117757448,145.11411938605855
185.64918833748396,6.64867555265051
147.24957308497255,107.34732713812515
71.88430468461884,60.74361016988823
170.58953775299483,31.47227265229612
13.086286288891822,158.28763222851595
42.21757019511652,64.47784852118195
147.339823465098,23.812596356816503
69.39741014281825,145.1481782666744
171.83107837750046,60.35709803613248
183.21996648559121,192.749503203427
70.63990318284421,30.926203766731756
164.93419902550403,127.27366989969669
175.39806507201928,148.2466530261363
168.710944764056,155.74444594887055
191.79615433070055,71.60072897943476
188.9105019091861,16.739593811023433
160.6044566015485,127.26361858273711
126.014347924264,131.2448382855619
66.69209300166689,154.8709060103827
165.43761281288414,182.1374010882517
42.34701852236817,58.797061956628575
28.162956780936067,51.180061699716724
40.7098118249727,7.829404022288298
46.5244934146363,58.70623592826577
131.73883021739533,24.791461744230833
183.80554669663556,75.49887796732088
152.44083164010794,191.6547464469666
151.26346204408787,54.939613634094094
137.57566615625112,89.87792551776408
21.31343315432581,171.10631817261134
46.50670022324753,192.1700089978399
144.65383300408337,157.54876376089302
27.425373345461743,196.82662380541854
129.29190195006095,58.31010016667868
100.34080499884615,42.26481978111215
50.88074777642827,147.40436091852257
142.7335559126036,181.06615159712177
34.900273050785174,28.20798862321513
165.50367562385037,138.02297679302146
31.28503584748739,51.794961337258236
134.21210789012127,15.973141067446008
128.66830070982496,193.77682413118876
78.3801595992493,42.942847697634804
5.8798505935009135,86.59395294546393
183.11828613603757,154.42977020788337
72.29435291219657,100.26203702904621
55.54151055638738,174.3236112391187
141.06587414852746,142.76781664510744
175.29531045102726,70.26002510053836
19.05897945011507,49.094721490179104
52.50273575532986,16.258353777568253
163.2699208524563,70.04793058546572
179.08975597732774,138.64256718495523
75.31518054844408,57.00617759719279
194.1505489840662,87.3036223793537
167.91080698549763,65.06617839664759
153.29993756228447,28.167038437432087
155.83904088517778,142.58209447497424
27.171080824248698,130.86049380065018
164.5031968405519,140.24153616565937
45.06861780631938,128.46852180994543
191.33643984712805,5.77394439655917
182.94358203453314,196.92546349663445
28.914895074781818,97.2493691713187
162.03156688684697,55.09385833127706
145.41764842278562,186.07235718698706
40.97573485155218,174.53095109146537
151.18664852479952,128.3587200297674
138.05695355187828,91.01104819491695
176.9300864399064,177.3015889661146
139.73801079751823,41.02974981879538
15.092197169128355,33.3836263567887
144.70104149942068,170.0716145478355
38.53958079385989,181.06937283603412
187.9734986509135,90.03621036245669
171.9562993384091,48.33622050383275
16.193648859186197,95.31605279967236
57.86909012938075,122.17523402753022
147.46873031445708,188.52225453167455
37.359047785105275,16.417237425873886
162.84043147751166,109.0011152170336
26.788970544819335,194.40559012659384
164.9978179464887,159.64901433824454
71.99121756594981,95.65736641875037
70.0188155636935,167.89171076847902
55.19845273954644,144.42410940136932
24.114509563031085,85.22399643869159
171.46464188905168,181.2455435257826
66.27314069173433,144.96208378693953
146.44380091958263,94.6486876897815
63.57975445719421,19.4896170115378
163.78107334464787,23.979944477851006
38.223551382067434,58.803204797890544
48.765977730568615,9.177215471907557
34.38711413065741,16.034127630480395
14.50111644935997,166.555387841733
189.59062747973815,112.40962538648387
5.114927580908336,77.5003167695332
11.554297909463727,5.102381486751933
41.862933089236286,174.61637605587845
53.33017404076413,116.93451856556057
173.59882589153096,58.38606106723405
180.22106941078303,147.6312108612757
48.5287099552261,140.27738488444822
148.50192875416195,44.52081866126462
33.343972570703926,21.86539726074811
177.88046290949418,115.36083007529355
163.96337965915043,23.229446590393813
185.21250022601487,167.72230079588323
38.60534805273876,97.53695781526099
196.14197627741018,37.369898410915226
130.52354308688206,108.74240916037812
54.71258606650146,80.31016904747713
172.48264873266749,56.55946652920379
38.22107666828614,42.26335441718336
41.733154093864876,26.3177918134352
42.82068001777036,155.3778276796105
145.95375977052691,41.832815080157566
7.391890582775757,160.77734870932315
182.5219994564106,165.77455938396696
141.57553978771801,5.033208407332075
65.34675125028434,55.73991365079132
62.98396516942354,69.27442976403918
176.28453792384138,109.57443361635909
162.08493298555877,14.63426471683648
130.89118691212687,193.20008536164036
153.81522192226234,162.60060909424593
123.42579202700372,41.73086811218396
43.143484132038225,51.661284375898894
8.671567386786078,193.02713388988354
11.625068248066036,92.00389477194557
128.60083401832838,151.77219244829237
189.53280763112176,172.0130709038195
67.614644913785,64.66707934000213
175.53016466479875,122.66129419255088
129.71553569880413,170.83560785438698
62.90222627322176,90.4401181715829
42.25142403923453,170.06524834818947
189.40541732168933,157.63009794196788
15.821138817303678,141.94810954964228
130.036099271859,77.30577927533147
186.55481706455237,27.587128935376573
53.40596662112043,77.49585338939639
189.80312070628003,122.5155300553576
40.73332649309779,40.58462110127033
72.01225103610578,186.47916655596038
181.12252216399295,173.06568568841664
132.7936585679235,186.34421958766188
166.02213175302762,162.9159167287133
170.75661658703459,66.37125144167926
173.67881191948356,45.471630350715
47.63331546612855,125.42895111512048
156.97370634589953,144.3125090702219
30.06177413310471,131.28565543055333
33.94850211787444,144.75692048626263
59.59459180924519,64.41182801163751
72.38775252706589,45.79483529056301
171.91804278985092,176.14387284280014
41.462511692210626,56.77425514340659
69.0318100873799,196.02267524089916
8.769511725582753,121.8102470109615
141.4926407111751,132.25118990707819
152.05422072294456,187.49460543141046
71.07083425023269,13.865654277640772
161.1181888871742,154.20927763475913
17.806588244408836,110.01391745354
143.47047455306503,28.1328779472893
137.04686621537024,182.43539082011128
166.574848975027,115.60858861930424
40.14003218039982,126.14858684713168
195.55481831709264,169.34246433814425
5.518015408069578,139.38823501918165
47.86057511271464,168.88569285685026
185.69301312773874,157.88869485120938
122.3011470031898,42.09072134613845
180.64216045115518,142.79794110392348
25.09181345726361,184.12969738876214
12.379393598999819,67.90780233438382
40.753024797630104,135.724267358344
16.50233101717181,133.83518844413922
64.13976474997867,100.84869422809038
186.80575507934628,85.73963567995274
132.55552632312788,71.22855456106672
108.20556651131395,47.399182098482704
151.09292733976267,96.66306243438162
182.5853440322282,160.08932931964253
6.096600895559399,109.38869180342223
57.773773166457396,24.34607195290927
169.93653213142338,150.40850578562066
160.57951872151895,65.97746616454698
150.71966260339624,42.26158897804767
135.44409364166552,178.3508822528671
172.42270123842442,165.41817032917993
195.80469761191495,183.39787263212378
134.87787544020532,135.23913911976894
163.11746059270155,70.98896664163065
69.7934276669324,194.8130217835277
49.92363626512165,105.79377088306671
153.62936167680127,196.37001796689907
42.4141455700015,29.53953067548727
49.0152037264741,138.52238026408511
174.3343798742819,153.706587466372
158.53718233370978,7.661404402042969
163.75383906678462,101.04878538480338
66.66704020439309,153.7369140644492
164.14634398248975,25.995523031360484
140.45665880718326,132.32021349528486
127.84925481057226,82.72078458166642
70.85600507970886,145.38946341872722
144.18917149822602,18.266755284418764
66.41283742386467,138.06688587759226
63.89175143874385,174.66601812030305
127.8966882300059,76.59550828776241
39.66324629536569,98.57810351749589
142.96683158810595,140.1706345880547
21.416740456394688,46.96677440048301
71.03861767518714,87.24451575758835
159.64767215931715,168.53770967854274
44.97426742377115,66.69792082457617
170.10071388476172,44.1500766083273
139.09030979734712,107.38714700479323
36.17706432275994,125.7579935436852
182.384485471232,144.1777160938375
176.7730930384124,174.70729121500574
154.8678233425793,9.243027081704563
179.73717428681238,115.55068808908746
180.81174248248573,51.60233956675213
63.895812152902494,69.73028774708546
192.2913160870421,114.42912557718526
190.20316494246748,49.336015984020996
137.64788136868603,118.77045269977738
48.00041028024999,124.00334151840728
171.24716320319155,109.72353436644536
152.5216006992729,66.81243023986096
44.918312547538655,127.74893235407
183.52546418298562,169.97979075123828
9.483642989418161,145.21603760042086
55.764472902402574,43.986839536864984
44.506110767303774,117.19747936359762
195.63527047290924,104.78539321857205
60.49262120145374,166.52011734869936
126.68280212276954,87.6526207245777
170.35339693252533,56.8621247231084
64.09973135538573,68.66622348850466
130.05693198354774,11.116161175321913
171.10117251153932,23.6801028787088
137.51871986169496,98.26308437674267
44.173401655932615,61.89857641907228
155.66061279211087,164.1741607914761
166.69830467768597,51.03302153876538
61.265035392393884,186.77412545445975
178.11544719185673,94.68838695165026
6.301831974380501,20.74962833488908
150.03366345857472,168.33390885138138
141.22559240936775,162.59668635274724
20.86106953857273,125.8316991606122
38.62778620253684,94.67082172738168
40.39265652979524,114.14909985009324
152.0898011620587,51.492527178817
43.05178509036438,103.46051492358107
69.63009173352118,26.811030627863964
56.15788566802993,27.468861698431255
129.0704246675719,113.61118810681623
23.04489056227143,63.855958769362495
49.76265485958238,106.82302956577158
60.11262674907794,88.3746181912143
73.73490081776559,155.655796716868
160.9016119390599,131.74205963864344
171.94618412698944,49.27717755562944
184.41810806371413,161.14671587921012
37.366375558823705,102.6280551369596
155.79270454037044,124.48184286605387
164.27734278457132,10.875524445345963
169.32454632802302,151.27272966496795
11.224865587682467,157.04061163575042
17.896096793185272,30.921537845444718
16.988990138094355,169.83075293189924
149.60090325941763,62.68632827567849
66.56220060490745,174.85882267927357
190.76664712249078,60.79556688000493
55.16844490657122,113.7560508396748
61.35606727423527,70.83397463794897
139.27962730644384,184.24862893643544
86.259865306032,48.79543556012412
18.175886869930597,163.84059919720326
41.11165423781363,13.547616646706615
177.8670388419845,46.960271665392746
161.34408234773878,50.74863492877278
34.984241093004314,194.44786768489675
190.42291813856684,54.55729041518516
135.80315448948537,29.56186444761218
130.99998895093105,22.90836769595757
8.50575841865129,111.63572561373795
35.66921636663973,144.36939124216985
148.00293496090868,41.85333431196139
161.5924970862758,83.58806802338694
126.69130930216956,38.3118098262745
55.00599746152734,139.82545399420238
135.09404157604595,137.04050184141175
50.28921171394187,17.46082269994139
152.09446485305824,194.49242049588267
73.91519592923753,154.85139447842806
180.11543261068113,29.72749750956528
31.86840644563296,141.12632360316726
13.002874297133216,190.0829193094881
70.49101818557732,184.9414403196283
169.5989993452705,5.678717844762501
141.62206491395574,16.408503059500017
69.42887218529576,110.92006709631185
68.42667760391355,83.20716589469941
7.002688308570518,129.77436571617682
162.50016331511688,117.07338197935803
196.5409469323283,116.49142841540481
173.8419467531519,114.23753543150595
6.185800055426196,118.37139055426022
154.78956398848396,70.08147805619862
48.384446296934954,158.87480625885973
42.58483543401661,121.37411147849667
18.36827686683668,18.26427687687678
148.3073310114401,153.3709081499119
191.15970857284688,82.31827232810274
32.61540556720625,171.8134248455064
166.24222370730243,196.50805855386042
130.04424418885537,139.97473561745176
172.55216788327863,167.88296739996932
127.70829650201479,33.053121972452416
145.60584893318872,51.57923194121374
24.79693528648688,181.59411931837207
185.9826706231287,195.43814421177206
10.380315281257449,99.95806256622168
28.934817160045682,112.87915949679973
13.72701064175348,78.03212098374041
41.16142489906417,64.32258632673339
143.3706092160314,101.05785599828288
62.54275208639518,95.9473996807271
196.39374500708394,187.3139014957454
136.72307538382006,75.93442118908071
69.42400816728579,127.10420496017775
70.68665861963552,76.73623640385937
162.32542138701473,5.031795154816195
99.4204052055283,49.39655454405554
57.196774478438385,63.843531970818105
179.7552268408924,182.42032600753114
73.15033722195872,111.9305942209788
152.01572048117507,5.967495232726371
26.35671062475611,84.79709641958249
6.548788256115862,161.11404822996448
193.60911938826794,41.87696660448223
169.49581731553417,5.506564457186272
143.09494909502715,14.35510873552165
57.3916376890451,93.3150996241843
35.36132658904033,144.8837717777193
188.14532963231403,170.84140076945755
128.59065108042375,91.89642684870557
144.91377189956472,186.57969513964468
140.17261877188068,169.07107867537727
53.42887064758021,116.16375407842622
133.22799740459024,138.66483159086488
58.65607205649569,132.33559502031824
193.64302340295006,134.02798027784496
66.81121598797486,125.33672574728297
171.06823586527705,112.07573125236662
53.05922812079547,177.47975790848722
19.574563173359582,68.77023670448537
62.673452902652635,93.39057221872311
143.06148373994736,43.91317333010557
188.4406234319424,57.96897483930007
51.91119732935833,146.62642575487286
167.1067116502145,74.00974155736014
175.83331464583867,62.06361619613819
55.85238844516877,11.045421575283116
186.58424740805097,156.62583129607384
160.09740603489183,136.57105076153883
178.3675695703412,167.10892722015586
64.4688370129605,99.37516158008819
11.875107253212033,109.64421466238952
34.44413375700726,127.75272433778191
20.130089097441108,6.432971962007924
74.44608119099084,57.903035414441
54.26569381883044,15.701740119063189
184.53512149680438,120.34426734233412
126.4790425618361,161.62444995407486
18.613502025520766,40.238078617427334
58.692017500137034,170.49509438305088
145.45118863202788,67.01280648412869
147.83041995902715,80.69261248130375
51.50919420197388,120.45542795913404
39.835999071529855,178.8253343153793
158.74994790838537,144.08799784334377
50.55679408210022,71.59522718846196
142.39585695124896,52.37633042583399
189.1402558259366,119.74778795179485
187.44239134640668,186.15112933887846
51.08460958707542,186.49378830573937
176.27978637114717,71.34747712483684
168.93357110074453,167.55940248152604
192.04709795496163,151.2258280600637
171.67665157653784,90.64459678024434
31.403366156416272,192.5555924629069
12.933142434337073,73.43531955743734
54.158340815447666,79.65950979987946
12.67799035336192,18.22232652851832
187.33299181967683,117.86665868998004
32.1102275396562,107.62871563289372
14.859008405433032,33.0214371260224
73.10382030130161,147.7535340654484
52.50957021712427,122.0853785784309
20.836218912505696,156.90123305214186
193.55837879193038,16.741731306155252
130.65294396580651,97.51041572380794
173.78920926038938,173.05242168443615
53.788857065919046,84.99237850250788
67.42493061002051,156.55336973642687
63.1501901242228,160.3962177533483
191.53017956739504,32.36167681463327
161.60431627028194,188.25398148736326
152.58442525712036,151.7697786902552
15.068378548731939,172.16854035277407
195.00737145387635,92.50593094776272
27.974168770377794,116.30462327198588
173.61116539900644,32.00920762554996
168.99315853702473,36.687254017059296
195.53196601011604,110.36676002589626
18.924573450719603,18.051232119619385
50.03998006737163,24.230908992539053
29.789595492461025,48.718923848159235
14.600114869655217,83.98188288842219
7.938937533190293,173.28895145024453
11.184936302444015,60.72138388543801
31.69533963984349,47.51737475116389
196.012065445982,14.664321366571379
127.99368667211786,170.24319554144319
145.49784231373303,184.40421290908967
35.206461369310794,16.37247730785758
10.018429240872706,194.6159561053516
185.42496902732387,170.32083292774968
19.098948526891448,174.47277361649904
126.02265225470049,144.73243495210303
58.332659321537264,156.49770401896578
22.140999000992995,6.876545342683358
157.40178792076995,99.66195963325927
186.8479323319629,40.15191137296471
196.58026890352815,110.98201249971558
187.02259801714746,140.0947600684817
187.67777754515353,143.31520487098433
53.666544995200155,34.144570602767686
160.14843243560912,161.68987511428753
5.671995120369575,28.512767386681148
168.14368210360834,42.43364500413322
127.12917635412767,159.41324024239051
65.06881008587894,180.7395211055475
62.465239466978936,70.64949827267364
180.61196692180795,82.77829308404338
161.30792918318588,79.75680499480217
158.12434740544214,66.6520803394698
37.853748271594,81.78144538749709
43.72233007664339,25.29112259471419
195.03861565796606,87.65405093547045
176.95622003275406,110.21784518780191
187.981055852007,48.089488627952214
28.209987650243065,74.66606466882132
165.96388469859554,158.2650709792761
151.63855866573073,51.95755044065273
20.5570668429176,49.593025855497416
37.148781879007366,37.515591045331874
58.02103995486303,10.569103616147729
45.76795465546845,47.88460730606134
178.35608456435685,153.87323685929104
58.139818079931736,42.67568808834037
136.91045249121458,142.54525280503418
7.703080827756565,56.10709339657827
131.21685722207013,129.9747165936932
151.49501890526298,149.6959947398078
190.86177488519292,16.694404143952646
9.786004618200812,133.9804131460968
178.50566305007268,88.73370239992211
11.628165251784427,150.7851147306227
40.52391118760039,139.06912469657507
132.19702557946283,120.70425085929409
29.70143337171618,116.645654270411
176.76317883884303,132.54878910251094
194.76748896836241,182.44770999251494
186.90588598536382,111.89686354976233
62.64023498453762,162.37958038322665
59.390893782432464,139.36316351604762
165.34567951447232,68.38338721356682
67.68772454352383,122.72896845378119
126.70424685179191,89.25889979010583
21.927193916321198,160.03060995063856
41.58622223957113,5.874249940992952
143.79972520103897,138.75687574392194
14.674462292218248,58.56212558814995
186.4349287886643,23.564835154763145
37.07897717506093,13.32446349376311
68.69153492004597,12.77010793907187
53.92957912826627,99.59343702753435
131.57960816611225,176.30833166264742
192.33195114516317,172.161517079725
44.552998166378536,158.90435593517455
23.440561013092797,188.80214893196933
9.967929540968257,129.04797344837337
50.905016787952576,172.430213919396
60.34481230200059,176.835593061022
153.18386828698758,163.58314102281977
42.211048290086076,140.14219905387876
140.61224005097458,148.61284791929066
57.67941825470331,129.68050763297592
139.29770136605597,194.41796070756644
5.110415411675083,18.291514407328272
5.782263427371097,99.1556065069704
37.460761830673455,156.98539860914428
131.37456455922646,148.64931749262698
25.557819912545593,129.444717732512
26.24460616890439,36.242424104893125
18.87044662920114,111.21591614602751
137.11035748641442,133.20829659000103
185.94954659897203,143.557401519456
42.53373120715288,26.620124618986956
104.2883893910302,41.28984740603685
57.97136344407769,164.58334860943728
60.1779993573387,145.99096032465798
14.40613767940926,143.3105928215278
162.40614995252113,59.814091029538
67.35021679880902,128.20142632750236
195.43460279335466,194.43857877094763
65.07863771776456,10.197898578736263
174.75552023259195,182.5653223788777
55.31214682114943,5.34481482735657
52.52751351919941,32.42686224562507
167.18158056446634,80.98576066263256
46.28453580363489,43.93930970824895
27.410452300026925,168.97825365640318
166.1325452929262,187.19830407727173
132.70644808487307,37.46755782325851
74.98438658535585,28.07408514963343
177.9826171315497,185.48741646536607
32.77523120637964,104.76713850551086
70.2188895106687,116.87199316183242
163.1280768592997,167.24522713921235
153.93010267901448,166.3615133358467
36.54247477020417,186.59114465332343
127.36591868271356,181.68742936769686
158.61796453267036,183.51286692260172
136.15430268010104,116.23966941247554
188.7137372017891,174.1386134168829
153.38546876516398,184.195332161627
138.04675465216246,90.6309007650618
75.35642560974986,91.64267346974219
19.294882808871808,128.57894064409004
6.431201903829383,121.57274480958931
45.39143091923503,62.183519941605645
60.88425107293066,36.01833326048912
32.44153331813859,107.97887658338215
182.5703796320869,167.81972465766046
43.50125509865907,10.985293219589103
75.43785035280871,137.65391044261386
13.703556764086185,135.6526174511976
186.8683389264577,76.37007261478706
75.72458903499177,157.67638683125273
129.45934148453392,26.737037953629486
26.729171755853503,152.7080268124746
169.7767229734047,139.168182179362
133.07328700518156,117.12540987889568
11.666347105472958,16.44524895094243
159.07402926295825,92.20312053709014
161.18599513661763,118.67082013720034
14.276555565409145,136.1624461740625
46.453288340572655,16.16309622195042
141.69785872821222,57.052267179811786
163.81569449833196,28.51838226659319
181.14567313328874,34.37695762839313
47.50770870936138,13.571419027695338
156.01214066172682,102.80309664833436
129.49101104692573,29.850581656030624
195.70562856845473,118.26914617928043
180.5874473417026,163.40706966317225
159.45467494878343,71.57356711205581
164.92772328267714,114.75382633832324
190.9119891949571,19.690104370889955
14.664676826428328,28.33723771611508
37.190197775632505,132.65063815968293
43.07615639780233,7.421062099766953
127.91915275231176,95.02361639206491
185.3556085787659,88.17615126368035
157.30388713758566,135.66802031696253
61.43300670165149,82.27450654813389
46.46907909738147,131.61303696007013
62.071608397609715,36.51163258063505
175.65348186550673,180.90407443888293
73.94862613673386,147.3558123209515
27.634332414259568,12.738192975849381
64.16834634119114,132.72417714678917
72.90918098239008,49.66792875830591
164.60408889512055,145.96334410994268
160.84767854109293,90.0635324607499
27.110533060136948,17.107762770771753
175.24964446476028,94.97326438247157
22.97294420578851,172.88379715643617
64.19686329739439,164.71093215675734
67.88819052329141,183.92050501483268
139.8691799661626,51.91457043653857
160.76321440399323,122.91305654731416
163.04315628611317,162.0921539986516
6.395754083088813,178.04774371568055
192.83188470037226,75.9643288216557
152.0125087033561,54.28186224895442
53.64393088334962,178.0377354789534
170.07794358354454,28.367154977630612
142.11064916513237,30.322472858330055
43.4164391802098,128.14180223957604
146.81572520589248,191.28767130412888
50.670414914164795,178.527681220735
136.95505973506857,114.80304535594702
173.25853763793955,151.65901518462883
58.35830537705101,180.88252826126043
10.88692781976253,92.07978849745625
15.828228494919788,114.64309699271215
177.23954501581417,16.58978897586451
143.4419374757783,21.891963487947503
155.80400964933736,87.8974792574584
68.42844574228951,36.342743723697296
171.28693785315696,196.74202701915638
184.22005457751203,48.227935740024336
175.8493041712956,99.63397233291461
153.6898391245434,109.36002448273547
144.45810317770628,142.24552058059245
174.94819955200455,83.10348632035969
14.581088141775048,9.550513999056374
73.3887324836678,19.899637019225686
169.60960305786816,48.958219190269425
178.54464251026957,94.03216456975831
181.69106348886635,151.90511336039964
167.92856617600825,124.8207011490499
21.716105097398092,139.78215097532208
27.63888629374369,117.40542122930314
16.71791717673688,5.019354311188015
33.3414000527818,16.649397677681684
134.40409294155052,40.26253198325092
156.6172796525797,115.35300930609714
141.0543223946068,81.10932862290788
127.35780724696674,139.0079819641175
194.1484257095086,51.6757160992777
12.106509650885721,103.42379118340548
194.8671728510335,121.71461831356571
157.63639911618188,188.32022542540912
183.45926995861242,70.8747953320684
51.965362029617104,27.590354658506232
61.29854661794089,93.70389578847875
143.54104907737607,70.28990955500983
69.6253158884462,166.70720737480409
194.24292537210928,161.76331004608667
22.83343052617505,46.31045240072505
8.384065047808768,111.68370956167307
148.12726097998714,140.7528693632194
74.36712372255344,90.91233431481221
50.10260329474215,178.48348252434738
28.711674168296245,163.69946930536705
41.79622677899998,124.0448695611751
68.76269643258348,31.43600168350347
35.00090581499997,14.946783303303066
160.35666518988964,26.514657866841777
56.24180662292236,173.2053431958817
155.08531832508297,120.92872763705002
15.647144220885174,63.50684783416038
154.16364281892183,22.745021840080906
26.00112680192529,107.71749058541394
73.70741974543225,130.72808547897324
24.56220492052258,57.96510369794441
154.1359703784073,33.31658051639484
155.97986697889434,86.20886462399743
20.415390972118,136.7139199621984
188.35706066121796,85.0823432896013
54.04620335076774,141.70645963874313
54.173152591551414,45.995306178292225
191.6069686573354,171.37930166273227
195.81046978709406,32.83513662506801
168.77243370078642,196.31404629392907
191.25467352614638,44.66504558863664
132.1810691771771,72.88669463817867
59.19371938332978,50.270689221130034
51.773713294587374,139.87626444704935
143.3887076496728,103.39469331086399
156.37856039515998,126.55405505814451
163.87566380923784,154.10019684706953
59.16569356481079,40.94278155720662
42.946251893513185,143.1025236422293
15.759515693175802,25.25255709986342
190.15469641180906,16.37517658380711
162.75750401156805,121.27529152918113
34.18883672743286,127.28167497882626
17.071311261970724,96.51073704983364
190.51768446144033,125.42735211487616
15.934544026908203,37.69308191930503
75.40570522043042,165.95053426815326
174.43955454439862,53.005170218321
51.43066067400604,70.84894253789537
64.55732548667629,122.90173076381838
179.00444521723736,181.85772914777655
42.86953394056649,109.6454990529181
193.91168703206677,163.84222816442986
33.877170447422984,123.00657350626858
10.644753390875843,75.48523005912176
143.1937685012448,193.95596059626914
182.4700509333964,86.94402355428782
8.022404823890565,178.44587560037564
149.1885427473279,155.40517449626475
56.24691490136989,163.68759083221616
62.85478692832857,168.3148686845845
188.7518564760196,77.48725370033509
185.42227936618875,144.20239335038468
157.36376202699304,81.02877218051172
153.08235911491255,20.636333755236738
175.38511777721394,96.11041771505862
36.850845398225204,28.249443287077735
130.77426087137914,66.78614370419956
12.421687853729837,30.351246070956204
142.12775197316822,50.51547888099068
13.00841149620602,130.02232492350075
174.94252703632714,32.768082677049684
5.192424696650076,193.43646399858883
183.91538547609076,129.6223114487965
52.73712971172537,128.5846070313171
50.4272406158538,120.64633694641412
134.3973137744287,25.87260478591683
157.87900106403055,118.46001811821871
54.0654136147605,5.843927490733076
51.03990487152518,151.36436391570183
23.87719769316143,100.72775319774502
141.77749797731028,186.8017626216938
138.93016164399504,151.48740062441027
36.27228627573683,66.92791653555477
28.332229927557105,177.60204170603012
13.29390961399498,31.801569903867936
154.88337576980769,103.40565562566472
22.141692677333552,163.4295876652861
187.63783323925114,123.78728408047887
186.4691436811364,193.6583469519599
47.27468557658543,81.78373661777165
26.010264657784518,108.43357472852064
49.28981826532676,71.3527909794351
24.465775314728507,127.7013641152676
190.68104576470955,37.92635613135752
192.21541699839764,99.24970291820753
56.15731250794015,165.17069914980894
74.47177886232788,137.63413075381965
188.91407170008804,126.87090206145962
25.920043644269136,77.68753599422513
56.52251026957881,20.07008565991697
171.62750780472675,74.90943662526755
177.29074699231862,98.64772198363137
146.34581649749938,186.65653794379256
126.6597066880132,116.75105265562942
178.2136438723609,59.891183065904016
137.4268884606216,92.31206541361082
195.82781085320366,118.94523604710791
66.28521270869095,26.823365645024044
127.00297975007526,48.662145427320404
38.810387429581176,91.44702980268309
48.528502860761044,175.66012366209495
158.76904913633913,173.69583219542253
39.939960173990464,61.554869853664464
35.703994084459794,57.67330280440225
5.342900073175416,106.9901000584415
58.29370456495011,54.79417957766705
29.50660254125467,42.27050854564951
70.24874597170049,162.5342630526419
49.64723517109457,43.09980621170955
135.72956523128065,139.75124431239564
140.7774706917909,42.969594349708
181.51710028366708,147.58387911471453
165.34257896913337,133.4675899957836
21.529343446509685,11.377878545194967
156.39779811311902,62.18182406642825
21.220109295394703,88.39805734646646
11.89885369444068,182.4093643711215
51.69159212301467,189.6051827138263
38.782632208598656,48.31305710979974
13.9685331927443,43.955596336960866
177.01048649048843,18.24467067825661
178.62157553742816,66.19418433111039
70.67934001256589,31.285585702964685
69.14693511176213,140.35798157337675
51.72550037127208,70.0525231752076
170.08701186781477,128.1104989250883
133.35562535049138,71.37977870025037
160.04486125160733,81.11773006962348
7.700189101377261,32.437183055930475
30.08977121132654,175.24792598063775
26.660404544674225,162.03660749886512
128.37661078196092,146.98594425145055
126.06200818579512,33.80769242280147
11.124564181529365,151.10829224839716
64.9063039025332,11.442290177717034
46.09710012121484,191.8634300654633
60.859741525246434,164.16394562166224
137.43641680052428,152.65674981607538
75.31880236766844,29.160474531507322
180.824350876741,116.19701581961755
176.87052204082156,54.774055208837375
126.7149966429091,45.37845294077464
128.92563863222767,139.33036615929635
139.4507612882454,174.91696284214913
78.97613455742952,49.879614223842594
164.97864892076467,20.314449015875944
113.64302299800049,46.205317478070874
57.08051284746583,191.89854814380053
31.332780365919024,45.64411491004632
180.52574344478873,61.68887347388705
129.5213554025685,174.30974397189135
41.33486437505342,168.67281565873103
170.3130479974033,134.45556245909935
127.98909300674916,141.3405848692257
163.91417020303896,96.14741629371755
55.4790059172531,81.58917883348707
158.97708777088872,136.0477604123032
149.11970690715614,66.52860580311878
174.9939774635629,151.2663467340673
189.84211177620608,108.84259480259988
44.15283847401258,100.0829501184876
188.78879165135675,154.28405766737723
27.29986289216789,7.042180696950464
133.02498736161766,41.58106569880208
42.28730760488233,175.38615390679462
154.99239917279039,84.15765712925204
17.076964952456848,102.31549287161688
12.206261824362485,163.17785893649165
170.36867566163983,179.01452702132437
145.4433472821838,40.22905796881486
194.12231877645286,134.60206148096435
74.795496643093,147.9206811778966
186.46478548867995,7.822327090940364
171.86993312913546,31.728380206517443
131.23410942616587,5.879414241854227
21.990758221902798,104.7645963243423
39.2600396568234,144.9160579542209
28.240213562966318,107.4527198939437
27.40275296674355,121.15809668449975
181.04849236486243,117.28745084321224
75.96461260414246,106.80258457483725
193.1079310984109,166.30410411523772
177.86165237118897,90.05926668177479
189.13567470721065,14.427178442790106
37.197238008530164,16.886938592925848
186.65425216455256,29.660084980862923
39.434576526648144,169.38787737441834
53.74024872872613,89.91228172545249
165.15595491721288,127.58077218018046
170.88008725376733,96.19096427592073
130.38892640796732,5.040301489268941
32.326057968780816,190.71294824994015
129.34242309657057,26.600708999465326
161.65173412192692,116.59281637748614
157.4742249313281,117.81554666272577
35.330439253674314,24.78915411607275
179.89326119636667,184.31288953253616
72.55163886067605,108.09308639051305
137.4195697029161,136.84164443535172
171.68653836022398,58.28031844035657
13.840483954812777,17.996256499105787
47.80812556213887,8.73566167173429
23.43532988011431,135.30232661396147
189.10251028889832,66.25381234523736
40.22760455399779,107.01198966730685
141.73227297864213,135.99105487335345
179.9822083042352,77.73787211865609
101.87293503754115,46.6227927397239
151.031895640177,82.00846786556555
106.87416598732102,47.00259073772957
170.62793984190648,161.15298623685644
31.52719241140372,14.175533958876201
66.41762515248953,177.39615506628965
155.9156767981453,78.64666815647684
69.26541910269204,155.7922229651051
154.99160842580196,145.13698916421055
186.51274689747748,36.97145043192549
159.88522359549114,45.72279449276022
183.50334149378705,72.38580906606236
161.47002705621705,127.1030061634263
167.3647806278273,147.97468004790596
75.29776044429705,188.19901204877596
153.30858143181848,92.88950247289978
11.56440805298176,103.90154169185186
178.78112620653698,106.57333386631225
26.777901572579037,103.30421468121446
179.55531445141656,119.08992481962362
36.75486449357276,44.33222303568847
41.784730123499976,79.32011476947837
25.568548250453834,171.61388663138288
144.74182983667964,181.52930744447812
176.21623333373535,70.87899822162984
31.505336955768623,5.666489795196943
128.49084350913114,174.87118001643452
172.4944833424026,104.96936847476944
29.603980055925415,20.495305106151637
179.41862765498664,62.835959639247584
163.14201201831966,57.3338687598852
43.6905761665107,191.28527455259209
10.651613907457074,187.79625338459005
70.36835402920511,28.984983444205355
194.3032303817556,25.300557262731587
16.988461278305458,18.506945893191897
48.81491535899739,186.2382032740699
173.0759804336676,114.6719648090239
6.707364346002425,110.15138438340495
98.67793665134289,48.01686969223764
50.12327088838628,125.8680816934644
50.97865557610875,153.9007357347456
27.207317198934852,24.573720019048327
191.1869214237086,112.09578942584939
29.96208221945777,160.61644663782644
30.7082816255938,36.03907486658687
25.106630905171627,105.16128734723559
192.76291369118204,131.23252818739996
184.49073467273712,113.53662049880249
126.57779988797294,130.17590055042874
51.90157412870146,116.78519358212209
45.256633033747676,52.65222519377465
155.66213854853615,146.99131022761674
182.66217541210693,52.92617556520974
34.70014647579915,94.04083786081056
183.51377848347192,113.05309867958758
192.89852420295762,118.84823313376533
47.20310383222292,195.26945712238336
145.87115232075922,169.94943603761098
26.600721803031206,5.932945360319085
189.43242908545696,81.4325709395996
29.649929369252764,75.29648498313259
9.001206565762502,135.59255856371956
171.45956066600365,77.8466246957935
188.8629535847842,20.42403589576529
152.48742897703946,91.06936623005261
43.79705971161528,153.79128320313745
161.71313199149245,20.814847954963923
70.36646479439585,66.75284571609474
195.3035928856445,37.48947274798303
181.6806849818701,185.12411786588137
68.33649449803958,167.8314521406159
34.45205944723099,194.7372055765959
162.76195345045636,65.54104319440347
44.89256781572851,172.2530770236363
18.50283595313858,59.81360916505804
58.80797568142939,49.28434890469433
15.389855324017654,28.970836895599504
19.350326813838322,104.46080077853613
166.73052955317755,169.22559623695412
55.74776248221021,164.63159847535502
32.99493018289244,89.8357753862157
167.7605148453413,143.195722339801
181.15028328247874,59.78394591480199
175.70351341519532,58.80379166770468
57.87014691645836,21.19346567613525
80.22006585682442,46.72313935641773
29.12746144804551,58.89076435523345
23.459835516713063,64.36493981450893
46.80246038276957,149.229313534226
132.0381071338228,42.79956581974315
196.94740363723696,93.27063290251633
159.53808101914635,104.26254875723416
144.85425340469456,183.15161184525007
176.8704531488999,80.46274393270498
161.07983439510377,77.17039977417144
189.28965612117756,113.51468165137199
186.4305862409579,29.30137450215934
152.983836042945,151.62063596008988
47.796548812014976,81.64005589151886
50.77489158267019,172.4968657474783
26.033624537718485,34.30117595196692
22.090522961037564,128.80919493072173
184.51558086660606,27.719241736693274
153.15877911740216,52.71658525027194
190.90198878512086,84.63522746291568
160.95646152921861,88.66929975095913
55.45428562808197,61.308087969724426
167.46872451849643,108.37866804326698
187.91208920574468,6.543544574262204
9.509566540454585,45.66067162769132
35.49277189105944,132.61442820028907
32.900307449759495,49.58865014202936
153.05517093267102,187.06746238840202
44.3490368206204,169.97254107888926
175.04376647074452,31.477628423073362
156.40400443301155,110.85632029314473
45.13593595610562,30.714325644819343
134.8246898024709,186.77683881370467
182.48751443449174,65.24476616212498
194.36337910793546,52.08841703616398
14.080575493698996,95.93417096116707
54.29544063709459,149.84474279897455
42.29987679734838,11.036169509718876
15.321095595739916,47.99921612866748
32.82905723221759,144.83387609394504
71.91554795434014,126.78914505441651
131.26697436788106,131.8522062779969
168.6265835871344,140.78406566572093
147.35094729336222,38.630076497903225
135.19365436940683,56.409566836506066
55.085213759673806,98.41065291213698
16.680771638102012,82.58185917491141
22.261449285558584,186.37374977618694
167.40867104403662,39.07859472599751
67.62330850784997,150.43783673068873
155.7058974484136,50.986446829831394
40.78239650519019,140.85360749478832
70.84142199099908,118.16058444360445
184.34878675854824,164.49018659012492
168.38872850414157,111.99779774733759
14.293756892424394,193.12752775919586
13.815441272237491,60.6988966880509
182.87946991442368,138.8690577909683
147.02033953677213,154.660699636152
72.23997703446874,71.10253020478092
36.48230822607267,158.63299353405077
127.9407480602176,21.811901089039942
194.49997663068996,50.67545066245008
5.3061888134489665,75.71934681550498
28.26141453775476,109.42573659873554
14.101840402766483,144.52634219089026
184.65176608274362,100.99590735684521
173.62831868185688,10.751363036210117
20.325824377890854,120.28485695176525
128.40633423033452,22.325622262180556
178.6334116622485,44.5756872804053
175.43301498682203,146.09071312113744
21.134829254866784,178.73461550812945
144.10577779152118,151.78920552516752
170.88712462233104,158.1869996532896
10.624578584592408,136.9902964605196
177.35352560045558,130.1929108668207
32.19087962776025,44.43848393924273
45.372165423352605,55.6414873824094
133.6283830355011,6.38373787296556
8.66874299777404,105.13293800652083
11.347649556631687,62.88848790634988
24.809727518901838,104.80239678817605
196.20280332514236,113.18373459202665
190.1225487418019,81.3405880775197
171.43143789556115,20.790209924355274
169.6086767455716,8.244531612489432
36.22177389776489,121.49081794316118
152.82089782251518,46.10247964533754
18.898802993056517,106.00554150427666
195.60770517348826,43.96303803984894
29.12974255018339,20.689237647149064
141.08307974261388,96.75869631508556
186.63043354475892,122.83581586839489
156.65795715796764,80.79068852566895
12.530621208776264,42.38067695659966
163.30072959044188,55.902539503959936
137.78230612374782,104.73974826032313
61.653865067132905,162.1405862102631
146.29061160370037,61.96626953563205
39.22933041750245,89.35757224029405
133.1945142690695,143.97384519025812
29.718593907021745,88.62880346793538
175.28742434493046,51.61385788651582
37.064021995416056,23.53544689531086
27.035142892136736,31.786626244381953
175.16010600201508,166.99326617157587
152.02991243225938,135.49658245774327
6.343110855244493,25.701485827324696
45.355580370462796,50.346480593739216
50.31766967045948,123.18714424358585
145.20158604933982,131.00594773307012
172.17032708250125,97.45529963671022
135.99622240378417,19.504183670834788
177.67442415235305,179.34238725317687
171.69785772896262,86.65035077265844
9.135184422290662,80.80066355643805
24.10134887206277,83.69928648901558
9.379690985678556,189.7810991289946
64.67360978051501,34.695698833283174
172.6894598803722,190.93198874329778
23.822852092040907,131.27231796274745
165.0235305559153,113.55936795333872
55.877908329130555,57.093341345094586
12.41898927485058,163.10620955928277
71.77329750806553,103.60088396524161
68.00687929251843,178.78489449114758
150.2030568058561,100.56620450617962
180.62119393588927,22.61106154123535
159.57829235160327,184.20636980812588
43.576691466631104,26.85399455671267
69.30261777780987,41.56199836931924
55.49515126190505,88.06352158494414
59.4385631329491,27.297086339103156
49.70972726734297,13.963312618865084
187.8894255061581,141.5633724674206
73.10599120450154,189.8172616023789
149.179599958183,39.284484651893344
129.85795149442123,6.106495843515479
21.320800427655925,14.380704740873387
180.0577732458106,68.27202140958067
61.38125877669635,175.82299801576352
7.248016428182515,180.25820929095983
24.370602656967783,12.290463411353912
72.97445571298563,122.51254091232146
69.08561131921861,192.4088261277975
63.560042634430516,102.34781448913638
155.41565001561526,59.68373094701497
129.94251449338657,113.75807121659525
55.09508329388955,174.55664881027124
162.8513473775007,121.8692519356735
119.5078697148637,49.485291044347676
4.991886044642374,110.55112088649322
21.996230358800087,32.41080841261456
60.512873076884375,91.84386198500822
126.81163299168547,195.43348533524286
172.31140495274832,167.51530032749736
46.13754783336828,150.51357529009127
52.72856379053228,189.39060570156002
67.6795852859112,48.21973009654459
64.04457717093234,8.859466469776267
135.82661762654874,81.38529609409073
10.0,25.0
180.0,180.0