74.55736757405157,120.69478405270728
164.854001620393,85.53229608870305
66.44723285433531,79.17244339043636
138.2287656479104,95.33490278553512
115.79349407441255,160.0591634693727
66.03086318334994,85.38756295661284
11.031153270790874,15.279806189535114
108.49438612694671,80.57145623962379
13.705576180577758,180.42041259630676
117.68170187283343,191.49387948343775
175.4844488490552,81.59683710536252
100.19986821898182,126.13524363868187
114.22034997697304,95.84825236012715
152.85419193390265,96.21395733089562
98.21635673512986,186.57701677514316
12.512416925165866,57.84800331302275
120.88126863931527,93.45260104015692
187.25453927247491,16.208167702259388
167.7527364749071,130.90663006915375
67.2914115131172,96.86423100048654
62.12706293696936,140.43960138898703
157.08999809548277,165.9617245857664
147.08761952907165,181.41723584883653
52.609551564813664,82.74702117247294
63.03124005639028,86.79152463423993
94.18255199200436,28.06157555074698
41.73898865162554,178.025134448102
188.89120742112917,77.5382885463294
48.61261403314824,13.868128911069515
11.703643490555844,50.58305344316015
40.462134408864316,167.42391860816338
60.655802663230716,132.31512598997384
23.585960225068497,130.57412961985622
195.53738549872608,70.15133323378595
175.21965163091056,190.81739745235316
163.91040866799688,103.26738391587115
149.27100634336406,88.01883524185081
37.35917227673174,179.97853203507003
53.47944802734217,105.35290589366416
149.3061858845965,167.76357260439895
190.71716801995663,13.387351177971912
25.420737920620926,121.32665758086836
85.99304726794175,95.77812175462
24.910061375522687,101.08776938071163
6.054255782696096,126.36044865844629
75.15269629789601,99.39732765019826
167.4074635547666,164.4222053299428
191.99392187404365,43.46013760552541
94.35022853873717,9.527158847134324
164.4148265923626,193.02826541945285
53.51881326221262,123.22793981389897
40.0589088558751,112.60530392686827
22.957532708278904,179.6366024800724
164.19775108813596,28.497124479668944
98.27969949643406,35.82471092063465
53.273714333222294,78.55971421946876
131.69027920496447,97.53367680335364
182.18862662057475,156.4112793115399
89.40736948771999,62.23542072826102
166.03060232141743,72.2094159412998
8.113721869716077,45.5233028103493
172.29073634030837,34.79198504069915
53.21459533494446,114.42241418276309
151.98987037395153,101.37986351449086
97.11554280075131,69.03984031094946
178.86710597044635,70.12023179457972
62.829799012799434,69.63213847425389
155.1342937077254,84.14748575259253
74.81421901666828,20.889873391931133
167.45060139429273,40.13776617145235
91.62384742912226,69.4303875006769
12.366734489515578,60.97597659734033
173.3388980997299,155.62404012076496
115.57475526909758,18.206014245146264
147.31767989434886,10.702674214487306
97.97325869190634,96.81514733407218
38.15648483595274,193.35247147465014
111.4918766242071,44.20000425366056
99.69021276838468,107.56293914498207
137.81261202539602,158.35317272773474
162.60430939606272,125.56587503794363
7.32375782527366,64.36113787171465
163.09189751957362,163.21247391337025
30.71012019592106,120.12260126850697
9.353841134296177,135.36390333765578
34.46338204705176,167.52963987915174
5.641575226853326,14.823213151319631
98.37994075576894,38.84778199552175
93.12325501181436,163.0066984014122
55.04567096824431,179.07885607028558
12.329416005778182,108.51983974411493
70.25763475705364,76.48954389098961
120.09651736605039,52.318461707724175
179.99406505127325,83.6260516631686
46.09554664548674,8.083689718855045
115.09647592199599,67.25334895385326
8.227534614297962,105.08837020021544
137.5024618291325,81.02632662998138
89.9290309808793,23.428896230431146
77.49017331818749,73.58155560201018
146.79388407881407,165.81974612342117
141.02096256143025,174.48628987956693
38.575404110723255,181.80217919081025
179.46747779665688,168.96110266069473
174.05209303928652,156.42888793766417
183.43924538594163,72.63499423619791
183.47474717341387,76.65990517942166
178.9963362321689,123.49853057818783
11.339853286361343,113.79381476184038
82.82094338094487,15.361325915779494
192.0558025758338,129.54901575852494
164.9416827887727,11.908092280102586
9.34009933746341,138.0651272974649
101.10392517155185,191.87105277099627
179.46448370515978,66.20451946220393
72.78414792015116,100.60482910324632
97.64872770266301,86.32670259104674
74.28129067746335,107.16251111569765
90.4496543182366,72.18240854872964
123.55264009612827,7.5281028876105855
115.61362728253815,7.845875721245809
61.133882768678625,176.58201349391152
28.00886606978273,143.93871221327862
34.479487410672945,189.96998741563507
170.7686313073342,141.71147284237625
24.521489336673664,54.83303885687174
196.4746625117189,22.8855822833418
83.93052197326791,171.90165483256095
27.36413398329587,109.01736033382724
109.97106848610863,79.41541813207574
52.68442742253243,118.95169933056516
192.08944548572117,143.84826670608575
84.99190885563887,155.68094152253235
120.17455449007385,166.20133647271308
64.89713585221773,136.50264950681512
15.104173156195499,171.37500624668863
106.71881894605994,63.96818018334011
89.344545834796,99.09623109032344
79.0723390301834,128.21758259055576
77.79246926603633,20.834023039461755
129.92036507530995,169.98614651068078
172.0054865150472,68.52988270489232
98.59769321359771,12.472446996079247
106.87671550143716,152.8393362835811
173.47338990743205,83.55798788253622
99.89092540311756,179.2387320235902
111.3139446646012,191.05534812302446
42.64240089167112,134.04118986486787
132.5547487319613,107.30860825656973
169.25549371696832,163.0346672400381
16.322722466012802,174.6138898370537
109.3834224794671,34.64424594650683
52.641415014518145,90.49685187590167
91.72707463176579,186.28512676904043
114.50911948136603,179.67339338170314
101.81775075410866,187.86601253452793
141.55604751639962,168.08864129059043
99.1635923205011,145.29854962886156
96.86589680823663,71.68328663930507
37.71471501903937,123.27154571215227
21.804853466014176,128.17706446831866
177.04107277795367,14.944635491042707
126.5939950395172,92.20856089246621
14.678190319540574,19.826791976165467
30.146902756250775,30.67353975083127
60.54105354370339,183.52237455876931
150.24096982403788,33.005480217218285
135.2165593760451,179.675825416443
188.86623750363523,121.28446751245313
62.23882226391639,195.30276924337122
185.99164971180062,195.20749614184012
99.8772368522129,38.19868023729347
77.23319944266235,169.5281354103373
195.9196696389327,117.8966116888118
109.48812262357484,65.05277381933307
56.02583394297548,98.39467834821671
83.17094045055937,78.99567253815364
69.66152178170594,89.2779387874484
77.03493589681473,123.39040569140633
107.59781232772008,13.907597931847025
184.1225301083994,79.530112594598
140.42448247295707,23.275439344692664
168.59702435257043,37.13194163052786
101.72040181928877,195.8121148873218
168.57407585344245,187.27349151890436
181.48390391257445,72.42789389908232
32.44600623027469,14.98177498613649
138.85628034392607,90.31974630452346
146.7169613028944,28.420700342692783
61.57328837923076,135.42739187819546
33.606954332116416,166.4528016348939
30.367489454231613,130.48282801935218
32.3426712168884,115.69849093564363
113.91768339684003,164.45860972354942
33.28589841803295,107.9246296430311
192.23251598208947,16.778811737861748
97.10703750391605,159.17416602469137
14.122609664626218,28.021986800462017
57.44881253831284,170.50539503275044
124.73893788748967,32.25744274160373
148.26023564130168,7.581162123050441
34.44288775177931,98.97084348275138
21.61115251759689,170.22356924733725
72.41995354284582,173.902029699685
87.22929878663385,170.17345497020318
79.70439654513513,163.02469938741592
72.5333655484591,96.0681691708075
47.86048289557841,170.19483533517268
50.861650192617354,188.5445918295436
87.03057673907074,89.61885305354477
103.602879658896,187.31338404308843
169.68794369678068,23.07797482028834
157.55422223827318,82.2510430039445
196.82335316415234,71.86822581786902
96.08723360609213,141.80298580772737
177.28321172175572,141.57796216702175
180.58252593938028,168.91298558944558
186.813071475074,182.5718357574671
91.84609033537392,111.12699062929218
87.39714118448379,18.79093696888355
157.92407166764912,123.67523314254856
122.49553904120616,47.81881073686728
54.05206883489421,196.5855156928872
171.35857946689217,156.45908563231217
128.64140870896793,196.64007973081945
196.93518238554722,19.152571964392415
47.52623897199533,88.40541203973609
16.911170059725052,57.367166191726156
107.87383516002092,179.46821559143302
173.713866184816,174.71907954468819
142.38842464795428,176.24253374098143
8.888587650988162,52.836156752824095
25.054950892150785,111.68193504765743
19.744066366358616,22.395887331226117
102.10013967028974,141.87449663999564
138.98640603353925,36.37881760706472
68.15148856035215,110.18165167262796
183.8584838406054,41.292436820074336
183.64865690774684,148.82065887432742
196.86516675386176,19.964088072346303
95.43717882850642,84.8894403987056
163.22258737123778,117.48838261442067
63.32691205569511,77.24546523913213
16.028804888775472,43.3431359388768
44.416260425615896,9.69677982324385
172.26766020363306,186.6370363031763
23.2334948884951,52.01034159689226
106.09775552364981,188.91382687597178
8.339293177890333,113.86484563635156
120.69627795775776,111.04915201768985
100.31116287869746,86.56961077661235
100.65789200391121,38.38430119766215
95.58558036908079,134.8270385096641
87.29493526105384,113.47143328782462
23.21568298234517,42.623747077583815
183.4837499638141,183.12718462748958
20.60607533573287,50.82941804632759
25.390502064343664,126.52489695508757
120.0405077214656,82.7415782189721
191.04342390959187,189.32136625834266
144.74861806457932,162.9831823770003
96.74517712101269,118.25102600170831
150.26426618405102,27.88998506625231
105.73609982582254,33.931681383783854
63.46651505807172,96.9954326600338
100.40110470733484,69.11316679679116
169.96753908372204,172.70406702223875
59.469517591151956,23.6433486084512
147.82882608618965,21.99133729170782
174.8236651901605,164.8647185585704
169.8357852833109,173.4483401787647
79.6579391173302,156.8824563305511
151.0189552585315,10.941816000124835
181.7629920856717,69.07774975338803
133.74220769072724,191.58405017099943
106.62022982268344,171.9314765992472
87.35679684428405,75.08727921480097
163.09239550286213,121.17050266162394
11.517939023814346,101.9309213269842
170.8148370078805,151.3927411977778
78.74629164438792,157.92842861283114
105.81303183373808,75.1684481847305
49.203706219513684,109.3089690464885
26.54609706433081,119.49276718548079
77.72457418150053,178.28755558071316
86.19858274843618,180.2727087314691
26.92456377322451,183.26450157024217
86.97373491049741,178.38354285889793
16.90902078837198,111.96303575708876
126.88461075914685,161.03807906057995
45.009699816068235,127.19937538513538
16.88675884630572,45.72181966994364
37.66529965820194,122.93038789535265
146.63329432930755,74.96647822433026
97.68410135810555,110.32782907479847
154.3709745538106,174.30956507145564
18.120151882579506,189.57405428348298
160.766165845606,84.9184792906701
126.09955590855114,33.48925605030166
175.8165467223449,145.9796863499622
64.29759037367245,86.21293364299677
42.46064876152369,15.838971520156466
68.34688861728318,188.496278547313
52.82538839338398,26.788718711137278
115.93379417506002,84.72133649071353
86.84934051310086,16.257687951314313
140.85127658429508,26.3286056192715
90.46298557212938,77.79911363874783
165.76090149916337,85.33500377731227
101.80411277410951,17.843419260277106
174.5171611739399,123.66566124234002
61.247952621829704,85.62605545832324
122.37590982133136,73.2462652333302
169.69085553369777,31.213252573211715
183.7775722424354,123.07166894958371
92.81796374011086,164.82059316886225
109.10714964414254,27.82401302476229
96.60279552632836,16.798238267475284
63.94103573146403,139.87585211460396
122.06078033597272,92.27244093391965
162.01223207437243,172.10824391176666
49.32649413478077,24.70481545985997
91.95370617276208,79.24835090034398
45.97745473466676,127.10421312438427
32.07348946818884,102.01640767390234
191.05589325880285,128.6220049676
78.57494915961878,129.23384831748123
173.47606893942458,78.57714120051308
47.132408593740735,87.34831391508028
83.86227490240309,179.79121170115744
182.39794646883576,164.01576073509625
169.48107854974964,43.591177841853025
196.60722283712843,16.991285847212293
91.53476267717372,127.97055777760788
37.78704896943571,114.98719622293102
143.00057065229123,193.75854199762648
142.02258585315565,42.68254878651972
123.13558986130407,61.8180838015585
99.0021210807424,136.06504952271706
115.37993183666867,101.55363833968629
54.49972203558436,10.949753675402764
79.13746622154602,70.37194499534108
81.1608644534392,140.74536243949458
120.85926580447534,160.19148699170037
63.77475468929244,126.4779170656619
59.794054070643,145.99001832721697
178.89960175907387,152.44132895960215
134.5282728230381,93.29280975306904
72.46107349127023,193.88071573087754
109.00354309426052,20.531158761273964
20.17439519167358,131.97515601220675
127.96431454291482,194.32589984327467
165.94421244676926,85.56487047326024
185.09614900663848,149.5302198607433
135.4944525683516,105.55793795317476
14.84642348619968,40.27466038316482
125.77653470937253,17.269015513788684
12.103311260727908,127.93965302668235
98.287583406285,11.048432804366524
189.4565856012223,25.6140587306934
79.17794303438717,119.98528331931104
20.890326530410963,98.78359492972338
173.89515522581596,196.77046537638083
142.62327929969183,105.13832494872655
78.7045026088687,79.82452682731372
10.801148637302976,129.99431070846035
79.51952231306204,140.36788176624137
99.08401482936524,165.95244656297604
103.75860892323774,160.6674642703014
154.14473544860704,37.463605992178145
100.38463251649031,34.304988264837505
159.1927257490395,74.04816843500346
181.06761898829518,82.39650267579258
156.57991526966626,99.4469856566796
73.23899710822513,139.05980278050262
88.62452150042039,25.12529862070549
139.94109288834892,27.780854000029972
76.42906804909666,19.720059644655674
68.32400063058427,120.24571697358076
60.84585848653729,12.41868054539555
160.60122927101813,30.94983551137164
190.09287228978278,196.10970575816012
161.04768181279135,107.03882369600909
109.73738370789535,31.67409657003952
166.84719635509268,82.43952102236005
155.2842684035717,99.28949701811169
69.40069425024296,126.88344199995696
79.56582338821433,133.74726182999183
165.50075353791922,176.11032310104153
41.20160172108997,181.0260675551162
170.71110339553923,180.70598209183711
53.579080643120314,9.350796541040474
166.46401507659473,175.268060185439
63.880015336257856,81.26639308676651
99.75653051299615,190.89771809424076
106.77284995763088,38.187591808281624
50.377401862123406,83.34520189061591
188.43285624421947,137.70404591523902
176.20201134583039,116.1304106473121
16.41178388882755,109.02131491772464
37.38050331794418,36.867627705653994
111.92657622159797,184.72124949740012
194.6777762557393,164.31331582658055
99.8201944046373,17.096599869734106
93.32218890727871,89.02079155947162
25.512807797830888,187.12738317945497
117.67803350753016,104.00580115228519
110.852825573648,44.607140240180165
75.24711964184246,128.8930312834516
7.237942002851729,131.02491021390557
190.18201431640165,191.828412809092
14.298674281399343,171.55965948131902
179.75879974556074,76.21761557128328
86.3564154793061,183.53439650004074
82.71138217766493,179.6634244157017
152.99860498345166,107.05331671732314
108.71773367541472,110.11701728130585
10.474943424958592,29.41669415386591
75.28726019897215,73.37948422083977
103.14466987665308,20.580501413604303
180.4808385233051,14.70778641061229
181.73154276022618,193.92437369337404
156.61522819821676,166.37505908688414
117.71689118678218,96.15871980786228
172.92049345092863,77.17611029125428
160.0739251380173,190.9480853962753
46.759160281889734,133.29607707769878
119.55642310873884,71.93014846921437
23.389147209382987,112.94488517006505
109.64087825430892,165.99451947539777
27.38538625020628,100.27565797888943
190.32478348519038,156.26631597705511
154.40176965935586,109.59109179081658
80.31228395330892,107.4591581561472
38.35328777841386,180.75507038919
72.01772863537624,180.28001305615547
191.77236110472862,126.30133464946128
92.95550569564028,83.57707487468093
86.67673945065741,188.94576407115622
100.48519094655323,190.47438490990115
43.537952016435646,143.83832900196728
80.5419186110851,138.00744614596474
55.99288586037245,128.1709921813886
26.04285294559217,110.18999990053429
56.808405332141014,74.26539336142045
184.93587474704492,29.231182719908382
121.81555530928004,73.96424712226752
88.77929946448168,28.503306848970613
11.631218085299034,132.4887008527
49.19992869557165,102.32952770633587
146.7008446162406,28.05740649172419
20.61792861824916,35.18977813220919
20.47553307517915,171.62406064561077
145.79928741131064,5.106546021190114
124.2070507620301,80.13011038813886
49.99805918380064,85.79060401702613
117.52080739883057,71.81147410121429
116.59840504622942,76.25489851521507
169.7131259535254,180.0423674836527
82.31254943721116,146.02423288747386
12.742178580311464,107.76866233864045
6.772633216863191,101.15720759910226
13.587553552381994,196.8290047330307
92.21370572107483,131.5762857756265
187.07554305911577,129.16792448651518
58.10316833976994,189.10744476285078
87.51960760197849,22.154143485855478
196.46680983389615,161.36008375214425
187.00591332027454,38.61870568212147
37.01288688849964,113.79011723171617
74.6877611996879,126.69355851182756
63.777882655882664,98.09638855468783
24.26375572023072,35.23462212085915
155.63223418904343,71.17076829072566
134.55226962325338,13.962718873018641
36.91725365282847,105.25364820726027
171.0738567930965,7.758484983331049
160.04941034338103,70.66081833144028
73.16106508918236,117.79988880798348
154.4126206566292,14.459588623248873
38.00543068895841,135.18971368353562
144.94159107865065,95.0525398487881
148.20719809260513,81.62018948732889
11.31297897628939,111.85096252931575
104.22544365100367,176.2217183675221
188.90465348075557,174.77089174650825
27.662630223603294,133.86291886916777
61.919838588323486,116.25476772594597
130.49922102915434,91.18821121562071
114.21455130716879,163.78398464054945
153.83953177023955,103.36780204244145
90.64992368836381,73.29514572892504
126.25830757943567,7.0907266959666355
90.84491762951275,101.43253239960822
32.323940562686566,23.131275729477704
78.58121196548255,138.83980112493913
190.81954641743937,142.00799795992648
97.24166688003243,194.12992400345345
186.34999450755956,73.2510987638645
151.47938930580858,42.95741027727175
50.168526585677,23.144763434206794
153.29926018314046,74.01671278937583
195.5516611387857,9.19332925629603
86.4346874626835,145.1111339016145
49.9019648579599,109.36462743118781
178.98131543479164,69.54243432774136
156.41072608978138,171.10744081891468
96.81854317049793,104.09327809537717
96.86022339400266,183.9897180887629
30.876675613700794,133.46773685067885
50.135838748772315,134.02101752206084
100.69522770445289,5.142124742425581
114.86851248569386,178.6072404866053
117.80534779627011,75.2543343670652
153.7730866323136,85.2590946172639
160.92126368961627,190.3100131438562
156.6361893758969,72.2373780652637
134.63006621376587,177.0230859425346
185.68279502744033,179.22277931866353
16.81808995972962,49.40589515560152
125.022433079938,87.7731125265686
54.85697327761695,81.54811469834905
19.663252886773044,196.7971290396941
193.6942779099783,35.51166377500396
29.018835637167992,141.507401206184
189.92289990438073,138.3713524331996
180.20495482351637,152.10022882797116
175.91402436642622,191.82551008619564
104.61049093796913,30.420650535265953
68.94017961441827,194.9098788835157
94.84945399419351,134.49620315412932
72.24217778887385,76.45577139854302
158.49459479666507,179.01344481475454
114.69766979648577,100.2775904288632
177.60775543595287,184.7683478736208
20.72040089708159,26.50577489009517
156.95206624192627,168.39010832192648
118.78015229256147,102.1397811993239
78.57256733511451,165.05946904091462
35.88312787947516,119.34338468344977
98.27249439605667,95.32643092617151
44.58969013555851,14.055407352737676
151.57818736467394,89.14535235599999
38.00664539656322,115.3637266027477
106.04258601856445,15.283280641430595
66.93792627522333,124.53015821050803
191.8880710020057,18.16743465151146
180.18616572378974,23.08595895513212
120.29364484762256,106.02376403857673
95.14195682527846,65.81084138728323
13.201957736167776,137.630779660944
180.7378285441899,27.406422051690623
22.56189623720044,176.27647396327782
137.6920802588888,26.619035338465622
47.73157674406431,134.5014506220487
23.350017403516528,195.7560395104007
182.06844793770966,134.2104715907602
63.2434652335719,173.06945868725134
59.860974982247825,86.56552456851453
111.10659886228979,54.086625785346264
7.445389576970871,47.40584983808
97.58952251209212,173.6194166626298
152.76437945358455,83.77884518728627
157.5663622719567,71.76865686375204
159.85995035516413,192.83219528504424
69.82669252566754,185.27413355325794
13.762461136352519,180.551967601285
142.4241795564762,22.91200567099429
99.69612952655541,196.22379559078186
6.552688529336584,139.35760243954587
132.17349379831856,174.6731909181456
187.7587391143048,69.40065971196381
7.877467054281385,166.23010889836127
10.762073914956533,184.4212830720935
10.453199186175608,169.60101110615878
138.09128059963334,82.09907620346692
35.43997791104725,124.96833066022516
60.270537737211214,11.426746207478102
156.26269165309108,18.137970372598787
76.24338954492119,147.85220322225763
132.64492923459164,185.69621542096445
78.68137117341232,138.52562956930387
170.05984178581602,159.11564189672805
162.57140009125033,182.4275321100791
26.391264258434433,106.20056496773728
106.73154612346221,44.454081139937216
70.3551953315221,123.97497713747717
37.129746473660745,106.0095261145225
126.8599736686703,174.02426270638108
88.92665112860185,27.267441029451838
77.92145194903404,71.48304255259498
77.1614266694751,116.2333053064346
127.51215724260764,180.42217646500242
7.328164751347547,175.20079600648896
46.76980648712459,128.17014568904827
56.026323930447276,195.36182319479406
121.27370053693245,79.79326669692469
9.425909922417125,124.6739982700602
74.32217283475426,124.45198287339633
176.9147105431549,120.24450780813152
175.04569649355835,72.68537263547337
123.07974306187937,191.34154282193148
19.82408974151145,186.7709002640813
122.2340472943395,72.38140115325112
131.34044742524435,88.69171338881243
51.71722041379508,141.7124315545649
30.792191460731512,120.21263783500424
5.108890693089547,29.281391191277507
133.38958506869062,67.15275606847014
54.866640880071,195.47195646364304
171.0112299020548,150.5263090616455
34.018481207373924,125.26047052352827
20.873402664318977,182.2698304691856
176.85025346867403,191.87800464904177
61.40869125519266,178.84135580107647
81.44376980187144,153.80323600525892
46.86420096681699,186.80969699100953
51.327298910916866,123.97031551803762
125.35251114577495,102.03169651431804
117.50943523188461,86.86858721611776
7.779606394119713,182.29594867634208
28.337280710009377,113.22714913353529
97.77342179525182,166.51563380266774
64.2871083906565,102.79748933852555
16.361582447998003,18.82314880509262
13.069071967834693,135.51600763016256
94.30253016983092,158.22433717921055
115.33674684615055,61.848989606662045
171.85060901047154,162.2198801207748
191.85236733726236,6.523704295800873
19.85247614973243,59.95015272237147
180.6770658962294,15.798824926831895
169.32906824107158,184.37913781784454
121.96575570921107,160.3130956194424
89.14495550556526,100.16807698084727
133.36260128520343,179.3819651232006
47.870093979657675,138.34193961887743
43.54828934809827,91.223245460117
18.825871720299695,12.443557791917021
18.266553481679694,166.03829731126334
36.55353733648432,168.8317958524293
142.9353930591926,187.07075095014494
38.30644535861338,30.664404526390257
156.20144751787961,77.08593794736349
180.97289324149077,150.7161649824768
100.63770197228007,192.9970869505199
101.10858662723149,97.33100288189816
165.924847903385,118.05866100330938
185.79898974904654,122.52999235692597
150.38013437671546,97.75537465495115
130.6542502645808,187.0694801046641
75.99966208123011,134.84602371058836
42.30881737140815,189.21090181732066
187.51359610315095,183.97039066063869
186.392523077108,162.5840869335372
34.08586307922832,141.85213628075607
73.78897406087383,17.22172904285233
32.81318988635597,185.25457927628625
88.45626884106075,108.1585880465001
37.988834512146006,19.40790290325425
149.71091612948695,186.4593667785476
72.74011809590141,178.89582567618245
146.56604627579836,80.12862293814389
29.39471244199349,35.859724982195765
81.84536394975025,142.7959993656017
184.00745537069534,134.40492841442622
87.67852376038395,182.2657705199661
67.29377908202709,137.83437014325014
114.11715988144138,99.12866247282928
36.05558193464554,189.6865477878903
151.33015847822216,182.58282548606252
78.00115142526427,92.33584603481158
102.42419796861944,194.04705510287354
130.8639252399369,169.9109964568425
78.83099463564817,12.812554137823813
143.67331139210052,88.81255283893192
56.86782113792235,115.7774590762261
186.98635076555044,25.225799396214413
155.23331403649675,190.78083203135148
187.1738843471878,71.30749821971125
185.73237410502364,180.63605405933484
26.834600482633277,126.97227574090616
164.5453195650536,81.98766684194739
194.01017674790845,66.82883475642753
172.38326959216795,133.7688963787174
113.03194542399416,74.89781199828222
62.15997627526618,127.97335559168279
100.16662345924412,169.79557869227074
56.92376143757067,119.77859040312585
65.66086253241991,183.94527272427027
53.48259449898343,75.89042030805815
184.43687021897927,39.55988290706396
59.28853194326872,90.02619548096979
183.27423559692872,185.1387656313223
114.69461757824345,20.812085906128868
121.3401073704151,16.81828484742431
34.04966621827635,33.383509432896915
101.4016019004652,102.36717751793937
121.23042779470498,99.45406189911691
136.7103888079571,160.0073030460954
193.28862963199458,44.82389792891371
57.65079488040161,117.11805792843438
28.529452067158967,55.60387876975927
27.56918774236647,128.9811049382195
32.425072246749096,26.351742514605643
111.84721826931101,69.49300139626986
32.75824526497857,183.09009040593705
26.3395516769879,20.78828481554925
123.44613044645419,34.028231600830836
127.91079357270803,99.76430872084212
98.16208746234832,153.30255472236018
135.74783004778976,162.96344738351772
82.75515479700299,122.75900768808786
127.3489402052856,45.878488266367526
54.170518845999226,14.426520392177855
41.37630491445259,27.029142691180223
157.51577189385333,7.109371687448741
52.690464834205514,115.54282662409308
137.6088693581991,194.6749887434529
87.23174451160939,106.73796540125112
64.6458056249563,82.05104074168058
37.87129219998366,169.6287822541207
132.79336497356758,95.63614015091085
13.987508681828173,41.4817110518724
182.25864983802717,25.60941297793459
27.361955256771676,31.355750735720683
22.87291722008123,171.70425945056343
112.53867574295751,54.04214418607552
194.9665378483971,190.76083046976174
29.81004319408818,6.4901709249766
67.54108522129572,120.27969548055431
105.1863073498081,95.93273269164415
121.77773454055283,196.5626114284198
64.02243787142194,79.2504975500355
128.84342032688673,84.04623200220071
13.844075650639885,172.42347925428888
118.76995887752176,13.368675639828957
113.6248062108371,159.1299324128369
135.3082245974719,95.93206878730543
76.47158740216771,8.588758543888217
166.11583722679273,79.67941787805843
79.84049077938037,166.0502384506848
111.21988358209256,30.60750511399955
91.32823990099678,113.39849404822311
17.272841860303032,109.22111798332773
12.929342516509177,139.33531820044539
59.62959837983743,117.20887747863068
34.49140646788845,181.38586701179278
103.50973220647374,107.44013415593065
138.26848753013948,27.31034163514053
24.344137555319133,122.34071381446441
86.8516460871178,76.86773748881735
166.63627892223482,26.347028747293123
147.63662516738137,33.652476438498475
101.17531866113367,150.48344391939725
77.6668468989635,148.2033434133438
92.51939775790547,117.65519179585331
26.374903139176507,108.73742928265965
88.48393279032835,159.7164588703426
166.40653747876462,80.66564668131349
145.30162091317663,38.9634865903688
45.73039421149974,135.02237916957742
126.17229651204507,94.33040436143483
93.75217898466191,177.53431999278678
80.16018688318285,155.4110636785926
40.780666527725565,19.452173318725116
175.47588564393152,128.66313140790308
166.63731203477565,21.785000010913016
48.64927382469038,117.38458322989587
88.6699157026193,139.348155356597
123.93306462993857,81.01521845775085
116.18360089013501,11.455704753063099
69.88601746208242,90.1376068470965
52.89300518341912,96.6788120017066
35.778418813495335,108.39945422130752
85.11612637056041,101.12180634282426
168.27268293824008,85.83824272235724
11.062078374889026,46.53642487883779
196.3837917330237,115.55572488100874
22.520099208475898,55.67998022633631
163.68565410378395,30.668774022729938
99.47524922560096,150.19222256292827
101.04041509140924,66.35131803530179
95.83976430962431,137.09304118836226
40.52184111389468,89.40234209230444
173.56326749315608,187.42300469369897
103.3467454996979,114.38207849914753
40.61726111977536,82.3197153047984
90.73431547940453,7.007491581045773
44.10167530699006,186.79963325693373
12.179785491230087,52.803083657638936
162.0333374973714,12.650639307804472
176.68425405518562,74.4996064777327
72.63011571238451,72.39304680595411
191.37997399788756,189.1579366688236
80.76176413227392,93.6033108728965
160.3953729603789,91.30147383150862
31.841285788023757,190.04946806517466
114.74480763615605,55.6147553167943
66.171458290791,15.70515773947027
158.64917344219876,127.18999136134556
133.92666709229457,99.88232184459636
37.25276210293365,28.91596265254259
13.85231411614171,60.240065662451435
8.925412298115058,172.80582396912524
190.6351000499986,159.61301655836533
108.18447348969711,38.749883488717416
155.5489092330826,14.309913700634148
151.6434076443217,169.4278265184646
112.2890204533099,16.006417344696796
73.12752338147205,118.39041987834958
31.446553237430756,166.64266116828742
30.69756296499405,11.418648419402192
104.45960134458504,189.56012585950296
80.38851290496288,122.02037826505938
158.85205331296314,174.28989573143446
180.65793718586391,188.0141307245009
138.49848652597797,97.43919434596748
102.21968398731475,80.36885313452669
69.3787533969933,138.60111958197044
162.4549099228407,92.55565176114146
152.86890418846966,98.51268192661799
16.422677449633344,171.841770603999
51.94647531984549,117.31152251534066
27.70130179356877,195.07362250732115
27.98409229262924,129.4420385564492
26.571063947765754,53.718341264629345
171.33443880233528,146.87383539005322
126.18957182618253,192.58909701047608
150.23907637007906,171.2792408663873
107.5573974378593,31.985197787889135
177.76568818881643,166.89415204520603
146.1591951934659,20.637001492738957
47.70556546564088,114.08070516139271
187.9247728908081,138.3531457675709
120.76327856925961,59.92472915613976
101.52195073792863,147.28882830742796
148.8523962530117,160.3258464584642
114.39867223248069,76.01842752364024
82.22375785974093,82.33935868877258
24.5462353073038,14.991326958749926
99.95760802411618,174.9936075429376
136.301427338691,159.3099705739368
194.14928353689072,174.69013906924081
53.74553499414832,79.88850503940654
28.61834023731948,98.31712861131913
134.03711921463494,169.98338327279777
50.662767879985275,84.4093893301526
105.85312477679508,71.26092065232861
8.775270836641411,58.32423998095914
8.324289654532906,140.2221314078396
171.92066906792218,177.12417178728003
187.08030462896198,135.06461565612585
126.55867686269126,169.7858885521418
49.86724864472013,5.186002599853406
80.77891061969528,100.31328384440182
71.40739592208064,195.57703325666353
130.2197697173031,178.32326486525972
8.737130609287062,119.71516910414071
175.82758714375532,157.5024863178173
98.02381370647495,134.7459704546767
17.49433837036246,52.18664047371885
148.15039297033906,170.5277911937735
117.53101117083557,55.35672769322707
85.51107683472317,165.37318698434854
6.311088596246775,186.7881951165038
98.55909170164412,177.38164048892904
111.97306123699867,5.865467047195998
38.04097588615229,121.55107321488588
161.87524282825373,66.98254552420921
114.77324611656796,45.95577427067113
160.80656565885772,172.7952441909259
97.8607213095829,158.81890738950887
68.6373520428825,21.28830205546795
182.20171122731864,145.73708957559128
138.9269430714621,37.017798714714694
59.91432282434374,131.2023640326319
155.3517329362712,123.33739776933456
140.8639401242701,88.93945790512842
183.18024560002758,16.839071454501212
37.24486885102835,121.05441958628904
85.434607651829,147.523769895802
96.53830936439913,194.74222501394297
179.07639332568593,142.61117127839637
36.90304593197373,136.23289280984167
84.18419139310554,122.60334387283265
144.22496748333532,91.99202370381896
120.38194182214977,69.01888250565476
117.18245844654894,17.251600828424376
168.24159466129728,8.5637190913106
40.6554292741779,179.2401956781537
81.32548370000784,6.456994371319136
114.45458821899015,47.62609532246429
166.66159930843176,11.063741882794467
167.27735774300052,79.37204354656006
159.6359352917813,39.9657681156102
195.79853607965708,142.42130230775416
189.53879163801318,78.00079102865777
87.22116008427146,126.5230089417937
110.92085794164265,67.31974671370298
112.84981815923403,40.84917106680213
183.526912135561,13.69330771528272
179.29857873136078,31.228913244526716
28.091838550474154,134.39618127866464
98.48022816406993,137.47058927704575
118.50527902903725,162.40654344713795
29.2719943861358,130.2900046949989
78.6503324649624,18.68840887942974
184.40136899381483,188.54271174639493
45.1136048555706,86.47108539354649
104.71629226190686,40.176599369634346
160.83533388711663,72.82632914960907
5.976371922619386,101.41193105814364
146.7857530329061,15.84560129919372
177.58960859552633,42.3360270527732
69.67178896752277,133.27485002498696
121.16323250658841,165.7440754829623
7.73545481897971,179.44032438525275
78.30621845751354,109.65494309407222
129.94652698551548,86.13469481255426
109.90837077650477,60.382678769886176
67.75662891410319,166.07846266185186
179.9665317634355,183.67046362903045
108.31512449064375,83.73701163808745
49.261038663676494,74.04332426016445
81.39147464866579,10.035936630128479
6.616605161531687,99.45503330694525
112.96265710385192,180.7209304122337
113.69619751535659,35.34490605025578
95.51936540645924,185.56216828080892
157.5256434511175,101.43342934664949
12.620307876118291,137.04311037803896
63.936043042283195,13.740854713653325
5.128219140327778,177.56685453209585
99.57585280667631,59.32727370693364
39.61374404591727,140.30929786632268
121.92185571531927,46.42511431325241
92.24060436596831,26.768222380804477
25.945898965806677,17.04763130113804
75.34830586208935,106.66518046574778
177.21930011429345,121.98250036297505
25.101794878175586,169.54548725976284
130.82701561875612,68.50549033637606
127.53109701574981,17.468967164318144
119.27026922901959,183.15646003662388
182.37070901391922,83.50072853646564
180.28040834460168,151.1811141115696
131.30339464191974,8.210958661634788
22.098503895740105,118.1117136338639
20.217408606501543,185.6167237396911
47.281310353564756,101.58283209819072
16.288980725290365,44.0966407823915
72.02805539885978,178.47518138398732
185.43899735638038,131.2615717328907
80.43322432659507,132.2229492400465
6.111241850855604,42.13997431567369
60.52452311057466,107.25872353773163
186.1162573418974,156.45766969374964
50.23515812091613,89.2571255652412
156.56295749807575,104.34229026494738
108.12998575786777,34.54964980025184
90.26335742174709,102.52381424785924
144.08803146179116,38.17786542931913
63.37191844802503,13.759895826201848
49.87624888542958,80.29069308552505
29.758548219225155,32.99198766250026
87.12642918680507,11.539403573062014
46.39430250839153,178.78978613224368
81.16574938666405,177.35970668742507
138.01649579226554,94.45403930361633
195.07889310499536,66.7199820939999
193.87855000896275,76.40958727125502
105.60160060413232,104.08615226681444
155.34092154449993,180.0523772982384
70.68646217766702,123.01013550613196
45.834717139790286,15.228185710711989
84.2862053377456,146.66653663790473
153.19284442366066,73.94290184418196
89.68899005320317,125.99656718030229
29.718944661705372,32.34429287710978
103.16768367597608,84.03447912460891
55.346733959444805,166.56556610183085
114.41315078790693,69.50652120474622
191.04161503812378,167.18126982898727
124.67845951069913,30.865504063950326
42.659940293866356,186.85516586738984
189.03179580271797,170.74110243606546
88.94296751097666,160.97008473870164
129.42205416337438,90.59168722205413
57.687633849855594,19.28557160407983
157.76334708019297,67.52515921937976
150.34699944551065,20.37787669807968
39.95912564136992,128.63928353850125
102.68036791116722,140.5549001529866
124.40436388509049,46.30162929984055
19.784672117420033,113.9942686655072
29.19732176217168,122.46717989592675
54.444577174589185,190.2971732718333
49.99870665553981,119.65798032069954
6.847592485894207,167.30088071066507
109.05888949996616,97.69006295527096
161.36534895819887,85.127847978048
160.71833515720414,170.6560962014364
133.6756361460553,91.17062991196107
109.04874007090945,22.574396487913287
134.62060716466465,174.94282414524127
84.30970977623,149.34252247004414
42.77505819602761,110.15373914053883
106.75958202135777,30.713212592128578
20.15412796954516,20.552138061493423
65.07686056253971,92.7699096577102
37.8646590435388,114.182082674817
57.098065003825745,132.15204964992708
24.574324877504832,123.63605854044765
31.172871350077926,134.95627233240774
86.31751654563851,140.65025457675614
21.231092173494623,193.63602062560457
112.814417023774,36.90191369526461
80.55444949623137,74.96390435164228
192.34458028178085,141.74349316438156
156.33199716073827,7.94952951117568
158.82662070509554,15.439944395023412
177.6089342970574,26.59977583758247
81.81239378939017,74.49174890605383
187.09158375237308,18.105456012400694
120.90097047095001,99.89686303349193
144.51053073462592,71.33702295410738
20.108963938333993,19.247310178814395
21.711419412373733,117.59037204523905
161.60059860830168,83.51825225077606
96.71572065454092,19.84477040950045
195.91028145652518,163.8976851474599
141.2765182349218,36.96794730570839
167.40444378117957,180.1565754121969
19.170268622645448,61.62120013024928
142.0704375597305,159.888456012396
57.45230017668577,127.33363953918386
76.96969992176963,83.35669416846477
57.90883638926298,93.81470914226048
76.97269983723059,106.04513153957957
162.40540085993277,15.976688317745298
108.52650858151601,57.835251906756426
21.046231107251483,128.12731389288638
98.50824601900106,26.837105758254218
162.38000381064703,164.49589173258275
127.1079517355462,176.2297131079756
66.37843558963122,180.5622794612874
146.91450953470508,161.1306805629927
116.61147163261505,103.89827799068816
51.38032026153892,72.93142639077347
132.0694339178535,36.09142239936862
74.1097344720362,188.42357255026943
82.21667355618332,7.309462626402534
59.50266753505956,171.50326186586602
158.1657279213818,162.29813900841202
180.2248534434585,144.3635095404944
142.6634698476828,34.89627095081604
93.25015845645675,130.9979520641151
82.76461962120013,152.98872980003384
17.34398754428105,24.51692247927268
156.65763268015775,95.36034589074623
69.3163347067517,128.87217475800097
161.37126139487003,127.95719962419817
85.69073781681034,188.19894311559867
57.141074418477466,195.80257281906736
184.69127515777996,77.13397862174406
180.67629317553528,19.571473665617564
112.6504893802541,164.82564722205163
184.0148250893809,35.751114879964845
144.49975024379734,37.784613240517494
158.41631045667643,79.40059662301206
21.84557453553827,28.94996966067347
86.28603680761684,120.48826921528237
61.29635329356242,71.48576974901273
84.58902329307845,126.46899860021438
24.916071049985387,99.43497308121665
78.98300084125574,93.28480171538277
51.230677775804935,174.11817687291833
147.63740574073847,44.243973020758816
41.39722184412738,107.6181866477595
44.00108772706869,94.44239461291886
84.18001717000855,151.41002659967833
87.76218573716397,114.4739964216282
137.35956571787506,22.96714145846487
80.65950963361728,69.0974084665005
118.22225215075197,108.78105724978592
85.40679876718536,173.77947959929276
62.47687962567246,127.04304444321167
20.212717719118107,187.11360334212645
89.79346188100281,72.07065795317153
70.96831197953796,178.5852290456202
147.66969295365513,90.50098738090729
87.293307604022,139.0006965030841
55.34457509757436,103.93967692648864
170.12992326661163,158.5831033835495
23.3987188350094,129.23427214124325
178.1766738795767,138.4879088823536
98.24892752489497,147.1599740877678
32.093195582878735,144.62995211479256
94.27224781770073,80.25235311300258
188.37442690648908,153.4897015131856
10.03984059683756,20.12389098585829
187.86606079176914,15.444382340337043
165.96087295355056,71.10948290339569
10.998687799827472,188.39507188701626
33.889181535897166,40.202369214019846
175.02388954355786,185.70504249735853
147.86807077452502,36.118252391197096
147.4625624472824,68.57241133962123
11.068390228591426,45.34820932101019
74.61575093967447,177.08422437145722
151.0109722241363,7.635771399855608
36.94294167089874,141.32548197621628
192.20712574238104,171.15806029997583
145.29881779089374,78.17387741616072
10.880540129825498,61.93244134540523
166.8209849312461,120.4856595449187
177.28406596786894,179.93727573384018
180.7878572402947,20.43090315757469
47.9486589620319,182.36229958884869
163.47145485664788,173.2740792771098
25.02965050208783,196.4572813855908
150.71925258646652,16.833297926808985
138.21895286249037,162.48943941642847
105.13427705331088,150.35450106500582
13.767484984711775,117.22762348552862
130.3091254456224,167.07322366819133
131.46158649212586,69.85037750398664
90.39116310379096,196.36200099826945
172.8019477680409,154.02527026374207
143.07144417354695,35.71272064458962
108.4531787019452,44.08188826831348
89.43693588154937,185.06334322485978
145.94005451702242,183.56313162629633
65.86514661535797,107.81873353191888
96.10905205541683,169.96497809475636
126.55795443389589,168.07293754429756
6.500502146824902,180.27529248627536
52.8154959535207,128.22620173598955
10.285066752517919,126.36927880223871
145.5657943552418,160.63797807896265
119.61912047180505,50.48709632991981
185.99643357483785,178.4858195259932
97.17866230299715,110.96077046717677
177.99227064032206,77.46758932002696
134.02889746708823,32.78030585808416
138.27971777434328,191.9542521659928
21.858203558917303,50.27176395122389
28.853285845965434,177.23834736567045
140.09669249537495,26.98165625085002
22.768104408362493,184.4929689537486
120.97503417650313,173.7952666538522
29.7055535334727,56.45000070533633
135.5967784987528,72.36057751888532
40.7264487982756,178.4949311060943
113.35445526230578,66.08260580501396
52.57230132065688,9.730418014623885
195.5397083203151,129.475687781161
85.09262209052963,100.97945532875876
68.39759341817094,167.88358108550335
73.04787690801075,83.5810005378402
148.23436613961795,106.26780662293272
177.559416145685,181.80962630316833
153.52881769020266,29.60859518496739
147.97648074490758,86.49099688692326
25.357141014724846,130.31694166159363
172.6925272587521,154.26965648215227
190.75755967770644,162.5664709144896
89.59765612763192,134.73153758384655
178.42367696032662,17.93145865668136
41.67065377648016,72.63716817616194
178.06111428228732,134.56141190719077
177.52587361618674,40.47638500040478
111.61069196284144,13.007226193630705
23.14285444452027,139.81979467686534
165.19737255507724,164.61953174230044
107.3314012596317,174.97701386053353
126.05146863799642,103.38305450277909
171.3545784490804,145.13328003183872
19.838756652234565,6.866328386944613
192.97541811046167,71.8506687633016
39.796662098206816,26.29054601343027
45.28772145286457,12.835290062651314
158.86090906908504,11.151374427931135
82.29646429790381,137.64329019110377
190.97618566790308,157.0294190632818
71.9875058606824,186.40377326201252
169.76598473704087,85.5864581635863
71.31966927874484,118.72417043276495
28.298241265770386,42.08423238445404
138.12742642819742,95.88194202655055
114.05573704961644,58.709841426079606
171.72401120833945,26.843904109424386
123.00444375998124,89.0535578719677
195.89022256391974,30.819608486824364
131.021917713365,180.93525567874428
178.66420405549883,157.9122672350609
146.9887901696613,79.72791304390495
91.19653882781282,67.93158241701771
100.99952039082616,84.70889907043399
102.19329884855432,139.08517122504452
103.48514178430531,86.55237882670701
122.3671399296663,16.05237236639936
7.096983691754436,142.52216563948681
95.7296607815022,186.72761087508056
190.9882071026281,160.7789211580336
32.545868354987526,145.9618226239754
139.0971090270696,32.18555118991424
96.60877736948817,139.21850960936246
79.18878491505951,104.39928738704447
100.42222319374335,13.061175206641337
136.93990290890414,75.80348815250441
50.65110560940237,84.91819885118377
38.75685906084834,133.58888284885614
69.56576482348717,145.71207834714997
135.01165514220065,89.81010979764872
59.630608731495485,134.30398630570753
120.9929744652068,56.77194902207608
86.88541207513707,9.61278840247016
73.40493443685959,173.9713833333299
42.328720385782376,95.06319150921777
100.71993758824568,141.4700620245553
72.93229691323074,113.4742634318188
59.22645630201297,142.25831713599663
129.69869580747923,5.302461372596477
56.82221106103384,133.03297158471958
76.780391612091,111.56486474514314
26.05285395217829,51.888611075590966
167.63937952906605,73.11295174840072
61.2522255004128,108.19005099445982
122.01103480967969,182.1099611533011
16.044160823495087,132.84558363426044
5.398646540178239,62.08817440905891
75.75010659482508,73.04072303564907
144.002996249006,20.00665061686321
152.80672046138184,166.8475854997298
176.34641418307757,37.39324663952492
108.36312347555118,110.81930284783817
8.004871043123481,169.582402899923
45.10271303047494,95.97392684735462
153.81780814575845,82.08121322291454
7.391166362584751,60.83287696762838
102.54930742405739,59.377140446871636
18.2993822403381,38.62773637141711
106.95042121100737,21.672879272174146
105.85735841444995,100.01650317762787
45.95084939739302,135.901267281057
84.93850611632084,135.56995516501357
166.39110941785725,164.5983180349004
137.93572179976883,66.15929316966789
189.7045301653766,23.684796862102683
190.46514614066464,76.63318951427695
50.68322884303113,171.50688210365416
162.62600942541903,122.13322092248293
97.6057580483093,166.43157239188884
15.821257191130332,140.34580347363055
196.5615068212792,66.18214424738852
18.349007486041078,178.53794373653616
108.48264870469959,78.33985559484924
145.26147236829678,27.169826644260002
151.9968881405225,19.315742743791176
159.74038380194222,42.179630345054036
15.34062449587018,99.34639560730832
189.69510609204082,117.66659579590001
25.736873521751008,119.80349557432771
23.84629027780553,33.43694971067467
160.5078481081054,187.88132350504586
72.78992017695703,78.35790591044191
132.4937307717703,91.16721112276808
5.515774431340358,34.59903938994569
50.763729523988516,167.80368300287242
21.886384491997912,141.56460245014026
126.83261245303468,89.96012285350186
90.37160307786284,105.54484741275898
195.41078124575384,169.1396054027503
166.58439496001452,128.71075792709973
75.9063809797466,180.78778050176842
171.07659980932945,156.88478399932882
71.52065513626943,126.09035808997109
154.94950610318676,177.12837654852132
152.00145279995954,70.1316023433053
95.16886040139038,115.37869406646956
169.35164686031095,133.50819660179565
40.01985032686525,167.21431961837482
32.688810147156104,187.95388118151584
114.66790141913879,175.50990852941013
172.69095251201688,188.68703389361946
77.33460756023402,183.36136871539188
136.99856529013397,179.82271650715265
190.57753216227306,117.83676203187356
107.67209915997466,109.21552951775065
122.38376797258479,195.90779681060667
65.87792966737136,194.05766248909842
50.162140444236464,74.98345607758107
19.397040079233886,56.057000096811564
183.12020873731333,159.7942178885573
126.9413582350929,157.2295386727728
183.30104448995337,188.08934105055167
40.664760398111596,36.23703127262987
172.6950246412114,43.27612312102471
169.57689791968772,176.04419946543746
85.96080886489449,192.75456071171055
174.96182558767816,139.41232586454814
88.71940370539866,108.3794536298599
164.3269662846265,183.76344243526103
156.93565590442523,87.86623601798823
113.73700068873246,97.40111121740578
193.57176184555675,6.604946211626483
6.499544219168323,25.59848071553891
26.987400380424067,182.47649509553622
98.46705374258872,98.27171287835525
22.942048470456307,111.35767920346036
70.99913547627672,173.5684639765436
43.655553793949075,23.7927514261779
8.14338939251271,195.4512876173478
53.46866313596588,196.71037830055258
13.426823775511277,116.69593522624692
73.66963268840662,172.72321078198928
152.36278497807334,196.41581168244855
16.807704671906627,54.70403981288926
102.5528743436529,185.09747992818387
36.39988947322904,191.74911059412923
105.14374165662231,55.06681314128489
108.70874433021945,6.405708930299173
191.30525890587577,17.458146029902828
84.15897223504693,89.9997227659584
65.74360709644401,190.20882226345552
83.26536912238608,136.41121911928178
157.85866743495177,91.63459433996759
23.379898807941345,175.05845062592746
163.76915825677588,97.95689507308775
140.80160569202502,67.62197398539642
143.31524365616167,162.9990453314388
91.70329636615938,177.69553013617946
159.1804347674123,187.27072533777135
31.149211313366187,41.76153930738307
87.06450332885427,139.31831769169384
53.41512529992135,120.09692152946667
95.48622755024412,140.50698258527837
157.54161042594242,20.138887876273312
14.231722706924451,46.211310272351966
35.50110298307678,136.9385555273217
122.3574040486419,67.3436616717389
66.25002379491421,95.99616595502943
84.02253126504716,160.09345352042703
194.15186707125054,189.55018545041983
73.81394002632166,84.89629790908353
95.6889894259071,93.36649764261774
7.102244863199099,40.83242908539834
23.59941608073726,102.30407836767091
143.3998621486287,172.4287723878071
92.16585571108752,78.66674238444551
181.93255992760749,82.71841424749282
103.81108647404773,160.6722867729794
155.9788254028315,22.067870741366985
102.54537029627807,19.594308031869254
16.262296243624366,33.48538332020618
172.42905735793278,147.69817275038338
5.704062980786137,111.8822242266312
148.45558741196572,102.75977996018287
34.75983274892372,113.87931924070583
72.99514045330537,103.67125710658186
138.05823396865935,72.838345658726
78.20348125393257,153.65142424523066
176.33588474871735,154.60210835727898
100.70292359380872,171.9844669343861
5.790664227508493,54.53377443440902
109.7139712800472,35.65223139192404
85.11650380095821,95.50722564213646
72.52633968638706,165.9556777140851
182.04634022666903,185.60207959888442
169.96624399408987,41.284162787094544
196.57637684457063,21.59919564830442
48.311375712094964,17.184803241972308
130.9178380094243,42.61159463912478
71.20374789800357,92.41081977167397
178.89207469976222,42.64834038102205
42.18958215116197,185.98255527832814
90.55557396138069,189.79558778174035
195.49329347079149,171.8298731853573
111.4793598377588,47.14937357140227
50.173488546618145,192.91746503705264
89.05228165644023,68.88422380133103
187.16971618398466,121.42448076392539
20.370685489039708,58.78760841303195
17.589222070604247,168.94763513534417
101.92810650403963,35.973242910304855
78.55967481196396,119.61448517402962
150.96073292662646,96.68702710721173
98.56709023177606,100.29274143752883
53.31120551433604,178.20703571643125
128.83408464529282,77.93890791855968
80.33679977760106,185.16361544479045
104.09949667919038,60.425356893661125
96.07661485791714,143.1411464973807
47.33798109826882,125.07136136839472
172.81427515288848,72.45518755917347
57.512935652510414,142.69268077125903
98.57854425613097,129.63266306927417
30.29303642869218,189.49748754316747
26.548479614986565,180.93673793155156
81.59683335094796,121.3495915976057
60.28116865662363,75.58509146767891
35.77070285104147,25.761568112574675
139.20278023922077,76.34951934868448
151.89216376271125,34.435014428989
161.670306689351,191.15644124120502
25.65077634069937,112.39451139069922
83.37694615017917,137.86629733323187
129.98367296066294,75.76804434388536
57.2054190472575,8.18620331688354
118.97990242051567,60.18794315852777
111.83496478084109,30.196540290632303
8.520018658665705,16.542252016667533
101.35340824762532,170.91519529204803
136.58696107222235,195.35713417736198
192.78598711755478,131.11412593781546
72.6437464915994,128.3843494435486
136.0038124226218,159.5340712866105
23.543235290392385,102.83404478476197
122.91878843070323,37.49924207110463
117.23039730145314,25.3552011722413
123.29990469834634,172.64761190465
72.41022381455947,75.0868846848689
59.169491342231055,194.8733998536336
63.38096604434808,85.31801300626695
171.88478798921312,141.91321571878024
98.59671303828867,73.36516562093192
146.6789932056534,43.95081109480302
182.56125701477555,134.975259653187
85.53645041738072,13.01372015841781
137.05232901273246,97.39434070407894
118.82845965582045,32.41870214702663
190.8278090636505,39.34702106773974
196.08187425797774,133.1199118662462
121.90594551333507,102.494143652694
128.14870386650077,94.67179054823958
97.72435868489511,103.46897719335875
174.3279697749128,161.44864690584993
49.654112523957885,27.811599192800006
58.679779807979884,96.26571284480899
87.94973793279047,19.732074370946417
174.31715953368501,30.431137982677576
184.67510383810324,40.12080411271404
95.97735185631905,9.671138186331014
5.64788741315941,67.94089009512089
119.68959151880813,183.1526705251276
153.81993505836377,165.60744426265396
52.01166161947068,178.6488327835196
6.263561147396544,64.44754224769251
162.07686113764368,129.3353385013131
70.60748592254966,133.06337117862302
33.631075609232376,173.15288896508093
23.168203687951767,166.03482524739854
9.55278430181528,171.2737474225036
11.046800048134367,23.07258270668697
89.2363010036991,184.58220572336097
113.23110790964033,171.41481529640396
34.56050118805151,7.423414628261767
120.714043050046,102.96705002176162
47.36862550253554,103.17541518597353
11.348650311049932,191.2356344841627
136.06243950224834,177.56968195873935
38.718697018506646,186.20885174828447
139.90065496152974,170.14212743703894
30.280776161071657,186.44321388917888
26.48711766252821,130.51504934906313
75.75970976125689,77.34131214460221
68.8316803004642,14.569643664550139
194.1616014263821,138.8371558587684
93.45183753783529,191.55255301796154
83.15995055576805,131.1970734422414
100.4627699770227,9.862718544958362
79.52773812690005,164.72884533570206
159.75889087661184,93.07400054499514
65.35472498425644,110.36319538592399
23.411505570301372,7.730579722743773
36.57334733338546,179.2784221018336
168.3572649958351,16.13230680695164
116.93581552410483,176.1632082834311
84.45664832802365,108.22206463674212
100.202374571579,117.76123736095599
129.0115393356088,11.444540018389967
113.05971652816629,165.4996028865862
62.79714357731824,168.58758323826217
93.03178378922584,10.572811444197423
192.56732033327864,72.9886868851327
39.99397279544754,13.08215204364285
156.4310879443256,21.362357946624517
64.70646606658022,112.19488867346115
63.270336142870605,171.47531638356296
122.7597499308236,106.52617673026424
183.225245583516,11.903042594738995
154.55691421059612,30.53733815795372
64.48043637724587,183.39290282525107
183.93724515700728,44.50811193545194
23.77442143033263,23.830504682028447
119.5277844744644,184.93278519174197
158.17093143775435,193.91557345510338
175.09538360538525,21.240714452081427
84.86673511618706,119.01642503644972
19.062039900105123,122.12142222234675
112.86910573971966,195.96726106745157
162.05676282973533,166.24150046990638
33.95660528887535,24.398279571957637
117.14163720695097,167.8298404827248
148.67894399267593,178.88248490924178
182.0599344456016,165.16908144557803
144.92229412773506,19.374092451352194
46.48343387284742,6.264717546580542
30.390094897817256,19.343006812278873
124.19241575174792,96.78722741630895
98.7387326601387,80.21042426752305
110.90212948223238,51.32449425945795
70.86574390992914,141.00047826699685
166.58623919907257,171.61370180127042
187.47227349623645,82.97638564017139
98.3263040841243,95.24123954724742
63.424225028430605,20.257255771328058
35.080376590708916,19.193831583778792
48.55432885603133,10.627664134862217
152.2636366427756,41.89712950690524
144.68421143797227,180.71992287543617
174.93892720458388,147.90432704797183
92.91600065474033,142.06728890774173
38.44791863615661,120.10469545841823
40.04109094392934,13.62212132762856
45.38084135141502,137.1197060308431
139.06202835303768,176.74554016317887
117.42668214906901,190.93991362802245
71.37674135340703,135.90899605537538
129.22905471109158,36.79389994301229
131.16161355693518,21.11605588066428
55.27254574142848,94.3775571275473
112.913608308596,55.08484413818162
62.026310330336926,117.69952600739572
160.64399825176343,104.52180077140912
117.16296122660788,31.62277723549293
53.84516893980299,136.10834035579379
19.465540095425524,5.557567480112272
189.7893719075855,72.20000028527582
72.76782868589754,184.91656176130428
25.64201343383208,109.23846699391981
33.73866746034947,33.50198875129288
76.39367387882992,88.85043222908592
73.63123468465365,17.478858894506335
67.08831021592447,123.27226958925539
146.15156046532985,30.296619907976435
172.91061762764244,41.467624256099974
189.97242668815426,17.57428456336342
43.51939844931451,86.38011032993592
48.8659190451313,144.359081447835
8.87361243648417,138.05893514120788
185.24679071429208,74.80391750947908
24.466900439886377,54.05602361730628
177.55381311295127,117.71522788285816
188.2476758564753,128.4400084404851
105.4495813096821,48.89792580416962
194.93858928386612,169.24469649016334
16.27284896059965,168.90318886568298
59.27863561276036,137.01894268456138
116.40578744825892,98.40495653473226
143.2879754174904,13.04943028724144
174.8877317979762,17.87646594557875
109.89781439312684,185.680594683097
7.953815284985119,130.69384528106906
160.39966827631852,21.277319654377948
163.543864957681,30.487210558800587
186.02649953812943,193.45411734438346
78.9506121943902,110.07049641358029
98.10893765028315,184.9873231465965
109.2026648919581,22.31297565568968
78.74844154353508,95.65656458614993
158.18682007913324,107.6964847057703
128.851013344523,44.16885181725073
12.377414278186091,106.97144944822278
46.37670642058317,176.7543156842182
114.67732953234734,177.9078424509717
118.1092269470424,88.20312623591673
54.669867148984316,9.243258708635874
76.82484412163423,73.52431192435174
103.4574284320789,166.824173184932
193.50756436134964,169.33021234242
76.95974211391926,184.472740388462
5.882585781022276,61.676830740231104
95.31146058473541,67.90291883287688
134.62630476670117,76.88180905194835
185.66228830840686,148.74554965750042
63.85811696195151,145.7379032224764
26.128848265739784,186.84093343269384
102.56192149727399,29.11820637088544
121.8672482000375,167.3360382670397
45.83655310220831,75.82970526909307
79.5881056635917,86.21146469221692
30.985688302482874,112.51827327141525
5.525852447193206,67.14656299338338
125.94414474630287,107.7552950088009
186.7058353822974,160.7798276262759
172.17378521695176,180.5851612542874
44.1034144144976,145.7928992917913
155.80276343698668,19.082491724845152
139.72587287838772,41.73607059935531
14.073936534632992,126.46271766603854
156.68418698826304,67.57051199646253
182.48492731953388,169.61362527120957
106.84840851440073,85.0886439566896
192.45194007219843,125.995357938567
102.83059360406057,26.4918598877694
135.52705896199538,5.738325941488256
52.29600964532681,13.860983522173015
167.8534085804476,116.53372359065185
129.69646032545836,31.792818576142793
192.72988060590419,71.19543183064557
72.28312956841087,196.97130500933773
89.84695972814909,140.88172137268126
19.06899020332817,31.545841415389607
181.76618901749399,190.91627565239574
75.47976899276723,109.00399984253517
62.56585253333808,84.0907479612821
180.4180514512374,45.517616730485294
35.92642440143385,189.2961044688869
118.58093721689322,52.86031531460473
11.311308086633527,124.28444092588055
127.3011619842824,185.427257442809
111.44536914060582,54.447867646891254
72.32604001828877,190.14597259968826
5.080133807190506,118.35117473951274
49.32778261757004,115.87082615523563
85.73321708929181,152.77539968351596
72.00662070516053,93.65022837575935
193.8340761590425,71.4070928001006
188.18660181911542,41.07505586059636
101.9369207221897,116.40838047741784
66.45038832145049,128.05302301904823
85.21795096839296,169.47298782692707
140.7287206001483,44.17996401498244
93.7446535914572,117.31015315754415
83.55769877182409,159.26095786320468
30.60981220184118,194.92861042381517
106.74615931654665,23.456670576392224
81.44608408175209,163.54920047589272
190.32777754882244,68.61560951828412
114.54945350259302,186.59762906718927
164.15092964675586,10.456526315720895
52.358581936445226,80.06138258819108
178.54861876688818,37.111200703761895
184.51427843155864,126.12386553794441
189.81142332531374,25.169481420865402
87.20825448081936,86.63703491637976
104.89513064124372,54.592718798764274
161.49787684635612,122.950134479055
176.13845586168077,11.824413495374857
61.02395900353008,190.34729492209857
11.92808421230669,140.56090862309568
161.75597689934003,117.24908527117901
137.15461642431808,78.89045593218418
141.5566781585682,104.27200258068709
66.1680082259293,15.175656128974312
54.027265584364564,10.430639158686734
5.415117516360507,126.60949646198834
135.26364487067602,101.37163558645986
48.79478510847553,181.1059966448109
127.56309690668942,10.851584027493589
190.90257225199204,175.35968919072758
26.8793668390009,175.64926461020806
6.260049892858611,171.17456929823717
145.58440103629246,11.152410324577463
48.69488710485846,80.17769768283674
56.845453911695955,14.721713882151592
64.17331802636772,22.77259437432444
87.60522866603179,90.2298466873214
156.25448047135882,104.79930230751587
9.31092525225445,22.172465482736484
181.61371715504572,187.99603908686072
187.16831247100762,145.8401311124363
183.20824931006038,162.96025838227746
80.6894123932995,117.01240340782394
19.483915109853722,123.32668389837487
55.504043637412686,83.10834021620445
174.64721964421753,14.424560803098913
194.51143740788464,128.24112171723095
100.92385414729966,100.24264883475534
88.86728526080483,154.09386461158942
86.17409677927486,171.3996394443177
92.34651235415917,114.04162674333477
191.64359958309905,159.364213363857
70.25017158255139,119.64234905823723
62.20610054578669,143.11356931149828
189.84936238130894,136.84134431735066
115.79310780702114,166.88685425496615
186.3908051798556,141.0468770920039
37.04147182041119,141.93341543507447
114.17248337399606,163.94777140758023
176.24386811951186,176.31556667348949
100.62184998622708,45.934222730884166
62.56915727202282,89.11478985649984
42.29208318898067,168.52632122791246
42.26523248547077,117.47828592795184
59.58919628511973,13.142003003129519
119.74886023449032,100.60460206537321
50.27848639248309,89.76219586109089
26.66558184074434,32.252924362724364
118.09929202390781,5.482206170319735
34.94054842214948,27.749007629068746
160.9448146708318,94.03077767733454
196.75664626676303,152.4907230946962
97.3197803027807,88.21891769906988
120.89983150857955,169.30879641749115
128.93390619123846,79.47455240972027
9.532899253883764,172.64063411269711
182.564321872015,177.26415365316726
118.81181208644398,101.37931811598801
170.6550759445564,154.59157336866807
156.71801916436553,178.12578389842417
105.71201151234507,59.51511125041941
17.789564510599995,100.15695504635704
12.800005805698724,181.4125613876644
126.94116428066212,86.25736407909275
95.45278282361419,171.28766287830547
174.69099201743583,11.48879401847695
98.81236643105727,45.47491389133988
76.1572018265857,77.88912610658888
64.78423522060763,107.24525557904853
189.96104289504657,72.23299423594085
154.0996749795957,122.28221164708951
103.30569478252654,100.1286095916388
173.98612491317007,170.4535389156935
185.24577718902216,185.95782246192334
48.679553721476324,124.63982308098869
100.87174390234257,137.60239203128125
10.062334380314377,11.107907208590387
138.16294759214406,28.430039137184874
94.73048334425721,98.82937944456943
81.49216569886637,173.7102270568693
12.141091393956161,137.4594966370889
23.4562769544184,189.67871502073604
186.92166178338647,156.0580742961068
29.76314457436187,15.3577286129332
156.5986326871047,84.53274143398568
31.925137975733772,39.83198215286095
23.827844254029866,40.23818624501387
138.50758116704313,40.27607400818605
177.12392150802725,116.22567610548874
96.72277760239487,134.83154734629838
171.06851990380125,133.85313851910453
170.56068749681845,180.69598325166015
148.6251912223818,96.13008595025792
49.71003248225996,181.56371314479338
40.69200399667929,186.91596998768367
83.03295888240447,142.06843479347296
23.914484657883744,196.93698743358547
12.326869024937263,56.251325958345326
101.41544572374512,121.42069572460375
31.81572525948564,11.427721576974319
21.87976742847714,53.18733521523155
153.45423536558718,107.63571316225702
176.38478399099478,31.254116654295327
134.1953849135473,18.39817637180834
125.09020151681852,22.40317352615521
105.53900151672785,66.33916689610312
123.58515929732535,92.80984026620462
77.23017946519268,74.47091638680945
49.927972855456005,170.70112766347498
171.9503187669035,178.55266237474618
103.15931721000024,114.86896132839802
135.42267435166352,9.185009952630503
86.36741970861286,81.01842212622151
140.49055457103117,79.24544237877392
119.58391818428241,164.57652020424192
40.74185724045657,27.088807634050415
76.97989054333091,19.952232940039647
101.1223885465484,20.87683471821969
57.581512463352894,135.21776802311274
8.120052010606406,176.32687471823223
160.13632907427362,162.07399283412332
176.28768835029032,32.69027898598233
139.21404551678006,94.794912131246
17.477457607570685,171.2760023971488
156.05837806314295,189.34383370813063
196.1864814012088,70.4752188879436
140.12017884679173,67.56098893584073
63.066796353295416,21.642206354976228
129.5115455310317,34.755565755469476
34.71788835396359,13.694774072900438
83.92851614495225,195.75900935762056
167.36064861436535,26.683373615742326
173.6146608529209,163.9128662423512
55.03571953255837,103.82561723838292
98.22206920262403,10.055663620675292
64.51250631217908,106.84405388407815
97.55553045203096,7.668011222359892
27.77061539049941,39.53856343355265
10.821811718078573,196.70642772806087
192.653677613284,29.516897851135827
62.272063934876996,74.99040300063797
109.9145427663456,31.15590535267681
159.3777763639224,122.99834931980541
190.7201992889941,159.28933392036194
88.84371587774862,149.410328872627
78.72225832247523,127.72305437885628
183.25947157866392,116.58611483169989
78.54758887132527,194.24310691106928
126.43407285332148,21.492719487123257
99.2703843974893,105.0726560685059
115.00494745404598,102.5684914738254
83.42014344588904,176.1746092766193
154.91409519407173,19.578045578362037
152.99609880097464,90.87646851746904
26.507418811528286,129.96667055233456
37.80244295334584,100.17536209303358
32.86954725105745,39.84994896402784
42.66591853649656,124.98968839301831
161.64266586517644,8.355899351400273
22.120677941419313,182.17272827553782
157.65552027776755,101.56660254326987
16.024512464376592,44.65920713360445
104.80325602770637,181.54716137200904
177.3725562450754,186.04871262864287
72.11610210185351,128.46507886193132
93.71624562975957,127.67138528423025
113.40606463619183,193.22704528455293
93.14440545898229,155.26827326177695
104.62206389264732,78.4620336473759
37.52793711219372,41.63585570453539
127.68214272464033,14.821694864424698
85.26566389370512,183.2646752896651
57.55486756116506,171.21646569883825
64.83036061486384,180.31908416834244
102.98770459672586,128.32446519871195
121.34812089895802,107.75126205770552
176.58639279596548,141.0048274333358
128.90396883633213,187.94015955078
61.33324767545253,171.6550387889622
184.20550577041186,149.93480050522953
156.18581421750238,184.03672951395404
93.50221651669057,162.9021932469146
89.33219162903336,90.6525003989206
23.95852570496265,19.030844776108058
32.996828939133536,45.26239756690178
75.78444284068345,175.8094819168108
72.05920222088817,116.38624211228904
80.14445688091722,146.57099045655798
6.321521003269712,47.374211513191774
61.13078454035604,145.26112398546218
59.26708609100627,113.03078133420794
176.25803499080826,129.01680959389972
135.45556991026905,188.0950586503016
25.923387582187488,172.56018396863357
63.23125251811009,78.52763923076286
120.75302206583885,83.26670324372878
36.51490711757891,108.0877332520847
47.24340701708469,111.83456579906733
69.88307116505263,130.92147907789837
189.33912779552472,29.811301708568124
56.27090457798926,109.49589888341558
133.33060171150385,92.01148177953478
84.8161764123879,108.65410730573734
187.34943389971306,41.07482360287904
142.57189188754552,44.3104582902976
136.00684173683757,192.59064443183826
185.64742952522357,129.90813926808144
111.15385603889932,21.597530616344333
149.84973313260113,104.59181317398755
173.26012961690626,183.24483279518148
53.734401015920255,11.387795273752323
172.35560778452833,148.11614850776834
13.787233990849023,20.189353491053698
190.42986187879865,22.88476378035712
109.20469560557234,181.9606882377898
128.9624347151626,102.99681281405452
178.08704193500228,164.7676785675076
131.05328084915251,20.865436960308568
63.64638391671766,12.567037300061214
118.16135437786645,18.133829970600495
187.50965688856,14.251266804656584
143.16465098058606,78.51925843761916
22.340829549940363,103.21272135378925
96.75125504671772,157.10781180868958
120.81312733131011,80.91185423147246
83.34938279690822,190.37968277353755
196.09950276323536,75.14541128324895
53.09826916233937,10.324562579388093
158.4002371366402,75.62847117224854
81.25498701648375,175.46248179935597
137.85350099323506,107.75642398491264
43.629943128523024,125.77040966334911
171.19218437289246,83.17812126887286
99.66528273372992,165.20818061477524
124.1888271014367,93.47255794153699
33.922083812257824,20.046058146273655
195.92932710472687,126.56094834321398
78.20954045331463,170.7317273734328
36.88967294061141,132.776398395164
42.120311229644074,34.969398088236105
60.96066197948854,133.4964363174669
51.953243961342345,94.10544791652875
33.80997799380841,42.9693173416743
91.50562470247394,99.11103679298434
91.3798245661465,88.71773105718478
19.78664483453375,138.64585891071366
186.00044504508776,77.28671644065376
95.72084735217221,173.07135747811606
59.745413372912246,142.25099963538187
142.70338178897083,179.5673581301726
76.6958303041061,127.62036879927702
157.1525495949388,67.09249301543761
179.96492451061457,153.4683758698616
158.96511772080316,129.67050226367337
36.13913770100626,172.14143440579352
175.85688681529524,31.362885963286338
152.227042812355,105.80818260979923
166.07943162634115,183.33532140908477
85.55864274501354,66.23702537274157
168.83119709022642,162.88421865539476
25.866979416828066,195.46953851727184
43.43281963776197,183.3067441398439
133.5541599340505,187.45740895835414
107.79963642695417,185.48635178805725
15.611668163423916,106.47005319965497
92.85426626996463,14.831269203454283
10.385968343702443,32.884547561200144
59.61707376178899,16.723123002224412
136.42173913230152,5.579831844499145
142.99317273022422,171.8577955942119
191.21028062936585,9.302934075043774
112.04980662112187,108.77127471467148
19.663256025601967,14.632691214942781
53.37817676562496,6.76938463983009
107.37524121529766,74.74540711947104
21.990597556660653,16.93950933171185
106.03006088927522,163.08107616221787
106.50141182318137,9.248260763722701
7.4251141425226885,176.65234466896973
123.80087136672114,86.43023374573657
91.17798154862872,11.173279270264112
32.19778346348476,119.1143060544842
7.573970091499982,193.03399897038736
121.83708965203854,44.72739120182612
194.90863417937945,181.48731228229292
186.70165605715803,155.22130610016882
84.46429471478511,10.750836403001616
189.43137705995935,182.6946170486698
94.65687587154511,170.0969459472155
17.959037395643072,191.02932318002112
74.9870318985491,135.39837362926875
59.55258005311407,119.21357469026695
49.78131727042263,74.5586484489103
47.30581986292291,175.26474851848138
152.51949037471607,36.132102166066964
100.00984332142818,106.10749836090075
63.826573449415854,76.47372460755348
96.54675508247102,78.1781666441406
107.59717774111768,17.758737749584796
96.51200074081704,135.51612813326426
30.949435224578178,174.55681703945976
186.73647601079097,43.49240105259074
164.69945931223992,84.60079296561064
28.305236185063563,31.825782652371426
106.85824483601154,153.7978717968394
155.90313108010315,110.92860310987494
18.72756650694657,191.7582659526714
87.10634368608507,87.32885540755127
183.3498818231459,137.59096502038537
47.65478449098219,138.9423446948333
139.0521616491806,6.985933232203401
40.37145029397954,141.50128814884286
167.540492676701,180.42713377853514
182.34695498813963,131.54382299392842
136.03678723336955,169.85408785568035
37.17800969049971,172.3491416432374
195.9921861715133,18.32649141584875
195.4780036209378,80.81030735609887
48.16080159810987,27.83635027428775
22.034117603497126,126.81983575656835
12.10560650612042,102.63457687094433
86.12435463326801,71.85009436199974
194.21440803694767,150.86955883270582
114.37345615377518,69.69879599015435
48.04148588300289,106.39401357330999
52.67908247819833,27.421286228138243
109.38728898014328,191.78184750757183
32.10968183564012,27.634925957119563
149.57113315779853,74.56151194760653
49.186684562159975,7.212643502219025
29.049056543372053,18.33243146514051
24.283035694862168,195.16414264475551
32.05138018793947,173.77940653205425
183.40852926953363,30.323490021754758
114.91235264704281,189.34347942092867
6.8488884914798795,106.45736433723985
45.0058287919992,193.21413788699456
136.52730031090675,102.16422431904164
133.05100886193185,42.2973445479448
95.43247761512649,72.67226855007749
157.49662079887787,181.73505163248117
138.17167437029508,96.47520665764043
124.78643758371183,53.46262543180183
158.50508769929678,67.65339213988662
31.558761917844738,50.82781626054979
169.89069461892018,194.9969916505789
72.16984223359424,173.26613606452864
10.0,25.0
180.0,180.0