10.610983174460188,46.558574151914385
75.20748004319573,175.3084651107691
193.27619385719015,130.21280762352788
105.19490007885719,149.40049631601943
183.2218847987755,125.2932853211629
172.9683759424346,133.2739173949724
147.19683379838963,16.649209924430345
86.33828140819045,128.12776849404173
74.3400524866242,29.060602171207712
115.18031977858361,69.24429922363231
97.25953663392077,138.68185566856062
115.35829150440519,81.79014087375155
112.38458125805587,88.78844445713484
158.1017546796804,134.80438523231234
13.918796657515783,144.0684074347823
147.70309868156568,192.63152069698435
30.956610106244778,175.8371331090001
196.28900801925417,166.47998826119132
187.67484873286023,132.72298635143142
27.796696887882202,32.53479323671134
55.598265999369346,131.13918492644575
48.38467739513636,168.8148295392926
56.176785035330774,182.20546627747416
39.48510729220843,24.22037774716427
21.65301699921848,176.59187300877196
84.66707090410144,80.65686500418244
130.32755137856063,80.91771353579259
99.79645630008525,144.73963191442246
193.22662387684014,44.78426976112115
6.256570491480662,38.909138677506576
18.264504104673968,31.190555920793017
149.1263869324498,70.37754518659253
125.20840023250777,98.01155598066205
139.2541127427938,21.08341532612721
31.005395275457026,89.19933953419128
38.955108722510595,88.93758931520651
30.147276083435663,171.32167940368274
40.21785431047519,89.12066162583501
111.98720568893184,164.4174855446213
29.253955404459006,118.78757670720653
179.28916404314202,168.41072635314245
133.6117945264487,176.4712324275171
161.8032314583709,147.736575174344
91.91677346166247,42.324882551613264
51.01900091387361,36.37821263824646
133.74851120616262,74.93644712467675
45.05608139336323,18.48752698664314
99.67031606297454,17.736167999013073
100.55940212515395,172.65430966265166
13.415935781548775,170.86747518796588
121.8483295672688,11.809550090439046
76.57252813019377,9.359447224932298
119.12405525315111,48.58251032088053
142.40993860560246,77.37696828137936
73.86777645223394,21.16177466075338
76.37954401964022,11.54838564055472
175.4531062112529,39.05515552281732
161.43208257943013,127.8710428844289
138.5312588102028,19.262820899375964
18.402295584490883,145.1272141550699
92.0821000736536,167.06322590981944
142.55743735659382,68.83355291559191
127.30715165720436,102.534459749209
6.907400138186015,88.64751598710096
10.070845192772286,171.5743803644907
177.0771385649108,125.35312873523769
98.25078989190933,118.41486112465729
85.71031530145464,179.3717417949042
111.36425127313649,145.08786204926153
67.88552793779839,102.84456013816846
46.68827189678779,15.01449953003001
28.280546569731932,115.56723081808272
169.40272534937318,124.24413939163097
34.27770217759854,10.850442424363361
101.79682410728894,71.7176759437341
10.466060101417145,71.3993096868005
32.20534793057584,196.54180142653152
155.39958525006216,74.28537461134205
88.93960239355884,170.84363824932143
96.66953545843934,165.06723575111718
8.138408114894384,94.63649549022479
24.528145376321454,16.589575078789355
120.40044485000087,34.026163952725575
48.18865865550824,88.92614083018682
105.64167398024698,188.6740716946197
122.30889422621225,33.361347794474675
63.18717336358585,32.28232792349131
171.98775996320046,138.1749894817604
61.54727082080821,121.68962363074426
25.4313779931754,127.71047663221026
68.70012326039804,29.836634966901993
124.33153455144938,82.49063961667972
126.33768812808304,27.99635670066558
85.53861215073985,196.1749049891652
179.71390303505717,7.4499845883822005
98.35516954374731,111.39705949648494
43.47223489797421,7.82414080783356
133.32309607277423,195.55392809254045
40.422624300938686,16.08745189963624
32.02225138016987,82.69086486709591
23.153146773255326,43.30322364582676
169.3956717537604,131.39618530894543
100.67026102787611,22.75220789767663
111.67713768595392,102.76304803958553
10.69677211544158,182.60805068077985
187.05887469199396,192.0360681815833
5.156197006666796,40.515625074731794
120.70566425231806,178.15573781367107
179.71382653475777,143.71160312719465
187.75571528880243,18.874199814484825
80.44949750605089,96.23283289449004
184.6958293763827,127.58162960094289
60.684371539796864,175.2898887755233
98.49928033733984,68.4898990094897
142.1947096897683,108.24979199302372
104.59639147459104,102.13888990201283
26.81763314506297,125.87938295591731
100.98005640167699,20.857755765064486
192.2011295719983,30.737037622670858
161.46166020332643,126.02874789341017
195.78017048253898,11.706795772121643
119.8414127373068,38.57616880567652
174.67195787045526,6.254025007085189
97.00636436333355,72.61290939165892
56.88030076750767,31.019612754388554
77.95575635795751,157.05345918291277
58.314596481712094,30.653857294091793
36.46443843977497,100.70847534541213
143.47267422020383,24.791327580642395
130.61795319824674,98.1124813381262
184.92321882208543,117.64861135162003
70.33348346421707,108.9761520071194
17.48504763679344,13.854494956506235
9.774201327392683,193.30443273620065
22.49858350435046,109.74418205479148
64.22764780470747,12.883680427020483
181.90891269493287,149.10119000407275
37.21074972492504,174.53244042217375
57.72921860301555,117.03396505673024
93.36458048964586,162.5228072514997
106.84675484256053,149.62443299588017
74.59377157667846,25.00763518137129
26.78883177835868,53.10050110768608
175.2568380760011,159.7298741217948
105.88263004284907,30.96135657383826
91.45013092368856,183.04304092428862
31.691410235624712,86.4890908225364
17.623833082737843,119.74482431882304
100.55937000029188,177.9223291300097
154.2685134719554,185.84610865960448
17.55205689174339,105.32612613678914
87.53091672389607,125.41999369664524
119.7243925248615,24.23961972079023
129.35496215539828,12.517995180310045
78.83969333190545,194.47484381182053
79.60348670123635,20.15666779039046
90.53364865123537,124.55830135916621
29.827894431400786,52.99752759624292
96.923570063573,131.150944163108
150.69802354026262,154.0177828925551
151.1993739340327,181.3637797911997
56.0384830700067,93.59023233945369
109.39908456011322,55.54172195423103
162.22249038771574,194.0383730281633
75.51232133796779,17.738539494427087
35.803327437916046,182.09778925396674
93.88087408015913,160.79764903309774
190.5613655062213,147.18579145970514
9.845318330580902,170.7910064475626
174.0895208484279,42.743686503279804
185.05644041961614,72.7850619031781
157.089634168251,186.84778141320973
169.2617973175598,40.4861450629976
17.71542568817256,22.299149199082635
37.1049490975043,36.5031593157806
29.298987206576992,89.45060038220386
196.93319295377705,194.2014497538594
76.7558108895556,119.76107118649466
184.865415089765,20.366649329687675
105.0806392854126,6.921714799899724
72.21944231512234,187.21984379810064
122.28121984782248,75.86749221319198
90.85300134795438,79.09606059770933
190.47917995085098,6.170844399796964
182.73284485089772,23.632023690376087
182.3657407866442,167.15117395190182
123.72543414660142,27.74500489949057
103.39571038299162,116.57186598511052
169.09646462538223,179.05057824290728
68.64805071324919,15.498800736808365
97.9524591213805,154.011332502109
117.17308989817178,102.32186213516528
25.768827854326116,113.76490722557274
43.35334673001682,139.4219667146722
12.53221927297527,125.2282178589928
164.16864731839104,130.02658297339536
184.07332403034542,20.935704049765576
188.2144221222908,12.367795088839689
196.7671457995955,145.7601239127239
100.72826278394756,125.31306347210304
192.25909968003165,127.16271747978436
104.64185677983657,52.19406027200693
114.05721359571022,104.96114908323774
28.90442955571022,72.35636882596692
190.15948815271335,158.88815106942556
133.39135849129923,10.40793262985044
60.517021713853424,6.307769792391181
31.5334524536448,137.558099380533
7.284267190905686,129.13881549415416
63.2813695560398,136.8384314211279
33.948859149968754,79.76685820422443
32.30047248842654,145.91041094243198
143.12999148797542,27.20602785367271
39.545506007956924,189.9618126781699
158.43552603310087,159.04154733838448
139.83190774521734,5.818893102617274
136.4492136079679,105.42147148318747
119.09152118247678,173.12933794260192
106.09073584221919,40.58322501607332
46.890078397876316,143.09128586335416
181.1417623181885,68.99251852995332
149.5862834787872,160.12568789232571
17.64775152322401,89.45916619507763
18.78551469296238,116.41286456470017
119.86760087151828,87.10943537863915
77.63290963059787,29.226330139651292
104.08301492217643,141.72125475937978
78.50128999988995,140.803022405778
144.86332197457656,41.4425976974958
172.31271396005798,135.81437646510562
184.33714214124134,114.27565125514526
83.52740746873437,85.7560868033025
116.55795044076203,15.054256332822693
123.30688645407041,71.73035648457133
6.788413587608542,116.47044835606019
112.1523836282178,80.00695841032208
37.675197289995296,85.89383506505932
144.36825238109924,149.13552274827185
17.29815705565203,56.41870220822746
98.31389558953374,101.62136320722392
63.5649319312665,34.41041711459477
181.24570327422202,173.08745430930057
107.22479875518171,44.289293827802744
105.02984406045464,67.87552286988107
83.28433098750875,148.94678700812022
51.13337828636042,28.192664613653168
47.53652257236535,138.5107515385132
24.446594421274288,40.853742412172956
82.26732556972149,181.14993904461588
73.12350091907862,11.43906182020171
31.571498943467127,123.20329924637274
100.62099196372723,152.25813524406053
134.3806885541683,103.43429388116684
88.02565404555591,136.3336195263822
56.886756307972206,30.92130484382092
170.24474877038145,155.03249308707422
127.15414446879595,33.475739308214415
84.56973530423656,177.21827305830328
149.70007281169902,9.301188408026075
49.085982834772196,178.53804906378016
73.28655348837094,195.28656297977503
146.34403014269137,7.3437470374644045
33.533355828486904,29.523908635996502
42.05416506534657,116.32815418595003
160.13729006573902,126.2464477501018
86.02001866954498,182.35402914318567
113.84992536930258,27.93099755082891
122.34858162408496,56.82486147968081
19.778672207318674,191.53259047060766
20.403361010286783,25.921362191054616
186.75387386766252,188.11113897954456
81.34216904848593,6.406652526682374
121.26840185056582,191.24859048558082
119.85241800449504,75.6447061726826
36.60581674551669,187.6741812310268
23.146604468178644,138.599829729789
29.44949612351628,6.348358566283663
170.14184901692363,74.45440196950456
133.62502797876382,172.6922441624107
95.35056212864046,141.26959169239134
163.16016873189747,68.14077434392554
11.290764674161704,100.26820140343037
139.43950785139188,16.208418686252617
109.54052681321916,68.51647923211922
23.00713101260366,118.90489751524873
101.66681258846593,184.87911485280566
169.87573406886713,195.33473384087003
25.380843155513524,99.67705769730239
125.51457523542052,19.12431192427127
25.525669795632368,189.83762456394066
60.454188530752894,39.67510402854824
87.70687726655858,109.19645414296475
194.57548769906143,73.05664187253116
15.011210174483319,66.03303813437904
127.64199799588154,28.917870460544
8.974761296983408,72.19929342908097
48.99600120914193,14.330590244948421
82.80195941889865,145.32493510008376
172.37665770782266,146.08464883261016
17.744404744461097,81.14162523473436
143.93979151693839,86.08761956596561
44.25539887278431,101.25324917793994
71.27976500488539,35.124963914659844
85.8282466730981,113.19782823069703
161.1134409545207,151.36246166407992
192.97098611548986,162.69671110529185
137.57626824993554,99.52424213595197
188.1974987215357,41.934311318637015
22.933256483456276,56.20660819196968
137.05019012062573,11.185428782923685
119.11336508464183,31.6521022273671
112.1248962199056,57.82506261650604
106.31622886976771,188.23778334230502
58.63215941131328,128.86445196416537
32.18830298203819,24.15592436212157
189.52399632058155,135.5772329959707
76.07696274899844,151.4640863970037
135.77620426864613,183.06776743245905
171.6548944567588,136.93279727064552
174.00357941666826,121.90446772806831
91.46383655981363,99.23539304149428
110.3720403398243,37.89382298751712
87.53386520752906,164.31474015884487
54.53724451036052,109.34995857620301
11.782347636444642,15.613449134478344
123.41343766082687,191.38361388137872
68.14542042855413,12.090620691227716
67.46008862475344,19.598150678848036
124.60050317673972,22.591604894123044
138.5215735895181,88.69746410735658
113.48856871426442,43.98898373625879
33.01565145153925,175.65169876819854
92.14109563583507,149.2039092241391
43.255631674065434,171.19360679140698
188.80825072035483,74.83563969547782
190.95123351832473,15.301196353172676
155.70333114768522,159.6840930481011
76.66599734156934,177.36949788858132
19.972526570903785,42.369453884956755
59.51671582315424,37.235477368810805
180.16188656151334,169.08094647883348
6.637484783721393,111.74534007625272
83.04660641361161,99.69706776693556
151.51185842375904,183.6165348086923
50.560149831832405,33.86985181103184
61.23105383622788,166.14298850291158
142.6955386248237,43.928795083866405
174.01423789203045,129.3042734060421
190.34023679500928,149.39987664640168
71.18813823414838,94.66798538469664
189.02141415074055,9.19617556097952
63.16558070919339,124.34471672586047
147.4688267126918,175.60781902092177
92.54756241660301,164.91642247469755
84.01509706889799,183.6172755531918
94.28236631057366,31.256835224049524
52.85499104050371,143.5957883214002
149.12146839837982,69.50108552476115
48.56878892766293,38.428695708138896
143.1528837604035,37.309147523042654
87.46457040700821,112.4870096404486
26.962152470460744,188.28852827033626
182.57190190874744,69.15514769360695
88.13328892701725,110.9524116239289
115.37890626932722,23.125093941587618
60.6232640933478,9.895168782788684
8.364451452655745,6.53076441304297
69.65891247026374,127.05025136999666
160.085900245551,194.1444085202799
14.520651182448656,101.9237349187296
12.67082176165994,90.72895196022337
160.66205787161803,41.65738151681926
89.86965899980302,127.54919349567251
157.05832767412798,164.8620482858984
20.2973440454359,103.94426120325613
8.3575903408957,107.4504952531219
20.908083482321512,18.48714341806691
175.55582995489493,139.72390309511684
137.0350893887094,75.02139874920087
27.300778580252466,52.63619365434353
96.6400833246733,175.52613583809264
100.24313496064866,23.91598708360276
40.6021412460621,93.42126056998369
58.129785993713334,182.62305491288933
51.674054300787354,141.06963498521677
47.855195514069315,186.42563060987214
188.76963283078055,73.73050278861515
143.2583570111936,178.33699950905952
18.340059646142123,192.285648172659
38.72882377273214,180.60077293581494
34.3839004578919,127.75377223877037
127.42777596333396,92.28022662938339
97.08629280343652,128.50949839989877
150.09231301870184,45.74752041503519
109.33122665443092,189.99497156800263
175.8654485600545,184.830982706364
163.90722820442005,7.1775995587140065
69.60290127760265,31.004995448026254
146.8711349714063,77.43391915078988
91.30385522293707,133.1207669680268
5.98249447838608,173.21574107671546
31.676892649288078,54.67247549536099
86.81111628001278,17.805890791767403
184.73714806329608,17.08831301637149
74.53675405288664,122.83603004374551
180.70214305980718,69.72503144192342
93.6628173321139,134.69064829800766
98.84788282171183,102.7688294544298
164.5554950595226,135.95147498578257
177.3962088222581,131.35885470742284
26.25302537823576,184.23952282371542
115.46500924658827,180.61960244137865
35.90138726660979,93.5140111206847
15.018203628471262,178.9584655896024
31.012903443596514,36.288392104787235
50.79595239450336,115.77392096158889
120.35107286833042,28.21171096431743
62.190385598966,19.805308753293627
110.91256735500728,184.40801405001713
8.286004253671763,73.82830998439448
14.370127162489355,125.15069864940199
52.371777926651475,124.14045004770865
52.766143658310575,108.49302716442206
35.44664951488021,60.73923094352299
141.48382386666788,20.503539387545988
33.090828859385645,98.72105542390068
157.00090565992906,155.4193423800659
158.56389788829372,189.61785483344772
27.28747745945575,24.682627430879634
64.87071169180156,138.10295699394857
146.28483504860603,114.0685643972658
181.89044543958897,125.727883298205
87.23960481826177,37.87273324090623
77.83138647476429,181.61781999673673
18.608503996852466,36.65922493154192
75.33904355811356,196.5153318280951
31.342148537468145,186.22766106010874
55.380304787090196,113.84671790773595
119.9668100174278,21.579032982924858
161.1583049812688,170.0681804017692
44.07728286313919,31.553774226709802
108.20091912321108,75.71043387808893
7.630074306055335,51.82501091936142
104.95393844823646,104.17739112739808
115.67239103701485,76.5766011838131
161.32286148598604,44.12933985196843
107.65862456957927,8.025879254684298
17.603736919628453,19.635184486058957
191.82955364640105,44.751132585789286
31.613607504448176,190.81686507412067
181.55919288285403,171.88848867694998
29.186635555170145,84.2305765229139
108.47290387666439,29.58335105482247
118.48350120796319,22.260768092748865
54.22493846995072,25.99071431822211
57.43782143482131,194.48911809028849
49.05855393180498,87.09158558479255
46.88537519874432,12.400172306936984
87.90196628389245,33.819322579794495
50.898302836478706,195.59347076837528
71.68302160389088,39.96450539859782
23.29328873305881,34.73991744053864
127.86943660224628,184.55953954472542
75.8487762042235,95.46354710162947
13.92194012675967,81.27956668220669
160.83924080860703,187.79794892776633
113.75793302726471,157.97478593219705
21.52452563414815,116.21825273740764
12.824873532493159,50.33772516792348
192.6435204538416,13.147016452532894
187.82358175722345,12.717845101428537
28.48157523193194,7.351793339758494
84.81111889498618,147.4827331150021
159.41551764457094,147.75740604623599
171.0766040502427,41.36619316888024
118.2320631902475,93.29315718600787
8.994515139898587,40.85411021451251
95.66337368922528,161.88899324366977
97.96770612216882,59.714318575992564
81.64969675656901,174.53847763320675
137.6832401538042,81.81522635863517
187.26667691094264,30.019485898592187
191.31560357679513,181.81875572009957
5.486742677722445,10.581253964225072
61.54122555718376,11.559785964146501
29.600626514372742,136.51259938170975
115.20810434094778,14.393453019767101
47.85667512481522,138.06906144203504
149.23170570596213,186.58080797734618
130.5618023260278,175.2031169697343
85.93208559868002,35.76550202010382
129.9299040508573,73.35518865674935
26.286169502350234,132.69902037909785
6.39549714194373,182.58776672140155
97.40390604580145,161.03313884216067
118.27456456421451,104.96296261912049
8.896479457834182,145.246750733683
163.39029517290214,69.76180471291688
51.421662905157255,39.3707532188077
86.1181788315696,8.141606237057996
188.8416814963239,138.91263431151148
35.61074374503517,20.607990885087208
31.1295111656129,22.788280502589913
12.555391351943847,170.83371516617416
71.8685346044091,193.54483506458
172.6146941862733,172.96790093267833
113.023381375949,152.54802697950618
155.54353636443142,82.7331971272053
88.05160867240437,179.94614842749104
125.59140796514387,100.49821795878677
109.40754332048206,105.84023447699468
137.38798714472364,185.53329372614732
33.068766961787375,14.182866050676973
180.48430994930726,189.97419676996074
13.069125180421839,121.77583740352017
56.13312548807094,96.68706507010502
145.80190779501103,31.61174172251972
21.090667249603527,39.094803495835436
128.8170767344993,46.13178219530157
129.7739906016338,74.85880339533574
100.4565843576616,119.3839735623068
153.21371666859363,84.90098131948007
14.34666286380303,20.75299939501222
10.667236309634688,142.52790746996772
32.59730355162835,69.86936168998396
145.1294335600258,161.05921157782052
145.18286181678707,28.938056415223112
126.73944527645163,83.88894051888232
19.118717320013154,12.67300860296304
53.40901924840563,37.54801377234684
64.68646628199456,114.06666143968724
146.4317236015726,86.20418738097773
39.90033955391409,183.07932421536006
168.4730547181095,137.30422064935996
188.04923101142074,161.7526843998394
147.81535917622722,75.03279919374899
174.66526794501132,133.1645390787159
57.02676887490385,138.36534687274482
17.066392754967683,101.69047377246248
19.09855939645595,137.5752989244669
35.85946330332986,128.31269738050298
114.77504462539561,25.331225251810483
157.89710767949063,39.44631525944685
70.14117425287105,35.52788619518828
193.55878758842758,177.65615009260284
91.91576527173103,139.90369985686667
138.16850150481162,8.413285607791043
104.82821879301802,136.03455781515942
139.29105696467005,33.25446796056143
99.98244778608434,193.9352251825571
183.67751632546174,117.5868554929831
60.71861346921505,107.54534040349972
30.697182316144612,61.81467262766872
52.330083544733945,135.5389469932513
139.04245196399003,176.82429574623532
22.90001385756831,134.89279232665234
187.5834301883725,191.06929898023245
38.227284001284254,193.61419422285047
10.760869182483528,139.10058806701144
16.385824863047112,24.908035426101595
136.4178960329148,99.34096705374698
48.526138927657954,166.77539865677872
151.89646586544174,66.88320469178633
141.7027862561283,18.055991833780357
112.11654681910265,47.11899821434969
102.56175569142106,130.62535539810486
81.65370154181797,33.9523764307337
186.51986839201132,39.41470646206473
196.1082893985715,134.4950166270691
152.47041415787513,182.80603583874273
121.68050896975282,45.580200321962636
113.85223316439226,41.332034006453
93.22078103778048,194.06324373265076
144.45293753558678,168.69270146120206
70.55073891571216,140.7712959631476
113.19468665705315,192.41431089099245
21.998706612108595,43.68932670978334
160.66558627589168,162.72175502372338
146.6788476664935,27.73134545084057
82.53561514682634,105.688466456006
9.033496162498507,114.67122327272982
92.06789892590581,109.72139598006699
52.227302939623264,26.608387315942586
71.9205608060774,92.51326194339237
154.5908566599251,156.0673339728558
10.58909721436121,116.46035907741675
188.93030254643878,196.65613993272183
11.55179424469368,117.17379717223346
71.4750980244539,114.46415242338615
104.30074016217749,149.37844851489416
68.18830068963759,116.72151061946613
38.25661477431922,23.315070546001166
173.4433500278239,132.17488619909136
32.253233158828394,12.856738911408097
29.455805399621767,119.10831575850939
160.16734067799743,74.39157813850184
192.8663753201096,186.9520749528659
168.26226450459026,73.92621530669233
108.41998608571872,143.23452733622614
83.92013983584876,75.64995093878763
112.48585417967314,191.08927516432897
102.41270199332104,17.606392404918154
101.32024784996513,42.317762659293
11.162136082199597,107.31300869545781
44.41371482295934,16.88997434793653
79.5379613812944,167.05209156615436
134.3162565368719,177.31717318653625
27.298037653299573,181.28340318889067
125.15247827132514,189.60041854486573
166.64592821429082,69.82731697086021
72.56359521243184,145.88002314800258
61.94215198712498,190.58906026333014
136.96768997349835,189.19159822969104
90.14741555903615,92.81801664748802
18.76388139764687,108.58392395503508
45.796630810899586,186.12244231537193
160.7827948087403,77.14158968378824
51.68384097195509,38.33419171535993
91.03141890109374,176.84124839568094
126.7584581880037,102.10188154321801
6.665197787534886,175.52707472945983
183.45808127640265,69.65550587350774
130.18653967787824,21.861114502301074
99.64030592522987,67.88327229994292
131.345449058867,23.28812402173093
177.5456481280095,162.95169162408104
43.89231177137456,113.88743910486484
32.78672654585985,170.94418222499394
18.700917638419845,40.194394910266325
11.564290831325662,181.44228073681134
57.15048712858033,129.7110700533512
41.50552352012593,23.63634945840261
79.2732867731878,92.19688364443407
10.639932256888354,194.38741310148208
45.395069978245836,194.8834208465886
37.531682907736865,12.081846774193139
139.67311837647256,183.5897012650665
181.5673760268852,28.261292704945546
58.94251118348964,38.88852432843735
84.93516475504343,24.013706967046264
193.04234160717502,71.05706904628438
154.53550505436758,5.12118016734842
36.7133004726551,118.91282449488197
64.3662141971338,14.586412556326497
55.64069960841898,8.04426556891826
22.155372998443955,67.9612092665776
88.00122234844393,37.97421190048668
125.65276407972382,12.681198540679189
111.4390579432781,12.482133765182484
101.44625334259568,62.72517917293842
44.88133814434091,105.83044490707714
16.550918013147996,66.1260032427062
176.5471728372326,154.59989991011653
31.67910448848948,44.5010572479055
127.81976226072814,35.484102958112906
128.25707111563693,67.30277926316384
124.18788556552882,64.37353404481179
37.91855931109062,111.06427767110625
82.0711796922219,187.98114134045923
98.15438228759879,182.98250320861865
19.048983727466233,36.88641596394049
97.47287854887033,10.60361054525103
84.79035795923724,83.36884299027888
43.6676808243226,89.87654917332131
156.20422334441747,179.62227409074117
112.96418851416036,172.6879721368547
109.14934840138554,181.46484852323854
188.5061051542475,137.1112449142269
98.26385643812607,46.341725789709926
93.71408588562971,192.71860714727484
107.59076037363198,102.35225766891814
157.36051910808828,85.60787195727188
6.20743975718681,74.7742632924906
27.76641971941131,196.34348475625953
181.61241681043165,149.66125361076737
132.6309202191394,73.8548830830916
111.73414909895132,64.29560570794997
56.565022967158384,101.38748293510379
107.02278902745218,175.0908309128673
115.70633795135517,177.5887060100776
125.36264369387544,18.64924414403629
68.4483366164141,173.04736956142366
178.84730435029553,179.09668622190378
34.70713902156094,80.44725700196477
119.67412436989768,195.6252957181203
127.21050270927206,66.87053509670298
34.67216531959435,113.09618465143087
108.91816137035654,72.95397760056943
116.13058996646109,47.815637701957264
6.6101201411138,66.45476263598682
15.396514576683627,36.964598923441756
8.097153950290945,48.425679520871945
156.74767467187482,186.42063320182857
11.64796175724967,53.98172653418105
98.09441876927012,100.67288522045473
66.35036970264852,130.357504921075
49.320990186116525,88.41917220965341
33.01369562562221,28.190443029812027
105.70235389760394,97.65623718777363
181.11710748189833,181.83647058466005
103.55857536028748,181.1654586110343
34.29746265180134,72.61096331249759
161.3841288266236,179.49863861577904
169.12803838991186,184.3910832118621
176.5643915758827,9.96192627151669
30.048239451086623,98.78787873878812
86.79025779146858,124.49510301558952
117.87868592843793,181.71675967571682
120.37076613093339,52.02511448736133
12.33793098389471,47.357020510729654
90.93068943993711,74.03698834557065
85.66432116744751,102.03999368089106
27.478116669478563,97.04203186608628
142.18206578898952,25.510877745732493
60.09148222225694,100.27459065058574
193.33625318272848,157.6170709678499
34.75800898639499,134.4483654363227
23.471991272264965,38.66828548029162
132.94536827578452,79.60900428899275
19.063663249362435,51.603942293191
96.41185096348782,114.29960828786183
121.47465764102476,76.92036878439308
72.14927054945336,24.385671868214434
89.75657463942403,110.76147717608362
181.7737734569033,186.11373692420108
171.17910784840376,188.20884161651603
177.89699011294226,166.55877005812064
119.2023150851076,17.44355761304977
168.67488415246936,72.13474453349643
179.66614500229088,73.20175293623855
196.6030882950211,117.08411018490389
113.47216291704396,40.35858431769543
18.349434573779984,85.00467061382534
69.42585517681104,121.65613912291316
164.83892990897976,186.01381926139132
112.23072164416526,106.86018352655834
153.12147550279832,164.71920249723274
24.191397012207425,184.0535856240039
7.937074984206689,49.8913257544733
6.491896196032763,79.38474166966985
156.94615627831095,172.6283431865856
102.72950831395806,86.27503056469057
45.302369693102676,97.88399054036267
156.21284620476126,161.3217969205856
7.086253538803248,195.49459038241648
173.9709983912851,155.62688842740215
21.260382902681393,179.08758034879796
167.94594435845215,73.40528222963313
62.43927314439784,16.257080597184988
116.80538584609332,96.55000639526237
27.090963495268383,118.00162759804188
69.5565206511834,115.30630972935364
190.74891236113646,21.1721897032251
92.6834490716254,107.24933851758404
146.70937488912531,5.141166060874539
107.50650250179281,173.62471230925942
55.50373712389378,9.278298612478997
114.61376698106882,183.37221835380484
196.45128915065354,68.44724409157843
103.7104586279087,178.2961453574406
113.39193790818337,96.05860940107155
88.15065890157348,144.80170661175995
26.435327470937338,44.530166679904525
188.6899325595024,181.01404071904764
196.61608552313635,119.17332117884663
13.030219052607318,124.39085751864496
30.799135541565413,37.09191750083277
143.914542080076,104.97212859876092
12.185060969081956,39.8489206211238
5.449398969178937,114.00744025553922
161.31358060581482,77.35442428394842
83.0409636476488,79.90293567414174
88.44016701010702,101.70150211673605
195.6678135283793,70.59260152579486
139.14171234411404,76.34097873834443
100.03119189439242,38.606285049587655
64.20285013351865,24.863887073401195
138.71489209227036,175.02416315163626
144.1850102351321,185.80900359625355
27.899902349299847,29.68596917754627
147.92182981704735,158.16278619082428
190.27898307357236,116.14766978978457
95.74227381938017,118.06426204139004
129.28296191253736,94.87615290597793
158.59556691957022,191.95493431880413
6.97389932180832,93.68042640849761
157.6886173594434,44.3344413967855
103.77892044642482,40.77952712937997
96.67228497817315,23.576074480752755
185.97851485110985,124.82160465440244
145.1924863946471,71.19676745527936
185.6958293501655,191.13030779568746
172.73225775666822,43.99745387473659
13.890404408496234,192.22240709440047
126.15423513877765,10.785609877401885
62.44828587994008,126.91654876015683
62.73455155412967,39.42557284798845
96.86630916339621,78.62606264220767
30.368539853206574,186.43591980026557
145.7162925038302,92.66804503906023
93.99238766927354,80.06876653450277
89.62762070220136,153.09948477073567
17.897003244773646,131.90332859270165
122.53924049256709,104.63724091355132
13.194726153480023,97.3702415455334
27.85797208157556,129.5450352977282
187.75622966448807,8.879955430876715
94.63397820522107,158.3929395166612
36.12320729212258,18.20843409461403
19.619190487581292,170.48364379343332
179.60232008651306,73.9173973790044
99.55248437606342,112.12893125878504
129.96138456499648,91.27432854946775
98.64566084139315,115.96451899889799
97.7312042660247,169.8088451946308
26.911740732502434,126.60584722503083
51.907816971154396,90.74211437009356
77.48031710312203,183.45722365070768
194.26212565782825,190.28403424835352
34.54182729084335,115.33247474758292
121.473928579513,86.1454755896092
185.35798644204448,38.017867040822544
115.67457208684411,10.12344806165139
133.6770282883201,43.43330140078539
34.412379041307375,18.573937824919113
52.278301258784545,96.40798676388648
154.73213562697677,158.35765171079154
92.81222474764466,23.5982451729281
14.027562483403294,15.919630355598482
142.93353671288216,28.453824011692653
46.61355176042452,106.08521936258553
129.07775781047002,71.95573828978186
119.73272447686213,172.38214860883505
131.329523198487,26.21646671976293
114.22120149275561,193.2372529867293
35.00814501152209,91.37423388635376
97.31193598502342,147.76163202304792
46.84817975264005,186.58403991361675
169.6849947355991,134.73236678507868
139.9527991848725,35.5886703619497
94.13162133513104,92.13524410258677
99.86310331783416,61.13473159580766
35.69426955275534,104.80171499186903
163.01911114157062,193.3690522451303
65.27672192423864,96.38147704163329
61.91696833852548,126.3477824640443
168.09021150266838,182.5147325185242
151.38301609194454,179.68028934872316
98.7008436796747,176.29826534025509
95.35393107034659,76.0814819684318
98.12662863182489,182.80584282429592
103.57322457453127,20.660737487410433
80.65657284864882,5.638830793187253
31.706093912470564,178.25525812333515
77.42070031661768,187.87655419662352
40.928973934310086,135.69550491330648
168.30196040052192,151.13890155861836
88.06379295604611,77.80285375274785
165.16360140329286,45.610507325633826
13.97163778393804,177.53426238574812
74.55697443138864,101.22589504897408
101.64431338818711,117.78104881797528
83.60896759212397,12.073417603423163
108.2172713124898,175.95348008162082
131.84882732342317,10.134383739768067
99.770203668469,137.84122168484046
190.45617394133515,156.25681860986793
148.15032808839328,167.46062000634743
175.44284850315174,43.44131497321188
54.29156315247425,104.50151006815518
82.59917478523023,112.37822033338885
122.92877024604765,75.71267835364519
51.86127376665743,12.315146569806254
185.4254296339835,139.13701508076278
35.641626773592456,65.8477816519995
63.68490938603176,26.08856913222097
137.91305133416472,45.61958447912694
7.802860249313925,52.36537105649864
190.9732310019575,14.342574656749541
151.51297851353013,79.85463750801064
156.34451707081556,69.68484922978773
9.088213662549538,41.58298441776305
20.108601281291484,34.98885155088825
102.45546115348601,139.14992576748878
175.9057287595905,9.536103652831782
109.36605286077267,160.6638381342784
121.4047447787165,72.21055008478301
17.547198750924426,22.56285727103051
114.4245024469278,72.36471371105159
6.166260038270806,109.93468694447644
7.511180207769798,105.72898597155665
104.49226166522647,78.50959160181314
156.88087984524924,77.79037331620313
53.67942219410027,191.54750894670443
116.61693625573855,105.41617109080731
184.93852534105733,43.87390470252708
109.19976875023407,29.21970328717863
95.13433577309266,24.353134098678876
140.0446604465703,94.85871485257003
193.8526036607416,42.22970364501329
192.71916898231814,186.77855672787962
63.59668953007484,38.95754193299051
30.40347796644691,5.762952934442612
105.96031261603586,81.2046662977468
13.98927903242392,18.002562085173256
128.5757528458359,40.140975829817584
112.88323766727346,79.56740426909334
187.11314869110274,19.417048801740467
145.59651414591096,108.67688104186786
84.27108194241734,158.3036030493814
24.884203269080135,196.91623170713072
81.72084172705337,116.77385990586765
186.68423298383178,150.78398899029492
104.28342160740137,38.652886183669324
68.08143182314933,121.87287048485261
31.00548227599067,113.39460069766716
63.587273339949434,130.37689397278328
5.774590992841926,114.26356767647665
69.05577395162895,99.29598194229729
88.21485166514813,183.92365458390125
20.044017544281463,106.62318593243998
33.9577280566811,166.99538103716836
129.76229296585322,68.4077523560865
151.37188751474724,190.9487589944607
193.70249982633067,139.32642873050503
55.39324508845048,142.3060192499322
10.936118972902824,57.3135456297183
99.49881356139029,58.0710434189658
145.33278591201838,31.595849023172427
20.786482028128496,106.6013110310842
64.59547576282245,144.1825757699513
110.31481626640591,174.58929686387265
116.89257497535085,50.764052166888796
106.4549330970612,139.00382816841145
165.613201138617,183.9641779408854
96.98739983644796,41.81152017919452
18.098228829834145,28.474890448036536
14.580527680198067,63.63971891363794
138.27222842310752,80.29661008878503
99.30490730830483,111.29511648372937
25.456668087865047,14.309648795241053
64.2511055811549,39.18278871990938
11.782133439999459,99.3205595479055
45.012320797316306,35.434117797038795
128.88433669800452,76.72770097692919
14.27646755229691,61.752630891501894
46.44938563730476,116.36706605331396
88.64103658838233,16.098996201676076
170.73194612703662,137.440781865199
126.53181987535899,191.20377558945876
184.36920021264606,139.4503998595433
87.31757034141665,195.3379168082352
92.10330676424391,186.16929722905076
45.79895254282635,185.42210446189247
128.23243979309137,171.28801819176758
177.181109428136,150.556969936729
46.978881190280475,27.38987487503725
31.428275060838132,50.38503428087107
99.51681914643578,163.69622841098027
69.24403705084156,39.8932634479645
70.90361611282222,31.075560168937635
131.30673832445686,177.50032604980956
28.544684141750356,168.15063727158264
23.986667768654673,60.78963525015234
150.50686847447122,153.62236260377045
33.42631895943427,184.26868321600105
65.54689553163371,140.71537679382783
96.6643923934585,98.7166416657892
187.15738745754794,193.15815472521652
102.8215868657033,141.57989327660394
85.35514848685062,125.32143121083517
95.2954874289715,82.56047259816313
62.67647752010392,100.00551841741672
132.892144681399,185.6618314538307
91.7138820195034,155.013298130235
86.58789414864728,157.600621221146
162.79196228165375,157.33842333304432
94.54784023263979,113.77476162537239
136.40068593498796,184.81944248889133
41.1312977748081,134.70386010236768
173.29499632140664,73.86632313695766
97.09345389303299,157.98348900256738
56.25042060002954,18.520976119982855
58.47324972702572,21.18766311030086
105.9226730175778,97.07169281892776
187.6623243436165,196.2845774557734
177.50850196167926,162.94915252711104
29.644061970037725,40.5421724481775
17.386618387914996,145.69243245738275
171.3712261360617,156.9647879660818
144.95331678767528,169.05434458513724
96.13768975029025,155.6756649129321
24.694200105032113,174.95337766145605
82.54607602110812,38.95152094667818
87.13412942945091,191.4820125829745
93.7059891566624,108.22483889317066
11.4608023124801,170.13788634876244
137.4456427470725,108.6554154857463
56.072732524014526,119.85595119247921
62.02344853766473,5.013183973786347
147.60114582254454,19.958195724341227
185.7508043749305,24.470637078168632
116.66609689412292,11.07964328260177
182.79229024253635,5.8969834445116796
173.05973355304025,42.29539797286569
73.37593180934483,192.556603592295
100.86426455835282,107.86836434058843
9.845634028691364,9.866128800916439
148.59170318884372,153.0732647881094
24.222246247808734,138.67461104747977
107.15172846590262,85.32575012907233
46.23413856122299,133.14382602169403
8.258266325627945,122.19559376077285
174.82347198830897,142.73185181379452
13.65265596670786,32.569403052270836
149.26353305356955,163.38075269847658
183.27458771788835,18.110456222836024
168.39239519921216,135.30607777307253
107.36292558974112,162.40522359952968
11.814517001720803,110.67963905137165
110.11675866049781,25.662911248497696
114.2165202730505,97.00490901890593
111.53481244983098,180.2667900765991
107.0925046347085,103.59161505730555
49.37707766684842,118.95556979845871
80.22528368071167,139.57619909053577
147.7961315669313,35.443055537398635
83.09209698894855,118.56094992909884
22.34101620020487,94.03804414040225
61.34535501419511,110.48667593269359
52.51996495190197,93.87005708769512
32.98919257034514,26.327041610339116
102.01401926871436,168.91652909331114
66.02576099764872,8.783426786716916
91.64247946709307,90.93650053003209
91.96781947380963,151.24051939529667
56.91060228460599,21.049193289811928
83.60471172362362,23.975056296216376
73.00817334770653,138.81947416783893
92.90521497067681,83.70000710648847
179.75345543290985,137.2968250085639
80.95546955386483,128.71665053208548
122.11304042395835,186.64404314743038
35.700226858465335,89.47153730325007
185.92582588933914,187.24509536918663
121.44233809077645,191.993910906083
89.9510210289508,5.2914502742816625
188.88054649349334,145.7935421030425
9.145259754620316,34.66319982223895
82.14929757609477,36.14497314841147
42.56599601608117,130.47655598663607
161.02480511893214,142.4095102657379
13.29017007448244,181.7264036980844
76.99564392024392,139.80500039587469
119.85641077712256,28.64184948000547
7.388410738986935,132.27669491056218
125.05265009725767,40.40269130382308
107.49997765515768,157.1137105138562
174.50840882261645,132.4333466018919
16.803773799867777,172.45321831053687
39.923654013111175,118.18436900521404
19.64900960689566,30.47789500406552
50.84631323889085,116.0125055871228
141.35646463733494,189.03366228654858
118.87205562080891,40.92605782163312
119.73035906593203,37.98230081620786
109.4496837949662,86.8894114767316
107.46141369095099,22.12329758586944
97.1106569941642,154.64549833532124
178.7043592067221,137.713900171923
83.58671624446794,158.73953196668774
85.97270334730635,22.79142821115098
35.953366831485276,15.245033742241954
154.08498454962725,151.4141718260953
165.1982735084367,43.602999242374445
16.399932910368953,116.11194405939074
192.14877645319623,194.03028616957462
84.1992125606503,116.10100124909525
80.60101428975923,150.84076185080667
172.71251296601972,125.36396251059467
148.14895500057415,74.14711273747689
72.17786094143129,169.37437851120865
115.8044344788389,15.738544034372707
130.48113981746462,177.40349193730978
12.303645461431874,187.05501604274406
47.6472199722973,179.036829260464
121.26105887886118,12.270108727378684
83.6802821533075,111.94471164510624
69.75024290460459,110.69500759366208
63.29659449839847,191.75666800404292
75.4251345264017,124.03076589051089
108.84408723135222,65.46921916346132
140.74805670661488,104.6960962498529
142.63963481097804,11.85025700933739
160.48207577864628,173.3020308560714
76.91261736974825,8.127361249830148
154.02782533917886,193.2505150293024
125.27056438333868,78.19303955522061
18.27321777043167,67.33837018611956
106.65743917810629,29.795344549375603
90.4043222688374,175.08666497540924
93.46174055745794,125.76933988041682
145.84652288924167,35.10778878990002
128.25200640736642,180.14824227822635
34.204092392852,95.28737755582836
153.61604866258946,149.50086524640383
154.51435929051905,6.850322155771366
163.19889688348613,182.57204453745942
29.507228512232736,70.16830173406507
161.50456935964237,76.31308145201888
5.805950795125442,42.137862692418906
137.47567417986386,72.69437921712625
23.58624935825878,18.117295828928295
26.14013179290322,21.865990763327233
137.24014632678782,102.52143215919496
57.30522792721396,96.1787077054836
57.38456089381286,182.1467840686991
19.905476631354937,72.44963475845245
95.9832750831852,40.214823774278294
83.73076464702213,38.28621902169516
90.71024624947297,143.75308650345184
82.03311358005602,21.47669014350906
187.2013940203686,40.56413589560949
22.790602538275863,63.207237260148176
189.30160142049456,182.74736673484423
105.84341245714835,192.54082978959661
45.278886384556564,194.90749680720563
83.78162451128325,174.71558534823737
87.35723540267996,150.3350370100992
100.19959467159134,122.58563207623473
140.74434718411447,186.8190657516906
67.71204987852768,167.8098532489974
33.70175290675152,12.342596410410325
118.68727700809046,59.936503416278775
139.98699187115895,17.201113854574647
109.22436498207995,101.71479685285924
55.41550228133779,97.11937544082839
109.60119693612288,29.20979563299604
157.65389186215947,78.40270247676781
6.522244572995816,106.71556267357427
179.32640608518622,180.9117866397101
111.45823169387619,172.6916489036844
116.58962358160659,22.852034330152783
123.95861190479177,187.93418897444678
105.4938095012463,30.821980567685728
60.67334289596467,96.38063961345695
163.04656872089737,145.4727937410587
67.53623288176598,182.10942943553414
182.1403635718411,185.36748179036923
6.379831608388079,88.15067521857144
149.2252342257685,69.7704395146567
88.41755829709567,138.9361613885085
31.88222369180078,186.0120449751667
164.74370793237026,74.76564661729921
24.05380336405112,192.57308751930452
105.62258463768256,160.6159096154206
15.92337807900131,91.06842921350423
133.72581714875892,87.3339120447274
33.010092334003566,46.555424154597524
141.067422974758,33.81844278700078
25.909803225580482,61.72214926951112
84.80861622051393,74.14071152017434
105.02494553162798,149.3661957284702
80.55003858240062,95.32285347248579
66.70818469605818,104.49190988789127
152.3252428779726,194.15094427017556
55.89995908743229,119.29320658434082
123.39641716622104,31.202621130617644
65.84245554158122,138.1125033988455
35.827979700320526,49.66685614128018
152.86611382538774,170.8102598487719
36.70276306418912,94.65759362711945
8.952876704367178,95.85205353622077
38.52272014521949,39.82481191090343
105.0983716279779,145.99431461057011
91.74579942301244,161.77990754305586
107.07691504911548,90.01389317225149
72.02589837398303,18.206514337599256
43.69605910564866,141.29732002466653
31.960775331551968,80.77189371086426
167.14455748461467,179.48334022181638
106.55144867742027,49.486427918841365
83.52804371653275,187.58539892371547
93.52343431625857,75.63460693061587
30.745172159811332,124.14382202051534
13.12603177249567,30.9563687462571
10.337372508547146,57.62258117418097
111.5253962138062,177.78816507732049
160.67235836911217,175.7073863282722
122.60080980116132,41.48814884189488
97.47565058423466,162.33580400702562
38.982286389890376,100.47980452433121
98.9710395125218,120.86776334419656
31.723547340754674,188.0356427306492
14.524634976470695,128.8955891295338
104.48497320428739,173.42832291499073
139.4269691409216,105.46494357470624
94.82741699438132,89.95411639462172
89.65703125669907,32.05686219368281
26.1977609892664,79.73021014411833
125.998577455156,42.710729724891635
7.154101866988725,177.9218539926888
143.0672904839129,102.60398673424596
175.91996046373762,41.14488195385872
156.08128643249404,195.75344810948573
114.74912747488305,192.5388589586734
188.7553268555427,30.011737668257453
32.30752619155853,19.732933368552157
91.47028162972396,140.8812778545562
30.08444532317721,128.65233914879713
19.71493319205724,13.044048790390823
5.3254052833256535,84.1738833288401
8.653796770537548,186.24970868224375
57.439392770133566,166.82993592850494
16.54551795007369,196.0312910207878
14.722084659857204,195.74263068646945
76.88883245385536,17.004085104702995
87.93109250913292,5.700013241305832
59.186018414324046,174.52604566830942
59.477174228496146,30.37753441077043
14.834353951988668,40.01192873616184
16.43442673432844,194.00816037005308
8.619676461772778,132.56664054451392
16.511204897435327,183.29114944686694
32.68002498611782,28.640356306378536
18.231146179010683,179.50952883911083
20.514914283774676,11.153138887036963
142.54875426781203,79.08568433967221
73.08250073706668,145.59431873588343
146.18280851744623,166.66196963580214
52.73742343413973,190.6870360140145
188.85444775193528,74.56100017673334
192.80112309074087,144.98610483431654
134.70446805416972,184.92692864969766
24.95799047268796,124.38384708641155
163.69682921598286,180.0088471237618
126.44687075316047,174.05144736443174
83.0940717393882,114.10102987817426
138.46165663783103,67.57270170160506
77.42815147377391,118.7601017118315
16.46814773077035,42.02942876388597
100.1820789999431,21.74151704325534
94.45672629102533,150.49455775706673
63.645951043568765,141.29034789329708
137.27132898467664,30.010057700346405
34.33940839149221,144.62791957715348
73.2828949202017,6.774998548282197
59.27122196837862,118.3871817438342
137.53244916645303,76.83024515118296
168.7017570392602,149.49752034586984
152.2704800034224,78.21179365500556
40.43511024488319,12.33440806564076
96.13974398229956,112.66721426024341
43.21004439169126,132.5367132351437
139.29219814556907,180.49219918011818
188.7082935411003,186.12873845904812
169.761211789975,195.4138607122801
29.60661333644823,94.78908858562136
196.12166604010073,135.13532246886874
80.73635633037739,157.91737021523798
128.61744015015702,40.752009022402326
102.5231632657302,87.14532126976408
89.64671454712327,86.3801643027524
101.8801787005977,162.02271215758452
139.3404536602632,182.87744529578458
111.7511924639508,157.37818709187502
149.86055769842574,192.8143096850682
36.92412878335871,125.32855111951616
38.8335962234793,31.1189874790251
135.36109179418472,194.41941432392017
152.65197658971687,191.29010080920557
151.5301304180301,6.4687534554885735
31.41532624525151,186.2672456891554
83.00968820634826,97.86084349743739
30.35915832557495,108.11013429339705
33.88173859276259,58.88385213947492
144.4386424496757,195.41961434148803
37.730311521771455,179.20081546517545
174.38144456666947,144.4065911513683
108.0575143206393,10.328186746901157
9.824708807901132,24.215418657209483
43.10772112265209,21.485046215787488
169.3290110902403,151.829435572612
105.50458671572576,143.45846746771082
127.73575610101302,83.93005499044274
118.7322328028383,19.09466011884799
65.61445693461349,23.32234034417935
35.90572605036101,66.68179331249485
77.8190546149165,138.35902794390753
82.35683666441258,137.36066917875257
21.889634861818728,75.86968503243476
183.60985983021584,70.63993834670214
116.8739394648553,77.42605460788185
7.905609315796737,174.5619366476596
169.51986159283715,146.25546017756497
98.76146140581527,110.37199828227894
25.852260687861428,67.19154627509525
167.03726662435696,180.42727514789053
77.24519686643842,173.60225143413447
50.88476293434411,37.09895634749529
104.6007203205937,59.39978997650316
96.69121413221677,158.10262058478872
47.120917296389315,189.55316443618906
153.55844645192022,151.24066454750857
151.01092497975844,172.12340098505027
6.169442834184673,71.4061152576495
149.39858728920933,85.49849406031451
125.88079027278037,59.23987926662338
38.34020069328518,93.99647997690012
122.5181601460962,12.275433036099995
177.60540546558764,154.72146461481898
28.84132228431925,67.78683969839705
78.11153260023718,149.99867773111825
152.49840117997914,161.5481625136646
14.131542705869075,180.91809822290682
105.12305347540476,43.90275745230803
152.94343899273517,190.9806883921236
58.257033784466394,184.96582294465733
20.858080490218423,83.33141269315605
16.614097423438736,5.758897990253338
52.76873857131898,181.63889585916817
128.48841818217485,36.12439840245292
67.3912742346433,12.511319037132143
150.5915109839896,7.951575342486766
104.27978891241321,113.46541486349976
148.24924325774302,12.440496208562742
25.42145635332206,22.365168316073166
87.19852699191905,118.28530471536935
89.6589252703464,156.6177420150757
111.64809486448685,14.014057758434738
152.89045702082714,76.61594728162909
118.98364176201898,81.43762926614097
116.35982252320302,80.63612162056482
179.51019809913365,152.58707999818472
50.923570280966516,120.48649076338988
186.06674935443795,26.40203059490053
179.01822809550075,147.09720895969224
68.91056911931057,6.690611819417007
74.31399674562911,175.9422913639469
38.63975440450793,79.60779466379824
90.6446884478028,134.19419995620814
108.68035204893636,11.533056265118114
70.18050138637159,100.79019467572127
135.4159423751816,178.06028988858822
22.028531726303015,123.44137400002941
53.76198477488788,137.54151042956605
33.47937984146459,118.93240945384423
51.60903215133505,181.5467396695588
188.47768406125982,32.47279707248587
121.49267315472062,10.670979853980292
85.19139326716949,96.66520651515157
116.34553296028216,39.16121109425242
42.32926136567492,11.53945438241211
71.8119437832184,97.84963322136207
194.07025543839038,24.826400854256075
26.158686593505553,130.00986080739364
79.93435028160492,162.87521519703702
96.15529038796527,19.541107671486902
86.34316289671195,126.69282819194136
36.668250918120606,138.10818007008012
12.568033671151355,189.6677452221457
91.8451143670796,6.718392851157378
133.7763367761672,18.14706950819315
54.03026259379562,24.530731608283734
16.432450651234838,67.10470539267244
148.35963416526806,86.96282241083543
102.88287750848842,69.7193717915828
131.0129991570448,180.33177540556667
6.60031335485257,118.82946382093384
13.242550387721492,179.05891267872454
152.60333915223978,172.58741100173918
34.71341852460713,119.12859220785545
127.08285653558542,104.05603899628919
63.344554106059405,34.515266748311845
191.9849805249576,152.4754458054913
141.12043840733864,40.94085021670816
145.69909669467077,6.084478530340289
179.05057147207782,18.3698023943949
37.6162227770996,95.66698256695165
125.87478114603319,92.53342748014599
7.437390434131743,109.91956569415767
77.62007057037486,25.875027002048277
66.37520592393423,93.15058620043233
64.64953250984193,192.30992318320907
96.97100419539292,143.78911785038056
108.7958983261154,73.85738092754384
70.46201376306138,35.77587725462488
50.44828318516485,177.86334227369878
97.25284676371597,102.53107427823966
78.85554961392384,91.37248092063068
138.78941124805112,40.65753803356377
152.94032770371743,188.07625660571418
67.13897411851832,182.72680204501046
146.64908138742678,19.97756589593902
108.77732699447326,28.806556838617627
60.83050899830384,136.67395950183482
71.53813268154863,141.75743699760181
181.27215084330982,175.11027568920412
176.99967938149112,126.89521019453348
98.18908163050584,193.57081334149072
191.3518186901617,178.55082444489565
80.5318464452393,10.059943389586085
118.84106570939517,171.6582333979607
177.71137061796466,148.02903581237504
192.230735249901,129.36209065781426
95.95435675655321,40.745675940938554
112.2084765986573,46.40550335162208
110.54075644318277,170.4112898002722
57.106429475960404,23.947728990641302
170.15146366393358,151.96457272422
133.11458557540692,20.729521192035815
33.79770531893475,33.12280307661598
47.84843853189997,13.60498548484166
42.845382100629045,15.77485042372628
52.369326018720685,11.755801050263209
173.65873808915848,195.4237128091455
183.6342160707417,125.32507357183648
32.996026479495725,59.73890534710893
182.79907180864478,36.79932216368278
195.4626583261034,19.042178151324766
17.463223867982283,119.5272858414535
175.20427888587616,155.74187780555556
170.77809725728073,121.867807068285
126.56523572506651,196.97229763917522
103.53076068769255,172.79783613740162
102.82898806113265,192.13529540892407
186.33553026549365,116.77592825792763
111.17506973287148,77.29970212437671
27.257292928808937,63.04910042406884
95.22588974663279,172.57346761828015
107.22721239849098,6.040299796719028
58.40067637519056,29.113528641617297
105.96349355506409,64.34004688097077
170.97935182301694,41.02686921999729
49.293133895782226,113.14719345664929
32.78916190832524,131.34886001227883
162.92613945800593,45.26976257609518
85.08305687088107,119.43569172674634
160.98481180019277,67.23984089649024
46.48137897641265,126.62660442846453
20.316119344028298,49.50360248348736
26.005375114654214,176.82527897037002
7.7044288147114255,117.86732931422117
10.710732610492501,13.719619584785622
96.81439566656282,173.38334787796046
23.555844476031478,6.667810846044842
136.63939344838786,5.051173116280336
107.08962352675438,20.19935535562466
116.16795621364159,169.44505468625115
42.3345760010163,103.58021421278498
8.471561102074217,183.3642383979839
19.938885638350644,44.49025146659349
5.369990009376464,121.63368980655494
57.137737315654526,96.71305617738224
75.48947884706658,145.86485635022865
20.43656039112007,89.3306123158735
62.5686209000462,90.0912091983473
37.91917388755218,21.470371151376014
106.76085238038894,195.09480691796946
103.66375605787665,41.95641598156042
154.84947781654608,167.2454958128074
117.73213973112908,180.74365194897845
77.87986109718433,156.482821746508
45.061624141263465,108.47905139712134
21.312984456233977,33.27926570460851
193.971874056407,20.886253824549453
51.283465681098065,118.32099933361886
186.01054698646956,119.46568512050077
21.11948335419892,111.76021757103597
23.47327678080044,113.473011344625
88.38022613487264,102.42809459360734
135.7016182109018,173.58885164559686
11.353302786958043,143.5763566830531
56.30814966550189,140.3870698645206
115.93909769542586,7.416933931077204
184.46058288964116,186.9531702878379
149.62653855589127,191.90894878553516
77.5744313181102,150.4528185244587
75.62088111581053,90.1871168606454
49.647883475026354,131.2883546970086
96.9177730084022,92.8486891598692
186.71653563305892,132.1090202310521
37.00175259810236,69.44456836311431
159.98356585796338,186.57016877724504
26.324075938287542,115.90431914167914
98.42222830892642,77.33984266957277
102.69952560861829,164.58536394878223
17.86369872386117,171.38778603676064
93.99356654387381,188.78656179663642
83.48489355113054,187.29008488457384
135.64218738365935,184.39205693513722
113.8409022747048,38.59289246173179
36.98418665504181,28.932672894963993
180.24641541807696,10.51373103799964
105.35747882671794,188.19516567115122
191.5068742389981,151.9199532290466
121.24215343079149,7.589676822050051
192.8711164770945,70.92395920330111
33.16978299730511,19.98547886724679
120.26752496992124,35.930724416536975
98.55348867327118,29.389004996082114
15.703654745274445,8.503427979431052
10.694128787626314,189.9862383900559
9.617030898415017,54.88565813070682
28.266418033785893,56.45271687825134
90.47550856350607,121.79236226352701
95.17767577087893,194.22809650588033
27.601863947344622,110.89392351599504
75.27962690544538,138.3139746436464
74.4972464471325,28.994457441803444
88.61680646510837,149.19247767653772
24.106821731202043,174.39752731213218
169.3639399095526,158.98786530210242
32.327795700968764,85.19236890083313
52.48714711560779,190.5726222667846
43.120376972661326,96.89759685620443
85.21841807246274,196.52823405290508
38.110319141736774,106.74583607787079
22.109545965205466,179.74379532880516
34.81087909625451,33.54691262315649
13.832632188992912,92.99584655335325
131.70628695003842,42.2966489824888
55.28217583769094,99.87737550238003
157.30724613839794,44.49736070788209
102.74982691304238,129.15147533490182
167.60748015728566,45.98725831008637
107.12156286715454,89.14626997276262
184.63515907976594,190.93149039490427
23.7824889935904,90.53589833776634
17.501403911865218,27.979871671629613
90.69302913184515,129.62431530143473
28.15668486930101,110.09231474895823
10.515049935011573,139.7769056128591
189.57306007429054,118.96100131685682
151.4282801281778,84.5716851001
99.82802456984878,116.16836461483835
12.509711723121736,113.9244934651607
86.16549817198477,42.364796549170315
177.57639860817636,163.2697252771826
98.56397040066042,138.68275015697773
103.34567513892992,153.18194583699625
46.50635623029186,26.818196300804857
65.97827550969457,91.40401072990991
100.1000496974564,27.188732230664307
196.81300911888138,169.69175316547512
22.379817559857237,116.04629517219874
114.91314673131434,35.64959284858388
98.36328208751883,98.04483527545591
117.3715119995695,66.30211439724015
79.2608480319469,196.04645141681587
111.79785988415536,196.87824847995856
62.89238460252375,26.784976552332644
29.62314331296692,129.6365818458042
29.734782960348667,66.05872182977247
19.870995555434334,27.996700414387806
110.93080639174377,160.0763501942921
128.10514338507576,78.0981027886196
24.33661737868298,70.01169988236448
30.26816732780169,84.10387909880166
38.72532253332388,29.424099980347926
17.90805140716561,133.5663755169681
61.61882169046886,34.862904657048574
104.50553659034217,186.55817486813248
54.21855979249064,90.29863427046821
9.49279795559235,171.91859376483004
53.04873112788236,6.529011435826008
98.35818015854866,168.4247854715935
183.0908271325003,28.071585592124663
137.23130833053568,183.8785433438888
58.58718483485618,144.33427171368797
119.03089969610032,25.38939700418551
196.52297465004898,172.610827583996
91.0472859371267,110.67653346449998
10.267260417118813,69.78732749252892
116.60033835295039,45.560562541747096
27.803054872887262,129.56889278832645
188.13300620136354,178.6700107125473
62.02826511996708,12.708467745481606
109.87377786230502,68.99261227668441
7.764879969377712,85.44382100788063
14.227058149391349,106.45477960232824
181.27836660146983,136.02338581688
172.92238792123877,151.8402594291312
31.61921720970485,178.91395656743663
106.57364490626071,89.47236078532914
58.42316960393844,18.236825852379592
26.795464161117145,134.19120491817256
34.768116101727685,82.17393337946397
11.33735954512913,40.634955081630046
165.73975024364876,162.9644564435334
180.63304250433774,70.45063631295652
190.0405246280824,138.35468476724796
88.42180064891181,172.19573068795972
79.47284543371688,108.67446353652595
110.49253686926535,190.32953674676426
62.61004844215627,172.7092061651739
44.20457215751196,95.92519314573677
72.11026391550232,28.309401584720664
189.547140925804,12.026500241947593
133.3165802827564,70.50872772004905
179.278184611118,154.18035654814716
54.21224737206036,25.79279899846293
83.15241389591188,34.28701493340084
50.45545139298615,169.44984479240514
194.19336791099255,164.56996224893732
103.2929666576843,14.58131950628187
12.057541515361526,112.58878690364529
43.78527648393969,166.79585738557313
65.19752223491508,111.75408336441662
87.91723963793973,185.09162027750148
78.97747926972102,100.53724803204337
29.062974746960748,173.49580947453742
140.73682985246356,19.043210413533586
113.46991210274746,155.24968223277568
86.68371513062822,28.5624596921612
34.18003836013059,38.54934243643148
90.53319472915513,133.73534102492462
104.55233539891343,90.41424242194135
100.42886939221434,129.55327769656114
166.51516106221393,43.71557383273508
96.09919453369189,132.1117410302345
139.26985798901717,187.03291746347318
18.984208822936907,179.5912094331057
31.045593588053098,93.48739422579855
88.57325891665062,163.14660059325917
20.572804838569482,16.455614208372
90.32975147595347,186.93262978226127
17.870425924953338,55.90010793290471
58.328954327911646,166.44164582973042
85.44653727191535,107.22552484677261
167.26391752411595,130.92035970602194
132.38801116340113,95.81982066235437
6.985022674935869,22.303314361933893
131.86514565594834,66.73570819421137
27.37885737739613,191.94129590029306
103.49452641842807,132.9040733284838
57.12337064411233,195.03725980046312
42.1208812324347,16.25862548570332
28.737561397586386,7.987111689993059
20.094104725100276,8.853058562045339
51.70818917796875,34.86074146751934
141.74958396838505,74.6652872486939
139.31139165780803,9.014339852501266
115.93796226497713,27.78311940748528
105.54761996056712,177.8952387181565
41.61037728032963,28.063143099487807
77.39319654930608,28.32366805614674
87.83211420063711,76.89605932667186
29.191955641424947,65.68088397414391
103.42878411134573,110.26346928139627
144.67015881934054,176.82062902816287
77.53368684849933,195.60730412620435
95.87406377392738,78.0302159765739
171.0523466165427,121.51733019560896
74.11872915401521,13.091359956899232
106.15631807548625,31.15466594405627
89.3216250234718,139.55808387797737
83.13649109804915,108.3051642188503
34.93338713310249,74.9661820604797
112.36232010742387,143.83491345147056
107.3045402863953,194.29835028104154
192.58432753556244,170.37336500403194
89.52113543779294,105.42004292310331
132.37440889237564,97.15183057989879
66.12650318716422,183.8427484711528
193.45363993118363,193.51982282670068
152.08677315135233,44.6222348258763
75.56679214903747,193.0000530823397
48.64944738051864,186.9106370703569
102.42643127486052,73.34277081100666
85.20006628218474,96.31639464679937
36.99951313034535,177.67944081647914
137.9540336313578,189.670180424045
30.67086411167622,47.74355505441994
30.539234900795826,39.78491671474453
147.2008661112092,25.63852788309244
187.04253764140952,39.99440619365149
172.48589769029383,188.33274672177856
9.57929926751376,36.32912105533211
123.59689257714936,40.175149616619386
147.231356285519,13.836768408631228
179.1417991600981,158.00930681740547
105.95507938661575,152.12979783165164
25.96185404719588,56.91801015261755
100.30100674531302,36.95959500144716
149.41283483370964,75.66130641003333
124.94430769576645,25.481648041176584
59.210405981968286,172.87392456628524
52.919615219479944,16.430268110326626
97.30133441330733,124.35033215246665
108.43101170420675,178.65122408117665
109.14555268398279,35.54200783529714
195.56050723287203,18.271825358143793
141.02105695474782,92.04361424920418
113.63120784605853,43.831287106336426
142.81385328124583,30.269856751720894
74.2243461247199,117.16277955973419
24.793717147114815,24.305997797614598
15.774236570782453,59.676830581074455
77.59031975387356,171.19510272222513
137.58492286475723,74.37178182128847
41.87974065132552,35.94543428414413
89.66995485429062,196.73096587969636
99.62636502648927,51.23644034567957
77.2651438556876,16.721160326809414
31.26328584195181,116.94365427975828
59.21903029250505,34.67770658704417
133.9815467913487,183.7779605802052
103.6314026463943,52.63351781379139
150.22900258502017,166.15190882059642
144.97703908620613,35.384331899519616
135.06781827390301,82.13915865867341
14.640840385939013,31.819817615806084
30.92449451447831,64.3529930432064
69.34253641533678,121.80492987051898
149.14855082744455,10.174451685841051
101.32817303096255,88.77801600037765
192.19309536104285,192.13681130501755
95.13166566825886,33.090872278482045
186.31469858161455,144.41511885091595
7.853946504178079,64.54675803807717
29.153956422275332,88.16011267424315
13.107201215185984,29.768396552452717
136.74253258190114,177.10906030157912
115.78276106557584,7.653593873616741
15.285978257839675,85.4771538702074
48.94027064920003,112.54664438636729
115.24921940112444,8.812508680128138
63.89563418143231,94.89312470260337
142.34753091451117,103.50302384253
180.57904678049672,188.04328865043232
154.47865616415802,147.7361898900901
124.40492339569853,13.309794876629423
115.11374979450622,55.03985878250247
57.279012732195966,131.37490497885514
100.91359853152683,5.140979157011111
102.68785059818738,6.0720811696583565
146.72330957394917,76.58739443252402
189.2729114262045,148.54509124112312
124.2218463674885,72.68834199701847
106.50851377112446,187.48666850522338
184.00300098035447,193.0302826278988
72.75823696783958,118.89189370672348
58.109971702554176,5.4904587410704595
64.60295643856776,93.59103180429494
190.68412582869058,120.53920907572362
43.96316000914412,195.54467177817614
38.80349882081941,77.1333834121678
94.27751583144915,180.74416079628972
106.26534535087535,39.6519175474769
62.805595138038804,174.24643805899746
28.149715569469997,28.24226321581678
16.21030426614451,104.395035032756
172.16487632659113,124.98279103361602
127.6309175448353,187.94456727691926
100.40863580398685,72.80877655824557
97.38693298676398,87.86159583631928
118.33070743906192,29.450275227270854
160.74038512833042,145.54333712736423
135.19407872681242,67.80226548733822
17.96419069799247,173.54140098704423
10.984524821692894,50.968259895064584
23.982455867318937,59.51776735320431
58.20456781155724,95.83068834757033
93.66302555333257,182.73592609893868
52.223274708737186,110.89786016284451
112.25741056525516,22.008865511954067
22.406678283023787,19.57949685908079
65.56963025293379,179.68491098918366
101.46926935899629,67.51712389955134
83.63474791512547,31.265621838214752
195.8304630828347,132.74727957348665
92.31483179888319,112.54372524001467
45.69175022154528,142.0874259899141
89.95258081221021,108.3332077170255
73.20535391095417,100.32520661324118
58.46031343977134,99.51743186998908
87.52630264699361,41.58218405855131
78.76951663092754,173.60584713634518
185.5658736762917,133.52032423222934
34.37330312993345,139.00534219812502
29.434219226656097,121.55814044863988
34.08711349712279,62.72584981878479
127.84919627013956,178.23687057616124
101.10491717947131,100.6755223716619
90.44439376579318,159.39173331778147
103.87614360447054,74.32755730991299
195.60405517185805,22.320299250257214
30.17492825023633,138.07677482172406
123.55962901907503,43.82905815704182
41.28906808304955,191.5805828674099
110.02146983011741,102.53502564938347
44.17289269290329,32.399498322590055
40.79758404374292,27.987464999485752
110.06816538579082,181.30853507614
159.17346118598968,70.67216280330786
12.708141232982197,17.480474477987265
6.543023686444134,39.327007995324486
143.27617609351367,42.09044075585074
157.41759255940036,190.75060491317137
91.54888162087593,16.52870013721102
38.23521775438189,84.70194278266365
158.65599608145322,144.3990264538513
83.0836360286224,162.74598355138417
110.98326570537375,89.69209257010901
182.50137321268184,124.76991586053838
6.324282790878616,182.95643176380284
56.71066588608965,99.5280465920552
18.66259702447089,95.10320814323401
17.356539954715608,40.16626800364782
134.4493992902812,108.3299343842618
170.23001413254818,122.28543715764665
57.88653716895533,174.1571479639699
191.78996195426586,175.7483584148929
141.0727268559004,178.1159336614235
186.8742573028262,124.87518192483486
86.65775821336258,13.92158570054245
139.29711479142486,21.464025911292936
70.35092110175279,5.8403706406946085
117.42748706052069,58.179771710641646
97.02129419921528,92.09709436275888
97.36541403520738,113.26404749474571
19.520608791443248,136.53786810295418
151.467565657514,190.4313614679652
39.129823777818665,16.12566348509292
176.6793340929632,151.91278663959991
123.6699356991501,87.5433195912925
109.01518285928748,161.03182256749554
20.275921031457955,73.7378903880108
88.24410321038407,115.92621857488814
50.384116522997154,27.606359168867076
95.01013443278796,83.41351344540789
78.0892981875433,140.38791793330188
33.08799876350018,178.4618475715262
130.84674752984068,7.7830299288134555
174.91321895942394,160.8261903140002
19.74129741016385,180.102581138108
33.514562292220056,170.57861313708082
118.24715485677109,184.3791641631839
194.24299755330037,145.0229664564347
64.18964882886303,173.83050336756628
76.98419407036197,92.57092098521879
153.85108268926226,84.30397716431918
36.78040495918716,132.46797365460358
57.48832264266375,129.30582655130723
137.6242938090332,81.16605026881564
37.99528219378915,134.3695984847819
139.36348626684443,16.50592059835679
123.39655484344507,191.67638765187073
76.7947714802218,192.94613821280717
177.4965910095565,177.568192196335
154.29696993032388,75.04373682187779
166.73849221631488,181.2826313452279
87.67246199873948,74.4122964897063
134.41345251453558,179.95202103950922
106.60063986531296,86.72177056962478
87.89060368985189,5.99692722805076
132.91741677157265,78.86203949770393
87.03774241436956,102.26641223328221
92.78148442927667,117.40101544324735
139.8233940508594,75.32523126593958
68.33765454535175,103.01720538146081
20.675181897716747,111.88633190253556
121.91138151431063,88.96043091500196
124.15907126754786,24.673518996144843
25.57705275483516,87.95953288874725
148.1959589629272,40.47380286803205
21.22343659697243,10.842560164961274
98.82493649953176,127.84493247819906
32.78704476536375,98.95086837690305
78.43563037065661,125.24719171513061
179.56508588130774,170.0252904226618
196.7568622816182,7.766984478867623
122.19616094165532,15.29590504912008
105.98469795135374,145.6733260786497
44.486231275636925,21.226084607787463
24.036064331642674,98.32160499270779
70.08992398303211,174.44258433399696
72.37956250318588,32.371353595824175
22.07574648318971,69.59210837989922
61.50093144360915,137.46582006707305
55.85344225812755,169.02285164644945
169.77421638192203,179.52984676360043
151.8102942211657,162.10619569975773
128.17825935613297,68.38671024155605
98.0254527723187,47.572688551247296
72.76970612737095,190.73535420139854
99.70595838985574,51.69275306210206
160.73280817633525,194.17886306003336
194.2552180267838,192.93666689080578
18.854696957592854,74.03899022412351
25.503091083981595,186.08419598554863
194.6542352626307,150.45606174986997
17.672795311205995,105.80463489234822
60.95582877197827,30.594284970263033
32.03159549228334,182.5280787555416
148.11498827785692,158.41915217134127
30.92226929942865,19.534031536484452
89.18285575171095,106.23312140186664
145.9632000896734,155.9973579021503
113.13977911263531,84.02966048220216
193.61969224467768,20.309041974287446
42.08378469917383,105.009703347318
111.23022487729345,104.3475819742925
174.3228178767041,66.82504332934128
124.08805081209888,51.3064930109649
195.56044206888282,154.07971300536224
120.9772901886234,178.85534658570626
192.5430428282435,127.64658990606797
34.13097598417278,16.807344497526294
22.255952625840045,177.483558341855
82.97358754941608,13.316920745223092
22.897387757689014,110.96303232968222
7.2079243902756325,29.0245198366242
34.28717619336575,31.446679467687957
142.84390992962534,91.44527389159418
15.260567200840608,124.74864688362518
132.17116416441016,106.2311741363063
117.11711770698635,195.30794621544743
135.84000788329686,66.11396880719836
185.7641751533612,153.9812649753107
114.65402817683344,168.61045032377015
28.824954329105182,193.9669824248841
51.82965371729051,194.59711372600964
41.29580182164721,180.16272892195354
132.82108879200996,171.47023800426902
173.8763311704977,178.23757485724914
116.44321218326185,49.8960199143359
120.126366225813,185.29148499694105
34.75022228949779,140.30538999034076
81.85039504656208,196.70749370177327
111.19913393565326,169.84209974865823
83.96428504759898,181.93813888555647
22.297458359300208,67.95834931990272
59.754256087070914,181.96787177440626
106.84300507413907,90.95142098470102
134.28246869739527,15.471331376307898
9.476659641462817,85.47942451725666
196.52467209145246,170.36983075292108
5.9243337511893,126.76967830831347
112.93748273059948,63.65569719567847
109.55384854060607,12.159271385605525
85.24001238525494,34.71866910185567
7.225233327019061,69.92194066217995
145.1687755317988,168.70685755193392
59.391310098532905,32.60124875102377
23.609839228935854,175.9826658526908
113.72084104765784,77.19988991776026
26.578881181470003,59.697543419066896
104.29546855129672,170.01426543135656
54.12750940295524,110.58341406098785
19.209193356249664,74.02663942465198
26.83887048846375,94.87536339931388
121.28201098983064,58.32705177547142
59.39820575580856,101.92179626826474
54.31778132269674,136.5533231702166
98.1997940076094,14.672765124205664
97.69974618237666,187.57049121457413
149.39512293750894,150.66121587904078
80.72460045493818,89.78192746220424
196.1852925986132,25.135402550653243
169.6214326418776,39.46146549912289
164.2354860152797,70.08236585176414
129.91102837948145,98.09607555696391
171.86047351812297,73.98000287028668
40.36777331356361,134.72980494022968
63.14167306131941,35.63998965344823
181.16045977406046,157.94330973037546
89.31162619731163,150.71153655263737
117.46195899832951,105.48414079328644
21.003832848954513,88.55833132651883
84.64229151586835,177.0665423687695
36.584528231521666,127.83123583162447
45.61542624107925,24.566249154067087
136.62297992704424,172.17196688588086
53.01662267099874,7.253572260932173
125.59455662888692,189.51312664580746
196.55652972957944,180.3162124935484
11.914517296627483,173.53643422180195
10.486896743282987,87.43374669115212
17.6187480843917,83.0438523990203
9.90545161626976,41.78938844223202
58.400102085462734,135.1252310487638
40.93052447954593,126.03252434641388
17.788101496310407,44.10977693675325
191.52400327736433,144.0899111405447
196.79986082037354,189.24003215133467
37.187321911842524,99.9847706622719
19.780693305697188,31.573406160307968
90.10278622512492,77.79724956190104
32.1186563000737,76.94229988077821
148.18430264448057,147.39031122986808
13.790116845199794,192.106697586307
39.593831366036106,103.61001663090184
167.25409285126747,72.48988011842187
170.9432290878134,174.593349499195
182.69947704406056,188.47121226173257
163.514314152042,66.01602084672912
102.61109749693071,24.84231444629807
129.48185086619853,22.379531534670875
105.73557236187979,109.26178539673785
10.0,25.0
180.0,180.0