125.66827876537099,104.14381894884994
102.88242113072785,128.27885221331564
89.94568734179168,196.16254400615054
166.9365881822321,166.54241361409657
54.81075474665673,94.02044734694621
91.79849916947458,57.53275229797277
55.665273407449774,81.77693636218244
147.38081363477,183.63426061761666
80.48248560288424,195.6723053340975
46.34077076715485,121.11987042496945
103.20430053352386,194.48835818474987
8.07958033297778,153.695063398939
175.31846900450984,51.75402695827422
136.9467753366472,166.2441681271512
14.38628987623291,53.54755351046956
68.59094013758735,50.93414187233567
133.23483103173737,11.332569893744559
50.11775060648458,106.76866350542167
95.4032574152597,39.79272439316529
91.16680595452668,139.61405387368933
67.56288808145166,179.45983348689933
17.199552343667516,17.49661355422674
186.45214758104734,59.941546283094524
123.27647102742331,59.018092490278114
62.83939119310406,12.671043810907152
67.09648559566325,34.90603277308494
62.30077250715689,82.21331871787247
95.53388093529935,159.69417354003153
120.9027343925132,163.30389385111275
21.629023117939937,101.01130717826967
141.72826094913736,131.96096803913193
14.046592975126707,60.35702250480623
92.50664115804183,171.7826084678713
62.27104950736425,49.73057943858387
122.36769846584531,31.66251042541059
164.57947196600108,47.28436339557174
30.57827068327254,31.662662131342085
22.971603828015255,97.33599614589758
46.1124222972103,192.49298949642824
52.6908568097709,83.63970985978537
136.30538407793586,111.23684199994747
115.57256495810294,66.98156919653022
88.4825977870189,173.31382355676658
179.2019376818134,20.121729982644112
180.7647208948327,73.30353761418247
65.77801441744491,11.21963746273583
191.38077229027783,77.96038571347772
174.2972859514077,167.45169720681668
27.45262950335341,105.20544465871392
153.11757058583092,113.53312614743706
14.893496472786433,47.44219879598436
86.73817846824296,163.22201585866995
66.69335005336131,116.83586774789643
94.12515177088468,167.93406325953202
184.43228334265459,162.18841078311522
127.14281972510541,194.89634028235002
168.36710613838005,130.96905305367582
93.81698218499544,94.58345052823475
141.29720877470584,145.78052738187452
156.74176633675322,34.78122847280818
39.66900144243224,71.11946411160399
157.33677812450117,173.13368112602978
123.39503268796639,55.27269098355482
75.06335836351253,176.96344636659688
135.7040648403865,96.50456177312077
147.58548673863854,131.89330976018093
48.37079795168472,118.50342841348257
116.3877470331447,56.24737436390128
42.79210872818331,93.15092301028338
186.29669474104395,25.579300945450083
145.9449724166386,136.57867078293643
56.80688876138821,171.0510777873714
140.59695188740614,189.62766284591393
132.71687599375142,11.006819916345629
76.94733095163083,152.0874786079746
19.767479765975775,123.8102586571755
49.824413159785095,64.86526096180071
184.1302021578771,48.18562300317106
161.31140752736644,162.6521372689165
95.61676084220733,99.73568058553373
167.58773342748177,117.7053927455354
116.32769071123026,123.87660203363707
19.685480766339253,183.29973255200116
96.73785048913858,124.05403902138218
176.5642248905557,105.90759647488342
188.4887351878219,178.957990012089
162.9559754866756,77.48701422545558
149.75980033500866,111.15313099120796
8.443852857409802,176.58451370089332
28.562714998269414,114.68688169996041
91.11723279041439,99.63356814327602
45.33907019992978,142.88678109911893
98.46565123167714,129.93181811122525
46.047202101567976,161.77938006224196
188.41430226663633,146.65593076487704
159.66077917616053,112.57523509906363
188.58494817766456,77.31259697399541
64.46212506301714,93.38306713755252
182.95187104297636,144.50676457252123
152.26097057995142,158.47160845433072
193.59868918979086,114.37963712118483
183.3084909642383,91.31814908982764
161.65850302237342,18.98506461923617
170.95226377352918,111.78953009206141
19.24783483126095,93.80653994037904
189.68649448115434,91.1987715873217
38.99500068576698,117.6197222876103
38.61604652043259,60.73777730485792
13.118385904836956,134.1422664824846
188.23864340766073,54.558708543270384
136.738675887084,94.03407414360858
173.66079605758495,196.8559154512091
62.43164429680285,195.10092196408482
25.039026853452924,162.6045706123825
109.77052260599785,165.22223937627476
6.8805587461798,52.341867643476526
105.86628365788131,51.971029756618215
128.56374383451686,9.94093528090888
65.26440657039468,18.985970029950987
77.55968683945115,172.95207081389458
12.949516819261214,46.55167640905196
125.90880526320169,33.30324177454556
29.42669555805576,46.60868247897938
194.7790619119118,137.8046214721289
121.42294205340627,178.7359097317516
151.90892372535583,102.56463823023124
189.5150534068271,138.86738729956082
110.32747962586828,187.92794169960837
12.906066241421492,104.94823496307937
186.11225020586355,38.95438067734436
181.4722231213358,70.8901903736154
10.901042471484963,96.70384054078497
16.948887035282933,98.43221439996712
92.15113395905315,22.59916925808806
179.54733364777016,187.6607837526054
128.2950520193318,60.12026196355136
87.12587980928468,178.70564850094593
169.56758137692114,61.631937281204166
174.34324603746617,53.61382694504308
105.97471483537001,196.79970969246656
99.0594999458224,49.78545777428108
52.02584183587054,195.57407905062152
7.012605802736687,42.517529840779645
119.78759641320545,59.89067832439379
23.847042460895896,35.69390324144995
52.888393339715805,10.563409103150661
123.80202202919004,171.56577573627024
95.66553373521803,70.31372440390109
58.12573156631744,18.563292404173495
121.82953162917073,36.662320495292256
52.80332740067346,69.85760251214323
126.16096301027957,18.513040724268297
70.43063041626536,37.77584885477317
107.39089107631266,190.12493690601434
91.61230115038344,5.03137170771463
89.83163985259587,130.82397417596158
28.262445822061046,116.20329597120814
109.18220378339039,28.143043229086096
43.635633253995834,30.840044292029813
195.4389703387788,11.968884363614206
5.289796699283829,151.81879852166324
101.47543514920915,186.11786614715223
60.096260860360594,13.237312478967512
103.6553731713246,59.82318604260657
120.02178340436772,191.2957366683474
70.34338685591774,75.42263467382062
118.64244401352019,168.1308999588054
27.226077743474153,38.7444098051999
101.90348482694671,175.28065881740133
196.73608814123077,108.77702117797942
56.69685772422513,166.69189957608523
14.767034942875808,153.40939267067395
171.50855524723312,163.16882752774518
143.44293168929718,180.86765551962125
36.69547008263351,185.8766142448929
25.62400931706288,146.98613456145878
171.16741785504558,46.86783834526214
28.5960092802001,16.272412885469077
66.6728896818084,82.3232743074001
90.27134818187768,94.84229058630329
16.262667613401042,38.286097010864935
23.40579142342302,48.28223953476933
38.20141629754773,176.12321226375363
104.93992107873731,20.46347154526444
44.663248535244804,141.29287095780074
7.713262689720948,143.15083001257025
22.228936197634383,95.33115266134618
55.179503983404096,15.437007734800131
16.244654198540776,83.42503136129308
180.033613474811,193.01288389055867
11.982465040149846,6.748905287182325
156.26530766681248,135.7690269071733
146.64751157180615,154.57009522791844
65.3169790670543,8.694852427388888
85.36527674441528,112.46941829405225
91.02056375722664,26.054098971668715
12.292318479369767,28.198405867305173
192.1631170487616,9.370976690749085
182.65172692210555,158.79865280216723
92.36192371204832,121.77517564558059
161.38477309818492,108.71752009824245
26.203669938315088,43.85460750204632
68.28835824697602,124.25211506754556
151.2320489628109,175.7096438358493
130.46868400650885,5.304403652734578
127.98554613313834,34.07933646500908
35.014365362083225,164.44795209029428
61.69435416075624,24.864049053064683
51.38037609679772,186.1872051433466
155.52812611193085,7.055230003602707
95.80242613947689,156.4134916033601
180.30556281212955,86.02863371862664
74.2488550687686,188.6523192667494
181.08255932047786,36.125427906747625
156.30477668479082,145.23051506401876
185.5377078762079,160.83795145926345
46.28191942300566,156.5206132928429
15.20158271249858,28.242981578987475
92.72351503889445,151.42150399865815
172.22977329794236,139.19227626522445
47.12172728704169,57.206830401734265
196.49673726141083,150.314842951591
118.98470022472691,14.912950231407851
80.36082309185696,141.57774471554322
155.75045173034584,89.0200312646737
118.93875531862005,95.77698509034344
69.72995110074525,58.21490367688357
74.98956340703441,167.1245762220561
95.24616149393755,30.602148284088823
160.17219854865442,55.046549507801274
138.42287189972077,164.76730155730414
122.07264636057462,55.24019498439642
61.28552528569557,173.78947097010877
65.72825542928757,133.05945890465324
152.56397864833556,191.99622910542547
54.977294042369216,82.47730958527889
33.496928227031894,80.65036906840696
30.517167869245533,99.7861449374054
97.5589146922433,194.85562975918847
120.56036288937807,100.02087393296408
141.02878098758046,132.05504718895486
174.3548295659714,108.75326815290116
122.46048719149763,67.66557497936344
108.38579452283089,121.70489295051539
170.18717000901728,132.60984311790068
80.49916686564299,132.75675713821403
32.49114055767512,45.02992328503031
64.65705598506112,49.92451359820497
113.41355537068172,12.975635653244431
54.64368046673813,101.59156992122104
183.58119881152007,40.50896462290586
37.97994485035668,118.04264889976336
52.295819075010336,193.3008474366187
70.19254248882889,108.7175359807935
108.04798589310029,66.66947566507596
132.93072408628734,122.31005808042933
113.84092379949968,189.98537011640713
181.0954695058779,17.40884138751135
169.6383066891383,183.12626399605574
28.390594030261177,47.39973077461482
134.46913168472523,51.442759146810694
69.27357769398964,134.99697946780464
25.602763610930417,191.27179613738068
24.8608510623321,150.59127613840016
37.831195020083754,195.62755707423491
9.339725355037244,33.83058291212541
163.23675723284674,53.391058593405056
159.66991053504475,11.495395323724837
172.3898389772669,34.324744605486394
126.2248736322798,53.967103733985255
77.54438762440708,173.38054467224077
86.11584947633733,131.33282398034737
37.0796503645697,176.131759104566
21.948565897916914,194.73812369639037
117.20579359713614,25.77190429750694
172.7719036879812,195.52366767261236
139.06420593798222,179.38263664400063
56.94566718206476,96.43719957197968
153.77238867054962,144.21196509376392
112.45278705242849,94.86394728486088
190.83318935084895,32.67597241181238
12.569524692932362,74.92186412774066
26.74440561096192,167.55448375133508
86.44787617141927,122.50604785973508
129.90601827773622,189.5876559787576
146.56921831629717,173.05122772683586
89.37843658445567,92.37892741283501
107.78509428670716,35.54820570279205
190.55320292588863,68.57397337464083
25.87243816285813,60.93712463702674
101.22481637504666,172.83929389139632
196.44664956916935,24.183573087755224
97.22723912725563,43.84447633343535
86.3996518175169,179.13830003772034
95.9037429628459,108.36917420882145
166.01329290420753,69.59136136845157
27.403682039134384,131.1912586385301
43.336717478051995,39.647097351120735
92.92443782496505,10.186396427947852
60.920042946301564,107.69532520823105
176.1914005016727,146.18018184763403
128.21444423852049,48.51748264102747
50.67552922019399,183.04957689511042
140.66657006603396,134.36601521208053
95.50718416553374,64.75254932476021
94.23334280178328,53.88645105142199
122.73124237658405,150.66144204573314
62.20146629640761,48.284174180963866
145.4202895255906,190.6949911576718
135.23768623773202,143.40546055756522
183.26768859175147,14.378754999710914
190.18579278057612,133.08399792365776
16.087908279053657,135.76093312385092
167.5803626553123,42.221545705370204
36.68028826469872,57.98219085381743
51.123185998545665,76.9216396258702
114.97486895954488,103.32310591731444
102.0904995451727,19.54581353702024
126.94181266804229,12.336699223453087
43.085847288065786,134.04154203152797
17.76047722083673,153.24280498052786
10.550474179827503,86.49149312107016
194.3339206939695,67.86253423743081
11.397641109592712,107.18124050326871
62.195879696592954,33.062573809431164
99.42735923894155,142.65533785473554
161.04584757007643,136.74426342533388
180.1317229368146,53.451904545629084
162.37528669325602,103.10489711773266
181.93899604645952,94.48218788208943
186.5127067647876,150.36418834223286
15.53033200977314,99.06535225000259
115.0323323235277,126.57531594213607
110.5803637065656,166.04179130896517
183.87698692276757,45.55269266522798
62.24558910424501,82.63981510102447
121.43274690789937,122.41918859351732
92.36979411650293,99.55647111963086
172.37235529838944,158.64961218229854
170.97471194158715,14.73498635368459
103.08602750584699,196.41321932402445
28.5205639803626,156.25068201166258
30.38203702476746,82.11433979373746
124.31995349688555,183.71445300495458
76.65493376228703,142.297829881752
54.95714716051463,44.640509851204875
16.701277607527146,178.8222137337287
8.287208654471245,94.34218081426975
39.95733652251757,160.79042408093602
55.160808808621574,176.31999978358897
183.97032595338385,175.64661061084456
49.84536759438128,94.73778520367117
195.57630817984466,167.61624375659184
22.111103588677175,156.80292760327947
139.08919773480034,163.8450710297792
180.67202812355507,89.6149033305179
41.48307473684692,74.42968244005107
108.1006012316933,93.67405895298725
160.31061028679716,194.32746426279425
177.59310920571517,132.26749465187157
167.07155561020693,73.49344042061752
17.633279366070035,79.75097464148398
61.52920298586215,90.65829695501195
187.19380939742712,160.24364743779444
53.93215410546373,121.90376698995314
36.556391448059394,109.67483463238428
157.83624000520504,16.706637631380833
27.257762696837226,187.15730536564433
176.15232397053273,137.37958120248504
6.711795368093135,70.73203329515651
125.96474544009185,113.31619766308621
66.18747608662513,120.05340251890455
30.29533785198005,168.46725106347373
17.81433332743184,184.36633907586932
61.065780968165704,54.708988943855964
77.05263961729214,192.32987416083057
147.02223483807455,98.78552343642723
109.06999655789886,122.43488514386503
171.56967263903692,99.15695619305127
117.54201251591576,93.43467965645128
15.409775395193565,38.26504204901973
124.96261767027727,61.26717618559044
161.81140282767333,69.39925407400959
196.40236742636452,39.03543246078658
117.39827453784976,70.63990188731013
119.7520783770172,55.162887644675
81.33215954248189,176.11592990835328
90.52509524938071,118.5465493889616
117.38840946152268,189.76753652672002
34.853774767012936,43.802000632063766
77.88482980887352,175.67662988791602
120.67119335144986,10.100220423219142
145.502965394924,112.1988025089455
20.355238368258643,176.92312117059868
102.94662960354474,114.3201454073717
135.15469528615805,118.13224577419642
11.118971205934931,36.746842841399875
129.36075864052216,5.4094819471107485
167.4385184502184,172.87074932515247
175.1127960624808,134.80871343214835
81.43500325166089,130.0508816805734
111.31474398016431,143.36800909781306
171.07010817951107,96.30750723095423
187.38784401842685,162.91364586372615
18.954930368193867,175.28103418064956
180.55042558785925,162.14413855899102
17.802610010620793,165.61879365084246
84.16854106081186,156.94496836723914
39.71616830358719,28.920646403358457
49.57583335034961,142.84820232344745
144.69822854428753,183.92417212882273
15.279660212838715,152.79353108190872
29.533760317670684,56.54243497391844
134.0246782837572,38.60905023323787
68.89662078308119,124.47483502828968
6.809860849629629,148.30326904814703
88.02733402821923,180.51532169889606
47.29380106324189,139.22693012392241
15.0516482939576,36.094029405225065
193.160993206543,53.373705538650285
20.643620568732032,57.4906765013662
183.37569109899763,194.96410081903838
8.961699914171714,66.72184719895137
188.84697283081167,48.1834648682627
29.956830016246773,120.06728748192756
95.8870121677278,93.95099996910521
196.19898199234717,105.35192646242527
30.81425641157968,29.054163357532154
147.9963274336687,167.7663352890273
145.2468432593082,144.4328696163416
70.83369785463967,61.93268512910403
116.70862386556045,194.12607910190943
147.77126665701303,92.60352491148294
103.39338214040721,126.6055288527073
166.01806983235744,148.14522726216896
67.2941516877239,13.929691260618721
178.98106176974753,44.775245530958806
97.07394344777575,175.75651626607646
171.20958227496695,89.03240217319214
68.300507271612,87.35656237885313
114.0021155477326,114.85152068014783
144.4078000032835,172.20308267897244
147.1610763873375,119.89623039781563
92.00428953960272,180.6045365367353
29.408326994587036,171.3453217767839
108.16247945808385,6.086321474157752
140.61463665575718,98.22485020772481
11.028760357971445,37.89007335437928
38.7871323012682,118.2894886770461
121.38199633351118,115.80970592246027
103.58386141536705,149.82915413022968
97.070796497528,151.93296112385207
14.658489282356468,115.4381506016164
92.92883547335752,152.3426458359897
62.979709255642035,49.59584687672641
93.78794849907842,145.79194086643633
164.31838026949868,6.025600659361462
44.039913337949145,23.816396561614276
65.42710592139757,50.25610403096884
143.02772771601101,148.8576058120885
184.11472781520953,99.15335051846286
6.7448227984837565,181.0421499789545
106.86631580646166,158.09607075318743
119.97980738057909,42.9133702988767
142.97321404153413,5.019635027370029
101.56426337291435,106.97114632539838
68.41864455886788,35.565621618796165
175.40067416415093,55.30542650292398
180.4798337560452,193.01367318606518
8.897640060442857,7.535563733986418
58.75102616326629,77.17722684970863
161.88934975190398,118.62787367651703
52.99102936535141,140.8494556367341
134.79910923439527,61.72144378028624
121.34103333387964,158.9111010992079
37.47964599481618,193.97295027179376
37.635845372516584,104.8532178421174
46.51618114647878,195.00893409118757
115.1824314595587,24.834129563123547
117.41130470791047,20.39906563739165
113.94688707987355,48.97173061147881
54.02954312316723,163.5296285727027
168.93964163784963,162.70687381134707
172.08072089979902,16.51670679675749
7.012358584670483,170.568207693979
117.84297077480409,117.29673692838396
61.537658300827545,81.5886932655668
60.285424241941016,144.3557696504167
115.51675134292394,19.340247814298518
172.4994630298152,59.29013909079451
76.78077619725828,190.57152768304002
43.00048152160504,69.82563622223739
187.7403565517137,136.11488787618995
162.79161896958874,169.89304892780683
168.3394212365106,45.73884673084925
146.45001588427135,108.19720200142453
40.276088808692805,166.21109929847617
43.74343051192267,191.51475046284742
13.432154782296672,48.86850022637717
139.34360246906994,191.84302604258104
117.50308813927356,53.233168094541256
80.43093918765672,145.6344560315835
40.9491250653224,184.87426913089206
36.55826539956879,137.06307377926515
174.87395168487024,151.83723500387308
114.37827583892582,164.87958933780797
179.09779756330497,126.33187581067561
110.5601257293755,50.57209870207456
56.438669941531195,154.02911449540133
70.8686689214697,89.93536514249698
60.72515361733205,27.472699024721276
82.44364134071894,185.66874416595186
134.06947233583014,16.983407336292704
191.8281740110384,28.716120774018812
26.654606817694884,56.580502326246204
120.84621690264655,178.65135814987573
159.34715609110663,24.23771722332607
59.963296490950356,44.81490723270556
67.11305179334161,127.08780097287314
194.33685893491608,145.44955609261862
66.3021214400657,101.99637623190647
55.577760046368326,156.39834650419579
114.25446825451779,171.00726283965804
154.44617594807914,128.54561245941176
23.508925016111437,15.368655904078594
5.274318894521687,143.5689040346435
20.908293425838224,179.97908070308927
146.26201446489085,174.92205122649145
185.51118593482113,58.84078123128708
144.61174321500803,113.67845698018863
140.24531734802608,150.53318591251426
24.583811115253926,9.764383972349494
146.31999110118878,195.34668630661014
125.60422228918539,138.12510214188816
103.582018989988,145.18952121889677
125.50470104820332,28.897724373800223
166.6757490749605,30.983302697691734
114.74284974583051,8.938911026618543
131.3931751073078,125.83880106977793
108.74672412181542,170.05573683662507
132.36275947554955,92.54928559755406
51.15557753134714,14.939940177329916
173.4197787551335,26.552569659727133
122.15564651587505,39.13787512494801
127.89530639768255,19.14407849535592
135.49330604044184,27.44954124210532
61.731718335136016,55.714668649905455
139.84367586890875,166.4262374166485
45.58727803153104,27.926184739086334
41.92137207875437,167.97339016436456
108.41967804362153,180.39622941052602
17.56321856516018,48.706899162259845
183.98926485395617,144.47672631203685
87.64071683958694,5.3173756209831655
18.965227433174597,194.89289786178236
160.17121839073647,195.1097487273827
6.3586673252664605,190.05269088351542
171.08943842789446,173.68049872801686
172.09345646351076,115.288057649699
143.05655785580066,121.49883972196533
12.376522307979432,175.34765634904446
55.46386649876763,44.186564733536784
71.34776284582215,167.08715274135508
196.93568601783582,43.37588688323965
40.48848559614374,182.4078784529234
75.68644801683406,159.16143356585954
195.96790627654815,111.19744698688473
43.67736445560431,127.71530562438079
171.5794550242499,100.75100647032758
126.42036127689444,124.17538182356569
135.13117078053392,45.342027874095805
148.7603048122237,110.049981930378
87.48275002786005,171.25802901944724
191.3221662377784,192.50138884201928
47.50049146305015,20.92121246933361
30.637310868465118,113.12711191091988
65.88937353931192,117.84623252923384
80.494880196289,187.7862315041143
175.22990001803126,44.511066807371165
115.48485785048533,103.4653065897449
191.31730912063244,195.98897620211255
105.42659994254511,165.56041508155622
124.95520912189242,46.24875264203049
9.539912495784309,51.71948839990805
26.517442135172885,89.76534344293106
135.90171866100496,32.630675354985314
38.46727191080647,65.8888271839495
174.16962770405374,89.62039736591113
172.49556384536808,13.065445515567195
181.04284907653474,123.32015457042836
182.88851099575496,57.06533227661938
125.49751742480512,43.48630087038384
137.77087734642643,123.5202185354788
101.04822144141113,17.16523074466471
41.4061934608074,179.9818745379235
59.855319833925925,13.233899165514558
7.190204902413767,93.5988850432695
31.858642304580254,54.04585072247343
67.04887751137788,110.14218936918829
167.78127960713232,70.16738705652938
185.30660182070355,94.7788147066938
80.58344650274945,189.1510076446886
50.940052688415626,156.13331144216468
87.07189991944556,145.22765437560005
40.47434444818972,113.04408703834432
104.47101025986082,67.46437964916504
28.480449532480566,176.56706985877858
78.17013639277405,156.90955479034673
127.19633934454451,51.05822594576889
44.6305745352546,98.14514643810942
186.36562744375755,81.80177330213333
35.44800753596731,108.11868449697423
109.75722458545461,171.89234974135871
108.11808146892275,29.939271883756618
175.66742443629974,23.852583807262572
135.56783605202753,109.30431159276424
111.27561943882964,6.836773320013927
42.2640486257877,11.607914846540666
128.73552481659456,63.15952390994762
184.5468267955378,121.05563006515044
21.97698343150291,151.82907319733712
188.98543598482152,28.560702030706373
169.5261817638279,15.920987811127226
144.20956103557353,190.34396325053996
167.9687123529338,72.09400334674815
43.57555634147808,95.76400039798784
154.55156096331595,163.9200660421773
191.833905726516,140.646947331594
42.035988270425605,19.774590079524245
8.754342477246743,37.89380837290656
108.0466923027445,145.52773927205953
59.21463561472497,25.00044637209418
184.1921356492287,40.73339094493548
167.88879306512302,154.14151705448708
193.35618802926427,102.02535195353504
67.1230937422705,28.630469644291598
149.2186925471999,136.9290287809677
177.3657987563766,130.36386090117185
91.79181421221834,7.507634945670744
10.75954469215377,117.87635730192179
53.115370213055094,35.71478829502161
185.96948847888171,172.66553886875533
25.65738466011903,81.45029624885296
162.1573101051841,186.22644365935716
93.59316137445978,175.7388671999653
75.32425438436714,194.69103649228978
60.26888617733302,41.4005703832456
195.41488053662286,64.86519676571409
111.1366251340233,165.23450866671678
129.5724485691651,51.58026907842142
181.22508536385666,181.20204245103278
122.21274539860944,32.143556331054945
125.26064799997924,124.99454978499965
5.7825585220143445,95.69529278423819
125.59626211312624,94.51373413812036
92.87983609200815,37.08236812203454
34.893047032399615,125.890217017758
27.779567177284616,31.36253831254871
119.97739223568954,94.59688248994101
189.6121644567441,94.17632119990235
123.23117050600665,113.15283270282139
91.65645515099438,16.581591801601466
138.8772625478025,164.15539358947592
112.18688540099232,109.95207651162431
81.62582520508728,190.82011843482482
105.12318436537085,45.57055353458245
145.52975128255423,182.0548589287103
133.37236646364445,22.658078122998884
156.92490133924707,187.8592172200262
109.5968796164997,61.20077294661096
54.522214834915246,97.34102944667944
14.726000149802003,155.77353794874423
123.11985893776026,179.53118133163838
25.57664407354962,55.44081334068877
9.026138795162286,31.93183679176002
165.478361557827,137.3082797895193
130.5520746362461,45.77565893613246
111.13242171107164,29.301669511692094
102.66961651494665,15.566199033626186
163.02031462439385,174.18633418164268
187.77470473683928,17.988011977705582
186.933699530781,46.604473083958986
164.6727112838937,178.81932238469574
183.08298125850905,129.84896903723194
39.41196562040376,134.6327937085629
41.77174388935948,170.9267984720352
120.47770607667744,135.2486398366291
108.55227135683215,70.5474364587375
182.0920344157227,158.43719024173947
66.97434944971171,91.43996418660102
163.921355745934,69.40104580898614
55.06949844882566,118.81930805839623
195.51833312369283,125.5190414342631
170.43093001697832,16.09319115365587
63.31855229764078,125.88391595553418
169.84693563716286,63.56596102544388
94.79529721290199,161.7787689491457
101.1632909053072,154.84516310582467
156.53743438473936,9.239427817996436
105.34239442639473,41.38753904841293
63.76511951556306,120.10168577598331
107.6953996090176,109.12253707951791
194.2468114654884,192.173307433338
185.1009845184817,182.68116094134166
5.873317173999833,77.0785390078984
101.59146699541658,32.94470152908072
104.38465480742805,132.56898569767853
8.620428429019405,176.075139174187
127.42985599852366,187.88843964186051
95.88742400654218,42.18676899377741
189.2973164609453,24.965375931800907
193.18110988263714,178.02236524471797
91.05700787279744,125.27571246782395
162.30127607840788,104.16695552456602
85.7078797689336,97.21523411626568
159.74282616169967,90.881636871512
61.52448094110159,188.08043360489296
99.26078791336676,168.1276256766754
133.22464871489163,181.46172182316454
170.76604501644036,166.68284935036155
5.649503823995469,153.68963130358082
90.0806012599189,147.71589106486616
47.953479228894956,49.77262026281714
19.15046202981724,57.33785094709933
83.52505484610045,112.94628074485945
30.382355127610747,129.5564332376316
86.61230428213265,169.81115491427056
136.84644022567576,143.4547399280524
32.46328720434968,125.5144498171772
130.00168148858893,53.32354434694672
178.4840938192345,76.97680830745259
168.35740014239684,184.09442785683694
107.043294131191,53.27051767299774
167.4402822858078,85.5920766596847
172.01267332649743,180.36608880209815
75.59222094478076,153.50300089828826
94.43925619006755,169.36493410339298
6.13819119012857,53.73429774262714
105.8373310391231,171.41511231493666
142.64940144251855,171.8218455529479
60.791338127098285,91.34903125037125
67.74364541077604,173.72602159632078
56.19439686170862,121.07266389782897
167.4555393391288,47.325656483959456
124.201481475842,129.6671152660019
111.48791055654121,167.88726299255174
162.65556337275092,64.47026025744117
59.80685046210587,74.78342840312243
186.7661820628997,93.25424282791896
138.28953655976457,180.77564489604822
31.24302696846275,139.3457130505785
40.05282044863337,10.076485949043967
77.04836255139422,150.76185878019967
54.27574935487149,91.82298439363659
192.80696702074292,55.63150677879268
182.67540160066957,9.226751213600028
118.3767404341419,169.0660635090759
100.47785580747149,94.96012327865989
174.10990947930824,47.05871730657434
46.72388035560142,121.48736103786979
143.14118105916924,136.90132379093396
25.656789727211052,169.37744903788953
127.68727721823342,68.61308367223018
21.074003498342528,99.21668363110257
180.78232336062,66.40222302740551
59.830514829750115,9.216093257601996
167.94509508445014,87.71610034989283
189.8731842739444,30.538870992614147
182.03420736239315,77.26312666423966
100.36565570888892,9.28144817544204
119.50894210493743,62.43350032593996
142.24733968387,105.10362608988532
103.41008422942826,133.02381886430237
190.52324310291203,169.3085856809348
192.39728604884064,110.81932017838103
56.25379360027906,160.8958641780716
44.91648280797543,147.76567257053512
194.85412166665472,20.37854721121611
136.04595118097365,104.75464844228826
41.87615065902552,100.00200455118552
50.7053609984466,9.646892569853895
27.31778242987421,36.716384867392705
127.14164083112857,101.14256788349618
117.74406903641957,164.36534753852416
81.39471259104826,143.9371353357022
67.44026634768262,57.27258749999075
5.629675929561264,133.56257662689936
188.81221725749506,127.03109838503227
108.97473064327316,56.52008442003241
193.87158920072918,171.56387134774283
122.88767735781826,99.09569219711136
135.82531280143513,150.47424214989454
63.576136502168495,30.69024323177049
37.08333957141202,119.87497454975598
126.84316244104534,94.83137611218928
161.856050339825,145.23052532459056
121.40074795907162,26.90869541065625
155.092787280492,92.76244671863091
49.511043537658004,171.04019254357803
49.100172966361306,179.6910740646414
176.27341716862995,196.83854179069743
83.00490207322207,156.56625709526276
29.427626179892822,57.87198300241562
188.08302492731818,9.275021922354366
167.72652667645573,161.61862478493035
49.11252195159668,165.90561984588393
136.53214404873918,96.40937348157775
132.50036068075576,131.60687632275415
190.93628708042377,106.41012205006457
17.428893486775287,71.04389068828515
25.29145505740079,182.70021480014492
111.64076272829962,64.13073468179648
13.222786227777705,94.91064590227786
157.60058512875995,129.26433074034549
158.91153360258195,9.436165471882452
181.30538612887136,118.55095811685801
171.25802656938257,72.2241964900939
121.9934146568804,143.96983336041168
145.20799223836002,113.71481861741178
149.03648623809497,138.8299141052771
142.17848657085923,156.28640130610344
84.18169116941303,163.76120545962948
36.68648174250331,101.5237412530618
131.36030776841312,94.63700557537595
124.1408983576353,108.53522319413534
186.23437855423794,84.23638945009701
53.09055221240758,26.772545283525574
109.04983188664131,108.8774157359265
139.14245795424338,153.46929915042878
20.913187108799978,166.70339865695925
16.809271034962705,19.15418318554556
129.86590218729202,20.278001677344964
59.186060089223425,39.38754742931036
43.87048141661762,152.75476525501546
58.37400097186716,112.90530278024322
180.5421650102932,57.58753586582716
31.31679575735134,92.79354785478439
175.61542215155774,169.5975343105759
22.466089009868792,27.460851787198685
30.599858647449764,85.10310116545686
128.92542483265515,40.201041739951705
19.517008779441028,23.121429183554238
125.09223080142279,137.68695083487185
41.403174935563584,32.5199542626037
112.70820049707362,183.6442540854644
68.80198845844906,163.88042182577607
90.82819820863308,100.5691145215235
21.77247749832013,69.90555777951634
194.36013310208384,7.584108564108206
31.986900466271617,171.04286563376374
17.320738206482854,43.175315001292645
45.02480837343252,160.03490819048443
159.89387827309966,148.20122616733315
158.85290635307697,112.80645334545181
158.94058053766653,112.19828987286066
98.23431689122968,158.96012658209207
154.3852445327762,119.07564229659516
146.17680147117377,121.5893585667912
30.985226247006903,72.11270333015914
95.84500349851437,21.045457299115416
165.96906510583213,37.7269535101249
23.466211880033583,18.353007093059947
172.43069542566568,135.97133803640625
125.91997846052189,53.19494114062716
155.27273071556047,156.05771683298505
54.64097627570606,45.045810661538745
191.28757499354825,77.70024699282082
96.73664412385787,64.31186202400039
178.03549273690086,78.38132992775722
36.01309594884317,78.94431833044446
82.78620898628871,128.02442348287033
39.56662885417246,14.175126989206154
42.07449438578479,101.95918483181823
125.1319666276271,94.67284232445279
193.59801081661377,168.08329871291633
28.411671292660703,182.03683907339462
137.48405196793502,144.97384826180993
113.79011519629607,182.45306898854923
145.0604824094434,189.8728838175478
93.52476109531004,194.55590218491406
90.21974595457613,190.20167788548778
43.79943680484682,16.553589492501647
10.374868086764923,175.0856126745543
30.996430793332873,106.67135368179835
154.12626291449575,159.1756628812481
175.83866162791767,40.70261630909995
172.82042212284702,144.3432131298128
117.7132041291024,46.43394415456836
23.31940504883171,178.235697520598
55.755056823094264,162.46969018665013
123.98036885881561,123.07024505781109
30.268160451968306,84.92380037924639
161.88093280665487,157.20767316864706
174.63392440736106,192.27630571188845
65.99315029737217,77.56070679850004
168.15239280664173,188.67754747297494
60.917233800601366,142.14026266583198
30.8151804367933,56.83847068920982
85.58121617987803,180.61690413129324
99.85603675383061,55.81793369267671
133.33608439975544,171.2983152325897
98.9887088162953,42.14305470445431
126.1362980295679,70.92066117752675
28.359076808367757,190.47642180091094
54.23201409106625,46.98638519694789
98.94927844337752,18.86906880318219
58.376602132239576,83.94211292652889
97.9422936719343,37.219185344504076
116.68054713743504,115.36559526553931
58.91622934038422,128.76176732137426
107.01008034341345,47.736279240553905
52.84407040488906,91.22233211028106
45.63231763746189,118.67894135208736
50.10247923569599,113.97394859528339
25.645405173391506,39.22296547748815
72.49185684418707,153.233522205041
44.86477765758177,192.03066340083197
102.42736673875052,64.59418846385131
102.75234235980848,38.5074390367535
108.87654951409434,38.383924079136925
181.00907798824514,169.67167521275488
92.07044044115898,122.85893436885893
92.75695228374536,170.48032368121784
161.95714462537293,52.2029312962957
78.23763325554806,163.8673973575555
142.24873343031717,100.80260711007078
149.9086735447127,112.34059650232997
176.38138403188867,189.37867931091017
194.08483447761878,41.85875748075593
118.97478297013348,14.806158995287085
145.16241247574794,115.09648748308211
27.472059466726254,191.4876404392705
57.252790650809715,118.44390634639562
56.86959713622802,9.081300766232937
60.317666481317794,173.29161401598162
183.9812968454883,56.49084704938495
12.958646938081522,154.68709448245872
50.828372029625136,185.90632931494144
149.9270178677792,196.8765277975886
53.21667324211416,77.04547089282102
100.02092181853217,160.47993413635203
53.325454711109536,84.39417384450522
92.85759717391893,142.93418536074532
157.12933295092685,97.35342811236742
17.35249494958136,174.78517229550394
109.43284765446396,26.67562555418283
179.33938950972518,143.50228439111584
123.25320934590185,63.05017951760836
94.14456652179987,11.774104127382754
41.55824725366652,131.14335387146676
147.98808191944815,153.44652592714593
52.11911120728238,192.72040043778048
8.017293800211833,85.96233607232668
155.16080004449742,113.68544637618542
151.53042815864612,145.28728561129319
133.64393829679784,33.6794057722147
61.57176011124076,186.59717705901824
127.08745741186002,31.47525600178142
10.28351830560347,104.59853279647963
112.87040680595321,149.64941686347407
40.99266253872494,91.45527541554291
31.044648426779094,42.85996768353497
97.1905235577504,102.9764832109308
34.128199543809075,36.7544196725969
27.450580302451858,172.12645518944723
171.29192571228276,40.641510388491156
122.04377222129307,146.39720116990745
157.7592497515733,31.133183926750924
169.18831102065994,61.88620438444072
162.55234979108664,145.16750450124312
98.31911797530711,132.71466841113977
40.467027037150075,181.18972901211862
79.99027738454608,133.2576903368411
7.780559328427962,9.093768410935223
79.57416572828113,163.78497631632126
109.72471239466431,65.45229216272001
150.7688111359019,98.32281704861761
57.41853107820594,162.38618813188899
22.78020753635964,122.49252359104734
27.12503609620096,63.531668291103614
30.38685960000596,162.04655324653555
9.751446177307873,39.06942449518816
151.71978107035196,132.9895780082277
173.3107085745986,43.656905666529404
122.41413435850015,123.89708274090708
176.43750349908967,176.56134682543657
161.88884074438045,157.6846234757794
101.77440209453943,129.81880580003886
163.29737686488957,96.37661471146899
48.060262238394245,49.09527719175545
42.31289685969093,23.86261456611566
115.16276058540231,20.33324558147812
129.220509703888,54.075764150246904
56.54036786532911,138.1544213575274
40.27562204635125,186.5927083352041
163.6945527114959,85.2362036256698
148.15543515308175,178.7483269402814
92.031083526737,194.77071423927924
75.26770577084355,179.71666999419855
160.1495331656825,141.94489728736002
43.09025117121877,180.30252908406715
187.02390243951888,22.30368278900564
46.823523350046386,69.64270710188156
81.32593093920332,174.47754884030314
80.39699129846119,167.93540282706118
34.92697785748099,23.45073197554137
57.67376766906332,17.6965971978866
5.47989725586362,193.08468954729608
152.42761353204082,122.06916070865347
28.704786120434285,99.55527827609282
5.685693435098232,12.764883390221245
186.67788996338757,34.29217268707355
158.0307842793378,90.43759801210443
137.54026462603028,192.8409802160698
97.66557783176421,55.08746260205856
183.73809258489925,102.38495445171426
115.29110935015235,57.846712780175054
186.42822030649737,71.93392965767073
190.69322439441675,90.0853845857815
8.21731843205144,56.48329159729799
92.8278001852037,15.526837351874317
167.62378017879016,30.865990992467612
167.31148346660478,149.0440465542143
193.62798353316222,141.21743200193723
89.8615534997257,167.05313205940934
46.584422327108285,74.93565883602247
48.74797993093631,30.947875091260656
97.50617882230863,51.97742752953768
125.9506043825371,170.85118179561132
6.494705393887391,104.62083472559067
105.68696946796744,9.499820473657545
37.193136491053565,26.533509829199716
107.9334154107057,171.47834408604186
134.5911688703095,45.666654606940085
35.636830196183936,181.96055866714514
84.44677951802178,173.187925597044
103.89646106210293,71.11452865323982
82.22534816721752,96.7439178636401
140.56986269939324,125.80534635896844
145.67560164536945,153.24975686735078
20.063017299029095,42.13328442750001
185.23031373009715,153.4988973300799
192.22974962217572,184.77800556154824
164.52172044755198,17.811559048200255
69.46972946297763,45.19444327693919
67.94346384358465,48.56442499005545
87.80311729034557,192.75846929539188
5.8024772061883985,103.59627357324774
186.74186200788532,95.37110455006379
48.271279588739986,123.99000061458922
60.53159482331702,11.021623213144156
9.876709188252617,113.70194307584909
45.85513758086421,185.62381108773127
177.37302058187012,145.35426217610834
102.26316526832377,19.61200902187878
128.36601169043126,153.18628296205586
32.481419387020196,166.1440969000374
159.10652583368517,92.02104692151158
29.071793069814934,163.20181141400118
25.291357412392326,169.22259197378253
108.41127583118205,164.06122118344626
105.05586240239484,133.03381480602857
181.28182584765588,36.58009944420463
21.494964904249017,8.536904518275179
189.04979744297833,160.1685355876102
93.17761767407765,44.74338047588608
193.63056599006282,8.450793819188744
158.44679218669276,111.80751645612263
5.629056858480779,79.60852174203748
156.7288941376441,183.52418272549994
129.31505439842624,189.07996602437925
109.0919874591348,102.22781496664231
108.77140776280675,161.01053978148326
110.47381439709345,191.49209063894637
188.54579582173943,98.89256041109115
129.3840883714402,33.29446261698711
49.70406392384357,8.726929424413257
93.07521177794399,170.07062985640704
160.6359074850027,38.54189060828921
17.745524241478453,35.18215658024232
125.78557185188592,41.430682506076714
188.41918258901896,194.35994255473526
157.58292356078903,7.200391086861128
47.609027773159454,161.44412970816248
172.18405102220763,116.49451494118753
88.00256694553582,112.00715804721241
85.09228376674581,196.0253516842463
28.77824102114718,43.948325593381455
138.0731588711579,99.98141290385009
172.4795648237915,184.13335989175138
160.50671936196474,46.26277485334421
14.796677160977579,76.10713485270084
170.55852086664603,196.95361791045286
24.271711887484233,79.00802625512215
146.9100204268631,185.53439290924464
120.14734724193664,11.188472102771863
12.428804917953247,14.318045500633783
33.15843703982096,57.407350115646615
110.1687299285136,21.963662295134046
6.3704191372551,144.13310206732135
195.15769190341376,63.22825339459937
51.69272122499804,35.24474964473191
31.405761526067003,148.35156278456657
183.0553117549395,23.3475739872082
21.41130393678421,192.81454802346266
175.32787279569996,46.71940077155036
20.60907969719703,39.19442751049231
158.2521228966184,128.4824893359526
86.04399108205125,189.3773115503015
134.89620710532142,187.39045891545337
66.05860686161182,189.98001730731093
15.370380989301065,129.71363176368533
52.20639623216468,73.0185738029572
169.28320072698563,147.88798591917356
111.17395922524355,92.90915622738954
106.77369263271609,172.45720692285178
110.71212315496194,111.16120547058873
27.899985297759578,188.90778632038825
112.18791355434261,142.16365284966548
36.42544668903441,53.65359289522033
146.137819942971,185.70407631428998
120.2614156061071,66.41193307242223
115.0511321540535,67.64312980711163
171.68448828950397,158.55079922074893
26.64579143661295,23.29425753133913
86.52462069578243,192.54015401727094
16.54578617888758,113.54629497679431
148.0461191413158,115.0574287207852
176.60560660518175,116.6234522326355
143.79066912584787,118.22745072666736
160.77307096614268,101.77156074457136
67.16596458412847,60.137651471443085
35.811607520160145,64.45107297683847
85.80982906223765,102.04628935830047
184.31892118749448,102.80002636931414
176.3546136449988,135.75645449595186
126.35776454020984,47.88886365417196
44.19597410071235,20.406158839640213
100.25616957646828,46.50896786062606
191.5792172388238,171.25993451500588
85.98636906896175,133.48262397039352
159.8945472314668,182.41969720676445
176.88410693101278,192.89573414467486
181.5732784958284,151.3441419013056
169.41491327248494,46.08296862985935
18.05729606867768,73.14254447622305
103.18329885146345,180.43600800044376
57.319737085037644,22.196846350700277
167.8803497519332,158.71299077485781
32.03905559811218,170.43776976689134
94.33006763223976,71.09614371289143
194.82572975297748,99.16669297566311
179.59237622002465,160.18006787771296
137.9154301897178,147.2373417295339
111.105076854102,24.59551681202771
72.60878107795499,115.43628985747381
37.76750239409497,62.28385939575793
9.709438565126993,65.75801984501635
24.34437580773608,8.369787806509592
162.67280631834555,163.38674024723986
183.98467064608326,168.15397320219452
22.339626675009946,126.82642472343706
111.45582115162874,54.57056955295542
21.46998252618095,48.84524221982211
40.52650318362882,165.17286182688707
124.94702954990733,102.15845393238602
28.720613971024964,143.97007979509146
108.58062651756626,29.205969914584188
118.40306673956736,39.390051997833396
120.55922897571044,158.8358723378184
181.18910271138296,78.08813529239116
143.4357964394103,121.98796971109435
29.0158014651731,192.76143177490076
181.09190721888748,153.41349973292517
41.54293819030547,82.84067884489056
166.2579926006317,53.900837970810706
14.331570634173827,42.56215610417889
158.7158185674155,13.852512712762312
138.27708355833775,130.287274310506
41.04860220201506,22.974460194876585
105.63734906837942,37.4462706934821
10.626089263876155,174.60030230605793
189.2651800849204,142.78100838554005
12.817162096332718,64.18639163172418
22.76464647680387,186.95442477164144
38.850128427131146,150.68533329885713
190.2339577436771,177.89249716987447
18.4999203459295,95.99577327520784
111.37565616459949,10.079843130156117
17.63000478597947,90.94583337510396
105.92528815281202,104.4485524788219
173.96701516190856,104.1532220458582
39.841204414819316,147.74061078775185
12.201558444680641,6.265891102890096
145.87149250568487,187.43233755151135
166.15093155061135,147.63710619827933
156.74898275486535,32.51063335877704
75.86049795291046,151.17960266804602
138.33929744596267,177.04657320608686
150.92372031283688,146.41029655808885
88.14213425638641,170.01984911137717
128.96348081942284,113.4740930556888
84.779877873467,195.25239704540607
54.698681762385945,148.9143158608917
94.6901121869859,166.02644974324735
156.85359671834775,128.4485832718985
168.21546715915318,29.898963850246144
5.0213336823620525,42.44346607493031
107.29192596037244,110.78365745636371
190.9462205566342,118.59787566226167
143.53569820980186,140.28797520114756
177.94330422795866,92.3147588487064
122.36799532513439,100.18071348773454
169.47572726260907,28.034281173295707
104.18256297836933,132.07635721576574
189.4359992846472,83.55951480853176
169.30697417512803,51.0023242431436
128.38278421839303,92.65799138891596
132.60376077203892,194.5900046622315
58.83024580677118,161.09705843668854
180.23860814142967,113.68584348573087
54.072496486493876,133.98020632854053
9.919945296046418,113.05404143308834
37.68757786788204,149.67640153312294
75.32267295108387,131.46610661654748
162.5090355865703,166.73099500934165
69.20178675848834,173.36918776401106
52.12759860532515,25.048208880381665
100.287277403897,162.50216133022758
107.54024871837231,165.22443505634837
157.8273187128891,188.4473442537107
53.3538115202922,144.90528227710712
47.630716672611804,38.604265661778975
110.93316241947586,178.89388117410024
190.3973984766521,81.55127451912836
171.6862887689154,111.82406124118053
178.67395001212452,105.47098460427036
101.12315823106488,102.50608203061094
69.2836726443443,183.84569032858923
27.06466625662151,56.49377908573864
66.87906146918988,100.75054561202226
164.5841827383702,114.88288068561903
18.309537622415984,34.80192219857794
64.07004007306566,63.203990646459026
40.212724423543335,76.34057664181918
168.9582201514356,166.11976877164454
95.40038334418485,113.84266866259019
156.0340087830663,32.07521173799186
129.3112512168668,147.15533283821375
21.44268507762684,107.05715496319328
41.249641580063276,44.2382648333788
8.621138868475215,37.70568031714837
54.296858390805355,164.88535305591975
56.46493232675715,174.76958435093778
150.7433519881929,117.36542547696745
179.03437830749718,167.47968682799805
118.62900208236636,145.95993272522276
192.58248755239086,177.1561084557131
185.75537828018057,90.66334200159305
75.65205677610223,134.95093035565705
157.92258716205728,67.16090160220483
176.44161858943247,39.5875954127732
149.91214831101308,158.24923588127865
100.21127269800871,160.77809845847028
11.749036567088481,54.77853528722075
49.80634859260529,124.87810288148711
185.53553465195208,43.123870634614306
31.989623764493388,34.15858437323702
114.59127669399277,101.43694475276882
91.21456574963747,146.4908157623085
18.271806012983934,106.83921207015607
47.940256841824905,39.998535353599564
119.75744030272634,5.772480951373867
12.437680857948582,161.10483566401072
170.43333018189645,33.67772064111233
171.86420533160475,141.38368299212033
177.89859859509193,77.85300760242193
9.744887345191998,110.65003427934408
157.95881572258506,39.51836584153441
10.437245346256837,11.226085084685021
97.32793531649149,37.328113672034476
125.76399668098233,93.41500300294598
7.252083766883754,196.41174374546253
19.314376012702915,81.51005407319084
115.08153012006402,176.39486917618703
180.00140181690605,156.47048009267505
105.1047843607938,171.7678948814216
124.18413237893265,118.30456224082778
92.55609048197896,113.38497841939488
149.9457377850987,152.13109241203952
74.79961332514682,149.3335567626868
129.87170054756842,148.14731628370194
95.75739870094891,50.405068630222104
163.7592071568137,152.28119582180634
181.59743434075614,161.06703423099415
109.11938492704286,109.73615149348679
24.436656998475655,12.107882641135326
185.3797762056327,34.78829852612641
162.9082665218713,46.35391934926619
58.33218611868315,153.56344327900473
66.7642722403887,112.88898631200435
77.82181472093772,182.27009297271658
30.19656157634771,143.9432885535043
129.8667580504738,124.47199081564276
13.530159304035493,93.45413502937727
70.21476928378814,81.00125238080273
18.2994044069767,196.8935557274404
126.52243121818466,144.03883099527673
37.48627741389518,123.1008897024415
108.28959939913159,190.38236613070595
187.12077019115847,91.12133626198315
15.285379233712993,127.32208380722923
64.61397654841107,165.98709635903495
115.03134060939273,70.03015440128668
90.42309270100264,170.97830819897757
119.77968520023231,43.385359495411706
186.80916176718665,142.30384867410558
103.09805983592183,68.07224338841908
17.34487081325316,24.359446446218477
24.534009081486303,116.47283317799331
138.8532146408384,160.04751139143752
30.368541652198758,111.95309095101307
39.42815445832923,41.1147740304866
181.38903727273637,132.67755968098726
162.8121456081869,42.601785817737266
176.94180556910806,13.320906181212377
162.5160754536911,76.95378790590536
112.10493872912399,154.6974489229513
75.55728558537437,134.88339899808923
156.80188601689068,145.44329486276752
60.72999967571039,108.22467353068514
177.316340995337,40.97338572026024
185.50531729803484,102.76849460020269
114.31282151505603,49.651992085683595
120.68352299284912,61.16235072967436
53.2989241508304,131.43960800314218
159.936652056542,49.37771434388273
129.09476967437234,9.4923698266066
20.409780039555518,41.62650153372434
106.03327155059458,69.45445888531181
187.69562672871487,153.64808922823488
185.61227013863004,167.14662983006875
35.62943113892022,63.57296692608037
182.21814631675068,72.75721666129536
57.819797816528045,120.55784316277432
37.76052714223548,102.46924370322479
126.63283191227085,54.10447213426587
38.190022875900155,39.002649433711014
119.64089195962426,168.48216725799782
36.4181575918169,84.48665128479635
149.43572957048534,161.19604119793337
49.21868129903447,7.811183105243981
61.7313782668779,5.135496127571868
192.39655156746912,135.2606413092589
166.28789133253446,28.703920371781148
134.3174592504465,126.68817136344173
115.67012260256959,26.03172367083817
18.563505151301793,188.38013063899575
9.191144353144159,168.9309259280758
16.262707095228393,21.094233260563833
124.75785486464419,191.26745227705788
175.47321036241644,79.17091898840401
31.705608344747098,154.52497655700773
34.698489698981675,5.0491550090079205
58.250136544055614,155.01520046086117
54.34510274805469,46.909749382375395
133.29845137368144,8.169415619240072
178.4264591152159,143.85430188917528
98.1409139623257,44.38491732668952
19.295069913299216,109.80851902262411
44.32885716112388,8.789777601046838
169.14995798594177,110.06653661891369
40.91584482247652,7.858532174473003
188.81865474972673,94.79458199621537
173.92212960904055,96.57314302080331
104.06654230780998,103.60281203103729
164.79917240612747,19.41417087983024
39.93505570308124,131.8292748756039
131.29096426391257,127.81750195654433
73.60068255979502,178.7821875413965
51.61987812649388,132.2264479619821
17.302538554554552,64.13373956235216
31.777621258862684,122.49340234449012
31.743977208239286,105.06794550060772
178.1294407825451,176.97192355428777
88.83934177410153,161.49104612509015
102.58202069501813,96.56101355661369
19.559678866838404,89.59372849748226
35.846803848171255,165.21569296140862
34.65260522442003,189.08317305978238
104.00607264487319,92.04924510170663
65.61390386855237,159.17226363625437
81.75479645124653,191.70207869775462
193.19433795391126,123.89203079676184
132.94341962917912,131.15940309240162
11.925683295193002,72.36086006001125
104.40894248983221,7.544148706819051
61.423871607818725,86.7814728605773
185.6676234838751,122.95254509649901
79.66695673193875,121.40338620692467
169.95843107153968,92.6838653346811
159.80765721071847,133.20057875376833
57.85980287727309,12.768644820591632
183.9691967196444,37.12560232020775
13.620274106675613,63.34643458201738
173.9121491757218,94.58400591991541
145.31093842446205,189.9960757803022
26.142610671498172,12.656973835911078
32.37782262764888,93.93741256978531
124.73493792671286,108.32130065049401
177.36390271342222,18.266920696639236
11.655006452062658,108.71040295796558
94.65344003203519,50.688018324966635
148.0954686038965,152.76828000813
37.96048010780833,129.32492679270743
21.044958660582303,90.22758835205826
111.60550061915133,37.918266828014765
186.75501243568613,172.61042092113374
49.789629273142246,16.73813161207897
156.21957485555032,173.3064274942937
160.10824463205756,180.99148426433155
58.38740531253167,193.8451709887409
110.22475266224934,179.82749284225827
179.7055054141024,133.73710426837567
91.66286771981603,36.3626842770819
45.72411096943869,43.79970207810966
42.408597858249216,179.28251529981813
64.03663848231112,182.14140189003516
59.42519164792543,175.7477507074089
103.99492397116163,161.6257223170471
163.1931793319042,7.774630977142167
190.99484343114585,48.01950260732197
107.53011497844147,53.41238396642026
139.24969948397867,172.22475775310937
90.1255932527357,112.0993934056991
118.61743594331888,106.43709522474552
92.5107309120295,133.357274946524
179.32591175315855,129.49764352861362
135.27601856014445,68.82492922736144
64.06273829328686,14.478301719668995
47.04093167728645,91.54978012482214
195.1149473374264,177.22220064624642
132.5329063197996,98.87622577322158
190.64911365847243,46.27335808061641
156.2195238630622,154.233817743393
26.710530635690706,6.747026882936673
39.1394721225972,106.02218039595212
181.6320609432609,23.428855743471676
159.32537509129895,6.962813379737822
114.39145558484458,185.02464677781404
44.684316408673254,177.22798489976878
51.064450932392305,55.34245457291801
132.0349042154179,109.33983339182326
167.67347933756432,106.95736299158604
61.59652463295553,128.02433792442974
20.512555388199033,184.41533001225545
175.44073690604233,119.90440438494483
20.169180015561228,32.06440415579235
21.168290631870075,125.84411346038961
172.67271400677924,84.18677276331276
25.965594868490946,93.41314563148158
170.8602839118958,118.6022748103283
116.52892643364336,117.91998296803305
119.8384526109533,42.693090628264734
193.9019074196762,181.13667213206693
70.17056171821834,32.44626888358027
72.31578565750911,164.1156442108749
24.039660040649967,46.991098293788966
157.5197953863458,141.22799162266682
38.60036112593032,171.7423488895366
59.33739778952979,160.8183807424624
75.74880950692834,155.38284741311685
131.9377953847508,98.44135679359736
19.447485836719245,26.925408799603805
145.8826545739036,166.46895708953338
186.53400492942316,39.358545754611754
18.852472665494325,36.441633876285366
29.279022697459883,174.38959719455127
76.15719404026271,117.13675794786151
60.125824601789695,43.56147809553451
173.25140154356924,138.03587937960629
132.16919734614575,130.29760357334305
177.94408161415342,113.97148653830031
28.47821149816396,167.9650010310308
50.69957905536357,81.65050659215554
85.62618974168441,158.39110296962951
160.32713026791882,123.14657999361332
92.57658837886872,159.25926925946615
61.757499338194904,17.159377950203403
173.93357124498505,5.261156377573261
144.20623878861565,173.86327786047826
176.77167635183298,25.473224540333913
166.8230726316506,57.36582312026711
127.90250253471051,143.68137036669287
10.863295334157357,55.36732561238287
191.59920134668428,59.63955389467146
130.44569274781205,118.78434505168889
181.49910424036955,44.648257117364366
151.3969358858668,146.3781848436431
128.11469203553452,19.878662254113443
123.93695529203019,123.39104542295577
186.6926061069787,101.53495773151438
66.75646863509043,54.85009306311824
76.90639822049485,97.64737441834723
183.71877982533607,175.30522355433808
27.891137113218456,13.060413651152974
169.78982442935663,104.37707212692095
10.69213132678054,130.95243084023727
87.11264058232987,104.11730470635052
112.09943005366604,106.42548892075429
7.548818301258834,194.79346572116188
159.77408279635478,71.67459904559456
91.35323941086565,184.7950032549824
196.9020747962345,90.6353325948926
20.237825563039028,105.53597338030472
83.42342279022382,189.14132300345074
38.26684614278082,102.24091663575642
55.29469560422063,32.296742417861374
100.31301288683699,35.76793742594501
159.2568130486165,35.2690370888345
174.90189985913315,109.20684488263336
66.16495029740616,75.86735121484946
57.9332098838023,174.60828111747648
105.4104028045007,16.61449709127021
38.94940606207964,124.35669494717081
76.30346157923215,142.18557595531234
194.76625998553544,192.60999831997552
38.22062462340548,185.17007082447637
166.66296218153585,73.11765991727225
24.559119657018943,41.79974761653447
191.19972432667703,158.3856910182703
41.659166928971636,102.2423740656836
41.41860714301196,23.481093123148618
138.82659675441835,150.05041632436863
135.98769891956653,174.43738195496888
25.209659694778875,23.302844437681067
9.73326839915537,96.12829916452534
113.50043191276269,110.37414134040424
53.254746561124634,24.227696836165748
98.13116233076508,119.27198727332933
13.369345961519798,95.13027007117446
51.95367352323288,83.17947875695224
128.90775720115647,171.3394331873855
90.69802190616154,146.32748711587843
53.41268735263367,73.02259776177522
7.773566012161499,80.4929917101738
40.51264139351174,64.22082515539387
97.80102224550744,102.40331254656577
19.873808096580266,142.21511596542516
10.171715865402495,152.23220044577573
159.71454795212026,169.6227800518447
16.553941052556528,43.71863733441423
113.87644275094536,157.43770854541003
11.174140682519164,74.59191632607734
170.60392865132008,163.6627920406402
165.75504890383104,93.92530145595336
193.2354231252561,176.74738163167743
126.65632266194994,113.0553706062196
152.77883097943948,171.6315769960075
165.56783083591,156.7596250667268
33.07895943487819,178.95646382773566
11.387179826739937,80.12775047670897
27.911262180261907,168.33316278699812
12.41778614502389,159.8895952536158
26.737510350946728,172.35722706875296
92.31537999680363,192.50406776646616
19.108900736764188,136.73834952572773
35.60924244576963,126.10822134395406
68.41641459072426,43.780200554697686
147.9593252376291,177.1973701849391
158.77438306131643,68.76846354574413
160.980383342332,72.4857326303846
145.2163266128285,176.8780672922321
56.47304094201523,153.9956325621087
108.24100109788506,94.03841762471833
177.2517569019879,57.77001379519375
149.24418065802521,172.28064070331124
91.8381753798831,53.63161455914836
10.73955728485901,140.14714958671328
95.96444216035974,193.03210820580708
196.423536024217,64.00634244012767
194.62557170362302,27.153993576167604
42.815983950843226,38.052234230343316
36.58346129397648,105.26455382436622
195.93664461155274,31.438661915429538
194.9250004261653,182.57425434362733
123.6304448733083,40.75198612023962
57.823597075142345,44.270371209539086
83.96053065290194,5.795575498225834
54.59184730708165,62.33296186785884
49.412955651604705,92.16499424290376
130.94310754410932,51.28179550509232
22.948618554463017,163.3131201714476
5.168147215725331,160.11499480062344
112.42999637853877,162.5005492642318
53.81947682968681,10.87043451493073
181.35514698770007,112.72612139644562
50.10284748947064,27.815385619051654
82.33409806638865,156.43599716824866
70.88262573570606,83.71443188869829
119.94411491120148,9.254148855727504
158.4246244389333,82.1843602605061
73.67697292138634,114.0270495330454
59.06793156938964,67.22183109510804
126.08877646172358,131.99717365329184
116.87113169507268,15.90872074346941
36.73338668794433,63.20944423210627
185.6675750649036,175.10906943264462
173.79448857930603,106.74024270733925
120.44493982198384,161.9482751439422
25.054715242400867,174.3287924368507
136.11813601045893,140.2921283351735
47.1148280927226,104.51360400065877
151.02358185880504,168.41477215670764
194.14284986099986,19.30949037239425
70.49255663542061,192.64198171287242
79.35684884054764,182.47270477303627
14.021723397007793,123.27911286397404
112.7226963728372,21.232426662961384
168.85994822171125,40.10195533824985
167.8122955661295,97.98496340031662
25.690884554085017,21.49435966497644
34.333641370098206,137.41871866906845
188.62553318998246,43.189170605690826
24.747272069963774,41.72574516042609
86.52171226983117,102.53244915315899
174.1763462957242,9.89093292843925
49.61528701317184,82.14864348868733
185.8533353937496,102.68363847508752
134.78126573158858,154.58980517343934
25.639607618351,161.60969801379696
193.99346032161722,60.37896326606242
109.08423265997338,119.13409038079051
64.11970460653983,170.49187700242493
117.34499097582331,161.93059762445714
11.428342766962205,175.50655531193
185.5534090545026,59.59111443288049
69.8201377032357,159.90821149337347
106.38793186824809,105.23111289881527
8.903190841529911,7.961377850708991
149.59076206697273,172.9204681116894
178.2823116857435,14.182138542816519
157.116966420043,56.302891757129096
31.127516965285924,50.36120855829652
83.66364326140919,126.88301597839
79.24686965694967,162.66702625024254
194.16625831054088,65.2220927355088
29.864045371531898,72.45045662757764
73.04005110726635,100.7002250710384
52.845656325908486,106.58427516025317
65.42958326640273,10.522419498913715
133.11445267200233,25.571474191012253
129.00949851469687,172.00261252741677
23.553810946886443,169.8653488673776
45.91716605448623,24.839375851125617
169.8058802598304,182.07745890531186
32.26835441336058,156.17231946888006
105.51345256542197,137.71020881470469
148.9620365753732,145.0488635646682
27.777135845322086,36.943637535862564
12.984611467935347,179.70744012635086
60.72019505713123,150.2352040452619
111.79093444801445,185.30889775873837
111.9494217933827,180.8410714424909
35.721571893701565,33.366574823001926
152.61938080314587,133.44470475832696
153.46528371929426,194.74595026320458
44.495592331221644,41.91484534187594
15.993927385387538,109.03760420812914
17.966879871756984,185.9541455498881
163.22573343954014,83.28703148322796
133.61057701379815,98.34542431751296
13.545561138582485,71.85969911219684
101.65119696404088,65.73199973022297
145.10673715142386,154.57740133915925
130.95409998922761,12.020833489224016
121.43939146676512,131.1092144321415
196.91600738843673,111.49894619136279
70.84426559057381,182.57468393812673
111.09739603481204,172.77962117776727
185.22154580973466,57.62787792096295
194.47540804682026,140.90500275274871
173.8567487580988,129.78657797860532
135.43223452710237,145.0920170319632
40.54556599666762,36.723121518013855
35.69851954703326,92.16294281515248
110.49313824605024,36.73871723381353
176.8199636409451,141.90133089875377
23.566609607745274,87.34249254080146
167.37918707335655,54.30017785685669
159.72186186881996,115.48790109243654
190.09988014851191,158.06204512806067
60.15074975423363,40.64133559777726
166.87190758984747,95.14487061389497
58.287424081112945,54.0871250798704
62.32577796806954,91.8703780835657
172.52072307930163,152.9031646500664
48.93138213538137,9.50658606484484
29.447485271682986,28.544015312052245
89.08330077381969,196.0087792782084
127.89081091340802,44.93506014510781
59.38993969970048,5.656054161567403
92.42976829455485,195.63579323513554
14.29994653405185,82.12078346258022
103.49914672225894,160.86077193847123
32.605550204248935,150.46196441490142
124.15208094706327,20.73235576200557
48.78292452528111,169.45754703076682
44.68701246473362,155.98558038597312
168.85236012083791,36.11057214940666
148.8943098261778,189.67941154115138
128.89248710289542,49.89009595043539
67.57303042755454,29.171654766918387
104.43978510206742,38.34178119416982
63.01621518775521,17.473249447124306
54.22848965398468,117.56010583009693
72.48551042449952,163.5753674371938
138.52059872093164,149.6068175379583
86.77670512695794,184.5494634820891
115.3557723031259,97.98164621911755
7.074538615574886,83.45593365103863
186.31312790400085,126.37020714247454
166.5403799913749,26.123224405266296
138.3235520481812,166.92336198100037
58.42762887168492,44.803649425508
24.858535752917195,75.11785313590326
54.10125299585954,133.49148196866093
62.39595333273054,53.307711722805536
95.781320640132,195.27870081322416
32.00064396838914,77.97520092377853
148.46556208810813,187.48118029782202
114.50679530277775,96.5040545455911
45.514579852668106,120.49892930568605
118.46053576912158,93.50953566985478
122.65297780303732,117.61977028787733
113.04666351256526,130.39178739398122
35.91047072441273,105.68546594506158
64.23714650695149,51.32256082824547
188.47906711706298,48.25195479435916
25.41145412439969,196.33233064787535
48.41387408279373,100.75334087562076
132.95978517180765,132.75413252643406
182.39014087319939,165.0933494432418
190.1399231603639,95.60106848128731
173.26806838335588,95.20042239508909
143.72419955604303,161.24536308222056
173.27147957319892,67.21014520601292
185.61855912943923,21.965967471906403
73.53926295535587,146.74272431055536
11.46669980856527,95.32966393743796
20.46612273018973,130.5019596745553
157.16802365125793,118.42903078840226
154.36268973307102,120.8205440432623
168.48161637491575,100.86552528363957
26.267911020244934,119.07593741016657
81.12872760621465,106.51672649947703
28.876489683977848,169.65785087703136
14.357757116299178,65.57461420327967
7.121606372500181,56.3098490164155
156.89632881901647,143.19542002125678
69.29026784432213,41.26762473263984
60.272652995195415,25.91513403376114
77.5717775891811,100.7651416421982
37.59133184158425,177.2142611979305
175.39736102967794,74.65130885515987
95.09284422623959,190.10627222636293
156.58580782365527,120.84540020744977
172.96010460260965,102.16460119775628
113.88118088964791,49.296672665047545
174.27535375730903,14.407129876751988
52.16672162802353,63.4574059913581
39.56058676307571,74.28560258858423
182.84249295434356,90.14347550251222
17.26048611230828,100.95603537840033
45.01847858718788,56.725409968192764
91.16032427151463,126.85081443269345
128.92375730822815,94.24853177275779
155.54226300150097,132.9522589514942
162.7437816127212,75.58790178579221
125.56263314099428,125.4384478755123
117.83425224190366,176.51010084565985
64.7830936991856,10.628415687795803
139.20983980196385,153.93253920130297
49.78697529840514,16.357857454426533
163.2110553565867,75.27437589124581
179.91221912970585,167.32561596185815
171.2636377967006,19.536677273805015
185.80461741829384,172.97718796500334
116.30170212395367,132.15358674045473
153.62528199190874,123.19517522068807
98.91571730062226,120.37898953142415
65.32965418800053,121.83337939613023
187.79513710172725,123.54726614754235
31.82481637298148,66.75807988492102
10.091209866116156,190.4168291082692
100.90814538210901,136.64956783747044
25.645030428676744,129.4479266621321
89.58483121967738,149.36122060094533
175.30714931479696,83.23657043551806
139.16527650097714,121.68860150628632
49.8167648751267,106.27628425292141
191.90731597570905,75.68390424911286
139.9550391078116,149.79089050405196
53.863243718596664,91.11856959326796
48.00023472870221,140.22416492618052
49.570886609023724,123.65638471420455
112.20463119058154,28.391256107108575
86.37929167820202,114.25869009747387
90.87646933931697,188.3446186040406
89.15125803597189,112.33015585889721
156.64921809199237,36.62235591710803
5.449220071571437,105.96564685397263
20.21600877859027,140.909078585306
165.4506390300845,137.7573687066042
70.80016361428922,51.127430548745714
58.955302858782446,195.08813352401862
44.442990745774196,82.27969170720327
92.17153895580876,24.654869921050945
136.27137015259322,141.5471936781133
97.05570019391877,58.71715276786504
130.83610749154246,42.637266194805186
79.70322246708751,178.57002844302244
79.61715083781712,160.1939176970544
50.328210565874606,162.47598807086086
19.433304840817552,105.88861697537381
75.07157143445086,120.4931123456297
182.41639136942354,109.29098230541668
89.70134153009938,146.86253643374008
172.8575285362315,24.078206840614392
110.02537465779469,135.3619930418092
196.4421509328544,113.32285249986245
61.11008135307481,53.91606325949334
157.78658095596066,128.6638317370993
39.66465002146056,107.98496843542242
86.02365362453108,128.73417206299482
171.66843095542626,181.57859524529633
20.007109100243234,102.65512391670892
114.72019179350181,141.4062722724236
183.0030687340115,82.48166987933013
46.54168537843747,8.699902711754696
174.61135169644047,80.40570049770838
49.75126906063203,137.83892050575582
91.83607081526209,13.46725916867181
105.77893156758337,96.53201622992165
43.0821165791112,194.72486314856826
167.31219305598268,160.48626085463192
81.8341502016278,138.24809672879536
63.24096754345332,78.05687556984653
163.53957281641223,92.08828258145279
92.18128855296155,126.50461219767308
8.430630150062594,124.82940722503255
157.01907502832995,168.94433486044642
130.56431070362413,35.86518015804001
64.94478093876178,81.70130258714069
18.53718654801398,24.32323026005638
64.0573917618371,106.09642532627271
53.40271769678407,35.89452510687121
144.1125049636332,101.04690109398291
37.398190804627646,181.6153273837587
100.8914553688136,49.2267419495368
79.50153300701479,170.4532182689062
85.41014533524175,118.62890703503045
144.5028494003788,152.22507124050293
129.17615439771996,151.3669123095114
160.71308619882944,41.54774171396341
58.04592645306519,163.50766657134798
122.27279282129741,165.43738837128902
138.48635433370197,166.7759794573523
165.30204514245963,51.96828569038125
90.994190525565,110.92737161382502
55.60224882590767,111.73437697005635
132.35148163067697,189.96183614748287
41.19808848134404,112.60291401399253
18.85267030894814,58.35913607443723
151.20719905482088,195.11813769190172
157.6361275615188,69.16102104109616
129.70216643642706,171.19198194150098
104.475498957691,195.0282819200544
107.46596908756688,127.24328745318276
26.67591093912773,63.02494681633522
99.59036347379416,179.28873603416943
6.063036509368415,162.2650146663801
177.85457708256573,83.03421892518287
51.444916074821336,66.40381289320904
195.78211671804925,78.86234618726462
12.86838392285873,145.62059780265457
159.88498441024998,165.44997831325767
168.5614927988869,59.79794360132504
46.38646898763164,190.04038757717552
111.90020054640371,93.01669137654464
98.29093851521148,98.47389078934106
23.91677536860037,33.8405434290156
135.03690233478432,158.25633498691306
55.48429134596654,148.14100296430286
163.08433144608662,17.6749595635631
35.637262532932006,116.01114952422425
28.104047331701356,157.36422058587624
94.10499907151224,177.49075353778088
23.343861758585675,18.327432400927464
98.7244100129118,65.71842373606196
139.39101444779004,94.43481448373484
49.32849625089592,155.50087674972977
182.1055642545715,110.29536172513896
96.61964645662664,129.9629673301387
175.90354447053073,133.1909544280506
141.95048736040638,126.72642891745964
153.93925745168636,6.42010612343336
86.73490229271714,96.80216091557675
187.864453643323,25.669385890671276
13.505849374795115,125.62561978524778
49.33174628854837,45.2008023212013
26.336528408029107,6.902531242435702
137.53240814954842,98.09481052028136
109.93068953593323,100.65763391288476
172.3938217360315,22.72540244399386
92.39701610794438,192.92930954445887
189.77027903232025,55.56968227334443
80.05925327188939,164.79593288907955
165.64113816338488,51.04687005758966
42.04740724083626,51.562007333936826
174.80129500117226,194.8038806837084
161.48465633991364,134.53578861391284
130.7927342357947,127.67819431517295
133.06821149285753,173.81138806957202
161.4459966757881,22.40587061515297
133.66591065172645,121.74353227356754
7.451230446635333,156.57754376830655
67.58692661987259,172.13338411326376
64.36164999315403,29.039827531077304
147.10604426890131,174.22895834111753
30.11369469833063,171.4582346110656
24.310356930771725,34.147656520717874
188.07750835684644,36.22657548717342
68.12060999905924,23.6079796122203
152.0808404164046,169.26461472322939
32.65944217396532,123.05345862965882
91.04751715129142,145.5154897373405
159.2519950373863,6.211546917394939
175.83983142861504,10.308051190794615
191.56383963202845,25.170751374939844
131.05106380293006,16.71889172525999
70.23692620484027,109.86391818839515
137.7360186915928,101.63549278244665
28.52254928622608,46.15942527863199
185.65491310464012,108.55607522032138
153.161650663095,175.8339884142653
106.4590272043766,113.52790944198314
45.48659155780685,157.17141707126694
157.59573340570998,15.534640309896343
126.46574905762641,48.89928314353483
156.45600770381833,18.707079264579697
164.01332866163773,120.53031474750783
19.763592867380172,13.242112029456443
146.8278739318325,148.078521886428
147.29396107314312,110.30493802336017
180.37986821647198,19.587843468342083
127.9376905934513,59.41009213343091
157.2139613396047,194.2500647197022
193.9111992665621,64.69479009596803
172.4988295340926,25.206111966372468
190.6579038414913,117.89651907411034
195.58483089962664,92.84967042079849
185.55112727875826,122.92512704894592
72.32347940399626,127.61675572988608
39.27813732910337,145.39152725685338
153.2958841368714,137.1076351780391
182.8802614645491,157.8536514333079
168.86822015773683,168.8833191050947
62.60001515473774,108.53251669212626
36.72587675588695,90.81096259665769
127.30774068483171,37.38505333807916
95.64438498339815,101.92782933969286
117.247671150849,69.02374802777405
50.168766163509666,102.9758287024054
127.04613481153274,51.408944682913216
192.7767991032889,54.29243228065461
186.62273897221462,14.85727219244056
63.93757256943206,53.265931538374545
17.570092790235904,178.31363443982892
55.950374538444024,177.48805528601585
20.87048207407897,141.0989935847517
129.6919471863852,135.81614052617869
29.70695898012946,192.83127669444028
187.42460744545699,112.9933398472258
24.086245305697897,29.55508471720113
44.91340092383324,61.45346799416083
60.23200174447632,49.69387410964247
113.73229164239724,148.95418280296568
75.51552819872019,178.27902164442477
96.82408356436122,121.04133819385403
136.4249038206509,163.828309570407
28.964015868230064,67.04136110687908
24.040750424567438,57.309554517116304
161.4126250457363,164.40459650435486
158.33794722027434,43.613541935098425
113.58893376383205,128.65731781166915
165.27971854090995,120.00791787861769
194.16119844920814,35.753964249297155
179.3245601649427,128.23587965864576
93.72818620790763,55.60738937594535
31.03669522031728,187.66473418808246
10.0,25.0
180.0,180.0