63.63089967097169,107.04313803861955
129.78277177217322,153.01394587272634
132.29616252049806,77.99971514528843
156.24715156095792,101.07773611350663
110.05211991444168,49.312838395239574
191.0108605092857,97.75464721536719
125.31153162303518,41.61034893835949
159.85253333949018,131.23802996281518
61.2284758577506,193.64374111575228
160.1621745397629,186.91786397386824
33.56769764855233,188.09843696953428
63.65110258665085,87.93088582587752
68.29188195401395,108.93210469896327
162.98407401819503,152.00387143450465
30.188620036248352,86.90854545315514
53.62978071110628,117.94731279196286
28.923540358192632,192.8181798500588
180.40706635621495,158.4126129849468
12.98577717337478,10.409366924499675
146.2200091021592,191.24960955940085
176.66172535064834,145.56112921933712
64.36920418354954,116.3743664260446
196.5083238562158,134.06097372362785
190.64731222565587,111.2204432347955
146.02031939839955,143.26901692379943
7.0178767607849855,165.86778449324603
182.2638569914926,9.843569159876592
64.91834635729585,52.60791188658107
48.9941419909648,124.84394632955613
158.27698729525255,183.06337322305893
192.18997902360533,37.9890498537638
168.31857658196046,183.85013560827454
132.3210691966704,61.863707033079145
31.238031087341263,61.181894189546476
126.67720128050735,165.08962085648236
190.87923822394131,74.45153983445107
141.35280453592398,49.725235640188814
39.84192631071946,195.55246609149052
64.68416279188204,79.91392406084834
134.18680706681928,117.98647633578423
154.55262047258623,29.336831367080553
12.615728849107148,182.747095362106
55.41416749472955,164.744491800903
18.194759806875858,88.26794806238675
68.87072382967908,116.15886262447283
33.5276416273614,51.897572674548016
53.74657314726442,98.08247189618002
63.39966790076563,96.39215044722326
57.68940283031711,90.58695826015766
38.75036173156439,75.98623519264842
49.3438700934222,114.39758069815467
148.52262052881684,155.60593469272393
17.472755362674707,49.18667839062887
185.28210620708776,65.4660615775602
31.314375291479845,100.08360078245359
26.74598779786511,124.23498398121865
39.48077344950545,56.25140266744708
56.09789378040626,195.93296540661555
140.78578609570656,42.92722278283154
170.5619011476909,125.28756641704652
143.76361183535474,21.39149304513097
45.094416551734646,37.01359120298125
15.448155291081031,88.84384245485163
46.21235517267642,9.267667323134027
22.04446965218191,166.87262640170914
40.9420757095843,133.7344294540768
180.3888062912294,79.44264985631999
45.3057136248471,60.200910142047235
164.78465131506553,61.01250935505989
44.71210865409768,113.98967843996391
147.21511747347392,27.47896541168187
71.20678932989844,97.47065281346525
75.74904968646408,35.743644590054124
53.848676531901226,26.363500969669115
124.86886689719358,49.1093452482992
171.0612282170453,187.66727965830574
63.78900804305814,180.80109250603695
174.33874051159492,117.87760685414464
22.116760584560474,131.60690954996974
49.279579047982224,11.688774801970844
82.72236474711306,40.22771668031002
131.19833767426934,80.78678955552732
52.871386834129524,14.355284433083376
179.80135726762063,130.64866037213616
134.16401813455764,107.21658677537593
178.90884647520954,35.9204981185881
59.772771945397224,42.38701508902767
66.31926122971282,88.56670822001607
42.61702393474319,147.01480376712186
134.31056609924846,168.98986035402226
169.7280990808404,44.21875466656175
43.5167146451922,120.75650761140092
196.2783536135044,7.617099258009026
60.789536579291344,34.205834692950496
140.54889353159783,178.58318501229172
72.45536561188702,74.27413150846644
162.50619603921723,189.81653497111103
25.604669015363246,183.7028274570304
171.26579523582913,86.14487004552122
65.03008836831958,116.05309086828177
41.11575738226728,65.80109272403513
151.5444278804032,33.2433244531185
61.25592187402181,164.94875705260205
41.627249599375,100.333898847194
180.8561743157341,42.34402243794945
31.616680833689006,128.0692667563824
162.99167611119032,97.84306348166842
135.6939630695746,107.87413057137
68.87768330309369,146.76860702606632
57.19673261370117,44.35216015406631
9.23738443550281,78.52106431505908
192.4158930517932,58.05815762588893
29.594569272729508,125.78310085109558
18.981324992808112,92.91758975165203
25.631129390943283,74.39626211152049
14.787421043345617,60.68182765989933
167.85178232223168,76.46041507960247
186.06424181471561,147.96282064967392
150.9536904351878,83.36291262903546
132.0313441082713,153.49902363193718
8.72700661047537,75.44320573780425
174.6128917554259,168.23692500266597
50.84459425255928,172.23186027519546
181.94502510458602,147.09043825320643
14.389502953748245,57.032848456035616
150.5369082494062,182.3254252483199
149.5977028445244,177.31564357103213
133.33002974452978,67.0423415833572
26.962583822877008,120.60655087556944
42.92423380929147,26.15150932105142
14.138543787399316,154.87656212546628
170.68650777282306,45.698411283273536
25.207464844386752,164.51368451169856
69.0751551338166,124.63906987216677
191.2701102304581,104.7662567414271
137.96113315513944,90.86001223291353
152.4508344350608,12.140255601118534
6.987211814922482,77.56918433392032
68.8996230063333,38.74893774076819
29.814150664954422,58.59528779584286
126.00620168880879,105.97729201798613
72.33958870814372,83.89687467093391
174.77729986458172,189.16390700022146
148.63154078435724,10.896616334773338
60.92120494832597,11.728058611118808
180.5199639954071,30.561186082865916
162.76914881475608,94.09145268964816
190.69196148673421,80.02363063747529
154.40368555800293,148.78088627878293
148.74829637780456,91.00723331877688
169.37948891159587,116.27912609950843
179.04449409399948,130.9431169406795
154.45170140361208,84.26443323860477
58.69689926853865,45.257648021952335
65.24900121854755,76.47866660448112
24.37640933942004,73.59736565436546
141.6468557090947,106.51604184809705
8.86297458375276,28.053363348839675
133.17172777000354,154.8845374995808
24.915706139672817,194.3934891462094
61.56899143651745,62.40350331860806
160.19642025656438,167.39210871341027
60.668353087163354,138.40588428135584
155.25601912214253,48.83886358838137
5.74774877013686,55.98451607253913
164.91435442657755,117.34184162751204
158.800890152489,152.34787636644006
6.816267528409337,34.0694585436499
183.25185660263907,158.66817417157708
72.82816121696952,121.58396657645447
23.684361756740437,47.55835242217883
68.14243132612623,69.8640818504078
155.41540668061256,154.35067540956933
165.91080046593305,150.1130750664818
163.29350728019176,76.23297368644715
12.07428075784639,144.7382729304893
135.1011042548689,178.13463463105873
11.359624370184271,37.56689771060593
138.05328592976923,190.0875270325603
137.432015587275,177.30852082597198
26.03756966985937,61.58235542402811
168.24718771131975,123.2178481887394
37.21028242368766,146.41624125800286
170.10268983870523,38.589678361518935
149.2153108933499,152.32382808819418
160.1317002035883,9.269274534825524
31.947968517863764,87.14775444658353
68.07196863286991,82.18266947607071
131.1330956459191,154.46957914344895
33.906414262922304,68.72837878092092
190.6581273479093,109.18100458547131
43.81125716828297,64.1441138810138
156.26962638101472,101.4586213061587
52.82166265628567,152.8166690859398
147.2331735571267,96.45846990858203
157.67375096839586,191.08956258507132
46.21676627055307,115.76019772454833
6.356566444057984,166.3040489718549
155.2411227689162,157.80010854639215
61.29262736051303,184.13122382850332
23.137081175092817,71.84835679523303
196.15792096035014,162.45312890179343
155.95413409268946,39.58959778435546
43.454565819738924,29.849852747208015
75.59756149395774,20.72270154013787
160.1799689674333,114.32064569007798
64.61673902361264,48.541829782988586
49.09395998952899,90.45134758781988
175.97463310179728,140.13905195480848
153.34830750810573,60.451629681302904
161.16742235343463,61.3880100481731
172.0358642626912,61.60063225172913
5.080665200066764,177.35664578578331
89.05841914260154,42.02438261021039
28.419155849873288,48.329843614674
37.46661435578793,158.48729205025117
171.09395951066637,62.048365031274265
133.7640333042097,5.27924856863687
21.75216124947447,41.556911329984125
39.19049316071216,185.69227006621603
14.631060929226559,28.137212564860683
17.925552509193984,82.46688363292252
148.5432842973718,115.95090698660216
117.54409537430762,41.72103405118146
185.61108947206088,75.41994405251359
165.2313559852187,23.90076371483941
6.562830468419457,69.98095832419288
54.68055769269006,70.68432246857721
152.82694387377856,95.04213442951811
55.64856736942894,190.67437955036047
21.771757508018712,106.28226181383617
186.72293461964307,144.32707269951192
57.92980820885618,35.543732175718915
64.81852047903526,163.88225647319206
135.77196147616937,121.31026493699332
136.75674817632847,17.993810240476332
27.372964592050362,116.99927698828526
16.232870030020475,69.28989073403086
130.62906486700993,155.31074299125214
13.61244151872944,60.96250457242986
164.68925055700143,30.985106836958646
75.6425971319982,89.86184572549698
14.782655802958447,102.48151990901977
63.95838573227879,102.31741415907476
167.36802947566446,35.18086306604469
60.963976888289245,126.8103425720365
61.65379821979707,99.56131952324502
30.066160190997707,135.5815957544037
151.73861236003478,97.46677629396544
8.657553155982031,169.1499036025063
29.919282200911262,164.57875250752952
182.67564577494704,101.05699822950831
73.18142901475096,106.34136466076997
91.7644940158656,41.81517885115378
10.932039923232406,158.01926918821962
13.634960431701092,137.14044683928614
59.24425756687385,109.70120280880921
196.04047741281119,88.03088822407743
21.725162119869477,63.84910025371347
171.93699511598032,52.52267951456872
187.79911870926878,95.41811288122034
193.47389427165314,73.1067684763623
186.05824502934144,31.800014029901995
19.076249143297474,167.39865880879202
21.543452879850093,76.90404745495808
63.58850798050266,36.59472420741329
195.16783553472746,95.88759481951996
149.29114965741726,118.5205200685958
146.87102592834395,143.61441985826605
62.51057540667756,29.5727620542322
87.50671479453915,46.272283431576696
50.3403674212872,46.61806881164469
10.243595393684787,12.11631617065492
20.091869194625012,144.5334343926072
22.696765405809284,188.70135803912825
158.25493886866894,157.35011010963197
57.06992863193221,94.60714808136049
176.52802591107746,81.28164070293083
42.86690144883396,115.65841700806634
69.28747715854638,190.9431601190419
71.51313857109733,65.26329737475459
63.94924503959546,48.93790476556014
61.94473739374554,71.39214259816235
128.98660961450256,145.1497932349019
69.91231620304228,146.4464855061396
192.10360223211399,47.52572646223601
134.61669803474973,96.72243082543136
40.86815978262537,64.66481041222141
17.002666246376087,190.96541567788142
63.59073074022956,120.08562744684133
132.10196555278947,58.811469424032836
31.274231729028475,178.91901150526905
15.801942058988374,168.66374245733945
73.01868712156246,43.78366002849231
144.49735618080356,64.22259995428196
25.840802717638272,195.42958098313008
153.66882822230556,52.47755765696469
165.25951075862378,40.67820837564017
166.73491974368224,167.72290667709098
122.14308983064751,47.883396024689056
172.252795672774,130.762594797535
36.060555373576314,191.1346600823358
142.54806310556302,48.25706599498466
149.33718184369235,154.16127265531523
40.80205909148968,19.251355939512848
65.81506409757779,28.279677162623283
11.814931501122366,184.35277076845668
38.80587311912267,143.62707250511446
186.44910477580152,60.14486747509646
53.81884866494315,46.39076438796874
184.08748001668894,161.88486586010998
144.59025883352533,160.3686927747904
173.15937537055322,33.04980327442557
38.707667347004985,19.254307746650777
21.289054537383645,32.90989852601919
21.99869462513016,162.34295517184114
10.297930571244256,154.75743765400455
14.633413796284096,110.22385219665657
184.00573430833725,43.0096205342951
67.5443397066411,194.6746491272255
49.4778177403203,139.73666035687512
60.50569299846055,15.3088411601043
190.34217837238975,5.742216113481861
180.336610735462,180.09858565773834
166.38082421154965,58.878564239109664
159.46680218915407,180.79371011069293
40.952258001874874,25.301348048703932
84.92736479287048,49.48179333326312
165.73847471334713,142.04939856828105
155.77908492464636,31.4948706780518
73.39817386254714,177.94035225838547
5.31889798753464,121.23575804836545
179.70326457342955,135.679105625881
163.67205403791016,157.00372231195445
11.293656934224257,71.71232514750656
136.05794836108464,194.69243451785664
134.70736490791393,164.83278649919217
132.96708772584256,41.21002032037245
188.77291476490677,74.49892404480187
75.33125921477773,91.6850903423113
12.19927587854869,91.36661445225035
137.29621725570655,146.67241303176934
155.6607020804716,162.6726315902366
189.28040842678197,117.6492453604959
8.577470925047903,97.49212790165845
132.43311986150746,85.22976005242651
34.22596650723485,27.66068711457717
28.326134584631408,155.1992940901255
179.1355910529898,132.56681364879427
101.79843715642974,43.02394138057599
160.99870929765063,133.4015799167285
173.99761579590475,181.53412706630002
45.56937853402564,176.17059139263145
174.87875015286022,54.37713635438442
152.52765586225868,153.53830177369252
116.30749919526451,46.21757920670823
18.022999770533147,124.88844415978741
191.0071059255084,176.45457347032792
61.494601538244574,53.28068727187827
126.02132238699052,175.81598338390276
143.87136322432974,55.31510719694989
12.340061290086751,32.65728833757902
161.91257004394413,116.48377617176754
26.490986930099133,89.09063177397131
162.8073938217118,136.08350147948886
158.0234362134123,93.50940498399949
27.88751201157081,59.79330598357924
136.8638265340961,5.202274686988336
52.29588423901143,42.694807789241594
141.3898804166858,142.1705435793648
158.49540123115844,153.0097439623099
135.28789684573647,118.47313417726502
161.92905686578308,151.75581488998586
145.0596157269599,18.78855303041199
155.37124155547193,126.69193054386537
33.27865792652163,70.71308648537436
133.69947272608977,127.69653482061888
36.61004948882223,26.246252206299317
63.28817075445609,121.36083117746807
184.72315656971907,90.24465993087364
37.00769154837287,61.063712842960626
50.62665796557164,25.11730236488708
183.54424296316313,157.2050497995789
178.51864396112148,96.81041621573245
15.567611716134111,99.34301742836583
57.09159070949072,43.191607102138214
31.402583350288182,142.31406511933434
38.51700352976743,125.66174169004428
126.41338941415877,160.77985348135286
139.81256951202408,11.772050232066839
59.17871312471794,140.7195707184872
59.42219531877907,186.7285350258775
159.77841985437126,86.36885683944064
67.38960992280617,108.24991681314236
48.17684962150208,12.411780088430357
57.847226097042274,183.63637352557757
30.35939180903192,38.49881111137448
140.57742840661547,152.3619347617278
153.81383519802986,78.87412481176378
68.61706309797037,122.05553386750675
156.84250899175188,69.17985185985312
23.71927867320016,194.71562608683024
128.36211460059303,77.19063626789351
74.09132304040503,45.900390287801514
162.43454942930634,63.922195087096384
15.525830934753959,196.3916517190466
48.44355506980675,66.1479757307937
64.97974540195813,118.95121622372481
190.24053253583676,42.03265728448378
180.4681209427781,173.26389009514696
39.248956772978595,128.43052092591012
71.1586270280787,159.2178547381974
190.6557480163907,77.12475444015058
126.62070679620683,133.45482457661728
145.55811992828782,39.93438833409279
47.953345872410694,53.420854777515125
50.79594131825119,20.63483811297229
177.3553494158708,191.30676640489983
29.20255049053021,44.3182824399312
147.13597666057242,8.40066860286557
52.88467686928243,40.25738080670384
136.89498905925097,100.49890945114724
45.987857338877895,103.58141611025286
138.9967667160616,53.27211858185265
62.303515269809246,117.3858639120252
162.83068232686924,101.42469893992015
75.08846104425817,142.7444654732686
173.5482633513456,138.93517202912483
167.46371942117221,184.03702784429262
187.62656602141018,151.25633835930594
162.4460297577069,118.57639277353798
68.34354556324068,121.95228735494126
83.58197251008059,48.67375419453452
151.59595072433612,142.7182978976848
131.1973079139612,95.65502020976727
149.38021988130026,194.7329590259106
192.51033509756573,8.93386875065497
193.42882448157778,39.011250402962624
184.24291963376325,47.40927883878478
64.45325873306123,25.85972551743985
184.93375235456085,50.389619274530546
193.33754183637086,61.95768116645752
151.00511219318292,15.507358178808799
154.1894197818899,105.57800590332103
23.408026633347056,183.304785072148
131.0092412600984,174.21745098374515
32.59531224277001,196.3294172140351
131.50375293539906,179.94693019409033
174.54805278200263,110.93776274810713
31.322917023514197,105.17953065775554
49.418238696919026,126.1341978505248
191.9137122868543,73.16060514433894
127.67240244296558,41.732218281317536
6.3924871519807285,182.52942111564886
30.584797206675827,47.277003890426855
5.422096493486082,196.3818269399259
9.23710835680985,183.2264453672922
68.9707024466,151.2519373401205
60.4554080265065,150.7228965693881
54.88552124408523,91.03985996284165
32.159861488787875,38.51143287992428
174.91798078021696,31.03840601181368
129.96626772378795,178.60877883745079
61.93496114697825,72.59130840054269
8.85514065809422,142.80449155707544
12.578949088989052,12.650420399500534
62.28547162748951,58.80336481522593
187.47868955875836,115.18823613147522
192.07631813547056,72.15064555527564
66.52303680078819,77.43972874566381
12.597150281805922,195.88536607007273
14.901097734819981,133.29136318210948
28.973933960848374,113.86690245744687
58.41493492461641,124.21451827721646
53.996782828172364,103.29566880049238
6.700795059131326,107.10357155940994
43.4895768396243,112.48411762918596
193.2524845204561,100.43665089239411
194.30608472730447,112.89799724209429
179.12238713747192,16.858558271006213
180.28414405566,48.28939061728299
138.65624607419696,186.06969560168474
73.89879803190675,82.20322342062711
12.755544735162022,16.652802036202495
153.51911034380913,160.30494029472183
179.0856560352473,130.42352412126567
157.38366300444775,105.32141941187407
165.90217844371222,154.97570526716288
29.748061307123198,11.202363424816317
20.910531225052125,77.69607080233168
12.049274979268688,111.76988192925744
128.11638840994797,26.451089226465292
174.75165881638193,160.50125659893502
47.877428021975334,91.37422368677936
161.45332945355526,13.881637865423356
56.86923137100725,99.41074473762407
165.310611478204,163.4038438988297
24.297048188216845,118.14440640859556
192.1176232001243,139.1855101874367
138.31513142080345,145.25806966399674
79.79017983398884,42.30392252032061
195.33814554079675,186.13033747064694
136.70026292921384,183.04271592100923
56.63617281462262,65.64999617221179
36.15232270505308,138.2546851253331
169.63724330849934,122.62935252002629
37.0938689798818,38.84815262361867
20.355360340267918,35.25339190185859
55.25570045354414,35.653810635286405
173.78122642231938,7.450409553919677
6.474107895790325,104.73324036859492
5.478220830565453,178.74408722539516
151.38447739674848,8.3086953575391
39.85120907793819,44.359654872003574
38.937340061699196,151.54601316685452
21.094521211869626,112.89726929963474
11.085858755552184,80.39530934616083
142.86832204180533,119.6792041900526
36.45831154642644,23.573502876502648
20.94616938033172,104.4165103281218
42.005206773735125,131.59710210843653
69.42041006147028,165.85754418428365
61.349960925873695,66.81208836304866
186.23277582630476,176.82561323020343
51.18043370743837,117.20629475716854
43.80923557241393,173.36971236153317
172.20702765270997,66.9720694983717
52.789550883213124,187.4397675169837
196.03391149870336,196.8771332417977
9.216786987488144,51.81411493553367
174.53191894926496,64.25181746433
170.68788498631028,112.34580987879573
156.3155582022542,153.67619913168045
178.43291548860475,45.400201051850495
34.25971143748173,126.77506714732434
157.29981439935125,109.55913073390583
81.66455904563763,42.953347972009986
151.63083882343435,86.17636712648589
177.2088925324388,21.68653074984803
14.126691163766708,53.917038204353574
184.4869924467387,69.8256515953452
139.3230277758206,22.92864246918929
25.587220453961308,9.893342061464486
135.82214101696002,168.80911231184638
61.89737001769739,58.46014123863643
177.7804343087624,11.194510645973793
139.42057299063407,129.900763105467
185.37528357839142,195.62036975358492
168.34782534490668,193.4078068781318
52.702754295390584,81.84329716209255
59.21433823272579,169.6173148010989
170.00319816272864,113.57400104735987
186.52236990798778,90.83289354045829
147.52799559823708,7.630177075459394
40.9221056845751,37.83572004644019
50.97665333835639,43.96229473125644
18.767639110716146,85.45131989747578
65.82162185411383,115.89395609661715
60.20472997749329,61.36562455568363
155.4278011546787,192.36160038198324
138.03759714200964,149.24545625927652
68.40391368789854,102.97195187169388
42.606845841175215,186.00931521210765
193.8755717564288,20.539369105916055
174.24750741153417,175.2631383867881
10.282605572632516,144.95982105234353
146.89492420859045,136.60328220200662
136.7679740909969,180.277070485112
134.08062008472194,18.30459367787661
160.31296221815748,123.79081227214381
48.07630885726498,151.2060530321355
5.997576549589319,66.52258629491133
18.750628015190426,15.25310347493072
70.02006707870444,80.99000055533082
22.108741829647933,51.52866594278412
167.0101737344841,186.0565620959711
54.71790132523563,166.27987052794518
153.84056550519193,71.58492758877388
155.75348705485007,130.99501810506547
153.14502715789538,22.76126569922841
21.82563340811042,32.102063166469776
6.954883374609365,177.7261595718019
24.156173227356085,128.66856441314434
102.8324257028666,46.09787144997733
53.007061880885516,126.58105111759247
147.3160378689606,151.30534539512178
52.65475342061522,51.085505893567806
5.445697555062535,114.3782072948823
146.9901202213393,173.76858137401064
154.1381074333865,155.9353785617926
181.7426386877898,55.07996579451349
39.50283180726926,144.82360620830391
60.879210654501755,140.6767143312848
173.94405596242956,140.7634791793954
194.92805008414393,171.53060771025537
181.6515726298377,100.81649053866269
152.67793449948664,64.10114158629469
24.362275373046472,40.308488407524635
51.845803484604595,138.22712414860814
50.639847409849565,100.47399323799088
60.08816087131431,79.89046355172322
36.4901133616285,91.93675991298511
59.674955524061296,7.284247451525411
72.05643295994804,24.329191472853626
136.2724883105932,20.75838306526795
131.1088926553909,42.520462111219196
148.29230691823807,120.7012360329509
22.226646660189928,164.28816494059504
39.10775425783666,147.94556948517985
173.73807702506252,146.20436776844764
45.96441966426975,56.87310537385228
20.25296497069857,46.65854095711001
147.00059640943576,65.66172553309036
75.58217361578973,84.39417921280459
143.5219834539286,52.42846783249823
132.99951051142054,175.39980056744105
44.16685415168577,149.36139048172305
135.3596944620589,142.662254563034
49.31996018669899,134.54452408711128
153.85830730778716,112.87687507055901
152.43544084777253,68.65970385060695
131.356473770892,111.83495816616963
178.8612581132588,172.06283859105
177.20755879265454,145.1708085695514
156.68170564533958,107.4685999373917
187.51374539566976,115.17772139106478
8.138051791436814,29.7342470829948
11.297256063945746,162.51671444141633
178.15997534164512,119.7783261866364
128.969862342209,55.30146086944697
130.12223016825016,81.6890272035247
60.60945231481958,116.81858786256105
149.31312096906674,155.9731715815611
127.20356510758265,98.15294507577643
50.60443314264162,71.3818791982575
40.718171171540064,107.48629579460406
116.29874358935744,44.667399893984594
148.49729401305547,37.80512299897766
21.32628423695152,87.88684033473587
147.73715784428117,114.30166444866637
137.1457524164798,138.83555819638346
37.991761669889264,87.78779855548424
181.70955546950142,34.840477985228425
22.145392029645613,32.151961895973635
34.3747813608387,63.29357071407931
160.18238247295056,123.60589490816446
17.40259234114973,178.71843845049509
80.56280462208048,48.328236956515724
194.5569462169556,67.37562223258239
170.41829732965996,86.80288060258476
183.25753747507358,142.65902961852728
182.5982860315164,11.91168655134435
175.8704434794168,138.07117450430223
168.19564047990508,95.18127738965913
150.56736065541486,85.94834185716785
151.8714533964095,125.17575006167792
40.337949283945434,159.24354520917683
72.35284984071775,192.89414485378768
171.91650817100017,164.0604815744673
35.89860590881269,167.57884949530512
128.20558398554772,59.463179114085165
135.5647622829801,181.86425070830376
28.48759215719327,167.70869357639882
44.274987135659465,13.75474757390344
73.42200303748285,159.79826436115113
43.410969997393295,192.8622917289146
140.6379033985103,141.5665475548773
23.35568188572278,163.38525060123104
167.3630740431682,148.1720925701228
147.155905835792,107.78749674344266
72.0469832599693,8.667427364800364
61.332524949026265,182.5724071032601
165.06664328983135,75.76748221998427
149.0835484018116,69.79197405565868
54.52839607933229,12.987154670447605
24.39457075613277,91.91464217747499
67.81118188380427,27.9875858586334
80.91799165366163,44.22783150579968
161.42162004231213,143.8218543237351
25.763887792975435,175.6255680419687
54.43185018877155,83.27626548003482
12.767230068639892,129.05385661072083
40.49297423169483,29.826865793227817
195.56978034777774,179.5288020160728
171.53078496812975,61.768008861375144
49.35616721510614,70.20952193258674
180.47899937356553,37.34361676489434
73.18280559752573,56.03983292483157
152.47023983069744,71.43859806832316
42.0519459050638,160.8833823880051
165.95653092589953,101.68172394717229
54.73097378042691,169.71763160655362
67.79597535934323,43.151827269497566
16.46260144879951,40.94979214268719
63.268936037912155,173.40635215254042
73.3187558371598,35.02414194369007
196.0898297906985,143.25135910825085
171.531167599386,181.42400630750166
11.235535040225894,119.56117041596166
162.97575005950802,57.16887463804067
40.837098446478855,105.77284702758341
151.97133692517548,66.7531879684303
25.8441548164405,159.34399416308432
52.59967839831234,96.54476862836252
37.758482021037366,88.39154204558741
61.24897356386745,92.08929885991404
56.39903722161242,129.31390718070313
153.54748968405923,108.6506797406036
179.13786252690582,119.05194124626924
34.86024833990638,196.34026155585184
160.46990978272578,19.958137166190962
71.21133064242672,28.326139811700813
153.44311514808655,135.37234912992147
157.55913988571555,62.80320552495513
62.00580768890089,178.74749940256186
28.46960867283843,78.76222150752143
151.90220688697775,182.34961225803013
25.84442566306429,174.0900956634966
188.56532093789986,136.7828504148627
170.50081383851946,29.46148633743009
159.38731570449215,25.865805097023127
64.10297577833168,24.40904911776247
188.80807854659923,117.22595351849225
141.896865981451,152.5595927719618
157.79744745093555,6.868409489346345
22.24630419806776,75.04211072242691
146.05178268406348,183.48776811792752
186.56798026124866,174.4816236916612
194.1231273629454,185.58905609884678
25.801543508546445,63.77437359134976
195.95985141613323,146.64830869630902
59.15020350962681,22.221994149609117
154.7259185829523,66.16298971656413
154.32968677935614,71.11861255528618
41.11805059599125,115.62232078793063
190.31383410389927,194.161281632418
20.493328327354742,114.93009058935789
12.400788767785127,174.8470743576561
188.16737899615975,97.20058069611262
59.362087646280685,77.2394356487001
142.5425037097909,93.34305760358933
70.10797775870498,189.0206663973347
21.72936525336087,186.05564220097696
177.47424049068695,117.93706383290892
24.401312741985237,95.19970216168751
163.46792555123739,28.52254003050211
148.6485720171652,108.86197796774805
45.4267235761336,10.041538126078974
136.50535593269552,114.16708465858196
140.2330879238722,71.91554444062767
28.977306815142878,135.29850247148087
54.184838310176495,153.63461588072067
26.735985322559948,10.073879769099078
118.1526329955659,47.67375250973063
12.189274315056384,164.69027391316624
186.08709290198078,103.28843895502214
145.60166831712277,134.8443011098575
61.001381805672935,21.704504053037212
167.04661308599776,171.30022864935742
156.4226796993665,97.29189760670857
10.965719068042812,27.830602089208828
17.887963357289223,88.12398344660275
21.449692161056387,41.24737393905483
23.10536472720537,6.179626710098104
173.22773071753195,152.9327447920076
58.1993944858238,58.423643368690776
170.70479504855436,62.40737691139398
158.74483617467584,101.84580059715742
62.45691700855055,48.00898101548031
195.26800785923209,18.31872944875141
72.22953043553761,158.4952871306246
171.14517291353982,146.60931526373642
129.60575679320561,28.239256057213055
67.68482762917685,122.45603511056241
134.81778431750772,174.88465063418317
67.07692298587664,193.0086765293276
9.712227439819863,25.550658320689358
177.49823875349074,119.9086053678871
148.57564092909556,178.9019322670917
186.64595430899612,197.00310758778866
190.77965459107722,134.83477411664467
194.1722146862229,85.50610940861593
69.9110290414658,95.13956458433962
150.74622623508571,109.59656913381296
37.615612796222045,153.30940953876507
134.41959937020087,49.65976949094425
154.683620206527,119.14342997426418
196.6667853588961,138.92064859373596
14.532461561703304,44.11128921150274
19.33927435461327,113.51890108728927
11.78531052580611,90.57799147336725
76.7454381829352,42.11061767674933
24.99061055248948,118.62501794229128
146.90795173511393,44.91368056503578
29.590764727201254,171.0844598193943
189.7533011332329,133.00728847410042
135.37793940130473,114.86396538175262
154.84112112718327,150.8901086423523
20.62854994951102,60.53786834674574
55.80819819140649,76.55421424204522
27.766715386813683,38.48477330226652
70.63865186272123,170.08837513104316
36.42564023118889,187.23376695764233
34.63461167638139,38.79867492973868
37.23254153140856,41.418923505955476
165.99463365786144,28.029922234720537
41.508150008439216,110.27993038393113
155.4292823085445,73.58769794685277
75.55425092566539,76.40313805084831
167.85453167106235,66.3004701425149
158.6914923568893,160.66078056305437
57.968531132462154,51.430106926849646
180.4936035292954,45.81351467177752
164.0122479723287,53.50200853622594
146.4464564065113,171.33834504673766
59.209171082142056,159.39272482146805
173.20385725406226,59.69107877084903
174.30862936019682,51.01247521185769
159.78946564536548,116.01730798340473
64.27117498307638,168.71818942802318
60.78816463136384,16.83450375375749
179.27752827620685,160.72860766878688
80.6535655527158,44.82690843003648
39.191291961239656,177.81205697451395
82.02634915207776,40.175877619881454
19.059478485298424,179.450697840704
152.76616010264163,46.959071244734744
134.74345764666364,43.46957884700317
30.958044468080185,36.970305183775224
171.20564958105325,132.72472101713382
34.5578553097251,103.51862666152752
134.68416752809142,15.872473544927384
57.766126339683105,89.7172159322291
23.138989231923635,128.0526658216871
47.1670619318294,45.826736736857
64.5025885218789,95.44756184632112
65.83288242684816,95.70875232475082
50.787841254697256,186.022224853068
29.076813178350584,7.2386977000859645
56.833330414536405,181.64560057427997
33.11535158050879,94.72546590142186
21.817846698062922,29.49906575987175
24.8780883373788,187.3020186185011
181.2654174135878,6.828305016016169
154.61247174695805,40.056086474876466
160.902230775756,36.651791943430936
43.861603632807956,33.878280577764265
51.41670455891299,160.62300665014504
192.94032682433357,51.07761506419086
65.20578809023193,61.853819898538724
9.420331056601635,102.67122719984175
51.111312190219856,71.26870899209165
150.41970107110188,174.35917266281996
51.13699148787149,161.58915670562845
186.65189044642483,60.25757747914439
196.3350747596496,80.72530756824918
145.4405245958255,64.9522346821537
169.38653585261324,157.51804826151908
180.66000564677574,170.2882016565487
21.046950004777457,29.512594409474136
172.11966064742822,169.86060013514168
161.7768928371767,163.94944817091513
73.30388197487714,130.66696025188426
44.81089627230665,14.802757168889636
173.48413304617097,40.548979843774376
174.43220504300564,189.17046666020227
42.98078896017855,188.19571276834301
174.38322456456314,154.05209664046833
151.23767247082844,54.930501071416096
142.9930457598457,177.0140043727084
40.356203475910974,188.59400058899126
151.92302913440216,181.219411969713
5.2895081028970194,26.007542750210906
127.01944490332575,102.64064428449967
65.92670314137409,34.58454994379243
170.59766817600186,95.45958728664313
56.704371607005484,95.32137877814198
178.44786219152638,143.1492181288553
70.15015493722669,94.53619538633183
68.0968058951135,49.34168834134289
35.88822774243384,106.68606533982128
28.447832886015014,163.7964042631879
157.74685703917507,194.6219347437358
38.75797354159187,116.48890653772632
145.70460152438093,166.63707798055285
140.1740197627464,155.10525900037433
180.9804941475762,95.26714467401534
184.6904898014526,45.747279735374185
47.38074410144747,5.177453308760532
189.82204499712944,81.48170992830347
129.68835287008,93.57246021453153
38.515823414151846,9.467792002738658
15.38363108077594,180.6428558906817
129.05685050023223,177.4198577830722
54.7786464092301,86.02275042626924
15.680476769305375,165.08171228783362
41.00153025677593,9.259229325545625
134.17556373885733,84.09369958381951
23.09050710546211,75.47749430401844
28.731160745770314,87.96822714964962
137.78051396392252,167.1446345042679
25.999026535698142,138.24295812184914
183.40135822908672,172.4337807842383
28.606381866592542,119.81877111820609
64.36524876157625,143.41348572893432
181.64757939852834,5.016529871676958
185.86206561138,75.70434454915551
141.26652933566518,67.71066284590513
67.08316252348112,82.26718914937683
7.7710543696621945,52.42796773745968
53.217421921635655,185.86186652180484
161.99027255304708,182.2312557777006
182.55069346781892,102.99111814121066
35.084494083341426,35.765391737204496
166.0495313115731,79.92658548067382
157.7125196642074,49.213193616780686
45.69285740226214,67.07835002886333
75.83210708323399,55.788405481098984
183.57190666500424,145.36842162855984
190.39083418832962,181.79052805251513
158.82202450695917,13.921657054051678
136.56057926693177,138.46130159657847
38.60739110588943,5.277952381754703
59.807445465469094,100.00978226252708
127.79052844295289,109.08125926264698
195.56127318812426,182.02343153034357
184.25764171819392,157.0796973875147
13.323043056217063,7.481607384272003
62.63054466413162,47.88198044721811
32.978093777327906,10.541291052622823
163.32653099313015,9.976989556047284
190.43339555431047,60.180693419455984
51.42699812939102,152.8825132011928
162.9512633590837,59.397148717918185
190.57371937005732,129.16955990532924
41.325401541825926,37.62465602135811
13.939638324221612,134.9273280521718
196.82993070945335,156.63163518219034
66.77359387321509,175.13991678453027
53.094998823150185,69.72318787381444
177.40713209814277,130.3070987505885
61.625753765202816,190.22352081930794
173.51270854450573,56.996387646604475
53.94545549389959,139.6862362886579
23.569857414572173,29.404551120677866
135.47931338801033,195.31132769477537
67.71932259192036,11.49221653298985
135.66148561987174,130.52234487948581
194.7222709493972,5.86371148001523
141.29505687704486,131.21543391667043
80.09416985135447,41.55481067960994
16.97041614173404,8.939345577481616
21.476185303274313,129.48551581492904
59.72043840139143,118.67400673811811
164.85428432823355,127.78854475252245
144.41978160465143,189.2830545449312
143.63915885078285,33.545915037285354
40.4036863179355,140.15124532987866
65.45215760129932,46.28062345657734
49.92272816603644,124.10240876808132
133.9790965320379,40.790692094100734
150.86721815095268,75.9984336927769
136.87277028620005,101.83166635131988
172.00336755763445,7.696936283610166
41.48237445183769,70.34484626203859
64.67489294272107,118.61740509460162
37.60548685561654,162.43625155220576
174.06264389330698,111.32518435047076
31.13698858166921,32.89107822449628
137.43204337004002,57.578812956439606
144.3670313179363,139.57830495401547
53.43315059111346,20.370965526657173
189.90342797213742,81.19688370586927
45.436099412036526,170.19879425571074
50.716962767709184,127.00850547815865
59.52357231445135,75.3063268997799
156.51280441059995,178.4418469356661
47.64624190413948,191.58067150737318
45.806943931958195,193.40211198394923
59.82065066904309,56.75600481685605
83.42031458232951,42.55548905780695
191.07847769808194,156.90886403532116
196.38775796782068,127.81685696010554
153.31709917210947,153.23636711304417
74.67134660251718,62.6800224568024
27.89579791822834,120.15323228429543
158.2143278326017,22.30421098398237
64.21036936300155,87.16116366196135
66.75830843348125,184.05119254464245
145.36119641479638,81.17126928304614
70.58753027917952,101.51139195846059
79.55398092026682,42.92765114583168
163.76865331814645,155.57023927740846
180.16416430105986,128.21648514602234
56.4538608482511,13.46771566574455
54.38110049096856,96.94864870220061
48.917311857493004,8.197716958264543
69.01880823257494,142.5258100655463
47.06099976632991,49.260349372332485
168.11029643382088,88.56540929323108
194.25177516100575,10.363079759225235
13.65847239498131,161.77444524101014
65.8396633687081,150.79417943081356
14.694918909267631,156.568523639619
72.28272796296497,61.73202268296065
12.198207347753106,65.52403629049124
161.49123728062145,64.81780600549014
159.81976339537522,117.7719934901455
165.23367681381305,134.45118459819633
169.61925906634912,130.2579830622263
54.974583496445774,142.54295650919596
168.3853044622001,136.08750751735082
131.79175361513393,68.87052572133042
82.03967677086848,43.99192815447343
74.52254259931536,57.477123915773625
178.75436719654053,9.725359011085866
59.41118638264469,196.99956159713588
193.49995387406227,85.89623515774858
164.73777133657558,161.18198370291162
131.08352330488705,97.51401517736208
40.09090669235937,125.36477106726697
130.52651709686828,105.03109687256054
58.44998679680182,42.17929029191784
12.164682565299014,59.2282325650981
143.32061577669822,123.16771605169984
25.024948528811365,80.24751794047606
26.2923422938343,33.45909303791712
153.31470913689049,59.41303958585572
156.1094068104695,192.05611606754056
138.23776808844656,13.578737603390106
175.77041022785355,102.81044635792962
187.98057406828087,34.99410869120471
186.59576696010384,53.17773078320655
157.17042119729712,23.679945849900214
9.456818674434603,9.6510566560674
167.74579634025943,157.51642147599236
187.81020540109296,19.01457260557194
188.4504507090679,15.354048553726361
4.985350412048671,70.53355630687858
166.08308821949174,127.32993750834362
130.98865246924373,196.7649541263032
119.5221876514584,49.58257482298377
5.937527056628985,119.85019585067033
5.527753447175841,169.59531766444834
182.92352390590057,58.11218527233682
175.24949056022035,74.60692011844503
181.60386955685598,105.05181828516636
64.48807641575814,48.921416021487374
147.8672840063784,71.86923651768453
29.025394532510845,55.31367971625588
139.11740621430428,38.04647708979229
156.50162387279966,18.638400519558196
152.4996584744962,167.2997797742757
179.74017891320656,174.14574834869973
8.29281100259045,76.3986356962312
9.341191997191155,40.026191636038526
113.41824561873676,46.24387566683661
179.15283590013286,122.76860392366576
187.23495209618798,121.82912960679406
41.04611199224574,39.134700842076924
20.84562786971008,166.31155714436088
26.371859405716158,11.909252038329257
153.7418057006716,22.120150147398807
177.2831095970326,104.58193777838282
169.30054417805613,44.43818326067843
35.27158079614019,145.64197014584838
194.25708524197557,92.15439078083851
69.74375687711456,81.65673459196385
29.565097061390865,88.2591577217413
132.1728107029477,58.83263881801332
37.471183332101404,161.90157438952554
171.67715501226328,129.63019400060364
172.57252838713515,128.21909651770358
59.890834844214346,107.60789500977457
161.3739063497504,73.33516517284005
139.87221233548445,65.0496225295605
74.53146858522695,42.39136217648561
26.75478977116467,30.692898609868543
16.295383796243698,111.1730816175223
63.71655105331646,9.510683874479437
96.52847790278271,47.26512806796745
17.768175792577015,137.14928752231836
163.35807197468563,9.686865807068047
182.93216836381023,42.183850819272365
164.57365239873417,120.95339984212528
155.79727163686985,29.407432209239296
164.5986764156107,61.92769244005291
155.4950586221753,105.60842146418302
38.04415555668331,80.2364676682354
20.674499528012458,144.2809572680543
195.47159804420906,177.138014233354
61.00461180914354,103.60105142278591
183.96750489433765,150.69755924879294
194.66303409889952,78.3207684673212
61.99608656097502,87.10161241807546
74.47713926961615,67.76854599316071
14.679726589310478,50.265437928973626
128.99995429404686,93.9485649275527
29.13396270622532,29.400906204553763
49.736120023800744,192.3193373785197
17.89155801980472,54.1079361628131
8.14094949508652,137.69674641820498
44.22986428688816,45.92512894144567
51.81542876502937,171.13022223639715
135.5371699275233,196.09531215497844
131.38636872284204,72.83231074686888
50.75453700771431,183.29306096878952
33.75408994364564,110.96432568798834
52.40373748017261,172.3233288826185
29.683281417045166,160.96926467559584
149.42505534638133,181.96289844880596
184.76031804344402,53.198796137714666
134.91243139023686,139.96881099330386
138.59686486646456,95.69007175649458
169.73502233395334,189.06898079135271
179.98000572238007,177.9226215128525
194.97836477754674,14.721285836686903
8.166840246818785,75.47201742620283
132.05078210401877,179.35295815198276
182.8192119482204,135.4796090096525
167.8920354625081,31.841101384712957
27.61496147379984,91.14692593225506
67.18905772762143,123.37511560421628
190.1692580589049,179.2457829571085
54.085930530980065,166.94583523095943
66.85922210713335,108.07092439285982
151.40605645483774,136.77124485033818
162.3948021348312,34.973583199532946
148.10112712029607,59.138115580116555
16.402397302944575,112.61984305349988
46.14671456724359,192.33804252126066
22.61097495017695,182.4764233918152
151.01649679279345,105.95743452199896
172.32440970260842,170.2808824930961
62.06466467810976,72.37316159630072
176.63121521328773,127.48466576953417
187.99461900162768,24.988593971944546
33.82363102064935,84.52520805056542
163.01277243617977,184.88189959865593
159.3424888356157,56.53523032780517
97.66630420382917,45.55958435390965
187.4280768018915,41.35566728446854
138.18289707027282,150.29453063372821
40.11510194489876,32.481622721502596
135.19514602860227,122.7325816273161
134.89435138825172,29.956953644235732
50.99503267059649,58.406289300041514
23.116233305891882,21.178216055690207
23.259608712537087,181.9918449566948
168.11314239464033,60.082645236133104
17.738744459654306,114.37017988089549
188.76410660242917,17.518858526142353
26.024694193673472,164.3810421479986
159.00576871670586,30.69848563348431
72.94488298598543,177.9456773878035
143.50744924674572,84.59456884556158
45.99100962397349,130.46078160229993
139.38579342207007,114.46562308595912
56.84620010195655,8.174771442859116
52.86354301227153,142.96335286535344
148.70565551855094,22.505984119793712
195.853912709019,66.78848641071578
155.85306980379963,111.19656984139867
195.61631005887244,8.113452221607622
44.87906764043621,33.502620334292324
35.65673379555476,81.10737527013161
157.9288364740613,74.48870903003363
131.44361192522007,22.68761238331542
180.792131492061,167.81868033918633
61.523836037681285,40.30017265967205
180.44671940062278,59.6296338701538
143.0070251815534,130.1974133000097
159.67371582127646,10.876708014645686
12.437490518179134,104.79780557459529
130.54060782778168,28.159435102227526
8.800522850232138,171.59401144197003
6.381344226425609,72.04158422773843
62.680582201520494,192.1006913259626
135.1095272402085,121.88412741121795
136.5857986656156,6.52974897634391
8.517244127457513,41.57573639334651
158.81823261405577,83.01504199382921
60.32221529747255,56.43464430253409
128.35743457401574,44.902298365475026
57.1893516496058,21.313402067485402
39.28634507844686,167.32398504504175
49.149388146496236,155.8097683804959
141.12256686166435,112.37383153446999
151.84270058286273,132.57843242802835
139.35895151640912,178.92211594226097
186.30116456756247,128.53947585029283
79.60158922989935,43.79669212120593
56.49992826997377,67.25242844097049
10.277064435429489,69.97756962866109
64.65478923448346,145.40009211881141
131.83881438768947,157.50431751631024
30.25317070275587,130.57072791710016
165.8762015491245,51.48945308994115
73.78238824609952,188.85760479395694
19.293753924993243,23.082475918512493
17.45394468331017,74.51324322937889
178.81341154219675,113.92186440517895
57.59065174668299,92.93936650252131
63.52512474938129,55.775235820998276
32.058294239522816,177.38206340428266
21.420428873234545,185.5841090168413
147.38185080493915,88.77234138715045
166.7147491621607,44.10429589231613
117.66523177535771,47.53088699311127
47.69671728539868,46.14129876280395
36.7810773332958,124.67574228324023
130.96876698038972,93.76560717071817
153.37173207986527,126.18381613755525
189.85815842343087,91.94482951069487
10.13059700204909,70.22684904369021
32.38609442230742,123.51106575726024
138.38483094826768,81.65129607483729
66.35688293294703,183.8429192658071
39.077591709867974,117.08024493663741
195.2980166026764,75.15606221779458
43.2369249432821,45.52456200612395
196.18166743664278,7.344329533174232
181.39576419047054,188.36118617048243
23.22782931210664,139.37844409174883
70.1825905997675,156.57909646585412
73.92415445167651,26.45105850034174
173.55111462042436,158.34546830836655
145.46548535399026,94.83140760580368
43.6690052044822,128.60929431684653
72.13069691432015,71.26372724284604
56.9095460763868,57.75219523886367
193.72619424137847,80.04925941286093
195.61413787450874,158.04500374178156
41.99718950459324,187.79365701436436
7.459408153253317,166.686854855558
15.84656483899208,24.27470088661577
187.1425021451065,166.23017822544404
132.9147089331528,97.51235777664738
151.44891526034974,128.63964719283857
22.50759332478256,59.72060681524533
18.680820959547667,12.865023277364392
181.63109869484938,161.2935499673032
5.643843044564663,144.29764619885162
44.470966563375114,72.66624515885042
192.73498810493993,110.477316781185
51.76280106138292,123.24106981495856
140.91835006367225,20.431867539783067
153.4466585994527,70.41169438774479
196.06469951077088,152.61333986230377
167.0340819562318,173.40020199988805
33.237509665107765,42.66419101604967
132.7058618367975,51.81552996738394
73.83734612035597,145.16662101767503
24.182842910035106,107.87366652029401
72.17620930628135,15.816929625501082
166.43931036240915,69.50323358232438
68.19146897400871,136.09062128618848
194.34611058785407,185.63584012160905
144.7950083278077,109.91244972751117
31.227117435262095,191.74109353018633
23.216128774190604,172.45974731389458
28.57512354171318,5.633941345717385
65.82914564357202,76.5030926436326
194.63208655954847,137.95644654622305
74.887138201097,156.18749771046237
48.02718075898124,179.24265696470175
50.62877372062881,70.25584822371005
149.8847713953789,108.07368452369884
101.41399315792997,47.57774502881153
172.38809836607504,109.32920767659245
32.43290251416962,162.59433224204392
11.83592776912457,25.88272195365645
28.118662378987572,114.29478052947026
22.337341699914315,128.28222267501695
140.1147596775927,135.73570140353576
55.043325938905426,124.97247005432705
18.846814705871914,64.02156820786139
151.94337429098528,128.3980168591833
9.26911493979921,134.86405670286663
45.521489430870545,126.59722708637517
33.6699405115359,127.12660559663593
183.89835470576517,38.09920968251989
151.1184313924227,89.95859435726219
190.06427489464383,6.757961364956784
17.000207283550242,75.17185040767787
145.19594476547013,45.022995508996736
163.4477253645175,98.62700826269595
177.49173819412994,183.126782677006
34.35856981733566,82.10659244539303
169.97716373490238,118.37191902211616
39.69615171719845,140.14984355550837
179.35911725671227,40.26195375210931
189.38103991222087,170.18304668914718
9.690372958929037,142.18215887038693
12.425326341851466,103.61604586276745
29.020059174704095,159.54339552122622
90.57847156174118,48.43921047468912
141.76079821777037,20.15461788736231
154.57008924232713,150.97960790550238
74.89765285956801,37.16977542208072
21.72048978075754,165.7645461904432
188.63140721240322,121.08857327563989
141.26903838667934,56.25771360356972
30.69544793641584,37.74259696616276
54.922048940246675,74.3159211047619
150.98399864518362,152.907777912891
21.998078627405743,126.47733780936488
177.7803926751174,98.8506976337009
35.23311523691392,62.94788395281846
116.3291850547403,39.99059991632885
154.55566317633998,58.09767882382891
163.49840104913991,139.25852642935186
192.1824111542245,134.54537848054895
50.832705120853475,179.8281601941697
135.02959290930815,83.83431332270712
184.81658143711573,72.64077264769936
15.131005470015513,88.59614918706664
17.89636124963815,108.34407879011225
31.62906265889758,80.29935200456615
176.0877922850593,90.07039906747247
192.2123321866631,115.70186695319
62.83361449422451,68.2672821115458
61.40481074932641,36.834062299049315
62.06932937675532,192.1527203698576
67.49361712728548,79.82025761717968
24.265513905975457,32.34269974667872
74.33031861308432,112.16180543812335
31.22466539539835,53.411016154572074
20.37813783076568,179.58786498833774
144.55116765545992,117.48761966529119
48.68423386210045,143.31771995951704
134.29913085577508,187.5503443059563
180.26722463408618,172.19391067085172
43.7474548662499,28.0315331057459
22.94933599806517,14.895680880986099
106.19620462427002,45.46647266719437
171.7810987116888,131.92712534717975
131.06433130207452,60.27950799607184
53.93286751626237,7.590704660993691
139.5625607152564,26.773330335378287
5.976684272780982,6.708408463947954
154.38561501868364,108.05361314354967
70.94316270947795,62.32021098147631
64.31860092296714,161.3666583330938
13.60318531718023,25.75983625013738
37.91311004839274,94.69630505995971
195.23192233261784,43.966664734389816
172.89353673441752,174.14860005700757
41.217375602510685,7.963027691416489
161.60708258011368,61.004426040133886
34.917399410024984,152.69427884751667
72.97403149653734,62.24393312225838
177.58772543607927,6.792988405979366
48.13305330653185,103.86858855883575
43.70040070701792,99.34563503299466
144.65377750482187,189.0348796874338
11.641411264844404,83.55984119505446
54.68976182221024,119.91657525203544
8.290970587901333,29.96062234180014
190.05940965670726,142.28193981028141
169.10931669834275,41.98639373866931
8.431915368964036,163.26088216676948
151.36794935997438,112.98948179146909
41.32106987503004,6.941342976648578
172.58151746451873,184.85154596770045
196.0578908207149,191.70589196205933
47.60509203585,77.16769857995016
62.73968068390697,172.9540475824464
95.8828610276227,47.1364216797397
75.8513190011959,120.88738154102984
18.368300668218545,58.27944693914051
66.00373774335732,49.81463431503906
146.30770051448192,120.08995115044165
185.03592328825945,184.56482491783183
13.46943728473321,39.25691355679264
134.60289028014185,123.02836142782475
146.1512683874268,33.60971096012946
146.75765325204046,118.0644635204673
5.5251838005050855,74.26512177690385
55.55858651056871,73.83374164087623
75.79114821895638,175.22767306275114
183.86189083545196,127.11385068125446
193.85343132103182,64.12060415692874
148.9154528823663,89.43565006290515
169.64065395492673,43.03474278503956
10.148149062762563,143.2139589157275
128.51293346257808,188.38724496124027
181.59584754971806,155.72191841874442
161.4077613234205,25.800432274388932
18.638315861947333,20.66430048008336
151.13860133235966,55.410610451474696
42.86525894190228,52.21012363200041
172.46220918303644,141.3086471275067
148.4859803701973,106.36068019873683
144.24222176085385,154.79134357159472
45.01600197394406,82.389397725443
189.16669011765904,136.49394560383578
146.53184068556524,171.92984534894245
148.8229914883665,65.50480479674864
194.87997606866116,34.77616947523397
44.517087671234655,139.54337277107766
145.12684097134448,114.62090284361864
12.354522714861337,37.762459453557035
10.593449432591495,166.5217135814549
64.62174762900773,124.4005815553119
166.36682613076096,43.84903726189043
164.80892384292738,17.535102568699042
140.6087721625838,70.25881560480417
148.8717978007529,7.214105633361814
146.1802738202175,46.479558472559106
141.29396032527106,162.1553040286536
52.208897157143454,34.92022813157537
57.44504313075101,104.72017203799177
46.440141234526784,112.62160812944576
54.911564514645434,146.94916838567497
31.651838767969007,168.10119777275983
136.1414234721934,107.91510362549514
188.74594067884038,190.6387664748743
36.28202447223038,30.586993424291286
177.90384602102247,42.31896540671464
7.5727283201182205,23.678282500883693
127.19497729215763,165.9912535025993
24.14300365491951,188.3264831218394
7.878370042978171,43.19172381227392
15.579190010841247,183.77956976229413
166.36270515200158,179.66273016862024
23.818442070178236,74.91339943594586
195.5754048935864,150.71554500670175
49.593919375438624,50.27923803751728
158.58541455173122,24.524013959999984
145.11808003633882,79.70694972768567
21.08455283873142,155.82119046314816
54.06158289258957,194.98217315237454
61.44066554431378,51.367927661928285
65.28415569461865,33.429271489335534
174.90391573898404,89.53810122075315
171.30342502498524,123.71495796769908
36.73243297892478,151.40565315453154
28.935110940969427,61.93358595180643
143.33323310146932,155.44486927065122
52.398432607872586,146.33613685185662
171.7912827341527,141.88551855380038
34.28766234668703,32.42576107388037
14.704990385474357,134.2019698305582
184.16064655261798,28.088901109808386
71.47825870430607,52.24915681213728
14.201640203231724,20.165102678464812
173.07380773713382,20.127502829639322
66.77780224468081,111.72221368425876
181.04064338996884,145.11097644010422
156.73428641124994,151.50748069585404
67.58724287707729,130.38661272058903
56.080038025492414,190.52898176662447
74.48419694445566,49.011017111691686
68.65625808867198,88.39975270298454
74.3344166472937,188.71585420339338
136.91293873101142,77.88948484817341
29.65803107284807,96.5999788655609
53.84067149208444,52.009487182667414
130.84061436452595,187.4284757967179
16.037923086732317,5.96665702942572
82.60824305099678,45.11259292733933
165.06820871824885,63.93248910345945
70.69754020318845,102.5300139996643
61.149221113985405,159.60684949773255
167.79973093197015,173.12114205586678
69.62153153349014,28.912328378372166
142.27994219487098,81.94135101975311
176.76100641882107,179.66272986585147
123.80285984163228,44.699068529046244
73.65138342947097,67.50022733355824
150.42203417052198,96.25878275814014
33.71271350961171,9.642030119721896
17.76353651961906,140.87608684707695
133.4400541678414,70.21985301415623
159.97350916993815,184.73980314893078
40.62320089696702,191.33565002545615
156.3843272523244,178.02761201753543
159.6932805538627,12.434563021944046
166.93162748361323,31.35150966568471
126.69392837070546,110.7670813913327
48.87679766007716,62.83677917860836
166.8918215166117,153.97854776852375
188.53965396217635,116.29514186282098
55.74367961921368,194.07651773530597
27.47767633665947,42.77846241944536
141.79142163694263,126.75485511900064
189.25061346318265,143.70082604996443
13.599465363430195,179.66779550806447
155.51054829452616,20.96048263943017
28.997789322365374,80.87275421727156
16.06783355327099,117.89096982590519
150.90083856199962,131.83928650916545
185.32931247500704,172.28547250812585
161.4289768535141,66.48920902393422
158.53844269269845,149.36990135886685
145.13822940680015,102.08614405809345
193.84688702618155,122.34806362844769
175.31183634317372,138.08579386672736
130.99106879894674,58.63861435082057
135.0032636798774,168.17355146886737
52.872103355167354,167.3181850111009
192.17529722201618,124.51109629786089
7.8461487763466,136.2918416935758
186.6833385901589,51.31527250284323
30.278843133534632,137.44116065331897
137.30957283518435,57.04481072484267
19.371800130964484,23.522353138206945
148.56745357327904,185.11659741746024
17.024270914515608,37.5186531016232
186.3835683891715,103.31766803297384
58.195660779242544,122.35797307161742
126.83965134466176,83.75636194649844
49.40940438827098,58.38378994159873
141.477978116838,39.38961164582496
191.3410442930971,56.29731039936731
58.85547072011986,196.23517830710426
48.04208720146445,173.36351007370055
28.114752180706343,101.24784401143846
178.44803395728334,113.6632144135216
187.5159919246264,129.4985447478912
156.17446181351082,76.10682327267989
75.34782695924594,128.7491438544233
151.63772598720217,94.74868092201677
162.3923182442896,158.67564021070382
135.63547142493007,154.2208293392958
176.95170206062056,17.966443154915137
147.7670580886475,73.91586753807475
28.387031527299897,12.144175059974764
68.58374264860412,189.56343474433817
138.32548398013472,122.17782648849128
6.824770475109872,89.7026372834795
127.94007124031043,107.7646597007334
55.3877983497169,107.11441617449834
31.59469492491782,123.52798990608896
20.822151832978808,19.88240408587477
52.63380129820667,194.47865573222697
60.97178295562041,65.30720414918277
41.171860885655285,71.20999171224601
193.8969477859467,108.89627233744976
57.94786707359105,24.2464430537261
162.84167019979677,42.21611147805332
175.08833827914424,25.313618060944442
21.70322217978231,178.98497328247888
47.94311247511173,162.7793474989116
71.17988961916,82.3083746705408
112.49331439591651,40.12241304524797
126.54854901434436,129.91420348039668
16.824961962317154,141.79760330874385
156.43166914031613,40.51946616822475
51.373174577061285,187.329191743406
157.23497024187895,105.65374042527937
194.9665650149238,29.96832894148514
133.70362572839363,26.274482894427972
11.14871538352657,165.52818496578547
195.22703497058924,41.71894170045246
184.1634387748165,130.69492537315284
139.54403229081223,65.44999052628225
157.83122787989964,49.58093126630317
22.37772082194257,171.80324437564144
26.546127089776828,24.336459558835962
39.555423662530934,130.68696143671033
171.0657401396195,180.28290125789866
16.850150143913993,57.611903406507906
73.22691002861532,70.06845035345914
43.65919603388803,163.46170366426244
135.00363637153652,56.29276819628029
167.81534849279296,180.61406868765522
21.165459518395288,179.2164932404467
58.66658703230343,51.35490392398884
15.356883756736655,39.797623569587934
63.798366878169,24.07467487902252
5.282971299443966,163.08117884221383
157.38678546756773,128.5440618084472
173.54244263156227,72.84884826415356
72.55729331451724,10.619913872801416
175.43153813128507,195.49419113237013
127.41724172885388,109.64215224001511
35.781397931755635,117.49776503371473
139.38907770964477,78.92795459537491
60.077363123959266,46.6148337752891
65.05006032728545,171.8738035407252
40.387408939724644,136.41734489999686
194.71189927820467,106.15445707635796
15.091155751828364,20.934879242389684
193.63075696423576,66.09495330762442
33.00722201079721,71.27553207976591
14.092361067556345,154.36928150788683
11.053170747009581,84.9253222757826
74.64057939379177,43.92194589657425
196.47299716551382,44.98439479241561
167.8510878841955,151.61443311378616
33.30567507248369,170.91639096719678
44.25591294180651,75.53824788612665
161.5495943236293,144.93396124928162
180.02099253379578,76.88066532733245
17.5258731567258,121.8195591118389
37.54939856568949,58.04453539390712
61.78168843536654,128.99219580653758
20.03715169018973,105.91145570186217
27.306405534560135,92.99249774684851
16.149805520159443,102.20200237301304
18.116563200562933,99.13496239439233
22.21478758795691,108.22465490540161
143.86239232537318,156.67641904170787
186.8649749103085,10.03334468982812
171.77614220434407,69.40269755242922
157.1522128043284,46.22982051746497
58.38491993656406,155.6867247740661
190.8708445585993,162.99261655723396
141.4449561471086,86.91982436639404
135.55065265049103,104.53181274926536
46.8456916590464,164.63634253024662
135.4297057608092,21.70463175291749
22.461282245764444,179.45208475016497
128.78785477612928,108.70842716976404
150.54105792006536,47.06940444410858
70.54379727228732,22.133181937439943
127.21274559578947,133.8612730989498
158.81177067475943,146.40544139446382
139.23725356673845,171.6548239365714
149.86264486876584,90.95606949711936
42.075370290241686,99.89377197035336
130.30348582502214,195.21715460429365
65.28395015188754,67.82232891606968
141.82837535012416,109.54701387510256
22.756652672552676,117.72622858369537
29.490205514209386,159.32214887824776
60.888077000950005,56.61237263032599
196.6519084352991,17.722483018881455
134.42195584621334,152.9996470852373
67.6107898040201,70.61409438973008
172.73396763082513,165.9519381335025
33.49066323869453,41.184678035816574
146.98652518752775,179.28458582651658
136.71298120437896,156.34886017653824
41.145967753203756,44.597346973418965
182.38192266296704,28.046780131413986
177.19355882455633,147.76846887387174
44.29395878183527,196.45576786057248
165.16255320965186,39.143103478496464
20.828101467018254,60.79351806597611
54.66375736422986,86.07724832267523
27.80842905560588,15.305256082161925
23.16903687561665,62.304613927052785
24.789080285480143,63.68118091223894
190.81267815047727,80.05053756385358
36.86761718643262,169.83864137724586
150.466927978074,142.80408160448573
100.24081074379586,48.64850844943519
39.48645285581671,135.22686325591766
167.8564865871749,57.00257345293733
191.3588975459123,115.70940350398355
146.129818190682,59.95656950890201
63.30589710350403,9.652737684688313
70.09316263972363,15.030803462997513
165.9960222171061,23.71169771290767
134.06677843591046,124.32453867125155
44.93187871530527,134.39715061335917
135.83123385249132,82.90078871849103
60.76397630604911,106.1490152150892
42.859325447020645,158.4642792777608
130.09900846769435,27.91527199491482
175.04802858550914,155.65277106646377
45.09709676757664,126.92729398795285
133.73872216102862,66.71968908156444
58.05789364402232,139.09763657732796
189.87641549981535,195.73012113115527
35.07768676834292,11.468797832862741
130.8910414488086,133.288827572824
167.96066527275377,109.12439356273016
17.330474064161486,57.50970541492813
41.5916164155641,82.91763731281857
49.39212076091067,164.19471017551484
73.5054264970766,9.213073786655494
182.90041247994714,65.68137351912503
43.78895149751508,103.97402284724237
175.79252468228796,187.28166689486537
35.2026204743332,84.29471262914927
32.62652378750746,100.14386410929049
53.51728969159493,145.22523264050972
153.75387124770216,154.0426432950589
129.6336066161128,86.61743688277038
46.4797178138007,41.44193067679532
157.4074537292496,175.56325260055328
95.33029927810689,49.5736905226659
7.622253372476917,187.61765149734043
179.89062090108015,11.118811101517915
62.885838908669136,64.46727242741028
134.27383890376933,112.48463436252423
56.790160938140424,119.54010117099354
50.9094775485362,169.43715929756706
16.759404523459537,160.75918150738414
126.60175721554306,115.43690718650343
58.25732742895542,195.69821358817103
28.246527281453027,116.04259544283168
191.09530455070518,48.41917957385267
193.08349788524214,35.353078826270156
173.79814041697605,120.16068134665271
138.71277319629166,52.50576498001499
5.860330364191741,49.57875034050384
30.263806032790498,115.27183890502802
134.00745928010636,126.83686102757673
156.9848803191863,117.55790970230397
56.39748519756211,157.15775917207174
166.53211141907957,159.9920054524781
27.31327342180888,18.647617909359425
154.2733916868131,15.397874929604248
132.1593916666929,127.65490938035835
91.54614769974931,48.69519909287095
67.40812207964284,146.34976475122926
48.4730461324089,29.009635300407457
182.90239887716726,134.34303423766096
161.31767200666567,75.10614032177526
183.21280597630636,139.9582846791692
65.6966174727251,194.75249925334236
25.35065687836748,51.319241034850435
165.58961897421977,49.44130398779238
44.70936502934935,77.23768091477557
32.369258307752986,6.231654251031357
73.31641316811593,118.19530483806221
145.83814050576052,104.31756506211995
151.9355047406601,134.6533915923954
70.63261900522382,58.253545882971046
24.406162868536022,78.31864753568044
71.76290857177206,76.93845971552224
169.77596524101975,94.67813534735923
178.29973431453186,117.54280566918595
162.3629749794845,145.48841191471314
191.03899764844797,133.77095115985318
193.49779795424496,66.10417630303822
54.56686260115433,98.64204227518285
143.31969150924715,51.3459926690675
12.023718504308809,61.07975795739258
29.885575728097105,90.25930990709246
127.35701597167419,5.703081557515129
75.44872531937226,169.8941274891953
155.00133956645257,180.0690448855854
136.62241943932014,147.10890405114898
42.79696401003126,76.97221670727984
158.35805142905429,56.671147408811656
13.528839154557208,191.42858197190822
15.549951468565634,181.8388289576159
180.3244222541348,118.72747623007056
148.36149218362516,143.10513891011402
178.42658014014685,49.90293859342789
148.16930544288968,115.96376539180874
50.26323619071347,185.29851762342605
135.31778984335946,62.713802366780826
11.754718679982048,14.790036362437958
35.963417734116824,8.158447621939466
26.25146181105258,149.93559789930677
170.5830837881285,114.20233495716138
32.54125425946592,176.9479711148987
73.23671273568011,48.02471344887438
156.76226888284754,94.58501965643876
169.53635433955725,15.065741672542869
136.48549923195682,58.03363357205289
13.091580352877651,107.78224350577977
20.23354134258534,102.78357848347677
34.41568357670112,35.81745702138451
9.338528219594712,43.56934327429727
39.68157051687336,159.46397327825431
38.00425241039885,177.2387091494797
140.0069307503236,114.69972846980006
159.15627427144568,122.32435147489832
19.207882857601273,65.85297932725115
53.4643301951231,190.06887788462674
17.690254170287712,58.99083557995491
40.15068656705485,115.86838690404603
10.437651375830152,120.52051715532734
69.19360715306854,120.16110730917936
33.877349300752016,81.32829448958341
129.20128879872271,12.073146132263435
171.9765940232182,123.45104572776916
155.93643809742545,10.322017407520882
158.55773030040052,185.35225657274387
184.02816578689263,48.386492061287655
69.22623989489242,78.32303651276943
132.54183049433067,190.29222629848587
152.09827486167245,183.06268238359428
152.06102981849685,13.972372103078616
42.544663290407954,89.26215436800229
30.95362296941305,21.667532927597634
182.1021413727809,115.25165848858407
129.20315027556788,145.31590140720496
68.28043920686558,193.69301557965034
40.308326659584395,175.53799204155163
61.722451827785555,33.91292409629332
166.71296697031372,116.56213630983656
28.961077092719403,153.0194981323149
178.7095003693423,92.26388998267642
132.53907044596676,115.47029764410469
126.64829313997086,155.1938883752494
156.29834854720406,138.2646977501705
150.49171493198787,29.142160668256764
22.24121807966324,171.35259179924918
51.261445767121614,157.2640403119502
41.25071707976103,60.279135854383924
45.55788421265949,107.14938240235108
143.09377252527892,20.781329439006683
166.5334565433585,123.23022278436873
152.73144133014077,35.172933326193906
151.05812038818428,104.05877443724471
28.588592408139256,86.36311842298403
22.87723722209635,17.997516577164493
159.29406724679,85.69596850781144
131.71161461801938,176.5039047615927
52.895915678204055,109.93327799751847
131.52741661891864,182.35656560190236
61.601342511247445,124.23240224472592
186.86009216596915,89.51602826718809
122.75837740698859,50.05237818872074
51.45064556750274,131.44338411757738
38.76334221428515,115.9436420051191
145.12183943413265,136.30526561374543
50.826125988095534,43.58880293923997
39.095018063756946,115.51450011341977
155.10878264165544,123.93515568422394
7.210107300573634,14.369183764061843
156.26146102675395,164.83017396947452
49.188212438627254,180.69622780863662
23.48690824633764,105.53063354626677
175.10555905923803,119.54307548682893
31.64197801325526,29.20009951125124
26.04657191460325,177.81972129701123
7.696299715154436,17.158280415568655
68.26867373969216,41.7714124887827
71.34650200383965,75.40236386744857
72.9218333197848,105.2125020036297
187.6761800960975,186.836089168428
28.849329549296968,73.13695414707473
150.92382977673267,180.35891679487725
189.05086760476908,55.70345469413393
150.10370306494573,156.1689521534924
140.8473045966962,104.3467249515356
131.30648451581914,104.5920116825529
5.593769573049756,45.77184312873043
177.23857883333145,83.55102544746465
166.35097320978522,159.5598898126694
141.5000930723303,91.82251753279847
129.2002089256656,20.4680409950181
28.40082776601267,50.98330924105807
42.062611336436035,33.98650116167162
189.90262945129456,134.37847383147445
9.864722875937261,100.1635586914978
59.43475428289389,118.04489554397598
135.54704404293608,114.58463935599933
27.64900557940457,183.6349426935529
175.2499198720145,111.33977295191973
169.76845703656366,171.72808547427397
136.57509036295642,181.4574966938234
141.15006613399396,58.85897068161526
165.01036753723673,140.13579414156212
158.3199616769313,29.170348109407225
28.924697700126014,136.79124801576114
148.31061729693874,27.805261221986854
179.48828541611786,7.860039497027617
5.851846872960223,153.10921309351144
180.94445810165573,169.918676798926
179.11259293344122,53.88952042397638
185.16703071865456,30.90683349905258
188.46178084237346,47.32584647908299
19.835293564590078,103.1544467428261
163.05963277661198,186.90523818950277
63.04788991071669,101.94773634193804
23.274320450899268,156.81744986730118
152.81179553513562,108.4853522178588
25.57839284451388,123.86231341951668
22.306016379876038,133.62726345725684
30.556949460436133,186.6515080038895
148.05425669564647,158.66157593816845
26.490098856004913,76.25555449720295
66.68192933731429,120.1239260546752
194.5112170571359,84.3816159048847
147.00887025389935,40.376760859872846
158.90348109437326,192.3982534826983
12.679105311548703,195.76470777491792
161.3169108115982,161.6943808477444
124.07605681702864,41.49356909574411
128.92053889909465,159.4603015240009
172.5636019196556,167.47782982780467
193.70071704920446,160.3821458820723
50.627696800670535,172.6385531238731
51.266783591095376,196.56652293577937
38.98284403341451,146.85679528299383
39.85937309458844,165.69896460961587
171.29956507126718,70.82255916793027
59.1315655115675,174.28037995603137
127.57817145899533,61.98347952316884
148.47342472621818,117.13376756079639
20.873255944762267,126.37663970361945
6.5491785570496885,111.63605276691575
143.0732571665369,32.05514884058287
46.50114474851213,154.08377817144827
136.20841894403907,9.754820208220828
160.98465184496402,145.82980573827868
45.84423957886961,113.45746901891657
127.69206736755616,164.48555538375635
143.19373976636817,77.00842964536118
176.0464660220065,109.88721287891714
131.59157631986565,164.38208914355135
75.6896834850427,14.188135402477863
32.072905892526784,157.45276774279466
146.3718970067817,99.18594570274408
195.84313053349172,161.82597642689336
41.81323848603112,116.79224965626067
172.5388959917857,105.7807787448405
161.7066351736764,18.875935435916034
56.599426728865595,36.31700252118351
69.0600971271016,107.95150964994552
163.3987939079588,188.26472164929683
153.21155372444866,57.84450453114214
126.63121543756662,30.04716347715519
43.45588114669661,16.891197491186414
73.28045453136322,138.27872871147648
139.48625567993582,161.97883166551986
138.39069446164092,163.6701874363158
179.93041104147156,90.3738328097911
185.6406897882964,175.18084665874758
166.49627317505303,89.37656890275983
149.96392502488536,153.97938485729597
7.241903392016574,67.50717473470259
73.58469793623995,97.7069861766095
129.0595975775538,90.3548789883265
19.75770001134478,72.44340165077735
135.5503806578974,80.03644029898501
43.13232264941688,35.7113672970636
10.66494734234874,154.21488884032925
58.68992310226004,122.33690553526255
33.22461592075523,76.41927690447746
193.5592955110374,139.96148068166698
6.412380224301863,172.42871855865994
145.63808171292627,13.923331372033719
175.9365392929134,112.30571266797517
137.76784998437384,165.76285271968422
138.11977665912707,85.95158305312886
148.86329864801226,145.87478831405429
72.39871708465182,40.988112530873806
187.52592379700138,141.3432908025316
196.35704215634223,71.31889704869221
162.28470638514992,19.829406950875747
25.199048276540832,97.84899666035588
57.511654888084244,118.88863271116644
53.306102016598985,48.590433752532796
178.83993688490247,81.4024242332404
150.45000545564488,68.47630853159087
141.29115309243582,30.82838046268514
62.70671210382896,36.90309595644778
160.48867286325745,167.10586755092405
157.4295483418149,91.86949187351405
161.27388057914692,118.67587341601374
138.07815972551646,57.77497457706201
164.65812134884368,96.53514712104756
43.08470005495907,83.6622750582606
47.0827207896217,143.50442748531452
24.574017645433237,117.12961280912917
135.13356266007042,66.83857585507097
170.28005511113486,149.68466137918534
58.80876393609178,186.13402595773331
182.20990502494067,131.54044143973826
59.95269123430936,153.49818709175122
23.297973458693537,105.44552403677181
18.917676593891006,34.461768858255596
64.55308927663003,141.85945766382102
171.31508371753702,42.034294757344206
140.31939337188942,147.58531753485073
128.31609708850291,69.58433315750162
158.2067847430705,139.51748433302723
126.22139692977562,171.94197161374444
48.380591116985364,19.784092760114508
190.80100211252895,65.93223629767239
185.20116145031008,127.68604803392867
31.87566705911804,115.46291073314752
6.984601573066832,166.3203326385718
132.8310239730558,161.56726285645564
133.0911729169472,95.5777989569328
31.099541848033404,81.45097480690502
38.50286640745975,21.262264030094133
184.26746369814978,175.02766969463804
15.75315118997299,53.19993483340769
67.61743323708193,23.18288149277133
19.477212704404355,19.434773838396413
105.23594768197793,47.26004579974932
191.06928742850454,115.04587686717575
26.22966470528678,75.24136086906204
151.4664325997821,105.59767390082696
172.8687701345244,129.16122124602424
146.64208341916006,187.0526321616584
18.070219491773976,83.19684176652243
24.437930686357074,70.25038430707161
173.82215765740858,144.63650485632314
159.00040548368727,155.8724265960012
42.35450334742254,17.47627279532114
174.0256557726949,195.08427194330804
73.93036062730472,156.01380525511422
27.980810109308905,140.70262177508684
150.61507242130116,194.476630023791
11.754669944782147,153.7347775230857
180.44065631297272,36.21152986176935
136.42838355270692,164.09270194229757
10.0,25.0
180.0,180.0