27.76358169421642,145.79193363598094
171.31448054280582,42.55389915337507
188.63670560989524,8.792022105027636
188.5839859119502,162.13775363211278
193.9957398275997,39.75003288451507
25.08737107365312,108.87589755485699
23.019944749869218,63.694567330919675
54.28535600873296,78.06344737763892
59.006611761970326,168.07439467095813
46.6652015070202,44.657943572860155
6.973540700756759,17.878931849436675
127.58381143426583,8.819508257695324
33.5468370258827,33.7081919197075
20.598031203481398,109.42990078212866
191.75743564330074,78.30687025803148
152.924294329236,181.91296894218047
67.64784663950114,16.247023978617435
139.90196604989623,79.05153302740274
37.20169879890397,169.99567687671936
36.03787973400025,68.65683812494156
193.4930132837985,110.38053509342464
59.441240570354914,14.29739735421996
154.79542926849228,49.29495915439468
71.92531393375212,194.1518356105351
63.70649327586531,38.329611709394136
128.82511188429118,27.838470790099848
50.511491315218976,106.29982228262428
145.57661384433246,183.80733950184415
144.26894721579293,58.44096593527044
134.01794380709572,155.56694664292615
126.33218676464742,63.247290246072495
135.34328346188803,93.24726132780337
61.67490215700846,50.22012304691382
174.3717407025498,173.19448813307469
22.40292760126666,179.52902901631953
177.73078090896374,193.75151550065542
61.46497896016229,6.991619804684429
56.849568680959806,8.801291898152858
166.14668824494498,97.12877735203037
131.0197475438697,148.88135763853012
148.44640242304374,159.66152733838587
43.56173590694167,131.80174674349092
184.15127253613835,78.34323304405831
16.011628745979632,90.7811964606915
138.82809660193539,160.84494153041777
66.30585489877997,174.859362770902
149.93109872383948,119.5449188442943
146.6364017017664,140.03245661942552
194.02749579706887,122.34141785194514
144.12776909997305,140.6165344794431
140.65656769489578,62.737565608532
15.418443899396634,59.44539214749783
18.216356688931015,57.014343606122665
30.305847674801186,134.1002435469681
21.444599760632325,105.763470854077
18.092515636752275,162.2116339355902
54.13915826536602,158.62066799487846
64.1968581046329,45.69717270269245
63.494444527399594,115.49480767112838
44.132484468796704,163.3041016861954
15.791553716347648,40.089093196094204
31.065104359483854,116.43264917787988
52.87899966298822,89.68558767532565
68.55088175349236,90.49928119100201
13.53330877376736,132.78429841364334
14.286525868370319,104.02367173856376
190.26125584513272,68.50847090291673
170.34663131180864,57.260061923141684
180.64397139125498,55.773634156531145
158.58130816129432,182.52741161673714
33.34686929055338,67.49889544026921
58.17882069052973,98.00752717379518
186.49742927930194,161.25063214096755
70.8332682909106,171.05435177150824
128.98018622399556,41.08817402346198
148.5160508638775,194.32142370141682
61.18734989129523,10.015472909003027
130.99560390163631,195.92829682202205
141.72600840632649,33.036272665308964
168.31736542644407,40.103913958443286
22.672173826289992,140.52180918700398
28.66362199520495,136.83214738030156
177.89275315876563,14.29149936528996
166.23539215099356,140.64792601154576
139.53054907327552,6.845705731836512
13.165588136059174,30.14985276720889
22.2154693721511,78.12241827197762
144.75254446673722,54.34832403187009
171.3866096978106,94.01922476463369
17.204432963998663,179.83239467992513
26.032133826053883,25.386527532328557
45.58427279263515,145.01205593195698
149.9323243299231,151.23011510535184
61.0332248997216,27.891694859718104
53.48222898681296,154.4186683309272
155.50542453360032,23.1903959462068
34.47995074635358,139.5460026799209
62.0807889601297,163.01575402333188
189.64955463296883,117.58194506471045
49.93340596101512,31.08827377488284
174.7030368981477,169.96412321931922
152.72249376127823,143.8784391067043
172.03646345767984,57.87751978680739
79.1796554582729,101.8059244680007
147.47600724924257,154.88007433940797
137.47571240790535,6.3010311257840055
7.93134155038363,168.4471231415335
25.88981021222778,66.11450955287852
64.89203925349435,36.51516252232185
30.939387349158565,7.558620895318306
19.483610470763825,129.71555478912563
155.17813627341474,172.14849501977127
46.897289403375694,70.17947268200419
185.6614627376572,145.87365634547086
142.3359133752326,61.854166867780144
152.25364587050643,37.28481754433334
184.1154215296738,133.69567712618183
186.93154741071922,65.56474364866176
9.956489026192514,123.63554094155597
182.40528927122597,185.24471618762618
183.38691744694302,68.69193573131247
8.662427891704631,92.81920489913645
155.83037610227635,161.78445529239167
28.59589837290086,44.761189546762424
43.30713719415292,30.106816550026245
75.07799868939681,57.39175948490265
138.69114771216962,114.23731675810077
43.69838298778285,25.320790854796307
140.5027657067425,174.80497963391323
191.8807948125296,192.59801914059312
163.3292421462781,92.94804187314423
181.99835403009254,119.51213479335021
54.77557619478727,58.57211786771873
27.953007411403927,175.21863396450522
149.223342521396,32.77339289143302
20.165222626782537,191.6588805412938
46.07787652422872,80.35596765112469
156.71444563599906,166.64408390152866
48.43689192326863,143.12790429278598
13.895116360440065,39.65509268053758
187.3732351723634,111.74527655740415
60.95489367040945,169.5890358397949
52.933305711809595,23.40475864439833
5.276293020879666,179.97711527679508
16.609568919960562,26.211281371645324
154.31687846145022,170.13147360013446
74.28409600433065,79.02627844166688
131.24914985832487,95.13903682089642
26.23345941565669,81.14940830346023
63.0407251087261,50.81496664638071
129.42953346990421,152.52708923616387
55.952463923263956,7.841843269563757
9.322162455438507,146.62903394576784
147.83920989464895,18.08818030627266
127.30553802822082,108.16575223502988
165.17672985379056,54.58513032383988
186.6525322134373,38.303734431351685
47.262534364969206,142.5689555782184
18.706709224073673,92.1911338744636
179.05995736963237,15.343247350824276
8.245634835563152,172.0870284238436
147.2941353375351,106.42486293631045
171.01225454395203,128.88239793809495
8.248155683609788,180.02236487627366
150.00136675211442,44.81711504474905
8.295865409173416,182.1739108957035
17.507832741039266,187.17774484521507
25.041907830550294,179.05464050721548
189.82205761249082,168.8556579165747
167.0434282261029,157.4032481527821
158.73319037557297,146.23103449998388
171.04996597322295,139.28272259407487
162.76112062744832,29.39192103572254
72.77900935853476,17.461410472082143
145.5221328099649,117.02259644270823
129.56676824038797,108.7483449530652
73.80450093588526,162.84332651846634
39.000300494865535,162.32267246615055
59.01624447391931,34.51338637979789
31.073924635376947,133.27065700792954
66.05433085967354,12.270327024420348
72.99149271894804,134.4877823629256
192.1456478142841,34.065029762485715
182.59223694730247,143.2618787991085
5.85588807197897,169.0043878322946
104.94083214990891,106.7554654542648
41.71680715433793,107.82458548090435
192.8770180033598,163.6066082041457
130.34288898820444,71.65316520188011
37.21660612041184,180.69107152375662
85.30459729449547,103.6049464425046
169.20799370942714,158.72777790904487
182.90199175359268,15.51449659059855
72.63544059890896,25.679426677381688
40.803759387025764,191.0295392261857
175.37661812843888,196.28748486205896
157.9938720465112,29.23815319823564
32.44901973316737,34.619617639260824
168.2250961816701,65.08018907369379
31.5694381360977,174.28567312731352
169.111729749822,156.634985278562
70.42367674859507,185.86360937628066
133.0795660731075,84.94861933901197
66.06470447212224,154.27795687266178
52.508548034345864,166.90060716700498
166.61140439529385,30.25623282546293
59.96563560187486,20.929995600784462
14.660470562833265,56.824488030261804
176.83781214573887,166.3721232718462
140.66869640100643,149.42572749434476
138.60125586661374,14.921816053567468
177.27275899174518,162.60980698314592
152.46797514412305,113.71906957728388
12.74371326855862,188.43730112774003
167.90148775614784,182.92232226038197
188.45679030618797,16.40853904336575
172.21044120804248,183.45309518892688
134.50685080533893,46.12556274423346
33.23059761260972,81.99896958680237
177.38963185644275,16.121864282180518
130.44673193457515,166.488845216081
145.7055645279338,131.7002208809911
165.66206658205155,161.49519994123972
182.61324312590313,101.61160542011392
12.391556985586742,81.22409812173481
53.00448792307661,39.61670346084024
12.642136315142787,163.7233318141656
173.86278385240269,146.60016876799773
34.119268701425526,46.11415975615514
19.380050477731245,87.13000629065151
156.73812979747998,195.03027706669556
154.13077555518058,173.93118988434463
196.232701209558,144.91924891152954
43.44609354966635,130.36855433333088
164.15852042842266,5.637943260671376
53.48734004347119,99.33929963144826
47.22961261423303,62.182529882751936
5.562944365275933,127.44678015708571
128.40468612023372,129.46137014060537
15.400043947413467,62.208070517467384
181.00594387012868,53.267012007978785
192.0965821134133,177.16294683925904
41.47530405196337,163.31931951503876
138.0841761080446,144.89560500441485
18.780312601932394,55.10316395101733
128.84414462359365,182.75974616215748
61.09429837883788,192.91769799766809
54.25929824221857,54.62681367207626
192.074248885519,58.06642076369946
195.90139654877171,187.66624863128771
196.46817669393872,63.34931041014659
144.19730339992591,153.65877744713973
20.652297568748946,26.60998037765814
61.81080838145959,65.8369108859034
75.65205355040281,170.26842243458654
159.5794768006791,141.72042908740815
60.27011683390185,58.17519398118839
26.389160776340532,118.42218690592485
154.1188467984642,25.13599670450646
72.70716416269828,164.69882674723095
63.17743247765353,66.15676718812271
49.87419076832296,8.815443350978098
192.2677615050051,70.58027144742181
20.41098326290634,134.60402513834185
134.0725345248582,56.37139434935176
189.77622828016337,13.761863800643443
147.88547584239464,70.67967784248239
182.0814441960298,20.007949790069496
45.47071238433447,100.37497122188752
34.99780549262541,140.22300728237428
186.17446651396784,187.90936930943207
36.01221057228151,110.48592808185772
70.32266906586369,105.98066733524388
55.97596014914397,124.88112674450655
134.0533722234126,154.35612095853068
135.6885522772795,164.0276913660203
27.973974576921922,167.34575530097757
141.84970956449285,163.29915559715585
192.2270992872415,146.3927308837947
185.6992087714777,126.21303196338332
72.81323967543986,123.74049465853527
188.787050611257,166.94346033119862
141.20239220810365,85.27363544634999
176.980329695531,51.04540355794333
72.96008756472554,42.23971973158818
25.743714103252856,118.24322930152167
189.66313976117388,166.07849854075434
134.85173122972992,29.05085088658581
59.28019791374156,178.10335781913088
162.6082392249635,166.54127680240592
127.75058079933169,71.60710287377485
50.294261794198064,80.78428322988528
38.796305089408975,185.2213060158429
161.11275825423914,184.58525441665438
9.443786756376628,169.91845768855796
127.12173990105597,136.8565426406291
133.41199124016077,182.6851298872541
151.8181464246684,14.209014626988447
172.03666839517464,115.05245884106427
65.7146107740653,82.47442937966967
18.676134619672947,41.49797871570091
175.658636084117,177.17249525617962
165.32029076674047,86.87871174130453
65.39782774971953,44.45173547484574
153.80194099312425,35.72757813009207
164.97226501376207,175.7271051920343
194.47075429833288,37.099215616924496
60.7215409224246,29.96895962997757
67.94476767038697,61.66090831396263
189.91591527892118,32.22912694031612
57.905447726307116,167.79094038349263
145.1341785822597,128.57384371978858
65.39423905755844,55.097768647776356
32.72768558904896,45.24092012299796
59.19240801666555,164.15453716832533
57.58324337063132,23.927124638156176
6.691419358402227,53.94738999170147
9.622478917761644,22.148728952975503
21.73723596365551,27.3909448322678
139.2294200609063,52.925248748247604
13.567854128992106,95.59081185627568
10.976660898414718,103.70172853877345
148.97694654263634,163.98973906820666
150.57420262187048,38.8176540749957
50.29958138550775,28.764691929536017
162.39815556913825,163.00556360414515
73.10532693765897,32.42253146932977
173.13072980918722,132.14742745466205
169.71571843852706,46.91363883929174
15.975621738520514,34.67998113694827
129.58919967561454,83.98235253318582
20.059254662368843,135.16501860592135
37.43724826149609,23.339786139982106
69.7704278368041,120.20333198292609
129.90310608015614,25.372483285330635
175.44074981511608,84.69156990409854
81.05527648709078,102.06045662197005
67.90719250170356,82.96998985563503
174.69806547836188,104.53476260688278
54.23871249107289,77.49631855105979
180.6740430959768,49.27119918089658
143.52409567868887,186.2547084261944
160.62128423553804,93.14094811761342
69.22261036976491,60.65074053927109
49.234123335934505,114.6957674838146
181.76921221953816,88.73344033150748
17.583963411758113,68.69286879387484
68.1175903435763,34.07303956488566
175.1995250121513,190.5077991849602
45.473835732339445,175.89510689255715
162.57964250797616,100.57144055382112
41.3663520819473,42.33166101239823
15.766129216449354,160.2385347715573
41.61764803050838,23.599950991412793
34.425601570112335,191.35563761802203
64.7056099365705,142.3080185081966
62.51734310777046,84.16805176560146
176.36032156124108,8.43699138558439
180.29643781807667,126.07599919742024
152.96026485872488,114.42642645518319
13.952333193912253,98.88382023757053
133.25216072973865,191.93075781479064
150.80831471690962,194.5146573445128
9.995700025665666,31.343714704641574
36.79391580551913,71.38022967311738
12.47849078906188,52.306490893169254
147.77716898928878,102.00218785405528
173.7951664376527,72.04961395909864
62.22108990782262,68.5113645696021
137.83707945152918,8.573493115402082
190.2602661299186,61.81708728226417
31.79320418520291,23.060386898665634
170.0386167154658,69.31700691829514
23.213515900734098,136.6617139658563
146.41852641129492,55.788723955783546
182.20702468708055,81.38749331448822
63.47384470490142,152.3124249962462
131.2566650648633,196.2681071273126
30.49743865156695,146.27968631745142
54.22107661614583,59.06757937197252
46.8568536359298,41.75613420342492
30.4055914796232,13.423287635766751
8.943245587681393,168.32011052758207
135.52651321182395,96.63010838871817
186.2789263988265,72.42909121734596
149.92198199513825,15.159336282227933
195.64260712477426,81.12516832584653
181.59123619141667,98.26131099830836
173.3797324690828,9.222077020001565
9.221060250114169,13.536384842790337
13.350977450155405,163.98891748106414
13.034534557515704,65.32260602227802
152.95418569172338,136.61248124605058
72.5630056601103,130.68488179644746
32.322272685923856,42.31874557416392
141.67720672260478,67.6609227570321
162.01894062843556,190.10632229964386
154.27963982115367,17.66550606228964
162.151828620184,58.32161054850032
188.13738670805463,191.72230332593205
65.34391377663553,143.69594870973063
184.85045919854056,21.752124364740308
192.39514089892472,173.1687081471967
185.4533664384768,101.95963117334696
180.08010497536534,157.17717312845633
41.32601136442519,108.81853089435688
167.99952138017431,153.48071627943767
70.87335377945072,176.9810020765795
143.79269260819964,11.206811368108083
47.038411590794794,45.55180099259675
136.47690448793028,159.64368940614276
138.62351422097717,95.97865135456858
40.32620303834855,98.56602593104401
181.76700646566914,76.51161126004364
24.832029826372235,162.2284366463301
66.15501591517062,48.968669491837375
175.49177217051596,180.25132228870348
181.13801505227053,55.183158492404374
30.390270227580714,101.09113785320541
181.9243771522755,126.15339629314013
68.03118596976283,33.22221982154027
131.78455975651897,12.21602080708148
181.58930506206264,101.7641521157591
20.918006802281596,123.85693324162057
63.538143751452864,101.10893043356688
53.5857483561398,103.27704494396704
46.320634925775494,163.42261332770047
59.76168937345042,61.95093942857411
175.40289862895236,32.082304170789676
18.20193190729882,112.0717186467763
190.17975355600186,6.327986940831421
37.557227325580115,91.40120898881278
66.45793832260892,168.99786831699518
32.039478328068654,15.40398518551686
53.74951452190976,14.450742531479841
190.9493460606334,88.5750726273981
56.180138035895865,60.10626875059029
129.10124769259048,145.88245018875187
6.287766468488352,173.5730235453996
56.28745053858814,8.184349662807115
179.7932337706025,191.99820290234305
44.01580919137216,192.110388675919
54.223541120785235,66.69119443016734
23.81931661457929,56.208341097595415
161.07071992644433,173.13161983549287
70.10412406928175,124.0674514672271
43.36807624812498,34.035183550571084
24.159758116627884,53.50179012055828
181.31278757746682,10.91203106255906
152.82255633732123,31.802460076184875
176.12422708708783,124.78354969481478
184.7072175793667,8.147276120624419
176.9852147507041,98.75039795358357
40.69753399681028,58.79356123594246
194.50136101681278,65.38007971188539
143.45124315776977,143.15044448654672
158.9980586388391,84.93775875192571
145.70647282651484,22.796739941106424
11.2378588760539,130.13495518322588
55.76646338157346,98.83672292399906
162.1842147169417,80.40849208867625
43.05966925348255,132.94431324834227
24.50872468123449,93.90257103698193
152.96451809213448,49.396813513863364
128.38048120721558,14.487967080982427
164.04324389721305,90.6288152536965
166.38126836185162,123.0631501503942
12.528969028553671,130.77552809863545
168.75290991184903,122.4813743477184
128.29251522844805,20.871600304377598
161.03983452184272,26.809353736852977
187.77080643667986,39.80055465492148
44.677898662998075,160.94141183641122
65.66623012874626,143.6360882996938
28.463242066536054,92.33866421250636
32.39023680862601,119.80843948894663
189.77562971789155,46.245905007624344
154.67482734853638,42.76675957585198
54.67221804533142,129.64874896212248
56.471080931090455,40.24931424398049
66.2158189394478,149.3164926786884
48.99668923870817,67.89490965307134
66.35475486545936,99.86183957042033
186.44264296590072,38.68197895235315
182.82177966990812,20.622581702532937
60.147304174940004,191.73777752651003
189.0400763838137,48.00723125920567
190.26277515654067,12.430017965446558
139.44505757733862,46.1783677390866
19.70368948224437,22.208270699221142
151.09126462929223,169.77858964597885
69.62354793295795,69.1153903973935
61.44730723297027,84.28343020393697
147.27858495040994,147.25928021514676
55.4514895765059,81.27353822160157
139.8153944588294,86.54481497815442
162.5522793685017,194.34953338933676
127.03743596802184,58.653137663643186
71.41439052503162,15.101428032982973
160.90487290208975,171.77115925890084
60.820154444373216,167.15014007043322
163.4563323888112,87.59688987024984
22.896436208603056,145.9077057732274
149.36639637002366,106.05873286630293
71.69893255411044,129.75224176383264
19.408766757843082,165.58797737110433
23.667603984533738,147.0968156021618
34.486474457986134,162.28756132232303
130.4547447316613,73.01869439991549
140.2804468733882,172.15300686785497
55.8423542096623,65.03175574749919
187.74251441522722,159.7509661745553
188.25117255955655,99.01704860460606
13.178851240563732,103.96896166882615
58.33651830416363,58.71446769803402
188.2964981528896,136.30358603253677
168.4722301206688,122.65414854385094
64.18059272624005,29.603131454824968
32.326331889967605,51.28444738995328
171.22930210826146,85.16241322186814
182.17190971940582,100.16167760088462
133.89449434265072,18.333262493419113
71.75794890996919,148.10714138955228
26.09141292623129,21.89843217624673
7.59908051795651,17.83056987221985
41.05574801461101,95.72801550607812
184.0789510004901,141.88077983382018
16.312145311054174,192.30396046439662
34.86604027477877,129.35654588171172
129.1630575589877,193.06325700522876
151.64135526276678,144.10581164201997
136.14454709123254,8.396112668421972
166.9411969413523,13.894100841737414
161.65144053977284,55.930857455965395
192.7893231519701,123.18942078719991
51.360294688361094,74.43915893220586
178.93893763307693,113.25808949488962
130.69909993976142,61.11756457855284
138.40345766118813,170.3567823080961
80.64126564639037,102.42018014742071
8.348316049683547,16.609740455299207
62.55087422987126,124.45336089861627
40.149812611661126,109.57311740025004
190.5228667604895,80.03506888497472
126.07780194198784,103.28894554997784
163.1627977949022,101.86994861038889
161.86828417055386,52.34654248392822
141.53201375763342,155.46564121897885
189.40420871564245,99.02586477595368
53.54398363626447,13.524356307711754
50.853372294571116,96.56742432371809
191.64910634878774,186.81471015105097
22.60734814204957,104.89434994610642
38.27265951856039,103.35815754563926
196.41270819827704,80.56463812734951
188.60495053114326,12.17069054880942
161.69524478961318,73.96509314199348
176.05044363342168,33.954179702747766
132.1928566446338,165.1836336941798
155.44333200260027,187.6754475913059
136.3739284151609,118.98714838692821
30.83602789405094,113.82835240301813
67.8199832643025,83.11370164295943
147.41491501572324,66.88830376560699
192.61490165030906,49.02320522256283
21.756601713442436,18.32802112612016
140.46808593402352,175.74532230495785
162.57980138039443,67.46548983045354
129.0011384413049,68.02953322316782
137.1837237766231,163.9257970815409
150.6320601495174,122.71127047988575
149.46104852150327,95.66622862430663
18.53471173092472,23.039603912717855
8.665089306669099,111.1504382712924
175.45598197826368,160.22875152242779
133.2068870374888,149.69791697890426
170.54635086451313,107.25011076080285
184.28283760025317,90.37655882763079
140.83312728110948,172.48195338920056
146.12135700604264,156.2144770797386
157.1215221181898,34.69777729665253
69.4542258829962,61.71227709457503
180.47679914270378,130.6961666712383
58.37402244225066,90.3003546528714
52.981446944727146,84.93181204930713
170.2371091781632,62.79476474730842
32.044920505888705,109.18964946021146
180.53253700896633,26.080917716355703
7.055800901094942,141.28829853750472
161.28702424387444,137.60102588898584
182.9069995270058,31.58588100958743
179.08485935622923,164.45040107580755
59.69293393362943,175.27447743515287
62.03177642429903,139.8684126479787
184.50400302926056,131.94864385610083
19.957062463150464,127.30603391582707
57.687753979995335,73.88342386388709
68.6148729384856,162.42985064735942
98.33768520766223,109.22896368918379
25.637095895224373,87.46324702925742
146.08065383546412,192.73076929764028
24.600867633807102,55.141501343375566
151.40015816769912,69.64715738652502
159.70396703969095,11.396794314858914
138.55932712556137,16.046338955581817
152.9348455682325,107.43701075929194
184.55845114257326,65.97957559124072
44.68821900839905,46.618365742375154
57.50081398724776,34.062119831130815
187.6172766838348,166.5736685842943
37.16301547137924,13.538460445399005
43.11472675182871,146.25281519174217
19.8680541070615,97.69702825671132
171.19153991105162,185.22111667162144
127.22445210634658,83.80651909165573
144.08799331947876,142.52676200793573
158.81090717793043,66.6869806467709
131.9797030584461,110.01192797280999
146.27246848943815,29.33315728204538
37.01995358976123,72.15838338732786
176.0446576302512,93.40354028238718
36.47000671331986,129.7881113055135
72.61820731125422,54.1306904038395
22.461085883518457,116.81783638624728
18.597044490152264,172.59939452567022
25.1136101485503,120.75234709192709
53.706312646920146,123.07228218374627
164.1902795183966,162.8958287118916
140.6041565288339,57.862473947136074
26.352177341635116,8.61376717849567
70.38499620045296,95.32437173393858
166.23381783595366,131.07655936190417
6.181246715325224,71.94477243566843
160.28430349638566,179.67546433866707
155.59772266309523,116.21668164488909
42.70667718256101,158.923448482983
128.1534817136895,146.39805027078037
197.0050347955729,51.38649173805596
156.64769704538173,20.28425299468341
6.072593658621516,23.01460674499091
5.45585400111314,79.49747877202125
152.41996959762082,147.21873634657288
5.541056174508659,41.68652203501391
54.76327052085092,64.73446069990662
181.56766801635487,157.26950471496113
164.68179972415095,151.0368246019659
186.25180687558165,103.02018522551096
166.10010471920873,46.20115427354512
18.03760146938663,74.32823445737527
175.67428846663884,97.78020025177445
193.92385033939718,39.873679226821345
167.86915926685003,57.97493941989476
98.93739425358562,109.11885846579911
176.82394682991287,16.251350317801922
142.30338053495,137.3007976297093
195.7433264311049,25.76039544319083
184.5373802800151,140.7917952164093
170.64841121896055,75.98340250842317
45.10345439257852,54.91032129569092
166.10053351215038,188.59597999526304
22.433420967092076,26.510243611744176
148.45705098125953,43.85532080337121
71.25752469918812,92.11857739759381
166.8062451310062,59.26404135562871
125.02356031242135,109.07102162330327
70.49512845459495,166.77954550767913
130.68732952463023,23.35150162481066
161.6245945824685,128.231278615757
46.872577057351904,136.48395213747372
73.57524136126614,70.65027255447986
166.70241122251977,187.82792960897166
8.110056664420096,172.61883546445648
34.77743418551848,52.47119899801687
44.06459618444688,55.32134699447266
26.486492140689435,29.165967469506636
30.863950357396348,122.08171960206711
29.98783760385187,128.32768099373288
54.63938645734562,47.28921593560458
176.54863119975852,109.52566968484163
64.68411110138926,11.746551241086944
95.81219435132958,108.09848366558484
149.81347410323352,118.58277668992625
186.6733651777487,185.23679928982426
195.48501162107829,111.67321678122532
59.883483909863386,28.28958236442064
158.61039286021867,174.7421676975188
69.30492080094457,81.179846078245
56.57075290045372,122.57031250275065
44.71772243261892,89.1062706405586
163.18782632534484,65.23374918970254
161.81117803348343,113.89528373928412
51.9999820121672,167.01286774768954
29.686876379829137,62.027924862029415
36.536597569081046,113.52988963462957
190.8394129189651,88.30084864508783
12.887533923225526,97.34710301703845
126.82453464569384,11.05207578078872
179.18252259996132,166.91601639466114
134.76607932146118,193.1913402132159
25.285170695017936,187.57113168701522
63.85585156508355,139.94241190408152
132.553554850349,69.16081377650363
139.04716565699044,97.56752826265293
49.02713836799608,76.08295400956744
128.01917338442732,161.1802361878339
182.36340841687584,97.8469556891515
163.59657683256745,125.51948264649455
15.893573311821232,180.82794724156386
124.13362001527751,101.51239264084147
178.24556762298204,14.157049340864205
71.7994064270467,127.68906873414522
145.89699381889915,178.63672384048846
164.04174621464534,107.74177952198762
162.38292661055718,172.24735138201115
57.454019111545584,17.395591478296257
20.06255127264515,26.61500317044504
155.76542598180427,53.34763217929688
42.41469262911119,73.44277702236248
54.54172802467024,20.98021708713743
186.51912807711798,7.360410915898107
49.00795746665123,184.6578098498385
169.26163013201764,24.614031791347895
126.70369844664438,44.05186583338091
186.81614321311417,93.77172486929122
163.80514337703744,73.30950875278343
69.30350544201741,15.556377237950933
150.62653183756876,21.771711822575533
147.2020765115267,100.09420156011707
178.1968506980979,193.60095077919573
13.52853355631143,64.81916526619962
154.14835846151212,173.02951078422115
73.64051527877895,136.5420268899213
38.90423800917516,79.26077040448055
11.40794811411734,89.59071343243305
147.6697640347789,150.68887346122
181.45723690146835,144.63237342746044
131.71387329035585,118.05403111398452
150.75881973922765,53.204838223240706
149.7342641952204,64.74838797178894
152.62576491360164,126.9839511566663
151.57806657238035,60.851978409767334
73.65534966267991,146.3391806387363
144.01424323630692,177.39559863642552
44.125940485943296,181.35658957762342
55.39774603342558,63.70316651154591
178.82362410040548,142.83984336352276
155.1333702066666,190.91812348030186
117.68692116775763,105.40734849369498
29.20492969648316,17.63528413289889
55.014583523412185,143.5632693193588
167.9356017155057,129.28854863775905
177.61568592370196,52.98530932744625
187.23054219756673,81.44810689520814
180.01027041124394,27.19675818139919
131.44811428595048,87.23183176824242
151.3661401706933,22.21713798115943
150.284947340717,97.44447163579214
49.30897539473904,163.53224798752183
57.36357052849138,164.88813083415386
44.661799288952764,59.614612940124886
71.04059163505943,66.8799115033142
172.58623579599362,106.51054047382814
45.47924681727651,99.40883506961468
25.05861104638618,104.68665275273318
64.20760063365246,26.764161278156717
57.14405072487757,40.6249525986833
188.1219000723136,13.61910384421598
63.54399646952949,91.56232929268002
35.60755446002421,89.7682384576176
32.14796606339365,8.812005827783288
181.74211677561837,149.6452414492003
41.63355992286093,82.09746680459098
6.967399531717273,20.140294489271696
131.45992140988096,163.15327493944284
38.60134487173863,62.948790275376496
195.65925203441162,40.08812020589326
185.86244535328208,171.03637710560685
163.72665872238875,196.06465260769752
10.187123020303577,109.17721554115094
172.9196396067331,73.46404929082188
29.792046613058286,41.90019785727291
6.320877312185253,58.66138758099873
192.02388201887405,26.237200465356786
150.60979116904994,8.063029664341853
44.656106648114736,119.92091667124019
28.2078725110147,169.2339017692928
8.98990783774995,108.73186901504819
59.69967049286694,178.4205802467576
141.73981357093174,17.263876550720383
125.5231156705653,101.08637833921755
120.62835534979905,105.7555527383873
74.32532403871717,80.81402902184352
176.83386065804575,44.1304263500895
46.1855612142647,195.18332951528313
31.511491641227277,11.594668418994784
130.08520966617212,63.692527594863535
58.675276204307664,50.89765737750242
191.58486538037639,61.20368590590482
130.17777161015158,51.46701189461421
6.663152545108121,156.48492974096555
8.860324972732984,41.23768646307526
156.69187328536472,38.9555724753567
189.99820365967477,56.760226009985445
12.237966789437277,107.10875601235611
190.48832509340917,121.62061977618603
179.95825361659965,114.3164729218041
184.9285008172872,73.0518629877264
135.58839361886444,87.22913134515932
180.86344009692144,18.61237616377261
171.76166265605238,112.4113663438388
50.66309842648012,121.60855571746164
139.0407847908997,115.42510597856578
25.506405149310496,42.04496278140919
10.038033971342077,120.65094512360608
25.679705554684766,14.182728614628473
41.274871361543866,124.84744419070331
38.614702587535426,23.73552608537591
43.09903907885656,182.63399384723076
44.659717720660076,23.313118360028376
37.88507785869604,8.304768682987062
132.84396428460713,48.40493594878551
64.23141827815908,64.1686551746174
159.58711005674454,134.59703043005908
25.955940804793215,196.35107409202766
178.3905383125185,145.76221351192214
51.04211065399389,126.63895526919664
63.24665259646774,102.7361579939778
152.23589295931808,33.27706264826986
196.05869975687182,76.42407247628115
27.702354470972097,6.226243094792405
34.24672634627839,134.20426806280983
18.04330540552276,28.451114330953096
41.07766526032501,50.03573369797376
36.89544305437539,31.43365858725768
175.37146344597002,94.99325661897619
40.97280219892237,148.78933000901057
58.93985316440309,47.217072896052386
193.8400412479199,89.75544006112587
176.73466996911225,114.93521528740595
42.163219640616056,195.17106559945574
47.99387093594143,133.05062846116078
133.03023940189996,183.97786332074438
180.99518946739542,172.3754892705207
75.8024518274301,100.1088290930273
133.4594142427117,62.57754705507505
191.18105222818375,55.0114230895526
174.2531332845423,116.30481603324418
159.16298824795314,37.85643799261415
146.1023415871599,59.730317988600014
186.88834760310465,66.41049043375277
134.24396452190805,189.5986962045179
29.75112457294901,10.013218719800928
5.1335256938235325,62.19844990860444
26.065377333351893,173.698982678573
53.483531396183935,56.86260032243678
30.888266255693175,126.70875874614156
8.39807524019041,145.32733126372722
127.74447496592455,33.43285287158917
138.72331775162425,72.26783001678427
38.54645891353278,192.60019157649626
30.966545927901144,105.72880989098631
174.87964259942817,157.80735023468637
130.25141699913982,152.156872922605
181.53218363720225,147.04775481638967
156.08920170600715,140.8510925467178
43.53045014331085,30.142330153409123
53.17648074093863,159.7840120253951
60.10122243231324,33.207712923147916
16.293213881766153,44.38058217761447
144.18630468007737,42.5546879235256
74.1336265033297,153.19994918495064
178.11998615105063,95.31066740156483
20.038453421599403,119.22085087769497
178.835751834666,65.61255714778093
139.17460477441367,120.48780118234167
39.95799592337047,16.010151832141105
170.33207936956885,157.71633966269917
152.95519917983705,101.89539830067488
178.53321789699913,147.60864343184846
10.372558374898091,151.72990113302203
144.43114813954972,144.47703875369703
35.726502909692236,171.5569677091412
118.19683338781688,103.58510766079472
137.76181805486078,75.8670349270085
38.194089230520476,172.4089787486242
168.90997613965737,181.47883789775287
119.27410128569134,105.63951083617997
48.92942856500212,165.32803545217956
175.55135752550635,190.40007093380143
70.466849846629,151.621959352117
61.69620672313437,15.79305479080649
145.27315064867744,109.28343862846982
17.47242935655329,74.27310879772787
146.00563564946285,11.26230118500104
95.00779226687366,102.63884814504681
165.69375938910292,179.11484498873628
194.74734243306983,22.977910051267724
24.736274221988495,124.589859955053
162.72718133235543,39.32853412820817
12.441079976076152,36.26281826262109
50.95758299019894,17.506076983380883
138.77784853182428,60.597333212860036
75.36287372778253,102.49023334719357
51.49044934193201,134.07715323383687
9.449135056220818,25.766605297132717
156.6577638754793,191.51765799815243
192.3691922023955,71.68363931233225
133.25800402361185,91.67871511543481
179.26383444290914,184.8136186893579
184.03260232963746,40.71766317094134
18.00134210893934,99.37203079153021
182.38447234580235,125.15252021094042
42.66866811048928,157.2422429937898
167.75227388684377,134.76600923123772
42.12911039157216,166.86198627672815
63.742017334671274,65.25712365529752
46.86581471091336,117.93586790673484
139.7227720311963,154.9932862115771
174.80871195971957,181.16265580208344
49.42958349277759,78.31545803750629
185.08270059218435,95.50699938434983
166.0609622177671,145.7852078007548
126.91085326902976,123.1638776457651
172.22636875481447,166.07416945582102
71.0646424239469,179.10967358873344
71.37381190584681,57.66340426787708
44.06159831019027,138.53798400422153
189.9480955690765,145.75057183732625
140.62786034702359,72.40978784049197
145.55045427974238,103.78812452897618
7.029092054079079,97.10255302551566
73.33455019723137,58.305603785062274
142.64094598405512,190.3519194616225
151.23756490684852,76.22166027486362
160.8751825123877,151.5393404790724
143.52108281362104,185.99128986389337
36.84098759082256,153.5556044799811
30.147106951635994,130.69377401565015
64.82130253768229,6.852926950997799
160.06231920043504,159.34718632376376
195.78171023479524,48.746377090737326
22.145980503979125,13.984359715427681
54.9939114090646,165.98883927933545
155.6372649411242,109.89473737924732
132.90356215782853,141.05431114983818
167.3266601667822,152.4966623469005
33.12689362050496,56.16673979039758
27.68335547437853,66.55207547914642
75.827158104191,32.944534657388864
148.19505850662472,53.64046697814859
133.3946432515914,192.58709553016843
58.9493801085359,5.507508198215407
152.29577371564466,168.56995921115723
158.15063966032508,84.50307084045356
149.77580323015314,180.34988541619143
195.35702109425762,21.504265379599882
21.134421424604966,117.00046177648957
27.87010236454009,61.71749423938802
46.91764263976687,162.4363366866856
184.06831657724175,110.14923875765267
41.95699704459699,189.09401145374162
54.963927795505896,60.838550275780776
61.41945930497642,184.69121853485532
128.64169040800067,20.566725895275354
165.0386656812366,22.22437277864908
15.922803929381109,37.97659940199415
66.67057353868607,14.915592192571832
37.64319606698109,119.564080914216
27.597827807819456,174.84507441217372
131.35543674712187,132.52525294301378
162.9959563302686,50.80470257495094
175.4714043518859,165.37977102911924
150.5325944018417,61.61023260153076
146.92115371958818,20.68467618964656
162.73716324462848,25.589323168895962
158.5918202089112,29.322562941019676
139.34467248277622,74.91291451596413
166.14762932714999,128.15298095612937
178.90268974649575,55.74950333850924
15.708265245367734,118.53860797174262
17.270823886724948,193.41183285806804
58.3522978455382,173.5622016997486
34.00200260618793,180.6917056966555
157.77790992372803,93.85506748951009
18.955642417012843,158.65883555035256
141.350276916741,145.16003526638613
23.07455500286909,184.09813090958633
154.19069727219355,26.812581818552204
38.81532874427165,163.1002875723911
39.92995687632039,126.13700037989615
41.0881485549384,163.34993598393967
14.443556251959427,42.95731893088779
69.18232015576547,157.9940299960521
51.68337243884471,193.68928340595681
74.25521439164247,191.21111303432963
148.0819810674436,124.4259468937379
170.67513082215152,35.535794302023874
15.984240478329292,86.20481561468131
167.3080482983977,185.59416900598808
147.10438807419396,180.75493510001147
5.046307688374326,163.8617105920101
74.44026553216612,155.67156419163496
177.63614614339946,39.880626802989084
15.389875449622535,73.88286617616055
18.247423181866008,78.9980672768003
5.883855775812867,102.93519101315992
165.68125079376483,193.51691770248465
29.919913213204413,159.09394416919753
72.66805617632559,69.52179201933224
178.48767804192755,14.91526549772269
94.7391925709884,108.92810803179266
157.37154930670812,177.44652361783415
165.4518634222942,95.76376183537764
85.98563990786838,106.24790744645082
181.97481494820502,146.22576300328555
73.82185955679012,43.92152357207971
67.29002648938454,96.37647343173249
59.65217562968348,106.47343475718144
61.796464902686715,168.31840221681034
191.188908992061,77.65475777113824
148.12038126802082,179.99391024594348
178.3183751070574,169.96618658768756
184.54130155897968,44.65671223632066
132.37966342527045,60.775995715772815
72.95508567541731,179.05679806369326
8.946515678552334,103.79653711648481
57.5005831514172,177.8592667522037
8.990340051803127,175.49105696013336
37.10428606970628,136.7235562018009
47.62144366211459,152.57711812249207
192.2457196725811,119.94992521733232
47.90231595708537,92.30670933881505
60.77245296317393,14.662304008695186
32.517547899843834,170.50351273041946
186.21239029904535,28.398242167384854
159.73909996489672,169.90397001175043
67.28488922251614,17.360774149590387
169.77754684439284,40.546370044540765
73.80077209666132,137.14781149485864
65.03276641942143,172.24002247479228
162.9014976209989,123.29979989988391
183.1124798156342,20.642290117278733
179.81127795807922,33.85331036182779
47.45449114436429,142.83285180933353
64.09002954849248,76.07471065760764
151.52653593872378,184.1602900597288
139.1246330463638,20.35053736682392
126.04733880803606,189.69574813672452
62.68722471081981,195.12043490872446
63.12099732387257,55.97466718411047
75.21681675594533,10.82143868318005
61.67735884885504,25.379932230793468
93.7537685397071,109.63260328802744
155.07810323272028,118.22507696783742
160.32261884671374,55.6960163326696
7.1679252573591565,79.42355828387525
8.667530135820993,160.9784387327963
160.9145339776591,37.30099758909078
56.875242946634806,84.92530854772413
44.29216953350515,173.73919561036337
185.2325128948255,131.6343346850948
69.02688704482341,67.0458964500533
186.5095708102944,179.290988841878
163.26904500624477,129.15407455086648
127.58625855110951,12.692824952654195
72.47566089450028,183.66512723798976
36.81324992541556,110.06036103543394
35.74758848150914,93.30299843150964
149.9394569511612,194.37784241852668
132.06078649439118,74.3758381803675
167.26991241215333,165.21299131106693
9.123311272050174,192.50316083274933
195.18592964896897,115.06157063549367
93.20653909112376,101.15348859584479
32.34376497048045,41.91609903310502
6.2897738308537745,170.2897574020423
49.180828713427374,165.2394050669862
40.736786834824,111.5340592373393
163.11849873138402,115.11462403850535
29.058444442478304,111.45596526397722
136.6604368155911,172.18977327379648
6.4285547540110075,139.67981498245607
131.41439677192713,89.40986165256875
171.80509107597513,188.8785914238655
11.355955675724006,20.526151416788554
135.58402628662844,178.3020252311023
51.9602294429502,146.59016186858514
43.67839685926988,150.86094693316338
28.03952118064818,101.81406689414848
131.36094573873783,173.46060809733873
133.71282489461967,46.462815565203876
28.096192042396446,98.92373718322325
171.2874097078259,153.3651676901027
146.25716841616654,160.91609680330586
173.7147278526686,52.94824646005522
66.18871382928195,139.39221838702844
49.645102674035336,126.66789003419146
147.4600230970712,34.67981213542538
183.41484319821743,170.05690221404785
21.342009891125073,191.51747064836525
133.53927438749503,129.6287463488254
167.3800783189553,6.373916941584244
132.38503630880908,31.552948314602318
75.31843658473859,170.28747808197784
154.0787306336228,120.81380882041135
133.2635764438319,42.16996226264947
45.550005626729636,28.94688327603079
132.03656472424595,113.41751746104235
141.99411760045243,24.876329939416014
34.81900415945379,30.370510154190605
185.98584604422024,156.176885546995
13.578657150289922,46.826958816732585
192.25481501043436,165.26378290250048
150.32285890481467,164.04860681326684
37.02452075931315,151.74750448759028
37.12467225240899,123.01292020241459
135.11763558530689,99.77627279548845
7.358016997858848,130.1435229743427
129.8912038138846,187.56522857362913
150.39694659929478,108.14915893780073
62.64368900506133,81.85073244856302
187.2554592659885,155.18771915085435
26.158716139174462,184.0830901219914
21.321513556531215,82.0343876482217
48.36211867845711,159.7014745284643
161.33564398342125,33.150159882745555
41.48479852288502,94.50528353579604
101.4242615842428,103.17836715523224
155.96432263122247,21.245430552790666
48.6077831905683,176.5375087608921
31.399333561080837,72.79497624913914
39.56638750195763,148.3070453213426
8.696712132423581,141.7346236844589
26.57033965118357,193.0168904761479
145.88658581170333,185.16315157707305
130.5996293002976,57.43231992446544
127.41078696927931,168.29445531127095
57.104969116132,84.875855255675
46.07462165924108,110.38129798434521
128.62492660418954,151.88240152017258
6.290734126735297,186.21550601265943
160.2453547518535,192.50336562995656
146.65987318380633,170.62809999663386
57.38468549661178,140.53172462167532
148.46090358125178,35.483400781212005
20.253870919289724,162.49420860421364
180.73140145456307,17.16463905608326
60.007781135510065,13.804746349080942
156.3610302662378,5.886971850086096
152.80220171563408,65.77958179878331
148.731883432295,5.267965339835995
54.160579207130965,71.68596020338072
7.451301479436816,105.16093014739785
22.266184762365064,57.812781089131946
53.056543279538154,105.6976645892193
131.11557681534651,168.41677093995148
62.31246631236103,184.48224629085817
38.89918272417432,39.12814026342197
11.56029664183791,161.98549045339325
169.8438716230519,77.23831336076968
168.78716490318388,8.07972817625781
38.26944730377553,144.68977348820965
135.5269235800163,42.33217353986115
10.528812894422716,62.8978266995352
48.954897986503084,172.3853369744373
182.98374115439617,196.06659926617758
16.544530339116246,74.10589116391077
196.70337285536323,131.24854471474143
70.09245538107879,74.77002423682347
182.96440944649166,177.28893624009982
66.50781865723513,157.1669584715163
61.45260181705436,131.19025380834088
168.69762332584907,173.2770534374165
194.20351353478353,71.81362847218634
137.81593695246215,154.73013685652492
53.88082969786625,47.00959222571436
31.098920798995902,193.39498535891062
137.81752586543922,100.20290732934986
168.09076654142714,80.81756207475236
158.69644346071405,76.13643895509642
127.21714499257396,51.19847062656514
13.769333555452352,37.066947572632216
63.84857342297615,125.75816905675937
152.14767566522173,131.1473819945883
35.4916855192045,182.35894345286482
159.23751152732882,31.6693287232459
53.528638369090835,45.94746227980544
138.46475860613495,74.58679878193298
136.46803938402715,184.7065141573321
131.52686008741526,157.96123094290112
145.1730505305743,178.17719983225763
72.11736214709482,106.08425674967765
127.63191643530728,128.12628341096365
187.1060019697616,51.71701588239817
137.21578674875758,177.77455197447307
64.57734612536127,36.99896006371856
29.54779204733138,42.39673400653671
176.00638893247125,169.64464918724013
62.67048416285853,145.41987439015827
165.87007330229324,161.29041819356334
34.41298911505971,117.46492360953292
194.96990190296347,69.92133037683469
129.94200716215008,16.772767560280116
57.482087873155535,142.44787033826486
148.1886053400549,124.87880566249815
172.10103450007202,61.29789314652977
191.68891159428352,148.37352800248658
85.61337720560974,105.86656985986963
48.8553688884266,120.1138064423584
44.89284126370449,176.10837336614398
44.48488605254357,102.5490922113152
188.27679896057498,133.5522080700153
196.83371898156776,5.9587713260767
23.26078341836957,152.67655402431566
187.9815398968308,173.32884668470254
146.37599492773697,93.70124388092847
161.05941358473927,115.0573739069702
12.714354588181475,133.94745150399186
65.8034701222906,160.1475619651032
144.02947728087707,76.95662009793566
22.416967865142666,144.91279344120022
68.7072172094478,44.22357132726631
5.856345915574801,113.75463162522152
46.945435028217524,19.107457822461434
121.11352494564717,105.10174883159677
41.72214748584309,93.41706310296296
175.02928091672325,184.9691172326566
129.82557462855388,170.50459763821237
186.86780995185586,108.29116570232411
175.66120891937254,128.61961574434991
54.97220860936776,25.72149000531265
143.99715471758756,172.83159943316855
60.87681187394129,172.57040614408385
27.95954979545595,162.68620705771488
160.55886790439257,160.81376578757045
31.072980358050593,111.66887152034924
131.34520793828304,44.066598285586856
70.40844466281868,22.45049550541108
49.221934993859776,6.485805969942303
136.09420887010285,47.184568611700776
45.13965801076105,127.2683611234855
21.244310089041377,67.47207648707203
39.25184712824892,59.36480192401289
18.43493114828969,64.51111768102561
189.30090048219617,110.7493301347296
68.63318694301627,154.59776369920763
178.4040694973673,86.83503824411333
139.22652612303298,91.1556811658107
65.5318694107795,170.19541987568417
167.47470433455976,182.0832746494718
61.214979585134266,151.55318075729707
36.44372343478564,171.31647032205086
168.20845406046303,44.80709270012357
128.8218851594934,165.47329368270042
175.0229622245623,184.1260822979096
193.07971010005477,38.36632087704006
60.87839998682701,80.86545279281972
68.89682436329204,110.77773282312421
168.46792729738925,122.91638798025801
49.79266132428393,191.71430283622445
38.18517824055524,124.31608899579282
88.72924411555307,100.6064096225985
21.392119660289815,31.552457989356235
158.41619409074028,123.3149046511653
10.783768046377268,152.74773188970056
41.05686787111071,8.025939674310106
12.936442714208383,13.991919695857462
28.769147877792214,150.0389923719243
55.43676639219438,14.442400448077477
43.74861571052738,104.23487546298037
190.19038308292306,98.03144740728477
74.686292215448,137.3056500936447
35.26485252211214,91.42719261766565
173.41566768528682,130.01453407676212
19.90770497489488,153.6201268740853
43.9865570810147,36.09932258360583
169.65097941862464,39.63443078962802
12.013016843290098,88.56284846431578
69.7310007577164,152.1472547787768
29.8782280461311,174.72872334123986
74.12601935020216,75.80248182348697
24.381256660244638,166.5495050109496
187.1354570868262,116.51308325162829
74.93458227544284,188.27824980118768
48.70114549732109,112.72782890083202
145.36480231286333,158.09056500537284
148.5079286108302,160.22487898984673
57.62105270012098,10.748102611084066
64.75122220147463,87.76264002138191
148.42072817865272,116.68863386204265
44.583646802600825,179.65519233937795
29.234420649888733,164.08114677360894
153.68713449375377,138.54517871720176
48.83168240896315,28.207652537148764
5.677366310318073,15.934241667444534
35.67056867943192,83.77356483521093
43.22140815523065,104.2208033419885
166.65819961144172,166.91228439331405
126.75498959936591,127.58422354903553
53.61457950065983,46.934054057739495
75.05587363672204,28.315294420665403
23.10190445380418,139.13488739087347
22.66154853727541,38.425291674658816
49.79705102952907,169.54466252797877
129.24059330344144,26.234017362158063
48.96374404907442,148.59584366245574
165.765699534411,100.66290496912633
127.76797915307132,124.3932822328534
159.6856771542327,48.07544165870496
39.85515566292557,186.62946646398197
135.11736808765454,111.02415881517602
144.42724549241348,165.00963275616806
131.40491559845714,88.7202677719357
162.00880946421344,117.93919579164248
161.03115061524164,9.619907814532755
69.53300338126708,34.374253412098206
126.39845475598946,16.13997393302654
40.949268533733914,78.13884009403124
74.19514381289953,28.824589538376408
184.10065678477727,169.5516118741172
135.14014209983537,132.1292878130486
183.8638978542664,94.65851959524352
140.8341607177982,28.287715517111216
195.43868026947746,168.1800727742872
133.71022200650387,27.021566180352007
63.299295553167944,7.881490276722615
187.2287800138849,59.74689351504252
35.03241011924628,86.4160159054102
163.43432581316978,162.2760126954302
57.908236856798204,141.10043707600533
44.53556313992663,35.242913988100035
184.4753156982599,120.19405690295297
21.361381109320472,66.23679612634966
149.59237352288935,177.16792905244384
51.62939228929566,121.15342612843645
7.505117162873845,52.228100785913526
23.568723025396025,192.45758059654048
26.58397821996403,17.527531533187535
23.58344722509571,71.48490230638689
23.645269692136562,43.863507573423234
159.22251193239444,46.695043578770516
15.693548387157627,46.75710122256434
50.786335606236214,75.14295108035145
36.18102460107127,61.29874929256067
168.392895896609,105.48398562599647
53.777040954921006,95.60381579577948
149.2206025723293,150.45007522428904
75.50669967806256,166.945069896769
40.981676611359056,174.4998021398226
54.11328594585033,68.11664504267212
180.62104898945248,55.19799428572545
55.07915858101703,154.67770744436356
43.29991439802562,135.40877478656643
21.112742515986113,55.733484753552496
144.17820819171246,168.01104113593377
41.14969686724168,28.539010748973762
11.858224348074176,160.73480767025697
168.69401257958444,87.78495491188302
141.4647848071003,45.506420811033394
120.86203337184828,107.4488777045904
145.11729498502854,111.44436720552513
7.9873771148980275,173.8494707338882
63.315320568322996,191.1675679426893
10.629850903091375,176.2000609913624
66.30202049364844,12.442891107532848
157.01342984889598,102.49170437040131
67.12379506121297,135.63281725848648
59.48301791233082,53.078054659991025
32.377960831153146,94.8336636225496
46.43847272203545,137.33353703418547
9.019151615964875,134.00892236771296
23.822257991373338,38.904929590687836
74.8045027217123,76.33564344887601
48.397980703547574,136.99183718734167
14.781481072062213,129.47707527015885
25.570184835675743,63.245821125440365
64.53121231208195,42.425894744402754
44.58187496755526,194.82810300762335
192.6294665924728,43.125748030337284
25.611451447863473,86.72044706255197
31.92346807142045,167.26746326453292
168.60375259462924,184.15719237938583
154.9473599793034,159.84551306451465
167.39813649985422,61.41442211145702
41.89172378856141,68.84605442717064
154.08606715434706,5.442318912880854
8.793082491522913,170.75751747968732
40.497433298839425,32.28821765609119
52.141595766743364,175.75239570941088
12.896341541104388,97.63500700027791
159.2952294254768,100.54384395903116
184.18410998753055,139.98381608437845
28.789684229012437,91.85579487155121
49.76735894786563,26.761889349876594
12.842901447297177,159.25267111197363
74.66736769252365,156.586773666284
18.180205911437522,165.10300138008324
37.153164063051925,165.75778288703196
28.749455677632636,121.76162307651423
146.8775777039871,93.77420135691584
18.39257713091631,62.01212866927642
192.30985010134424,128.40503599441828
125.99616398390091,91.36992678076423
37.072749081943634,155.38266886503345
8.305009165110208,155.1781837268329
44.56269018848952,142.06408746627218
27.95563452947979,103.47088240943248
61.87975578757445,134.6714467866883
18.731215693511444,118.61176138372724
134.61651114289273,18.127946687909855
184.72789831261022,154.59161948979386
50.325332180053394,80.62095143265266
35.28334266351732,29.11081515674835
64.85907519946926,160.75386636461545
137.68282753649157,69.49471836729418
188.1138191684349,50.71543176325534
34.6824063195084,173.86019543416268
141.2219621439966,59.40201579545653
68.40070480107882,188.03284023065643
132.11015167790327,64.79558946518002
133.2601811123559,135.15494823171778
185.7351396006415,154.54870231885278
5.733474526286065,49.297475111593826
8.960007075028548,79.3281517775395
64.01197867047453,105.04190325055298
158.40369486708764,20.57494681158711
12.199478594325367,45.158998489095815
48.23566216271278,19.75116403699009
141.85737575545775,180.55507592324045
163.30956056703727,104.31972884332703
158.44977204584907,102.87258776312001
157.28948231816958,121.85050927580137
103.83599831492363,100.67599652566861
5.579414365500385,37.457579206277856
188.39236116093983,160.19802521036712
8.154541471880465,186.61882530427582
38.630974946915586,127.79785988977122
190.41086226943924,148.79229330721566
41.67031456013839,124.90662981044905
144.9684368431499,167.8751912549692
93.78342547622404,107.23694412791454
141.3403300985393,169.2112750311629
146.89967956437047,160.82738114479
144.35952272187262,42.04240021975419
53.41729743400635,62.998404180680616
134.78461109615904,49.603407981148095
149.1764736986247,180.87706365009888
103.61992604750736,104.21723687271904
37.44462559936508,37.99936946307568
50.3460794970127,188.15102134593405
46.66934275386266,115.39905491415503
156.5049530383856,19.797711734303554
42.67112919184841,70.26061834583632
58.58021420174058,116.83618307641741
5.100176057834678,46.13563899199604
50.29106154802845,15.134961790957956
56.8683004197423,176.7696974421909
170.69350057527024,102.26274490976215
34.831499808893405,21.71236679721775
50.94468441521303,156.00504942710683
7.094779186404235,174.0403240293969
75.53733338789762,193.98343931872057
137.77513312967483,131.81336365243394
31.85753928515963,99.55462311820429
57.85159141019543,35.75137476829365
74.44906511638266,44.94677290612382
23.923309597743653,115.55047477060097
98.94005096613485,108.86611779352674
184.42398854655724,178.79721991566876
151.0450982622266,41.29837944566559
137.51126668700545,33.83366202338259
66.34660362379047,180.52877909076776
68.75805898144738,171.37434942010847
37.867849813949704,33.60625526093215
151.14265050142743,146.36876340084655
40.552822041681594,86.50641518938049
37.852507467676034,12.5155169012287
175.1732445957917,108.12953479536841
63.79300111446772,70.51202226565273
39.632362746656995,108.13109525655992
158.86027866134913,5.231030437916312
134.92405907095616,179.48350294841495
54.25635500627201,123.79450484899445
167.80620420224415,48.786979387267195
47.37356906107702,10.730515370079459
22.682303349740916,56.286075372157896
138.62661403973777,121.28337061256634
30.19647420368773,46.61596674979222
29.479680100255287,25.126505900111063
171.51033807777432,9.49392177208917
50.949041595908085,78.95186381885142
67.66153405472723,100.86457035478243
140.02211861423655,95.81111298172476
11.194118831190051,47.24700753704373
192.24102172400697,27.357116175720535
159.45314567990664,104.46494764593382
66.06804161879485,183.81315350999355
28.74237230616882,70.30321649305014
13.819655080052758,53.558657394595066
5.12006038254242,57.504011335242424
31.36719367866966,132.40152429278356
188.69413787031166,191.738902170497
169.5527069409136,193.36718054910307
75.04614989394254,72.84767562448155
165.8013978421904,152.53372205973022
74.52811391435198,47.872755842004096
185.19047173976017,145.6583963927118
163.84980037787784,176.6554124367056
8.32980465709676,152.28239940697674
50.26372418271009,107.00812714975773
70.2765713440168,138.2990947648002
146.76941138021812,19.51954629217904
181.6224309816192,189.28824172504375
159.24616226838498,114.7697249431767
6.527649174956673,143.0304638725842
46.83427569503152,115.20743254724347
135.49619057304176,27.336534079879307
144.13171801440538,7.977835087373332
12.889064205157949,62.376589266296826
138.11468905213277,90.8006816227365
126.08855768077815,62.937195372817335
191.04284721104096,45.41974088328612
18.869705963809295,125.38836251481806
186.409295532281,189.4456066212932
69.1677614449115,189.528527711759
73.90143069102115,77.04986222001676
41.98463501365602,111.96913111205693
188.11800543386383,10.024229508293867
69.09908621185103,14.984843104818243
105.98794140087354,107.12204745803749
138.33519983009978,172.0621709780693
69.98871305551555,30.943491896550906
153.84259817259817,165.7721823761441
25.180591409226118,123.70301059024456
145.9556859774291,106.03325670036858
12.073281905615936,176.02239895531693
126.72150625050647,42.5817022579747
57.37071597277058,74.15627634835887
37.59622048149857,107.12469044736872
21.44860689917784,52.257486503494725
24.615191913398007,16.741590449324967
130.22622947646698,63.89893724583036
144.54509937025838,79.4478062160136
131.5971764829366,121.02536481116114
10.784777915394935,177.38764491437325
194.42734393347143,193.00429945799806
160.01774435235717,196.64792769074182
138.84362028940677,118.61140139875714
58.82219192824307,53.561444307347074
16.61815979149895,107.79477849654343
171.38782837940133,133.26044336061994
173.42237632886398,113.54765660776744
189.85452708547814,48.648506715250896
182.36427613784377,157.57159683794038
153.1990455640238,63.634752463898145
44.77893560699144,147.63632939399068
53.711771088514936,47.54441072778991
151.91836204530802,122.85608662259489
135.61713177491532,36.24322017172039
162.57062116806568,91.85242296263144
151.7211412103659,141.72506396961873
63.47445115722027,160.608138182908
33.47969166993825,82.82025342605561
69.58042002801501,12.809429286731245
72.21364248747794,195.19552810834932
37.40122284864108,190.8038661186342
154.04731876225478,45.981766543013656
11.880438337116438,126.52970178923859
63.40697203326454,147.5220286818963
175.57307774038918,52.05552013109124
152.6486655491251,190.15134893941735
59.69314419268985,142.91898147766636
172.0184520691306,169.93114869302934
150.41840866605477,97.95581604493246
12.975989294251423,55.25593561521902
28.211414529828538,45.29663453194028
55.710883655579565,195.65394991794173
132.29272165069872,156.48575360230151
61.810162932222575,174.78412664117917
9.491474082117787,62.55795066287451
167.8075438192609,112.92908382326056
132.00833583285907,47.47722044735024
173.41036185720017,62.809945202295374
181.76499267640483,195.00811318248643
34.72461223269605,171.6290475189321
41.59014291940189,25.992081339507685
187.62291413240334,135.85889110984473
178.72586105124805,100.51520015677099
47.70067478273205,50.92839548695452
132.14336300881263,6.717711393837976
176.80452193960352,80.90168409670063
38.7646451413497,14.288517554430724
59.78402255194727,63.98322789910952
32.83169023419945,5.98624599366627
146.87066047458893,79.36282269780523
147.6087230581626,175.78479941286355
128.2223246362105,169.30467724964137
127.72745310348687,62.36941849643706
66.37791353252143,140.53103777740972
51.36621153194594,115.21661662422662
38.65253624998085,145.0797464761514
19.829827873120408,21.3969523271971
194.12488491257128,150.1469707929199
163.4126804678792,186.41432086667382
164.7232387290725,111.59948486006328
48.56620751557303,40.69876637284137
11.29363189381645,64.63591279177054
36.2990588207723,24.894277452705744
173.0565287784138,138.49582658943288
165.1503620150577,152.16562206459758
131.9228144161455,103.95600095382106
157.33282598590898,43.662535635294454
174.51163872164977,194.11930582616236
166.61505408706228,101.99997879841072
29.936894433073387,100.60182280767273
149.97111489802595,123.63642648420462
181.72709260226915,176.04093679398335
190.55187273884138,37.126789362192284
6.598148286443385,181.20578079239647
6.684042611014522,91.1092593930162
197.00708901850533,68.41643238342962
54.650931693596604,21.050853461610664
166.49515174824532,15.746161613489427
143.66555117183307,185.5156410306537
154.131840095874,47.56046889650122
56.47935238642427,94.90911798364964
13.340125029856102,23.96686694240757
174.01283817477125,144.16804202148091
151.22860075386293,31.776411352947385
165.10595027618925,15.228339893360413
71.73572304802023,105.6112668213881
190.32076643754402,72.424113829461
18.343598710333097,183.4114311337502
29.083546592675827,149.16299580808806
27.212985365295594,158.04530834692986
72.79706384829375,121.75512301052429
162.4035330406859,119.35651088658459
74.63044729552273,73.05345463711272
135.11516286632184,108.20413491609123
52.688693651748686,154.54170785337834
61.03197904983271,42.88370179728279
30.269722775959035,139.7567683331023
169.1376983059186,136.5831403705876
178.6817054157656,147.73793269820993
34.87718796439837,158.62248325198527
137.80547797979798,170.0659185951614
62.126439845690115,43.95955814033775
30.900341346965998,157.95575381148808
8.371700972186428,135.98912798521508
32.86947148450632,7.913410876077952
59.451353771887554,175.4693625661323
26.669097200054686,39.491408740377544
57.92849594365337,16.43043739369576
39.089765209924444,175.94838090011925
36.9482318532828,88.14761454309772
157.39328619430125,8.04831739404535
61.45830839802328,141.05151981850668
43.64033029086874,181.4545289733764
155.32286055724137,92.42632584634602
146.19317739723286,88.34982432525464
184.43554774115498,111.26755041585999
27.297323786284842,129.64910322129694
175.50835534835522,94.10822504904931
176.25683969628744,65.33344212104991
142.08247390260476,160.69036054724506
20.505942004364094,28.48589969409902
49.26046181166792,7.191198043655824
25.35459034352133,190.45192031348518
164.3663840512737,191.31416951785135
164.7110530041902,23.405558299423685
59.109111496082754,78.79481132161168
58.96751420398039,131.05779928868228
67.75233772021453,26.573759033150644
24.725605432675586,159.0004531885875
51.20512640049098,178.55033542305108
24.70297833071951,6.120011067018038
139.46641938885494,14.920707889008572
57.60491132067593,41.23984469141502
180.35457125865491,88.9806614935621
164.9212246886862,37.95053610223097
140.06306237345095,78.03571705616845
41.749749919296605,97.64203754781818
16.241526073428247,188.16875924903383
176.4496925401829,71.98786765829041
187.31248685499625,88.32991877563236
25.15637590026414,154.97557114772306
152.34821265520893,40.24448788695842
10.434792924955874,52.99703470903692
45.13863719476542,125.919967222955
19.780539405028335,159.72615481946343
163.4684058879388,163.46031406528738
140.90898182632978,133.98686471872665
60.60507352694221,145.83510976156532
139.90470837169767,74.48396140388695
181.0471476182812,95.8972997592211
36.27314865386058,180.1767337350834
41.31430082444025,163.73265072365226
26.146710371393745,143.82289156880248
49.20027944214836,74.79288922405104
188.5283665872188,132.3867275558131
138.51793402002943,46.00135407638862
20.071737872199886,182.08997204719594
13.944770851419726,17.081600631622443
161.3844321794536,44.65831900845792
55.66444434081035,173.84737476357154
12.84969779892486,123.42092043022588
67.70570744682776,179.46125968706846
177.46721602506855,42.81457290318366
164.33966590110205,135.24219062344918
86.07101836184353,108.87867016360762
8.721354380048691,129.0593984476166
129.7778766531704,39.65598173986266
52.999224312077175,110.70604329302118
166.25449167689266,99.41652159618336
135.0254368109234,177.4075259375524
46.73016282137005,149.61285403245435
59.70495307366885,119.17725171544079
136.13622223807994,36.42783106777419
18.749874854942266,99.91333017901867
164.16527966800882,193.0772016973096
170.8088343066616,78.32968441113748
61.71287627715421,45.878404812397285
183.67773754604815,132.39669755383568
56.86511916919127,98.5421723896336
149.18033637472345,86.16168066732537
65.92875642271846,16.077343730589405
192.71907889496146,158.8286017653495
158.42771119361763,106.90058135008472
151.07283603465612,191.0919307085432
32.65443125486001,187.07689911807876
196.87111751617144,83.03038621626797
18.44366423586903,123.71060695398221
62.00389458081575,144.21176031762215
12.691350131019295,164.0829240912603
54.384111309078655,45.93934345207536
36.135684633774126,109.26022044228797
6.714729731781607,58.63235545301914
158.5748224270252,148.31108013316648
147.08667179769216,132.40889444997197
107.90984750929336,108.68875816815584
74.47012374563832,15.165510441901805
155.8583896177818,34.886588552872354
9.637070090252788,150.29941397791237
28.834378943373,43.72585956244883
65.53757280907341,21.989232452994727
144.75377556703438,68.58178917649676
152.01603216453987,189.10058308281756
186.7183917043727,124.30328500479307
196.06691093705302,108.47743223573272
174.80870916841863,187.0214846152826
156.79983775970905,115.39294802948854
34.48255874785284,138.89775010077682
177.0109305431019,115.71406902844187
155.9820578324543,69.35140674409662
41.115863094944665,57.87096842000604
70.79091310442739,128.55431325025714
161.7678408785596,38.04310483143905
129.97134978925877,91.36272039528505
26.61460125855207,139.21224482756804
38.044268713290165,177.61731289029086
72.57263519272252,141.5594256519256
11.83975289645619,29.605777877122787
140.84584963631832,92.14941179136149
128.43263495579717,11.135568259151697
7.552550150309884,192.79854746173461
64.77109612491537,109.38268772080174
193.5890294813521,56.680082084058554
5.196788740310879,144.99962297441223
32.11352801733305,91.07782620632433
62.491998768613875,174.76993159827427
194.90002366986369,139.7043460702972
71.0494388991992,55.26329955387291
196.6935617409469,14.670429304404935
60.825891374076825,134.10756253032423
57.03982125710355,25.97108520251996
178.67286183324183,54.68392057355755
74.52991941165678,11.601515676410415
155.10649088295267,109.87037859478932
174.05178717376134,50.18283424868477
24.65561166241053,186.07390994918893
171.58319060231938,111.81226777612467
42.740583247307136,83.01579464517724
64.01318265898905,82.20054285005722
38.72034484989868,186.06746580715
75.98324682337146,119.44701261039617
153.9099069432168,24.21911525805418
49.43593485717606,29.170395971800424
21.30668873721682,116.97954862726542
150.6929439090488,47.58806082732758
193.11668224169026,184.37084445772862
15.013572565424083,91.78287112510716
23.287998708861313,70.09746355525526
24.012353781615033,142.22942127876323
64.55608055211351,191.72587670521412
7.032776496643827,7.797302175473611
194.38074922150147,192.38118646797543
11.940526794127365,153.69931010054927
15.0696530649143,161.93911998414126
66.77552563072605,191.80017927351616
179.06488255480147,166.88133995556342
38.270974170610025,114.73113522929296
62.06126507063118,66.80016263310256
163.1407363383454,5.953998538109769
12.278507684166154,7.231402593304629
105.83836103572231,108.4769585810754
37.04594539748529,160.5663054315517
27.34152495345429,90.25501197436267
168.44489952439594,119.94747416206596
32.4447792507119,175.42877659175588
57.36705207982246,66.17734519630295
74.37186105236691,32.14358186448969
36.75158136644113,47.427802482939974
27.18379695153637,96.74050670121848
145.4692885481505,19.73365744537325
129.44660986357002,24.559775663272973
158.05659447740723,160.139496252752
196.4850414722081,105.92043452517399
152.56953105823214,42.384298887858655
47.28190237470165,63.026439628288266
52.94268930877102,158.39565800481827
137.12578142277644,132.68256377453838
180.84626071413598,74.61228348472716
130.27774745241675,164.63717333692176
148.61070352776102,100.35361095633624
28.930283968724716,6.628018915153852
42.494052664092926,136.10546742719401
52.591435100004546,176.14083517537696
189.43650849020665,72.50815091778377
68.91027682993247,118.51279101896188
17.090553866367458,159.7454165458946
172.1249195518173,46.669522457782
117.37015987345747,110.00373262558503
41.9224054159942,69.42952931163323
31.74760891702282,11.671761468137642
166.05066483176796,57.268150746987864
172.53850987314826,25.1287024640725
159.27008149572438,75.10022177865584
131.6624988284651,87.04875009406737
178.28592185979034,128.01699510618258
139.8539679661648,37.02817233796325
31.2202661159893,133.5690492146922
10.695595978420833,96.45342839026556
24.89761263266562,35.30799835369727
128.4385241973842,129.68230050312766
166.44230668252922,63.04453389141919
36.800833495843555,15.376475273453135
70.62693229600971,134.92567883670893
169.376295966997,113.79396961568918
36.88567608020607,192.38678882016495
186.08177813864629,177.457097767557
175.03970866780048,88.16231669985937
165.72827559673647,40.74480991154179
13.957212119788444,174.05368926088536
9.773483934016754,59.61283904589789
52.035714198129064,134.738901030834
162.50964818421988,28.795312101419466
186.70764890924463,92.67365655444748
186.00075821907353,52.32019200930845
145.71747490931233,104.40317120560404
148.6769914289612,177.5010667997693
62.921000834305865,96.16349229247847
185.00920613728536,32.16919023712945
141.97902036924174,54.130358206278174
140.08633688041513,137.63868999012809
152.04907475540574,163.1594107261085
18.038132832431465,130.50600970161574
156.12240175258177,56.98605865817528
37.574143817001456,167.37634467054912
130.08521749592566,178.0510309815101
37.775585959043646,180.6331613301624
38.95520324435494,18.615092821950313
61.060030997808624,143.5161088773595
184.8993716499613,67.37062992167645
74.55073721013996,148.6828921849383
131.74627031480847,17.31357900844106
22.93299649712555,132.26651073660025
190.29226013698033,125.8065392813515
45.33292905029478,41.545840137848145
137.99589673574292,114.87970511327559
49.85288989115102,184.66675424796586
180.87276530114485,140.5171175192205
186.26041581650352,88.75035543149947
57.73345847704738,35.47776646009781
180.1008821066823,165.0083846485925
72.40065100067751,54.23002310335602
135.38332267666001,62.30088852180371
50.04544491968696,159.3235177603881
161.46891778527532,140.09138873319216
171.7016373597115,128.33290993069167
63.49663033415974,148.7817017060871
28.71346409290101,85.58316244137266
16.12715789426346,168.37453343473308
66.98989171825345,100.71362597224764
134.96014595572962,24.164985185164646
40.70551882230948,50.75093522799304
37.93572926234109,33.2614625832434
26.658085018845057,57.4077625731366
132.69654809953556,182.18370566261973
44.715302972052115,116.71803103003529
60.8412056102006,100.56344322206971
48.887919030389234,151.91984355981302
22.57966735492852,162.83671210457828
146.4115072562581,100.82632596144663
167.36196449140257,161.80529040197027
180.58554197841585,81.30162767751878
131.2683355084701,124.31244572319032
52.07524713361197,60.08524787750307
151.4729025952119,69.9812677663735
189.0435933731108,96.34706376496749
9.490088942290521,45.11963971146382
14.536560446653633,70.70263303935589
69.04253062691708,15.319503502992868
194.53284341472394,172.14409984091378
168.85726679612952,66.55066863064036
66.6070901065577,169.17556916719303
20.81113102859802,151.54859260392678
10.371352133160897,23.155226081143425
27.77595389391727,118.48851121232622
154.80748196559756,146.13655669059366
127.08202019640089,5.652050532448294
52.39293787701922,170.44471823583808
23.64671792251669,138.61560294704066
148.3874094531097,153.7049376060726
190.7014876759982,185.22720461594133
158.9721875399831,146.58975168066314
127.95953781751415,172.29355249733683
185.35900046311355,193.16173709207308
139.15271897386967,147.72017532984296
152.38807236262707,154.44751470135435
108.4699944073057,104.78779241127594
159.0641442164455,155.3312695455897
23.61243981347382,66.80041005851592
26.024016624870853,32.601241930234735
149.35603751631686,193.94758754613375
181.49573330271645,9.983164084522635
177.75135083937855,152.74001517474025
149.09398064593987,12.887911402749847
168.0111875686806,158.14845416469862
72.5624739758488,115.17407391942923
175.5463793241266,100.73928264135512
147.60558614246028,30.354601263814274
169.6524187855817,161.21769546444193
45.0513796137273,163.37006185002647
26.32336848939713,14.970838458611848
131.3920412114426,181.10894520113385
68.57777406892643,119.80691013767255
157.58532077415936,175.43789313286703
27.66291017443303,117.7676551475582
136.96020958451098,178.34543111814617
30.26127574563432,141.63996253116335
96.4240387106174,106.94039313090127
194.86430196132144,196.4830350096849
189.8278593490615,127.65829802526915
38.12985784331498,10.128922588274744
145.68344547936212,17.037484150531885
16.8947514427165,161.29045787408444
52.07103319592952,50.4305111444855
144.81900394948417,85.14540004181964
159.44286468252847,41.30701854387732
166.93289440134694,183.3469790573223
130.0917389067123,164.07559726126212
142.2661034525339,103.93139960476836
74.93658534345187,80.27605519911651
155.1343028992474,55.58482652905028
193.7183180214856,158.09708963512458
38.42358102253354,69.33258536634993
127.49932505314304,100.71339211248255
39.88226289802678,159.38209635230416
156.3951819179992,139.28972754835513
53.66093306679396,93.70327059659152
58.469978266282325,26.2059300560107
61.282974961200395,155.31024910904645
28.363768734514903,148.58552531084493
19.306747722665833,54.78824036219446
37.87558906256089,43.92831878409253
166.90455018985267,173.09495474341708
60.323403168625354,169.9872854390614
186.86442100005127,33.561548953865376
172.57164874248454,21.21848802502005
69.66980785767849,38.91170056791522
7.278676497794464,120.66284404913108
148.17222753170276,52.92578276056897
189.96767509216747,102.46943372568954
163.51755992020185,37.782323681289284
126.33644429259499,57.98945983624236
107.7086524534376,100.57502028665627
182.6448767919193,41.7993854147704
64.42234665634423,190.16477253295196
57.043106911888444,62.87069880937277
194.42748293295898,135.6065053854822
44.14493487276163,141.13927287759867
40.70611567683687,65.03193858871835
185.3398778818855,157.06495538361312
177.30768713136425,84.26099232629308
171.38456323984997,99.30144856281885
168.65050927153922,120.66471063588126
143.29296742304723,167.22983332061824
43.653332375131804,111.20239236387971
51.60401371054093,184.64873799844997
139.45394932523195,70.75199192013928
187.2680457872102,71.84566135658262
10.0,25.0
180.0,180.0