131.42456762901958,29.043505825707044
160.41498099715528,102.95375453000199
69.98637484357657,11.644306092291558
58.208054901598814,57.64934929907155
22.990057000096808,84.24262721176957
28.885305411192682,105.88164775671879
30.320489018368708,145.11661642692837
146.70679699788613,5.1088804012530815
6.692350845968523,78.58520082979257
98.61895786100104,43.05568757396928
29.39979619599919,78.51087375459247
64.0797699405758,51.08714209659412
140.89766485247742,21.589247512173188
55.92142236627523,155.358009387815
29.378060286755364,106.39639986702568
164.10733036391755,158.05713645064668
146.63655637045466,21.432934649895884
163.80306264421776,132.98161763290577
101.58623815912537,122.67045509596234
59.47519803745994,191.72959027226966
149.5996450862037,83.94107438464336
33.66524105996207,9.062726513465323
69.04880141136425,131.55837161944464
59.7811039068108,68.03324731216578
186.55067616920897,133.39303773884237
22.52117006230388,151.08488024514565
28.86820848588805,37.40575161125811
85.72933403478652,163.82943113902783
26.54044948317033,112.00610266776475
41.68025714489606,34.08098629693961
48.82294223794627,189.24754061958407
139.8790291555894,54.59034810900117
161.6287673603767,133.68415148263892
17.469015592088294,7.671575224476612
115.19647801052486,41.91865510512049
10.49852026872059,106.6206990321262
187.8346171990672,44.52435661436255
75.2566379139189,167.5560887384869
181.9229396487075,119.96298939903146
32.43977723588442,118.43869168442895
136.1330214597674,5.759065938139706
22.191580033040847,162.51793624454024
123.80355686722896,38.544452700227765
153.20587896089447,101.53635203934782
14.84104450409964,120.00495739898996
39.31053359938261,81.22883439107828
142.99009582648043,97.47744862712779
114.47693232698283,47.67684554759926
129.0893944035148,196.82057113365514
15.443534745923747,71.25321044172853
81.76936431043119,54.81088792510827
193.9469578136032,146.43549995098812
90.61737301559782,163.95623694942802
122.29245920260817,31.892986530857627
35.82010974457422,112.35943513321683
107.61034072761227,51.03505097504516
175.42211622589116,147.2314175093003
36.4242156179814,185.9480221912753
147.71477071096183,116.85051943742545
6.203651919913846,10.283836780910889
69.93542994819923,28.298873062645555
176.58487561554924,140.97523287157915
18.34486941037439,103.3163449502239
166.03771556504117,128.344474911149
59.276511048864926,18.953719304438525
172.74552237936666,120.11750027713207
46.400704129817306,41.60195756115981
12.523638016226373,16.463106780176133
60.55970018023865,75.05720678277311
142.43383272456944,191.0737104199133
49.22732758882105,166.55194289315784
124.71923842117126,41.23315270358025
29.68823829181734,119.11442730786021
83.21576783894008,48.28258883541029
38.86821193566241,186.1667548873194
146.78623125624497,17.435474548798854
5.227292703412179,177.5073896329124
151.2543521154435,150.58742792248933
138.29232900531414,6.988279002339081
42.181679221092494,159.83524961462456
37.141824246777134,162.24475777373863
177.31702182760955,152.26288104114352
14.903865177078536,61.11392760201755
141.82344245658336,46.38951416548488
165.6757503566912,99.70669934630688
124.3862867667259,24.62301248362448
189.46290395725086,71.56087812597016
177.43377938532407,45.926535195347
23.255232175718014,186.93548701091981
19.305468201287802,107.08105372678905
15.054531113387949,102.55379016841732
113.73171295792874,171.28336029693318
63.79290778868952,142.03292471664273
146.6366840154066,23.44931563560601
87.37047693034553,16.467568529142646
184.48989104228818,147.88989863295907
80.7684081323306,38.13947769942237
158.5055766630413,64.43318444493744
23.991117967418184,23.40818006742108
96.0962021171826,63.01693013203651
195.64484815043508,109.8250276320573
163.98764312433434,10.95875529418052
40.28907625238847,159.38714018155818
9.847802469789798,47.39491099842079
161.67548860460272,150.16031343223779
81.15990631725293,84.73770251781023
48.66648526106597,126.11524917605894
60.65019831281624,157.51215796971974
40.481524314065,115.24509753673635
142.07957428911214,110.02889479722916
72.11753860536422,59.33567244882798
29.643748613531947,122.9614945120547
192.6638266886567,16.679928647030817
183.80328743472919,156.88085196738933
8.499924771148715,163.20043662684986
38.78601549709669,35.78709600271691
58.52001188080441,182.8084072362722
175.18931442259668,8.667086312979377
186.85223504311608,53.65755058533051
63.65686422495598,167.08274489049813
32.24522652687107,128.45230810078695
8.630474646309146,114.38645910205294
17.616239893893358,80.26083589031654
29.165607933062752,137.34701220804453
113.66010814768434,165.48170380690422
88.69149784967783,167.2384847162254
126.99662403960214,53.490597775731935
26.32176957477186,177.2272495827853
159.4498516255556,192.2843384558248
21.755869992394892,87.98834152414192
193.04738716142268,139.45178967761913
147.70124896086696,65.07763634230872
14.378753837951365,84.33335552799858
46.984671109432306,99.83237738836486
186.32723648243825,22.346790860183486
30.29673039311529,9.599752212624033
149.2013360131359,110.55262088443254
105.30604836069745,52.956750874447735
166.05545524087339,5.65890126356343
122.89669797661988,8.102223162357847
159.35439886399573,83.17539742044312
156.53488763946567,185.4822055974771
58.3981187986478,40.40437975738883
26.38722945407941,193.08807375971386
44.11263461740641,180.50455812465273
171.81655590556528,188.11470390941034
177.26822753039636,165.62678056904193
190.5195991588279,7.094295587263843
190.31807971124402,165.74012137390986
10.540162404885487,117.76007436028931
128.0359561570773,24.206287990499767
162.3857456986946,178.63070052495837
57.07014252288596,69.86487341108389
146.2404223766186,103.82898215992492
175.2536248378158,100.92099574572492
116.40483439166746,139.44039082691012
186.94384053785353,86.87774738792073
126.28979669239077,32.39831833904138
42.747244530249795,25.32998714135642
100.73705535343124,111.18074862524216
46.39660456219959,136.0685407571944
160.39872542877632,88.18197075007653
183.2200674329083,100.50332301644615
50.31078245778436,23.58364774439408
156.99802465001898,140.11210124259046
169.23882951735303,9.772565398747057
82.77928286782287,36.1163708471682
84.32571356327274,196.12328384338528
60.05247011910005,88.21421994421665
142.8855274980319,131.8139136212725
195.04935615240237,117.44847343382217
12.518181577504429,42.16413255104348
190.53913447490888,109.25623351582983
121.90279645779991,44.34285930182962
66.11014935705927,88.14431135198585
186.80638781063962,121.77182002660336
146.6017198739329,69.40074570110092
10.263700259582368,196.0661431475102
183.63183018334448,113.24210730309309
18.81190676779939,95.59186150261445
7.871993887077439,97.1468782154551
29.536248871885142,25.656494050374118
153.44148459486834,77.07588152233807
163.82944530356326,9.544430685554882
175.58078838431794,137.80521710081345
127.51643875518181,52.1448721157786
49.574718576328365,41.47590247911548
159.59745555412056,76.85244470758128
30.830704305382046,187.6551476937638
157.88030784413843,90.30456593867578
83.59374334492381,12.507391005760578
183.79513222278106,57.97025948227953
175.99222949204147,150.69570461387076
54.458316859982055,87.40710153600665
131.27539467399515,52.24498295182726
188.2576337727044,100.9019296760072
188.96031762837708,163.7260881844281
18.613930395563074,94.72696546937674
28.081417785580893,178.36814584775504
36.664575986604376,163.17310573220198
162.80307454055892,24.26006910524458
176.848509240346,187.0572894270117
18.592482726285198,174.76376452502643
172.2827720061175,15.13063038327473
60.42114396275863,89.91232904567404
141.91929910110983,25.123813753957144
133.50287470476087,42.3699938725675
172.24343782289696,127.78847865224027
36.84936366952742,113.5360503993866
25.11567123649327,170.155079661459
23.515705655907333,29.301689895326632
71.34330182303331,51.37435295862251
171.219857115664,19.347070433346882
54.704047346357456,173.36238145471884
39.72485228185272,5.698573626199975
147.5963263377722,28.880350742633578
13.738106902483327,190.30212121565378
53.97856656390401,170.92602491603918
194.696028755002,157.63454564971815
166.16465006540716,5.218739752245698
158.89106504529812,114.60686685406552
179.11085680069894,122.26213479513082
194.13679668582432,116.4520156312684
34.04772612159427,99.56262509625249
124.10586737077416,55.74665460595411
178.76382309978075,113.57748570550498
176.02829741805834,174.62020565797368
79.77395679483408,86.8106155870261
50.56225302402527,139.72153743660638
21.843990448931,134.91931875791857
33.28180537052028,14.46076326590412
163.70944297744654,74.33434325488126
34.22071699588551,107.72206588393837
32.21078399379721,126.79687596439025
62.83007227087478,148.99229825364307
178.87715980219508,148.25369216121962
162.44468868762834,15.897800990288793
10.90571614391715,145.4468540106792
180.61530577490882,10.634352855408098
185.5415614969445,16.798752148145986
191.91783566678052,180.1563395902285
152.30649481694118,118.79381195832781
10.77470241490612,87.80390020848483
9.010562552323584,74.63954084476113
50.36979548861281,91.21255886633321
35.88407196661524,125.09622934424023
133.91632877533823,24.191493239707615
122.29845036051697,20.62385212458653
51.398798746856585,63.49604321126574
33.61319063019136,141.49315280977598
45.296167425360565,145.2305793716778
172.83601102512827,181.9061284804434
97.32366497650615,62.92331523713988
53.45920679057978,186.99578037711245
164.21081397089077,94.12192878100579
32.93612234786277,37.408986731854064
187.53585137158305,132.51634538993412
22.353596500243455,5.622061614367529
38.61986259544828,158.5288218481799
177.84210928898182,120.14469391453267
54.02647066257101,129.2810274941929
23.46656467938965,147.2067323001054
79.60100969242964,99.77073583909056
144.52966875257061,122.86886068259797
75.09274953821983,6.041986576916522
25.287076713427833,92.6830490166406
145.52240897506627,151.85055665768766
171.79620295460612,132.93576804544782
181.39332983839216,22.096635694738172
33.16389087647746,86.65146540677628
170.75025584813898,153.70102485487354
176.62448952077392,128.70641884818025
189.4995211899567,160.8342307057268
86.54053500793601,89.1044219808948
51.44333221007327,75.04003660835802
18.40047329537152,30.82380572304133
9.98259391877315,58.82550389318084
182.7083311246615,181.62486331952206
53.88428067370972,162.96529048096198
29.586308800360893,149.22014684333013
188.42430018558798,141.88597189384348
181.78300980876205,10.01714510750774
100.10567674963437,56.80989632967807
60.04514623649169,77.22223160554549
183.41514806579957,93.3858612513706
111.7009582322965,53.68940364326701
177.39526195018013,12.33567726058527
173.69664173366053,161.16356234674612
137.38284037013722,59.790161439067745
121.66446483258729,19.65960475762764
7.3936537084190395,184.7992776612318
21.808617050457777,86.3205625197962
182.90532729825887,75.25470264863655
112.41810904735883,50.216359256174826
156.02818064792254,190.1393150016642
149.0927300897567,9.58737564230102
79.33998193984688,89.15591154738983
89.01663888579688,54.756767320180955
153.73337531223598,73.87676557812269
25.4915376651941,41.968741317033256
144.13201206974858,132.53806002324993
169.2515106716227,171.29639798757788
31.353348581762386,177.10126834738384
56.5249526296809,85.96199598853029
24.911512940014415,148.89203876260183
162.27146079548623,191.30086225480667
59.8161146069279,90.6768427814993
12.551458155096983,143.6000002710604
48.40452138079791,122.8770111967908
148.99412595426853,123.42329428531394
115.08412179284352,62.05503035512737
180.59746379660473,122.41386971632402
52.3065795775517,60.4928519785046
60.777185239429755,34.89790523978426
126.45728316036505,195.48921082747077
183.52378699127985,142.34755938876918
104.29697080245175,115.86239596745845
51.392550898673626,184.21939129250075
181.5192464412598,150.28161698265404
48.11634151628124,137.33707865615406
111.05178410506927,170.67517030356012
64.70582555181804,92.08043581471816
176.3266133422945,133.04076802226382
37.11876376997384,91.36080468149764
17.371614830827813,149.8617830398167
23.633861844592374,100.26517123072509
169.08553749748413,94.80360692878158
171.71179821243354,125.67574126443229
179.12137330736732,152.6351096410628
193.29208923209595,26.56981719667163
55.63848130815296,151.19500965662286
37.69153239651175,116.43775132791171
90.73449587990893,55.635050640694544
55.061356251992905,42.60564267374591
9.486409691052645,175.7256419005359
66.84248881611438,166.7875292616862
162.04367960834705,135.5511954423859
143.97060729888543,117.29725828905109
58.1711880096764,181.98601704861892
135.73154860574135,12.094428160377866
44.79060046627614,112.46366758115435
118.1275698099897,48.06450809032528
84.7668075841285,26.609170135752706
182.57841545911714,67.33399457251855
145.59634200981273,62.95337964279817
94.25064828945733,58.71069373814158
169.89407405173796,73.92217125604407
150.96022324155163,131.16807200494208
158.89806774594544,19.52462482045877
194.40348495764118,154.9843886415165
67.4612342169134,47.33171713252402
46.0593006893646,128.39344879241844
17.993814305429698,8.157733457088547
28.618369485556148,101.89921318289156
60.590197820301995,176.1059739169962
86.51649600732273,43.21496165128916
108.21480394878073,60.459646549809
43.29937741012389,123.08103758658328
189.15884448763035,76.55765293290322
66.61981468649329,19.68027571515287
36.53287537912935,42.67069747403059
170.79317679612763,145.87338373376022
172.34487950676709,115.13745079412756
30.572841962275174,107.43024126044708
25.403207255584455,142.7646899981205
170.43222887020107,185.4513711330457
148.03410860465485,73.4770738642191
185.8327807235575,32.72956117284175
14.836142971296356,5.043029243010815
14.32481987778579,94.10556165320166
65.50995831886205,62.46304714033605
193.75942037255996,90.76126679134126
37.87645482147046,167.05126231471448
6.215866853843167,29.384144362046882
39.35578305423974,163.69464997511824
139.2838222540794,37.82341347432912
41.74171500455906,28.913257815850113
137.67743029034312,27.659854495089228
39.70532326245956,148.7311182389691
131.90354936563125,62.33147409934852
129.05122006286817,50.28783462870173
31.822030351815723,14.761509208835637
50.10051494121318,159.78412652134426
126.0591604268614,13.643614063162643
191.28165323982685,107.44073433186794
187.44884664631846,172.0104351090895
13.709743546762656,6.985691617811559
95.24363400924248,100.88247284672178
139.48827475233992,28.875361204402658
20.088692273108453,120.31404960422894
46.19143917630876,32.503443674036525
16.307642273275093,157.9271485246623
23.470252459490858,100.02761857171545
137.07768819635118,60.814728722859165
97.60139250767035,91.64155419501806
78.10137541079926,96.34039899522578
133.33052112478438,9.95866251044648
8.362650768531728,30.53046923827132
48.61470602168348,83.3327076065955
183.57828467434888,27.969338452421287
73.93785493916899,61.66514266552682
192.50007912342937,52.87347963182536
195.95938617052312,118.66955170126738
72.33544112790592,6.101147581374349
185.84221569238247,148.82935337310838
189.07112301914685,97.01145303783093
191.88923233818602,110.7554518830038
124.7311306526866,58.437738709997994
152.10546860115016,115.15079242520773
49.06688707849067,83.25672634888817
17.02632019191195,56.768673399799674
122.59119860129992,55.882873233944046
177.22660409315526,43.927972486614316
7.467346554317135,181.85941748505758
108.98537326915036,159.19199631502113
17.045830030313326,146.7214624490272
162.01904764050568,115.25402733519235
7.687518893078934,108.91129824074181
30.741308753714357,101.93069577305617
127.84746226458796,15.428655895507767
54.314987404034746,186.93633956305624
34.76474857482301,110.5600254622984
71.72764167276314,29.35002015809194
36.88663164685572,81.75106864214987
151.01419013832543,32.16365259505555
181.85764909557216,187.5494409686981
45.055171023253806,195.94378487885155
156.30163655956036,74.74627495728647
62.78426432920636,131.56817313238443
117.77232570458293,144.54267489888457
40.86216835271996,178.52382023125844
195.92268156103364,162.75071328427822
182.2630590770681,101.41001499854953
96.63114334943326,85.80223642050784
174.4056396156385,148.35022824704748
74.49328478927114,42.56213707550643
104.02337375252009,158.97747830576344
44.28198949083134,190.20105627550436
191.8459895964145,17.457392502382476
22.831101603800235,142.40759610766085
35.12435653167027,143.97282533024188
147.92250546549218,142.8720517166287
13.78761932144353,82.16631825363272
91.95184798001053,56.39694778038584
38.54140487100827,124.24910182552506
13.102137431602612,185.15283227114497
67.75684582406603,36.5491454406398
56.333820581893576,81.58217964363477
22.807459161853124,20.72313400383012
83.83561292524121,58.784925505908646
16.46407462117075,98.89076298082064
182.08955246358067,25.50245541011707
177.2362091370429,75.74227148809311
120.33253775103628,194.86983539297134
38.06237172140516,186.74718260385274
194.4978740765579,19.42118434149311
120.4500284580911,43.29104224912743
157.0002804446392,19.059787035901717
27.713300471816247,103.67382724876154
54.428646395577786,47.56496239337587
175.477559556911,64.3330106236633
5.810648927278586,5.916438809947312
172.78118397873754,142.11822078650363
155.79644880898334,188.24412665490922
24.842904898700777,98.41184640220423
155.35699335812458,17.5936848380107
143.379720745992,116.5193251777401
185.45165859077196,139.87085223180475
180.76429230885978,175.96885396532406
125.17565513852882,41.98514805127775
118.97379715475437,6.223963952229633
44.795578265806384,115.76603049650082
81.13310186556063,10.903534258398075
101.50799603916768,6.732264693255676
133.66117473099445,25.542353095835452
33.631722580452774,185.56200180396567
122.55825364280261,33.806452259675254
191.37605854807856,138.28363740340194
151.87323887969072,132.5499704026354
17.406687197644576,135.376608522394
9.117352024441349,88.47154423982043
145.78148348588317,86.06350658406156
12.956111598643774,111.70399585297812
119.64710055977463,51.51270100048859
53.495491934753915,182.6046985679649
35.22287187344012,82.88542524684247
21.974355698883237,157.52808193004282
32.336420165706905,133.5846367683234
152.2174327715629,113.06204727630463
90.31886121100575,98.4895475178306
82.36130384369336,50.57607964801458
174.1397586404281,94.14947945723863
121.03947287707193,40.578811026088346
176.37827435395286,13.033097008501416
120.11764543285544,43.54441571237167
49.00134180729148,18.90953148654388
173.4259559296022,72.10725841183044
160.71707567409794,63.02770410974682
62.77341480083933,196.05700960267305
7.005304381815585,82.4781626220663
69.20784957337696,20.085769183254147
90.8037815166533,60.80475293861637
73.20856264401073,49.067274115692165
181.24045261489707,25.345638433929214
181.39062528385588,46.434856728743085
170.04900316983935,189.57786502722712
59.54358689778822,133.85904969076893
38.63890994209485,23.958921329071146
5.20948919156909,168.74959912275622
159.29225960313934,101.14037667819358
69.7098377026832,134.5825753896525
86.1941414944554,194.53783776013316
90.31771861259541,47.42669670965688
180.34801055730887,149.69009959993622
171.87043009114598,30.642226668575308
188.88959533027543,195.7733784448859
131.92752291808588,36.726242300509135
7.435433062888989,124.26064252262607
124.47018644362086,25.90806149684535
36.12032155006217,136.15316550484567
25.089766411757203,95.86944338101918
169.0745027048535,78.06568694888648
36.87687938066173,185.98575561409274
97.06395442916343,170.66191943717433
146.34412698188677,69.25366906140086
80.79703296290111,7.81763050885446
163.9489546193671,144.63769721542036
192.4883863005093,150.53327842935053
50.27703702305388,81.12510208288798
44.56366440634175,132.28291714186653
183.23220871683776,119.79651111417867
185.0902148352166,110.0925590083169
5.585177760353992,47.8776033195921
159.00887169481175,77.90403144911362
162.22137543246365,5.322708147909625
27.815736871208,160.04777520695887
128.78463120698112,50.94677472319756
150.8947190383411,144.03865001664528
59.97547877031254,21.17517302324563
185.438350424901,40.210885742334455
137.64511029150322,36.32990659001808
55.98119421241795,42.27661799580451
49.447013364789115,174.45006546875163
189.781331516906,108.84663769859894
175.81994068123706,159.17881162398132
51.04318831600373,134.96943004878838
58.10684053679017,183.64492956550123
76.48419069112745,40.47790449013195
108.52966696806804,8.135195465270598
191.2120935401994,112.6469606096215
165.59207298883825,132.18699358859232
129.87015092199113,10.569537582696485
38.291723947590086,179.45021542806032
180.5395339652591,60.6870000050404
36.026504431297305,153.48395978167522
76.78599355461374,171.45934755916005
115.0654123190941,51.86578486638573
5.0904406013885595,59.00070421065752
96.36080943248754,39.0316388720528
195.96826284204607,94.2129274285477
9.248497415685948,106.14572488835542
104.00204071853142,62.78502994756184
135.46431047323944,43.169433606348164
28.279277563279102,135.82818267375183
46.66039016134677,139.30939597131444
88.00820326057134,63.272297868405396
177.65843560291864,97.78649508877737
11.413544821940867,164.88674124422565
52.96899275172324,145.30302637238023
187.00929222717104,56.56006683527494
53.64756879375331,127.19064662840238
156.31910463383906,63.08923785368555
187.54452847942161,119.51271840411036
46.904088741812984,109.32602158352877
117.89000432069298,39.34195671240986
186.38152973445216,186.7938003603962
9.792720474511896,178.15846171304457
76.91962347470833,47.14944416636659
137.3582552428031,14.62711783251521
194.30665655873898,116.50996030420981
36.8707360124023,160.1335273365438
180.814461846349,69.31630857891224
193.39133508450215,167.3843220711012
71.62913564425445,44.17580543555696
146.0302760840384,112.68990767170638
11.263547283346101,124.86604853444845
19.315668988266786,180.73425502422688
32.946510750350285,185.1675318875875
28.374307256484688,9.622667670882096
99.67840067834098,127.46506452615017
184.20245319269833,142.54650759315786
185.67917635525038,136.9048560103918
181.90470055575196,75.65696439116302
56.59622554077447,28.230874250333216
30.123850700741812,178.07257302445817
61.399409747394294,84.65064564073091
179.2369026958457,92.72272096218424
160.41605897944987,167.78784669528673
41.634440116923045,143.54481257713815
19.805830144231386,45.23213923860584
10.560012057191503,84.73673345858724
148.32172556586983,92.5340715410126
194.76921317093064,107.85594169611193
29.41108450285512,33.43904416144089
60.16955559999313,13.992682106258373
155.78537682403126,15.488482898618535
159.04048047804235,153.42558139182677
18.52614480705193,160.3744732408161
163.5247394929743,196.78465354188796
165.66635769837447,77.53787722651032
38.34551471156996,109.20997175504814
31.276381229267063,146.53959376542153
28.343188531509906,106.06252560580597
165.95867318355778,17.039749128549875
13.566360383964287,70.77469712325602
5.737612438951912,26.631103603919556
112.06373962193088,194.38016735131478
12.225925443552978,23.377626304631953
16.890461448639115,168.39390574534397
16.77043984858888,83.80636427807215
82.73343027911048,36.67020842458639
170.7377881636632,112.88377224704894
63.80174948618548,128.65612393809445
170.02055607677937,73.56354796527573
165.86835117383498,146.30042539769212
107.9648121923572,164.8366257409278
20.634380747292415,179.76381945228127
119.57368463238248,9.177843519878698
90.06535266559614,62.1099108737482
61.08957236523251,130.18414867675878
120.5356830509787,168.69851081657924
14.794459863868225,108.5242941642702
176.01576466765277,133.4023777604087
129.85752867794642,5.532520086190656
43.57184347836538,176.08021488003655
11.65839265375406,9.036467502806094
175.35023678871502,116.28394228635095
57.079295056543614,177.55084465867725
57.377759615770664,133.12790017492705
33.8324141210813,125.4722349014718
32.493489707690706,120.67881631551323
178.60737189379614,63.076090526831074
183.15210659116988,37.64963606006034
185.4113648377884,130.27114185982032
39.57161372650559,10.423558879779776
60.049283593877206,42.381698541809975
183.84639264360518,88.1150014806772
21.69551638798957,124.43981617794662
54.543047238791566,182.66771107294394
71.61144676617751,95.96792986618432
148.38402918716173,99.16858132736628
146.26914989265757,86.8857861109038
23.05884983264632,185.7698061058947
29.949764873111004,103.87538432951492
194.8368573934586,185.4076074294445
78.81624050055895,25.712867005326345
59.488397719867585,40.64294708757535
107.13299541344476,164.6169617173812
57.24966907145124,135.56159622991748
64.84555099937951,135.20117424828612
145.4111763754657,39.83102753582593
174.67378971806906,106.87189815580989
177.25684549286066,93.53996905784378
5.483303323248011,21.429949179239877
20.036636627500407,22.38648119187756
188.44482220192472,34.58218754374841
53.08214946600587,33.82655394814429
173.01925071354458,128.08680545970347
95.01739957483181,91.50427080161774
27.91996725031224,90.11826242719668
16.47948536871322,90.60011620239864
188.70901831893346,60.45767701207425
165.25921056635744,121.22899493024897
15.935828604803321,48.174921673480455
173.0590053145444,127.83272445728613
126.24450337884548,53.98966106164422
59.36191838512527,44.69362292372958
170.9350153499796,95.12905411437475
182.58786290961928,130.79847781913656
196.79037903555954,132.8293687914631
51.67487774762383,126.78032744678012
178.44719940680739,70.70588687610612
24.260591047052703,191.790737109603
180.17432121433322,100.22111522663151
50.10556105178524,48.5764470322803
58.194967856049225,188.19239738446015
40.100858326336294,118.432612632972
59.210682404311804,29.16117294781799
81.99021446832577,94.89923491757831
25.599372995029658,26.563932189254984
39.19686662704883,151.56162792377978
177.35773855344866,149.01981281869925
158.4143296843676,120.57768841123894
17.798154500433924,124.45703567501816
7.8773663337132245,120.22754923090169
52.329111046286016,86.59955902086624
89.95188864368195,165.72852719018653
153.00543735027443,108.14969461182595
135.90858316895495,36.258739496375334
84.90437810069005,20.06420729042269
143.25276822226908,187.15135351834172
160.69418384126692,160.33822666146284
30.452418390338956,28.147826519185273
63.06738607947416,64.63387971313804
8.079760250730036,16.92542176077611
171.46450996076013,154.3574050870196
17.0164733259843,12.847550530805497
151.42995634805507,107.74433018707784
119.81742832381838,147.52100900266637
18.965199668942468,5.116700071592712
134.33119843120252,15.060758929583965
189.03324512761097,175.72726916743142
161.50550281446849,128.37283558949434
70.93697613895806,56.743772673900494
174.62953581408703,86.10556203508068
125.29701579184717,58.750400053663085
179.28334302256312,185.6790547478321
43.82343295999723,165.72614700558614
27.391855938566117,83.15022339931956
31.59903707829252,173.316621383827
10.309188960863535,77.40172472511522
77.39330418742719,51.209952367111825
179.51527288276577,52.047410356818595
49.18909093899729,83.00185555822941
86.71845926703372,15.272820065065655
62.56543166990186,170.55471243406703
46.091266476690194,171.46422514953397
162.97181228618877,63.97321173676749
177.95539340516657,176.8841370968889
51.36839990560906,55.50542521289776
194.15165803770367,147.34569989037905
28.62020657413127,156.52848475252915
27.933391259433293,127.44817234556858
155.67556018343797,77.66700985634743
22.472110116136477,20.08068733197401
68.3381100680546,151.92690077421491
187.98901518075886,108.02425631111868
59.93625767491883,162.2194914261619
158.75454386613325,90.62842111781369
136.45997375791222,11.930531650482582
41.166478524349195,138.43003496704824
126.14036250061346,33.11539013877299
77.58635236396195,87.84507472605887
77.82000131880757,32.56077296171817
103.17019605223366,114.66605721437521
60.94312623182863,152.93118687966083
67.27850218672424,41.365104429221056
188.77892932655823,108.90157513029419
188.07655367150957,129.05886016964192
49.47881956465128,159.57379781181655
11.058052033205104,140.10226951193584
36.71826324711298,89.82815863547827
26.74503434419208,169.1534370973323
17.90437091989299,42.542894763731226
42.25690623685761,105.30963705527714
47.11418747410977,143.92279547748973
27.130308087365957,175.28882295456796
180.6766347176566,159.2810826262484
48.7363784641437,19.694507031179576
170.52171321885143,133.360049502362
186.66739026781812,82.20312627025316
29.13915998931851,94.77543699621553
11.535497023641947,10.491877635313081
146.6003877018642,77.66023722639582
35.23401793317327,90.71130872558088
41.09198954233374,112.30454658478982
110.60628943769919,6.484924153667851
162.54194525156882,6.296381175824813
183.39113651491436,22.689600615856254
70.11771827218384,14.534221326759601
197.005077234173,21.22615198097986
193.80644591509068,94.91408014776327
116.3065470296399,167.1150524709567
26.00994558490751,41.19422517011714
156.84101897642955,185.06280237636395
91.79588333411829,97.98326084634223
50.23405972427731,31.29577898652203
116.93691336532218,168.3914719407885
185.02161666863904,172.54649746367008
155.7914876386711,16.28202392362001
196.7844505277956,192.95319887713526
172.55690213212392,97.86497538760199
84.31548878506032,170.71320122066493
7.8832354746893305,175.74947213259208
68.06814462896871,57.65060770985502
188.93665453034575,152.60200409152256
194.84349787497928,144.21921084213213
128.52477365138432,22.306876275695736
171.22835799757434,153.81704363383514
92.08724234443207,94.65040633028623
146.68501703377527,26.253896758278653
136.42194533864645,49.962763340940256
67.56310749772504,14.273518178779232
31.783980495081554,38.11352257741605
180.52079057489567,149.65826901757163
131.72097222471444,28.40898967642365
181.25560559582414,28.212725959778318
70.87425145746427,5.649024443204974
111.88248775922445,161.17501974025075
67.21240538523544,40.86267484028438
161.2877648944297,121.11607476044217
71.00737454042412,52.770064507647234
24.781507522090248,181.72703803719324
154.10968554448505,7.999440613431135
102.82206022043765,45.778600095488216
118.78117089140177,50.14300268763997
78.55150768768213,195.41007828145305
175.63795925299385,91.6288688059753
13.702695110573789,189.66261856437916
10.606613084693807,21.680747635902957
16.00788377803216,65.17542844948264
104.42766719160139,108.19929618002232
147.28424388265546,94.11330173445445
19.442118296068326,119.86952749740736
35.891195067573896,176.41717963184848
23.191053208307572,22.100414869265514
125.07908673873288,194.4441024095358
22.73047728325506,153.22355119228797
8.613575996762291,11.643953164094368
175.05259882555933,11.31825239581729
192.87298853820744,100.81670207582401
156.48120635214016,136.21083631146234
150.67581260560598,86.08406333133321
63.59704608146942,37.233014294168996
161.10609747829784,96.21959421683918
26.85826551499314,185.4351547857589
155.19044747713858,118.39809509256551
16.914995099235913,164.2183238135426
28.267365974089678,135.35354530353388
25.93290696130695,176.06480043777796
189.55714209738338,167.04317888040754
30.227317692239744,19.147139341386325
182.81960698768768,12.778153308433394
62.282450402778935,146.40123569233796
152.82120594909168,127.69488816442366
40.55482341934467,119.83188035733978
163.5157869198379,9.872132889326583
180.71904892822883,147.909476080786
21.90734989667955,19.402040723190044
108.19063691048613,56.11484820388895
143.72619561101948,67.580922862083
154.15198481779635,184.9346367983746
168.96459641396928,76.25797624764503
171.0925504656442,11.221066938027459
20.113936181538396,103.1486482505759
54.617844676078576,169.33444943274318
173.20577508934497,194.4967649908772
192.28719034879748,182.73048795422352
104.31540700274837,106.8213727081214
142.26441877555962,193.4383773617654
124.55421686082553,10.005510292277698
106.04006526836471,61.193639785306736
163.2921851625938,183.906050219009
191.3056745003672,116.1662367865736
154.64832902476377,114.84669895623291
194.78892452052986,98.85098440015423
45.665977752675786,113.63823131027945
155.31610352081128,154.83425394338448
59.781855239066026,77.90836971457469
97.61056575735861,5.119012572757709
56.80963904546144,161.86088020225853
177.47271268703713,7.504758031237035
161.54622461244367,126.67247300020149
151.66283149878586,13.945760708936822
29.84941827212397,135.2140801036261
173.55901830355037,81.92545416429289
53.70575808907119,61.199515807685955
130.35731961901246,53.01716067756927
20.727852241463562,174.14633280708117
34.58283425723825,160.67046875681547
148.5710812129839,90.74970880355782
177.91411432156886,123.50704887759815
182.38738626158235,68.19385979006637
144.3638369440105,83.51157977528328
119.96650945867293,161.41449901149173
26.919665234230614,127.40703016599339
65.49154861181137,91.55210692364767
178.80415950858912,124.87483071686539
175.58655030107093,129.71435835114062
16.57495033540624,119.30973545023654
29.216166012743702,24.436097327782164
90.3644087457287,95.07284020026422
45.80314761695652,137.4504633368864
179.56728157599946,66.32608589522556
36.8419406900599,128.13464932619294
162.07585336766587,24.730054329443334
64.06263698105717,138.89516730733828
6.721975274537791,61.270175782456825
24.12081661043082,177.53177723053474
37.40154868430332,14.701383641177758
14.163533873677057,69.20139251920173
69.18048653482603,135.30491685609047
35.82784570607508,103.46665658627457
118.2247819758722,158.08949337806544
35.438837826733824,137.57132547629814
119.78511379613768,146.85652798588984
156.73259884679464,151.99608229550034
49.098415879193524,143.78894582700138
149.8932309671974,8.991920455226522
66.91588575683807,163.6690909971672
110.29722852521192,162.4518420657039
175.5281763849987,190.21967329276814
36.97564847914576,150.21131234276248
12.94390823821972,47.03027778994568
61.461216093476516,146.05140296571273
166.4546364780253,176.9028021831807
68.83974756141218,88.29346285138172
172.61454479636097,111.16994411106086
94.94439972305689,56.355924939801504
162.7041084070394,179.4734989200657
18.353950756973617,70.28932924078572
175.15829028359752,94.64061606073199
9.688168583856669,8.283508879414626
167.55460598637202,143.36793253331945
5.2809255983214785,49.89282562853419
174.58392924536267,194.5861488220242
144.57554878719446,112.43974647750831
160.85144696835798,133.34803496069472
84.75267064936538,195.3111214971514
22.5651792830266,76.09826549380787
139.40258574692353,20.266632465883244
189.0074193905289,161.11257214713663
50.67625299108322,43.4033350515812
81.92309312872143,85.86647805784884
55.38054297885979,174.1806459165333
51.57586427996434,63.1735443708116
47.793783846382276,127.46110336045017
29.765477716486846,138.63774365951687
37.1997286287557,91.96594782588508
175.32552295738182,139.10018136008028
195.71689408772062,40.4658276809216
74.10017549775708,43.7181140705219
37.18802880298701,145.70079764030032
15.688108180246038,37.95548390184719
118.84491965078563,131.99388818043016
9.109187866993548,112.43006304030631
71.60421012270383,10.69892484706756
21.183644764125233,183.86855033496101
49.56559317322023,180.22108249455945
145.51727344447113,131.87818232076864
46.382610599046785,81.32500279388232
95.90783866625432,88.5053522158178
165.39192972340615,186.4130801326553
45.79860124823854,154.21614524352353
39.617091902966806,80.97629937999442
60.31696134027784,13.065371211960528
117.99044157667308,137.76695021712123
6.059346051522381,188.89825881912077
160.3600411155209,103.10868045916295
185.7438466944246,176.84993509255406
51.159676000644694,169.13205073396816
44.11432293081062,159.8544336498799
8.09552165105799,122.61166208897183
68.49141190421363,160.17280453714505
196.73959536065334,153.47715171917147
161.422876906234,189.35815886302174
34.7020165227521,140.91702464322196
11.266319713653782,89.52739054717723
61.86804715816574,167.51814451166717
10.682373767908963,154.55272984856734
44.528852930438575,45.60587201462111
189.8868950785575,90.71707842483157
60.043640210510375,178.37832007331417
15.921659642677163,57.57947683988092
67.35637188221973,152.3596848982425
152.350147983656,73.66070978149264
19.822572887800646,139.67746936410614
73.26429360166217,167.7272237073942
51.0384301011036,97.15399750304132
45.29512471216882,189.0196695313645
188.3862615403662,119.63271150821222
87.68751581330199,24.521652530665012
196.19591316791292,89.19442485376985
111.17063088018227,56.77840525961246
73.25248407051456,37.91490545787975
12.940523334180916,37.735349516308254
121.16913622926985,17.10948077229264
90.91327465267112,50.78891818237895
126.8409153890461,54.472091779355345
186.31840911359623,134.45991110675953
71.50379543346463,194.95154726086807
142.4098784691369,129.96610230528057
150.40272246030057,68.66403825233257
43.95599567827416,33.002617980150326
54.22642562038147,141.83264354265776
100.58022674669306,196.94976695872518
144.14646181722557,18.850086440030594
59.43401204387935,135.41587920483482
5.080809919672601,81.0392192454939
155.62715667298204,6.551220846806964
49.42573002827234,147.37267640261803
109.51238792688997,56.69115023785059
54.656435905494945,161.4613266388141
101.91200812998704,171.0953238797223
6.620495471799229,81.39418814624557
62.67950847706561,32.949322122376316
42.69102591327114,13.72055793412588
9.98113833233799,160.55502249553203
177.73044747685503,19.30342080249177
159.99353843786452,66.7882163189786
80.83864339568017,86.40117811401556
56.42396013125727,57.07964313045838
171.46530622013296,17.32785315794931
50.013663658689126,185.6313508143968
15.238180498690477,76.79151721685861
144.8259443626266,43.558796938961294
149.9295513297675,13.808212010894966
135.10721142654003,18.33126675302012
90.24092118268435,95.18445730904646
54.80356510399167,78.41475823467891
104.97430750724868,117.86614287162514
192.93413285848058,40.30798988348809
84.45874555769242,5.9964321843975155
193.4750042179119,164.08472618197982
58.21080506932193,138.25688805412287
127.24689563271814,48.45959855578104
162.52493633919178,96.70684322054058
9.535505766664475,163.24253115261294
13.746856731296356,100.8708724405703
7.993668268807964,94.6311948648578
94.59956577911808,97.08137336817057
29.940442359304402,133.74633264759711
158.0294074442791,95.06364980615267
14.414708653337215,126.52166470870748
167.12972216333307,73.80801521518283
42.903218610702,180.75535282609923
141.92872999266328,129.21158808864408
174.16051487391,22.032833850409414
167.49587016012867,29.04203789938234
97.09175109041038,58.896320681514325
64.02529411815117,140.2980706829686
6.214336017567659,167.6786129092509
165.3906269591528,99.40882928931906
91.34463312985469,92.02357596718079
69.50511486924404,11.713565170293174
143.41811778263096,102.928294714016
187.64622434663488,7.261943611235351
156.92766770722056,154.70219363053806
11.35643825520531,119.29972485259009
53.57743862672569,13.85533805535453
152.1613538405545,147.21513957151987
101.31636187448629,173.7596230735234
49.88079852926021,161.98466100912336
68.28165260618255,89.0194242608608
124.3689669672828,45.734459527557625
7.4473133253837736,136.81351869356055
137.58575715973922,8.814241157270892
39.47782791646348,92.55459805250217
143.4692169764137,193.66336296999603
157.39761840601528,30.04899476187311
164.97672065029866,180.12563580807875
16.99296784151089,72.08242977294265
5.934273703184161,53.42651393503432
37.23716404152107,25.908024280774086
148.88612277188773,124.23867652631117
167.6387990250856,118.2953837423458
154.69232404218107,126.1836427332312
108.68408991108926,5.451271384052865
26.756884361256812,174.6948989395278
45.06504695060671,84.07077702146792
63.556311944602285,168.0067441875464
46.66776414131485,23.3544917642407
63.16584019789782,51.83821607146105
38.306322688504274,13.802905235061091
13.089764223522828,84.00691270283366
141.31111661091543,95.6717868600563
131.19567283030125,11.704668321256465
195.99498369167395,55.90015844355861
119.86957905464156,49.495558860382275
106.79828604423058,171.54384748744494
25.719493322034197,93.25931228096563
40.78900679246929,148.29959768566977
152.08417631487671,112.09574727023804
151.54304135195338,85.3283136242739
69.23207352883631,32.941572885318934
148.67163255254445,29.22892507112877
164.00026492145008,78.34192916005247
42.60983438777822,167.70914972760437
178.728866062447,8.208296084545848
66.66108662809545,194.46716919350575
32.09782213654159,149.7061523155982
40.31363358713611,41.082600293078904
191.8746764135033,170.15460751898695
18.364767235026182,191.1939689154859
194.58160671804063,152.59082695405476
179.26800469822354,116.01622306812831
80.04272779135155,52.160614801297214
189.09370037370584,161.80267803685092
38.00157069859421,129.05995618626082
160.4027631761286,127.48986006940093
47.2686095616704,82.02078038508353
71.54855928264716,170.05994709514223
19.058768031439662,33.888618769540116
41.144581544924385,77.18518648424698
140.35313416988402,194.21241945511082
50.77561173647868,186.1257682748974
54.62703894919412,95.69052899436171
168.11600369069743,108.47368539760932
22.22133922071643,90.53042263416776
108.27962468287315,169.17345318920988
162.02221690238696,22.71796069370183
179.20420350653944,63.44140571716528
42.012578787305614,77.36391094692745
159.4862178434913,125.58364550778427
185.96631568346032,77.28317237673441
17.248492692372686,156.6067026957285
112.04125981184464,63.722368361622856
26.95223054126537,115.63409121114688
79.27749275717898,59.257950068019284
166.5944893875399,19.215522921755397
14.100628907216501,108.02921585074947
164.29073935620437,96.00197872611861
62.543193884989165,37.676831555695564
41.033602770386985,181.16485170315048
64.12187623733845,56.42665678623815
28.966036351543934,25.236241685587586
143.91776286534477,87.23465724128258
47.36430803736604,40.94701772071413
12.657635761800737,135.36476124260972
189.71167322596384,162.86009212233554
187.1311427299044,190.05640723204408
63.57711095237818,8.834545476390765
194.40856746091862,181.06236586374476
32.62816038996907,11.467914105475398
116.70263608495034,6.439657100726723
63.696298557203406,28.14198807850499
54.3666440145774,58.09294016394796
192.33591326923042,98.81652800666528
187.73832319307888,138.37820001538145
155.4598456645519,19.646320754587492
84.02932720582031,195.88696545536956
16.79739836266766,70.13375583050671
26.061807344846,12.180354549552268
179.97296930005632,10.373289346787177
23.494640120776303,158.38579273625183
174.93310880295007,98.94133631666485
57.376594208957975,20.031342880073353
63.98910833139273,145.32560401741932
96.11122725483285,42.86761988553654
60.03306392574246,169.73074891924676
180.1663784937697,196.75394354438157
51.468729496927835,43.01642342188015
197.01299051686857,159.37233119973283
102.68627621795146,39.640299831423874
19.315104247046072,143.17572867970603
33.74561145454036,144.86636562497011
39.806356909060504,114.72945170805647
69.87869962804234,24.904434913587707
171.77444185844632,185.39001533926682
174.05043490641467,31.820710713893398
151.2921731116514,193.99362159817272
59.53975835348955,12.734044946866767
58.82214181954869,55.0193821355742
89.14997929328949,7.6698739646705105
196.8758714171317,24.933908222991057
49.3820789943497,182.3219379332204
174.08717527691726,134.7189064143933
90.57458596013042,48.13450513134958
167.43514584177538,122.87392210232568
180.40007697613925,128.79180704258025
97.57264358328989,88.12926114140828
54.92334271851748,49.52530330776854
126.7240113616309,24.137925033107777
55.1686147650463,13.391344693078082
177.63301907468298,55.993832663452814
64.77032726446926,145.62313841142986
71.05893576468546,9.912956587068626
34.221353944052225,82.79798753278068
45.85609088997035,24.4832464815494
119.7274327617884,163.8432407368382
153.68149636196142,68.1314584842747
119.83656222523518,141.6410953682879
180.35071064002548,169.8886717548779
5.097387012695278,7.523963601620897
55.26656852869923,88.3103089917702
47.78023548393237,186.1107163459141
145.32768474944905,69.40289010561901
161.81232946228639,77.43382263709317
52.07729414138746,11.376616288200596
192.57825521151616,25.29952097137713
29.645567217545665,110.20878427081682
48.48851675286611,77.25515944432918
51.338235288037865,35.094492336767274
147.13875350892448,153.15166440228654
67.47378080350934,147.7695407077314
143.66718962330526,77.65918744396063
180.8825930784393,185.116812772518
12.278287189435153,116.24586688327615
156.50529868504972,63.095738090108945
174.65380992577482,101.57121441263077
30.57994107421994,91.85285046364025
184.0821434437697,49.26117290996848
153.78608426521626,105.6251632994905
40.40766119210067,188.4205475040849
34.76451641928538,83.20180440410118
177.08829427969872,108.229789509743
48.78790908998537,127.49134572468716
104.4198493568087,171.67945987446984
151.4763277719933,196.62352260351028
53.99119218546025,171.33838005585798
186.02160597582238,47.20763373527684
171.8482698312039,196.61614286850298
64.17425662710185,127.22304005067679
6.910676947458316,112.02324341215693
117.96232095226365,132.89186516281873
145.58930841221704,51.961686512842874
7.934212019673795,168.61181518327928
190.42410703989796,142.59240747890928
55.58743969607449,177.70691123006654
65.54358344638227,23.107144302668097
20.941943830405965,80.92014039675396
154.02093629359143,8.878126954505696
76.94018189365303,8.645069043677676
31.844937461191925,92.35765943040354
93.13201809980559,164.4489962602282
161.2824235922942,112.33778347033977
73.70932654424492,168.45241068138915
80.0566847134571,21.393868452059298
61.77685893277413,86.63001296048625
50.20260037758858,162.79489516222614
13.624585220179974,95.46868688031124
181.09379850488966,64.61894101230054
40.969430525045894,122.61395029092654
133.96399134445502,46.57208918984062
88.95653531699466,37.089349630115656
58.40586550185516,179.20181079945272
107.36560436019589,49.809557804464234
144.12151355949962,193.7254740209512
88.73701922285491,51.68869562624711
151.4908556610801,126.36371138942472
176.0723892483012,36.554583432523934
28.656688534582702,103.54766373303819
33.98571363841104,157.5482116136688
139.57931059138713,53.06303027806278
13.456994897750423,159.60220004645137
26.32467905157559,81.78739944656466
60.45965208267706,18.899278438367176
157.1770603839418,10.33697408482308
160.21821473049457,175.23132817384496
9.244473169843475,183.98990980155185
8.059044351169842,125.06998121597348
128.22533404765653,22.71914781487945
130.91616847250597,53.729988397108166
191.5626992643841,47.91801170036324
15.401610982835432,100.3010078593252
178.4148739419016,161.85720162633078
13.531853578436365,52.16757311120914
188.89232660220563,78.60029581083786
196.79272785437075,54.081758386554945
40.22929110853284,36.176123597889614
103.11823836169059,194.0738113384062
170.03882454861173,87.50021970524375
35.16165444804193,117.08622084075829
153.55658610395432,188.28510774078677
164.75009188340277,171.31369237174715
154.08410729281889,126.50768808958806
191.3016194017847,173.9245167052092
147.7888149067547,135.3205717506504
52.95381608177646,87.88951824931169
193.96780831155158,189.42174454431023
13.658484502426678,144.18000356010208
174.3223317551165,33.451738240369444
32.20161090157018,118.77488138971488
35.49879063846805,113.26870089503649
29.136473653100097,129.80755221257485
16.744784423570913,102.27455184338903
150.8843563226967,138.4082892004024
191.38189174624844,64.22906178122437
58.49745291841923,132.95863790737087
152.7460372039995,17.95257838553534
96.52557795842252,44.3722315581622
17.207754363161246,171.69114758216267
8.744442735544911,89.87553949459453
169.22399831707514,151.09107696017452
195.8747305671056,52.29500959111784
151.33126279839811,67.30859940483575
94.45599812872835,46.62882759986196
147.4432764108984,62.9070733255755
120.18381538847522,19.72680103720952
21.024131138908736,175.4756831003867
95.99875308628675,57.0364454136689
29.13315632244781,76.62068089989955
9.249876160164495,117.66775477365407
118.20233535542964,196.30051139906686
50.648886094598204,92.11884524034753
193.70394498737843,169.2709731524421
70.99972025300721,165.75254599328323
88.64337575696835,173.21031327650675
45.36014930216368,87.5551773230345
19.137497097848748,123.07472622828828
120.7042306263766,62.112570646133264
131.52335948223734,31.568963307913393
193.29646234497693,74.47756156601608
152.71679882821832,144.0329438264729
14.206273505786138,143.6104463160239
160.8987634570247,160.67960360360075
123.84484192796681,6.7388506453061074
22.135773756698104,136.2917597384489
119.60631014910712,52.4931845191175
15.383799155292156,139.1744376461229
59.89493097869758,95.16685178143908
138.4918028678253,62.58750878717542
47.85283810881505,98.20173877064785
182.57684423684094,92.6388395324529
67.53903366029932,42.628578861651185
56.49777743279905,46.55943096282583
85.42416730119402,88.70081048941039
48.99991603665148,164.72580196120805
52.92970264832565,39.612974412558266
177.25480814809234,79.0392786700705
35.2096513536213,195.28491743875946
65.22891826283391,28.957291214371068
101.53258001266418,40.02679551745341
66.20525695540262,14.511567886173063
184.9284967071085,108.5791231755906
126.35654104062033,16.042450207979158
27.44545945889878,6.9207181492670315
11.38807845560978,183.70755921384182
14.861792359173716,86.50878260095051
24.919427959857796,166.40085351256027
191.12132835314014,38.526669758472615
189.89729951005913,107.27786521219518
192.4061723716262,82.46397989662042
16.199812341148853,156.81450088498758
13.497692755382221,127.83373471312291
22.7650186443081,176.54759037609566
195.55044369314018,192.0533382152029
58.4523352435572,29.55438352321838
192.53634859241373,137.66510976487479
84.22874759304345,40.33221762268252
146.13664736543268,107.83849036731178
150.92908387365907,153.07823685385137
108.70933887137618,44.201776054093415
84.55523656664775,43.388446073758324
58.28562560136603,38.83200999533469
181.0095884540148,134.89114476045
21.4849871380151,18.821887191334955
159.82463105161318,156.46580212415387
79.1436391744804,61.68715384715928
119.75277419627206,145.0892190036431
81.31846482261655,90.04540018208867
37.151700265600795,156.7332846843407
34.88010997055501,183.8282425621617
78.89929314476876,170.3809310759061
182.69128703279753,87.64150219503097
33.83818953683816,95.63059839573522
23.963217775990245,158.9961768575983
189.98218206350657,105.70205073127265
29.06206089985275,39.32458791852045
194.50692729332624,195.04500459505476
154.61675509033165,105.04716947882727
194.26640297499537,103.40121914650537
150.9262844501553,98.43085343543083
64.76224797122354,63.478285166392446
22.818849053284406,94.64555615167315
31.725351678658278,165.5081065292707
180.70746028486525,95.84861419546738
7.8858367235216615,66.57148145256036
46.546813412100676,38.250860218272415
88.99435788220094,90.94935238636936
192.02463617985035,159.73421742112035
161.14755292877393,162.52454323081196
19.256994756873222,129.9859409964257
172.43454438311525,190.30194514262493
124.11811687140892,5.449047626325431
19.439479763121284,107.49460007587264
25.525151626091265,29.063551278153522
7.039167753594425,128.60971035009982
74.84414318416137,172.81407269859957
172.23046070051905,157.9173604967577
191.81523390813396,123.93588346356444
58.2972516207238,29.372773684240574
175.68502408661587,61.94335144059808
160.0280500233134,170.2893091045935
50.21827033697754,157.30180307152887
150.7437891499055,137.860733795072
194.1797654713809,160.8448038481793
57.930795662429006,93.17490265743622
6.163797679684515,8.429549677480496
24.928576628716268,112.132449225723
165.40974211426303,10.152845309211484
176.30831922343046,131.65742152440455
81.92817789223838,89.3138781971643
110.02063355894857,47.27608028854247
8.02314192045844,70.85881063015049
171.68098397692918,180.65480070730942
62.532880312029306,127.38867391991349
160.36015912713498,5.493702210837332
165.89108110295768,7.568406103746811
170.96806245275994,177.99146296659038
187.80533012340211,112.3979655728525
155.86649927635847,74.08322988518017
34.99128003413083,105.45852395843757
27.168641628504368,194.9166441852737
76.3269197631572,19.289868973222323
55.07693276813919,129.21739574139724
81.85731608362993,29.739032204301008
60.94878212629984,76.00535320691068
18.03212756607318,30.010862474186606
168.19088549417023,30.921508302086433
51.72322396986229,73.45205574921789
147.43977986693034,190.7430487319345
155.06171614527443,95.03782403723787
20.661369210513165,152.52545065186445
154.9053835888022,186.9234571199727
189.48556714260036,182.24192683045908
51.82175739173191,182.47659922358318
15.25054030381838,127.99786321290355
154.79084802759076,96.55070954980322
30.380327198563208,188.1544223769453
96.53252907685004,54.29764176858206
28.13039755478863,129.83894958852522
30.31576320114795,152.13048532269767
16.076269511679225,111.35061502772726
131.75025399037304,61.090585405415254
185.93590046427556,152.36013685449024
81.67539280798904,23.194282470162698
79.68113640567857,45.73563809391399
34.16515906929507,41.71397386916752
44.26518090226288,118.39549698545545
137.0168174785294,42.31160141503117
149.11144830165807,25.43180263753238
41.24898311488775,147.02679004133458
158.09447294298397,153.5114838243963
20.467680405399165,45.05641741604388
194.09270222019455,176.289911693801
187.65883106039152,103.69307229077123
148.6873153592411,125.34214989072521
86.01396151029671,53.94177659205547
23.605754225051207,101.16209540372817
181.4106298923839,20.656703104484045
15.0748695716217,15.307776650333649
195.61506302597155,43.427775293591836
190.96699615784178,159.5006420481714
95.91601902767813,6.713239395836968
159.33167674858706,127.58528757303586
144.17569070275687,37.27795183358019
190.7253259876198,155.76819183370745
146.4788381718464,17.86116279381645
8.715536315748553,69.85297760209906
56.113689517271574,43.158397262871596
144.44560300094523,26.105607040894395
138.66015363299627,32.30300229121512
191.37086285161845,131.67536709004216
23.381297137770936,161.70406405284763
128.9188285596826,35.15366459803759
174.53258758681372,14.906348417842056
145.6783591916105,118.70483244327252
87.77388201538493,96.00031275576121
191.58256159710723,42.01599254639507
192.53490611555083,160.3055133024395
86.83117725685564,20.056754928692502
46.464750996890615,101.70645565046381
126.95864636031843,15.665178690227792
106.08525150541654,196.7092919619133
28.00590168302991,148.2822714543701
5.404479273062944,83.08013338614032
142.40460363933477,135.78394434622209
168.90762656666416,82.99465263021239
153.01254447732452,24.579166370565037
17.834019305975474,126.30319322052583
178.31757089512067,127.20762175643098
70.75333060067705,85.67607050690513
39.48217358945992,120.90808385595511
37.17482299306709,126.00514335331276
191.28151920369046,166.88531623732453
43.52327598494719,127.53191051123407
30.504964573536387,93.05916396242426
35.705373101247766,84.5985685534677
85.01592962156407,97.1725089181687
188.42575757976985,177.8019820791408
24.693925659307606,121.73272258577958
40.26809278554145,150.6403067692041
173.35153415396096,109.82136544417953
14.408338491497295,122.35979033737212
73.28061920515927,55.675487362999824
178.02758489090635,58.06151359786881
16.158379361805242,81.48771324084977
188.782410746673,148.03949393604435
55.070174293267264,146.16772431064848
186.81721409397858,108.76862567469324
144.97338642316964,135.4876463956047
138.7453101445832,193.32050851122384
57.303980717051836,180.99133661737994
9.36540291514985,97.76387865081911
157.94338456487637,191.9792685025408
170.36826186670632,10.908941329850828
92.20503591974894,56.7464846719179
64.93208347206719,52.741649678862885
6.018641582276907,172.2852167301539
144.04303920354207,136.12061501688373
137.112915231821,32.139999796269606
51.935691388630524,68.4259601139783
170.04151863611025,86.7998911698727
12.120730006035993,31.727306438590286
191.47685091908156,46.61603936133097
179.4660255077941,71.0178234384359
121.00344095859165,142.70727296635354
45.3322125923234,39.91538083949738
31.640168812526912,18.254474808450812
150.76091771119522,131.38191088052284
5.877525080890441,13.992032108152388
165.07404629090937,98.47529163897195
26.595607698294202,106.02436478405804
61.671247275194496,175.5792738578085
54.024370034841404,96.63234174578591
7.060393635083422,9.364855966389374
185.37511427519658,53.81392215675574
52.171277026187354,43.45687563357898
142.2082848268091,75.20549709332352
189.61251278836613,65.16604283352306
16.84976666526159,50.67147472005205
11.912929130148113,135.75149459357007
80.47047971469655,93.22996098808761
34.49009527564498,140.71747394785726
141.96133773200089,69.33179707504954
51.828761214824304,176.546508212357
60.30182459211808,42.64185710504778
26.218306657121424,134.70626250199862
66.03620108915591,132.15527971313153
163.63355809590658,195.76353039938616
196.7727181340045,58.067978008086605
148.85503919205718,128.16810153937809
21.35937890783924,154.2176137249121
45.582701787526666,181.2674874556791
29.112040458819973,102.2059740585487
135.41566371817385,51.10434772861705
177.1736398970943,146.94604819193498
63.30377729413259,162.97600631398257
13.745296478403601,6.435812245415163
121.33180760401405,36.28667054401883
179.66038428710877,21.483317503299592
154.26510467308256,136.51850714433732
53.72744095420434,87.772100430809
63.97317687585228,47.692155167157935
28.759528635269564,108.44470388811624
68.87310055357007,52.15729978658813
145.52537004622675,52.55357642780859
117.57844106083738,46.27665611884194
168.09646190839567,196.59350167254797
42.93114894663832,21.830261839285516
25.073834321680522,81.16527871187118
186.12097650390277,95.1514223560034
67.55191785177831,42.95580492599079
103.23066466357973,169.99841695125215
25.83513650477331,171.2302376117608
70.91583790017835,11.96561658939743
165.6111704856674,101.46152116944538
157.26658313548074,144.2719316879327
180.84697623941508,73.66739260810253
33.858265114258884,138.90088241026015
68.74777071113671,173.16717906661341
168.5790764561044,188.08709185223833
98.97584272871198,159.87536087576686
171.452698505154,98.85016088366037
175.206665622883,172.55794220013345
194.06428701517936,163.83345689794706
68.32636369810241,34.06163705992103
27.828793445375812,85.34608437728832
63.297555220122135,45.646174422111116
167.38766912660716,193.17228676313783
38.241692233374906,34.986483128087805
196.5601266979895,82.09221499549365
24.121341091706647,185.22106761169513
145.77883174843979,50.72918735836406
94.88228764086725,8.990329433060992
170.64350685827387,79.89881081509903
131.94579182823304,56.39438995024261
156.13748254661883,110.24046079375076
112.50303371555223,45.07372824861918
121.06570163438141,36.13961131325643
165.9801891540804,78.54847735520194
166.67873036259803,132.5648842568156
184.42692832367493,125.8000651491941
14.905427260336072,151.99061022358617
71.32625715315758,56.73290235865095
44.221148753501055,136.5861002983658
74.19314461623605,60.260389616447206
55.7029835894122,83.68628072216198
28.159023799119108,85.18724170037149
120.22453819140947,57.35181501450453
48.11106585899241,121.2575729295881
168.68444329542004,104.62005995881323
114.05159383790146,40.400904928191714
147.65385925091584,87.868229635921
40.833736590385534,177.37347006859198
93.53437385274628,57.24174975541605
189.20303700677525,109.81022116179047
37.10820542327267,170.51519048528021
35.080410106476805,22.849249831948267
28.064098064132352,131.80473085788626
165.7552439901227,68.71006589023857
23.3979766700326,191.03678508919006
168.65379302144888,71.08382516798594
13.827239253827479,32.55077673825333
104.95616721949098,46.548234880484344
38.1143330211335,109.33435562251978
51.21803963590168,148.66117939557532
99.89513169077473,114.96899204545007
137.3339649544157,16.178957998255253
139.53014092996668,5.905379450958607
58.43824076462257,12.727059571793442
191.20258860786902,21.883590971684676
34.949430293411375,121.66458822327064
156.54619850608708,117.39720861591101
149.12127391140876,96.96298825226965
7.8705593413433865,187.57310018311932
66.18291420279435,138.7066287071116
132.03584050731567,53.47214985567481
32.570815344201776,26.839890085175536
45.79073611963621,135.5696917055536
158.33800243820178,129.17724240592224
84.86399211252203,25.359932695735445
44.62431892557449,5.216479927548402
12.187918693190932,76.72545658319443
166.181632147038,6.643591975600187
64.89542418513423,49.13402426301202
128.53976068033222,63.01037357678762
180.69584755472525,172.13320375157
146.15394286897768,116.91459120782773
166.87892526957665,104.50079384458958
150.9164598000585,71.78650373799582
122.79016952841648,33.46921056694702
104.83137151359905,123.29005762512774
22.909658240694338,100.7698087768848
49.2476111699557,185.7187219552512
65.03758939429548,166.8089564112145
60.64881471885486,5.329126737139136
165.84677103194113,125.65809284322792
110.06713734570448,61.28779549740607
179.21448578258028,62.30365301096738
188.50387236347174,34.92981148319818
159.60534176040738,100.4577423068631
157.22624775979597,12.032858875999528
95.7082718899698,94.60831760319407
17.375009536461857,45.268429537462055
136.43592060401966,54.538700932692734
175.84777485429825,87.65026906191741
151.9570175512205,11.494782155675667
156.2947945638809,88.4607270189172
17.769979696158646,188.13768511605278
43.21918321990257,22.996707713820705
44.178221602931785,90.4851919987179
66.02920173190637,158.5993748758529
178.86615451626548,133.33323731728848
51.16515665127898,74.90724584270515
191.71166194587,50.83943527032059
171.7203769699589,19.99778408767263
156.7513467069214,18.895904521861645
17.258829958881062,31.389494366912256
187.7960724651599,43.40241489893908
181.0582720040989,181.56796180242625
41.005556952737656,181.611245348605
53.13010526961776,86.8770167338584
72.52184094476145,164.09941358903413
97.87647619634527,41.20174076483136
131.22241875419815,9.768000379634474
44.38360793340598,160.41256802187095
32.54956228843282,145.99146478962737
142.4486314190145,52.33492213551717
17.896826242755143,47.98282473542589
10.976203705529606,68.73425260340385
154.6584865395604,121.85044741861044
21.502509644784375,121.08982183427992
145.46869189218478,128.29128562119354
175.42264703301188,173.87773369698257
194.7824674844212,85.24588681323425
43.44570778793865,111.23542040225203
16.12095519150855,66.62311595155867
187.32449401397108,25.852934813268515
166.57485306049912,93.98939838034498
29.576017397632132,104.8865993153996
17.20328245087093,92.44363217848485
109.34768514795545,50.48346212756085
67.50011209286596,5.820292282300128
195.5742679645745,170.13207925450556
160.78836926109824,81.81829539508695
194.46763302677127,10.694559204241395
34.478756277396,35.20757416536849
164.25382694243947,131.3787702137038
187.4132363680682,77.71041256194665
7.614401843238605,166.1834203512417
111.12665010868,8.414184229799046
196.96674282225538,101.82726566098351
195.1509965618271,108.10447201265451
169.18652693703814,26.112549398869568
174.60525394078172,122.68469505984544
186.81275532993885,128.84973439020905
83.20084837869759,168.62592837543423
195.46186461058764,177.07553583929354
194.201870895266,105.99679389554767
53.45001912595501,60.88311328258378
191.4870112653527,80.53202937095185
179.43661575319206,66.91120481783227
61.34523113571029,129.3236722023061
27.05172044452589,163.03754538907452
30.565596324508203,102.83655890572255
167.3969865148254,134.77665344828847
159.70933434071478,103.94876782225477
32.06101446821827,184.217108601893
194.55958850502026,195.49787471804697
46.10006963990522,82.41673344383626
14.295718230430612,179.84917732526162
85.5013624359672,35.21353989637869
63.177290173795164,151.04373358264078
119.42553493732376,131.96466762737217
112.48178081238552,58.213417725993494
175.2835104057738,31.25713651665842
24.23430518964322,192.2815066112109
38.223589547131354,140.27663556661759
5.781294392390045,83.17740116313547
24.093709106137904,19.446627266384827
114.29503518907643,48.16965928722139
78.67406317207062,24.05376889727064
192.72023119505974,134.98660248148352
166.45388851641988,181.0217117967323
180.01997994751503,48.04859672779716
58.22101667393221,67.66363355299403
97.56470782233117,6.753129739416146
128.24270311165714,44.43922650973492
187.72346002228832,175.68415999214895
165.3586525640276,144.59972699561817
33.948365655808495,92.63578473224351
168.23855962951671,95.4810542405453
59.55315977878221,46.92589790749947
41.99582853369063,78.10980486368115
91.39113791046422,164.70041134496037
147.7776656083806,105.29797101618712
142.6818788750645,9.439462853701018
147.49866468040665,152.34095707609293
189.37092202047054,61.31518758262246
33.32224373310304,173.36979222092796
53.07498876436003,75.93414418600952
193.4240564184069,195.3350060887724
54.910021990820674,81.89248553027286
186.7530078048921,97.84215031916031
112.05741907590429,61.9384964296805
120.88108539101685,157.47093181425964
146.95826636149064,111.32070369862602
30.681357975150735,171.1795304043353
11.811272585313366,183.77857791577176
161.0194350344848,125.13779490445339
190.9430221588048,172.88214498422477
13.872357856781777,100.52808714630442
162.69712759568023,20.28419608473189
20.792754272935394,146.81847195795123
187.40457236886314,106.97757251841934
162.88694935085263,141.93828565393054
14.58608574541187,67.00046368447778
158.04931684091852,116.71463402033226
35.37805321498544,152.93958779032403
162.89744417359174,133.52349662033438
80.92373733997242,26.641051313061748
21.016940077955084,95.98368214155876
56.47833067701359,18.648826993682448
30.770481301191868,99.5539039125421
52.38639159635396,90.48683503178552
91.47618593961309,91.85889592240085
124.2120035573027,35.08548044100785
35.09595307980442,5.954899459186305
29.6524890540055,96.02844808199853
87.4028674906454,13.272172799247818
56.69539747796658,132.7545754025545
100.23304101811952,106.91293781514075
153.68343546855382,77.5965459751587
38.94816202475423,152.2409291101114
123.88982401309696,51.164677491492334
67.99811222083763,93.9449469346566
79.97144563952351,22.048041912587077
189.31206653224842,134.0480794878858
45.48319827406586,172.17560528065894
156.4646051426178,91.29647982996752
61.21974313342776,156.14927072018656
103.33606027578927,163.280695278166
46.27714929331663,16.05193987181043
54.33115382779266,170.9996107393207
60.97652055970615,71.09837665326418
22.733331857246906,32.03853623369424
135.79525765446692,52.404087461760284
131.19200135042456,5.366127228160815
31.125399688721174,26.703588212953168
174.64309528650088,96.93297226429608
130.4055699839202,9.494656829777732
28.608995465423476,126.09557841860205
150.44262395135198,189.61497036184377
12.369852381311382,41.95439132377061
26.627633592186772,159.5518801236732
6.385924444843983,192.43949475943734
73.65373889929342,166.107583049533
50.09906787742876,38.3908055563823
5.437860613749397,27.71015735542321
140.34369245456978,39.85664407230996
134.91764986301354,54.1433660171217
190.71459039051484,75.13359044886684
186.33194944043035,190.6397613107179
20.68912198450284,109.4922970282459
152.31486435696752,193.95564838902285
179.40815412560292,153.87365994784287
29.51707877748454,168.03045432679363
24.15669065866849,126.98032406325143
95.87782766281438,101.80184165366184
187.42379466525892,171.54983495112018
122.72346703806741,45.60178053408736
46.085542841130106,154.20660823236975
107.88541674991922,39.846014684880686
41.85498872417876,150.27168490540248
17.153547319217772,194.0580317620994
17.95001546633616,124.24478170871478
59.60726426517201,6.720204572773027
44.17302001230461,34.49633874945951
20.80602692475031,36.82477191509016
16.34559090224436,121.22273198238811
22.62528098541854,11.08003898604569
50.114936170646104,147.66900750198732
37.59725280019448,26.780724722140484
141.40613218770957,86.94560166399
71.81581507529339,93.560346113556
78.75609785216683,18.379297748158663
94.75221107453757,84.83273075727466
11.519363214581636,86.04894321567807
196.2354696700233,9.062410474039241
11.374220843535625,153.48743784652427
46.10052851816518,24.42520268348474
35.53196065460836,136.88933749252195
78.36099167071717,39.93222075505062
78.43398746929867,54.78482849863905
29.18565315715527,25.40951706332915
92.6744691215889,47.35929980825251
43.248194647200805,78.33448233864378
6.254966146077859,9.792019999054498
7.038104767976783,170.72214877767343
39.42437423448321,184.8285286029975
182.78083947224405,118.19444905699658
178.1747832606699,38.826967628558215
66.08460929752997,143.22926449826068
64.06606953225301,132.7704564909026
20.501639912318648,18.003805122530558
184.76866315217043,148.647133745245
25.707243517255893,118.21655074624786
97.09878267259431,91.88385734728868
9.335648090834436,133.88123629167106
43.66537177155967,143.50412319984903
165.9821685816444,180.83232506750738
154.90271355130224,188.39619706639903
156.83552674400178,144.86107643381447
90.67715781025181,38.30207649788867
73.13298548199256,11.132227248777596
168.54671751836187,80.48202551869129
9.915433616983904,65.75055195002822
129.61768038111572,50.17053157377939
68.09529463834686,149.62506161127473
195.0150714076817,15.390279765339251
154.94701392884912,136.72403170013177
87.47581463358019,194.0674505731339
38.15752854683222,168.5175349802649
43.46057210821568,85.56267965964321
156.78966583593143,97.72252658816844
141.64855371563516,79.62050116450415
30.28670233127528,168.05847726587243
176.88577236060917,140.95406339598443
192.3973500408335,152.65039207764391
60.91230146041947,175.2567025883669
130.5410137457647,50.80625561150993
58.80864081901905,83.11365563421
194.12582164480915,22.395273225868948
151.7169971302471,115.79515825021112
23.235092821326095,98.9579748713748
141.4194128488185,147.37849941533443
179.70098242393948,114.02037225360694
177.8187425078537,116.38615394632026
76.80514469430413,56.14415375324928
10.77505585768068,190.39986397618512
31.737760371260368,80.99857108911463
47.696265422854175,84.80205624921203
56.893687289351085,10.834045005114275
162.20832246277584,69.18932012391393
148.7378777455772,67.2898781701433
42.62376105147455,174.59075853748368
8.650362977145733,105.71392207854426
10.856530781664523,5.314640396819988
154.64280931031604,109.0643940056947
181.8073348922658,195.88610189276469
179.30282765458986,191.77764253384652
159.45221264760067,110.28599812224829
183.9692918785122,153.15571509867075
195.2036242992048,42.186729161198016
37.25886512433064,93.28517823658439
83.87097290055107,165.52979567747226
160.17731808239506,149.64224975802335
83.00884843439187,25.024655192938095
117.49068736292693,6.863405006117501
80.9934389703131,91.19005031197014
32.19175024768232,175.323595189407
57.94674118417123,87.1541924565639
34.41117914042902,184.6623300009962
162.95132640845304,88.26229922982644
47.74600242485229,88.60108634350196
139.60112379034067,56.63963775724733
92.68644208346916,93.45063550020127
151.84679316175138,136.53751954343534
85.98682758454189,53.926366964926125
16.96824429709617,180.85587220981762
50.21924542412008,141.67987058851705
180.25277462875817,49.404395870210124
97.34858426281643,104.49546196864661
26.317543097461208,181.131698146908
34.34622499409836,78.31814252436833
79.02384532077103,5.97565496022318
151.42901425982177,141.08599344112187
37.3205273907509,193.74715881392686
182.79459239700145,51.19591089469311
57.4398079777952,167.53513288797328
173.6369896665673,114.06255371957903
50.943286340343626,30.122651948178877
143.87369087503325,81.47076182175942
7.408435741394039,47.21865181650627
39.300248414901226,93.49702579516213
92.64056899935811,55.01546488680221
194.75243529220108,159.0404229675084
55.57585783170278,139.10831522383276
54.5005425218036,139.3879272204895
19.26074569975715,183.80838944804782
65.0969823809313,152.47199411689627
168.23550636414808,69.22899325653458
194.07229476285988,92.69969284804529
174.73278297987417,195.43704735070773
13.730360741807187,22.55917706383769
22.569268707363985,133.56633015225648
54.473482669346566,22.532707959495287
56.071796289079636,80.68199331789948
160.48449241995763,119.39835416442783
46.324998308756236,149.87334961253504
86.37869787585002,94.24998774858142
118.94498878135339,35.94494748561118
65.67932008148226,37.7678221377234
79.19125037156192,30.04590267912258
180.61022673912362,121.93490929954115
40.61090550124079,136.69411155307566
23.955523854480454,149.39883642666348
51.82324987858246,48.30330733907653
187.20000824168577,195.45124600143615
71.83736731714798,9.475837211139616
162.0976323548405,80.69040670172066
18.396121520622724,53.21645638085707
13.011019633124413,150.2076649687214
125.15394788978008,34.342040160661185
43.49273254580871,28.897967257504714
25.111938766361085,24.829939353385353
45.15469865595895,145.62198013789558
187.92086973447238,165.02659399294558
171.0155281193572,103.59062806586876
173.4506612466882,96.2772752905714
7.92833273657936,101.47975589339129
9.786866601595325,14.181225621098873
6.594886941420286,84.18007959727473
57.5592271777279,65.83156024463257
78.93306246717859,44.168367873993176
80.00080837653685,10.246787588410498
68.19542547280885,33.91904504782814
39.92219409732418,114.02561739720142
101.77142486843287,106.54644966638439
149.7433461163105,30.46000193009729
166.5454738745565,14.556145244975617
65.31938395534642,165.86166918062625
84.00197365799374,46.75819170552391
39.28066644041682,25.514111478734463
61.677653150478726,30.576114687645035
171.67354377901796,150.21363616662464
168.86132602420503,75.2280817773771
171.08714120070877,130.88428959062367
174.36453286258285,68.66430351922068
191.51008945183,52.23211787696232
35.81171099813694,20.78660526433738
14.630690222153987,118.30762243024164
177.37083415499302,52.098972595849375
185.89605562354188,95.54718593019193
149.7244069311035,186.0866632294892
67.47666311141248,142.02231718437602
99.82037008849177,167.26326377413437
179.18831150376116,51.46358544019444
154.4587014634591,146.16124515215407
58.81169837227546,69.9747842578323
151.5587621730916,188.98418682574047
79.95029464316225,36.495881966397164
53.996890602550245,74.70793409178893
181.94129779104375,62.85956216204276
56.23613901215707,7.221348105998052
5.827746529282063,72.91059325570427
51.547046527262445,196.6205979098947
60.29738650620002,84.55177601326132
177.4250078059855,34.21863029405455
181.86716692986965,169.4735599069017
42.586633692849446,37.95647308327932
142.581931058003,39.57349745425825
152.81532320136455,128.32462852935487
96.04302266512691,60.01162239642583
56.15025404614941,84.77109172508374
78.47187513486605,50.639214990879715
46.87231420302487,78.67849180604186
28.01983758787572,40.41856334648101
36.656135173035516,30.297574105846483
10.0,25.0
180.0,180.0