6.205702952432361,20.349975487991777
182.47058287341758,168.59995300233035
46.95258251412627,115.2334114498341
148.44776803507943,73.53496146464776
62.48090239325582,130.48894419962633
162.83718781233935,90.58670555761135
137.1515754635337,127.17586774316999
195.6213768921099,66.49091489778067
62.85317619898606,192.90647579115466
183.3442389387115,160.89099628729298
120.8361445595312,90.80887582523549
160.43050281954712,62.94631205372147
136.07526901746132,81.55549563776592
68.8029372571113,89.16904035420986
191.08686642048855,169.63393743239462
143.8326975671518,175.72650387688574
158.32100478421862,178.5307020023089
131.80498170266014,115.18400675375696
63.326556373075434,11.054518151332653
185.0252630917368,148.35097825657624
56.741602572962975,14.958741328335453
50.99159888133099,149.9666586976368
44.42599727763685,22.613592073671466
173.36974467687085,121.69014530478287
51.74779084162474,102.90553424478578
179.15306525712964,193.5116256186322
34.81364761148924,76.50251527270215
8.494112777892404,51.91097375132468
5.082048815919131,84.764588335003
74.03238569251477,61.04805896414155
19.76168206237795,101.73919356375441
35.714669881684905,161.5827194830237
60.990870736851704,29.81108727570037
6.404689300368127,159.49149808933078
172.07055881705458,90.51355297703356
60.49004180347221,63.9517997146407
69.61852817328302,128.65688286848177
186.66828855646634,84.9523864477569
49.37790456719387,17.34233838269457
35.8423747465805,36.005982922346405
54.57884828731825,78.20243041148908
61.32792425559335,141.56830492508584
64.3322371165682,121.45023599585654
179.93321349700585,49.13976535488606
56.6863822187394,23.14691919312395
73.33820307055609,183.08967164068164
171.06163140644094,16.59459150540406
139.08345395602876,168.73445215331813
63.66550088181599,69.36657632706076
180.73055694245178,29.902049505932368
150.98862122272857,31.04151422792315
184.02358489802313,93.86921219424809
66.07548772805704,154.99120253936127
183.06255393635863,81.23136024430684
70.50609911475355,158.22137874306853
160.39594577708644,89.79390793496196
154.78382845299566,26.83542773158291
70.03329064774884,94.18357954836364
190.09287326265178,74.02693240458748
28.191149110901645,73.42604336673455
192.35921500153924,116.28914615878332
158.62154417188378,84.40678866622846
13.4605388632333,156.41571917062163
106.03402340686905,90.4934106282604
168.93456556108535,69.78779559436575
47.83402616846785,104.72554082847442
142.65776896413905,72.1621947568597
180.11522607160822,172.38432165972935
74.91602784599183,170.34477420487164
193.419965037796,179.3841758199231
187.38471705926716,31.784520667818118
140.59248893906565,92.20874244652985
155.5832062821878,102.90129669104705
180.47054291635274,140.1416659377219
179.20951475869134,12.365436631129583
158.98986202143755,174.11866939914054
195.214504426664,130.23054440356515
74.2881714306896,158.87252684121708
134.0809244296688,108.22225035377751
26.80696311443215,151.66931546914594
14.78714205368559,59.56452598606674
129.40798928495977,183.87145009686125
52.13736420505659,185.85550276538484
194.24934542246936,113.32977311152123
30.32216398554694,149.1960265573944
23.780928513539013,101.7751212090035
40.92193574196539,51.78187527034531
128.97899204212104,166.41873643133528
154.51378343541987,95.72783622081629
170.3099838629167,24.085370753989256
168.5559165461984,100.8629173841389
7.118167102566337,183.1176296551854
62.07030407121586,101.22629046181247
25.819506245656086,11.674741747024372
45.28941936705183,34.39932529050742
51.17515537413602,67.50638583713996
61.095761963348245,72.84548667589209
117.44427317644295,86.04420346657064
58.44972762469583,155.8439502109731
58.011602073211456,149.9703998372341
21.819857356064965,125.17701388966245
148.56565977896983,138.43650060111062
10.992918406952734,110.49571691703471
7.951103444385455,98.42360136056435
11.950416319878933,58.90805062860297
62.10157445383886,149.7458339902417
44.797730731744934,156.7294161560516
35.05229218797158,104.30851957477755
157.22842523216346,47.062889499688055
30.830080501371334,110.73701530735532
149.0509076702541,154.71186861930244
193.48653104268598,115.78454591505385
33.60891386275825,117.64678512375762
164.35666065108805,103.35773638048263
171.10006290776894,153.33832558439286
185.6943564559583,163.72895177029073
41.840357415859536,58.265616322316944
62.39289248647554,193.278618164985
27.047153535180076,187.03728730688235
66.68126742569758,77.50707549883828
49.30489425496531,36.2052151792266
48.41648385544087,39.32123931800348
155.0308648280532,183.73665146256718
71.65125443144782,148.21184014779394
27.622098118264798,173.02601471523332
159.59967491756697,73.92353768199297
157.51921663093896,48.17395185292746
44.25179722631626,11.42329211095577
167.91754835725627,51.415649940802304
70.65920540566418,11.295013784278582
145.68297832359806,80.49102536304567
17.369588815752074,169.98671252006068
126.1281308221229,57.051786937203445
130.46316724653258,110.10947821836622
165.8416591727605,189.1949425159283
150.57272495157451,117.99693523868271
189.39158135657658,108.83549522045641
60.80635100449878,134.42409233423604
129.98386527363058,133.5757838837082
186.88443646667065,162.95646999034943
171.5163124668715,146.07772230696506
46.25076298896062,171.94148208707963
166.41075597346241,121.81826861507473
56.053325173946604,158.57157862526532
179.70759785478285,83.57921122362278
32.06982833089282,141.4608981212838
25.210848618841585,169.5205877858812
58.70704101111605,117.51325796134411
12.497563176375504,194.45847559815982
61.38931523559519,115.34302598312232
183.91311117247204,148.2480388675122
14.228453858306336,59.74265771056338
37.16166856908089,95.72085738977742
156.3440622873599,134.5055115336435
150.80378951753656,80.91391138831807
29.851048646196965,75.87771420596007
53.31105118041772,160.12955629698558
126.22075016137013,136.7874083537404
142.79174362180984,196.64245543198484
157.3119170276148,71.76994366676853
156.33410954251838,110.17989898710799
72.7405722673615,183.34971768312263
145.77714673653452,162.716126726526
55.85982088277391,22.81732887276791
61.23247231542382,164.1971305631348
32.267250836466765,174.48161593013631
50.21864731050224,168.33112517444673
181.07087051487792,190.99541576214986
56.31110273139036,196.47938110880781
56.482875882349916,75.57021294432909
149.91672381799623,181.73793896694605
38.16297995353189,174.15063334033087
68.41041388387302,90.27891179751784
127.15896188231314,39.48310567367605
135.44127483645906,118.3798135993265
45.57527540508342,39.238959802161375
43.3254838577777,40.19607444104209
34.241733802503845,59.933265115465595
9.3168053415248,98.39562323013
39.60435670911384,38.71164521083537
177.6876952840388,33.58590771355174
16.39579107355312,63.74357233361763
73.983245421942,157.89339277526835
59.66679192914609,48.5527587692045
138.68505221204316,155.0951036900498
157.37174255953835,180.2678249061953
156.71168892279482,158.7800380543434
142.8737343205736,103.30302711686427
149.65448532690831,195.4980983227432
187.47652379725318,117.72387682378009
129.77319947845913,84.52990167286336
46.08009558295532,134.74442118577088
140.41754414867168,41.67472134164878
46.50494895060252,34.46409027132444
11.269580032793854,99.67523581307434
62.377807711496466,63.18842178099005
160.39477832232177,18.8070469105982
54.858180013169054,14.16150905396418
26.762061402519535,29.115781817266257
73.49242437027286,169.56993767176826
68.97526887100918,92.9654145705526
128.7850639003592,125.514953602305
31.886202170955375,119.84483289865679
138.53329312315267,167.9972910182408
144.54647837435581,126.9036377948756
182.7712948274487,104.37484822102228
187.10463908727934,127.97826584255768
58.847682659419476,74.83031330983923
128.48100989987603,41.69026665710733
188.06228840788967,136.78406982957256
20.64372964737571,143.55057620278842
112.75078095913084,90.06904895151074
138.4631307261858,182.37690345340488
46.965750673937784,86.67715657203082
62.001694695124606,85.5898290067764
187.1180059741626,77.27847776177568
59.317453773687234,158.29501334761233
9.430662957960504,127.2927182661544
45.52398826979354,73.79426669029957
62.549488340382176,115.9472433952367
132.6497557789073,116.96405138330356
45.540373105748515,174.05397526395046
139.39528824038163,38.801708898334326
169.39259472269006,125.18139909898701
128.04434771264312,168.0411572856701
31.303356852324274,167.28561874169992
185.9937024650408,154.89651151944074
44.150409460249264,57.95406632427276
156.84397895897786,141.17111123329033
159.29013771253474,38.9181810923505
53.03400529101531,173.5037610139435
133.42129756113968,60.46189510117292
30.52036579975158,51.11099121557241
159.13175901006338,131.34663769099677
166.87578709306166,58.60537958370517
194.03744407652874,43.551716466721984
68.7930144777796,186.86720991305134
46.3926924053164,116.31784906710526
66.17257545605304,136.8297446120807
45.374680934956125,25.95461945892505
140.29406034387236,47.65227537714597
158.2558932175214,90.3988545814284
21.24231200949484,6.474956680655931
170.43304013653471,54.89073311721877
143.0393172012995,169.68251188279442
11.237318659208212,51.03262132007471
162.5691943347567,135.51491773284357
46.900881341227695,147.25360080381046
159.72456421125648,78.91349549055609
34.66614068212912,146.96662934472369
68.45857283542388,18.959286531741398
31.714721156095678,86.50906171508444
47.946093780662835,42.981608149070695
63.663648110485646,15.073710668536059
153.86260814864514,20.73860944555912
38.3090972692079,61.702107051485314
143.42245548583364,148.41046755022748
26.414038784138533,172.76621018669536
7.2325853257374915,86.67649430856369
98.29926138357912,82.45467566340454
17.227069432496297,83.14766394623705
28.42301402650912,56.855717229336314
153.00773044539633,74.00069246268394
175.9954139769453,104.27652956729351
185.49951919242952,184.30771776651272
146.81959491362846,124.90904280039187
12.44219109548509,148.42464560612225
54.10336441290436,40.275268587939
162.3723499398524,65.87336064603086
172.2055202303202,24.68584128587898
64.05147190009272,154.50533002190096
186.3497037762331,116.26387522111571
25.095511884111314,155.30025458062886
149.30229637145578,26.31443401390802
152.2976160961277,44.420290627084775
14.901655154077787,53.34708066318923
27.510500675017457,60.466000823825674
149.97440559038978,158.03889651852143
8.71972787134005,159.50777818342002
149.9440874965724,49.61929900787856
192.73469180815357,9.67112560019452
163.86763062731254,29.60568922523885
7.469687820797721,173.40176378721856
179.32706912395838,35.20613907211018
155.00128498408466,109.96912878488016
56.213745011840814,66.8998463486486
12.74098382376082,165.98362039031642
73.07979170751854,105.51707178551985
141.6606809511183,121.42092790374294
172.83559069348883,87.91027824206971
39.260765688367655,129.57141580355514
170.20524146060046,194.09935812307185
21.521528850362483,127.40445551541974
49.75262584469915,184.7356854772679
27.50866223279026,30.0271816717825
11.868610086185507,161.51896174367033
19.792916625346685,87.16785533963701
138.4651914745357,40.51330264374931
14.864025158853453,108.23592723876338
70.18618869636266,196.408062415294
127.94329687989944,97.67536330690443
165.52440404211936,160.4272548050732
191.21202159707133,143.01051273698627
157.41523581605665,142.5575267064229
130.35106289554142,28.433517512290337
144.68750052273532,85.86824278734622
67.59783932200908,18.716521580898483
155.96970839918475,150.08768430545123
193.33691068312072,186.91692633509282
39.109951713677084,75.81203079684282
73.79428037454201,170.33765717841828
148.1935627302012,93.48201576916597
163.48808467889842,66.49938151831257
136.29778247264804,179.06711616969974
170.0237600285865,168.11748002400935
25.146092581139204,172.16396822050274
69.6756042043842,95.7740273417766
15.161353448227612,127.20807569208029
148.11313924517995,81.524462427675
134.61761835547628,114.82525148466675
191.52937394644937,23.3154585376792
159.34686916362347,27.965174072018502
41.12991797641467,150.01626813625757
19.307215696571944,112.26814395565113
64.20917031222915,119.73080746022505
47.90902938523017,8.674340285612
45.370498842597286,147.36106421759695
13.516036926312328,92.58887844584122
153.22698970765066,123.44759589526215
164.482425565695,187.0339346024692
72.29989502146668,138.26174605917555
170.35277049607285,42.275487419525234
176.31584019335787,31.84943233517081
63.46326872632456,14.280922562335018
35.95383481185874,23.39321345425465
78.2192694759042,84.23036060461077
71.38473150502766,94.4643015648086
168.01200180189514,163.00455613416537
49.46438876966805,50.99550261515113
93.07933594316299,85.877842812908
163.7025674501287,143.31594121220024
162.1360553342932,105.70126694734049
174.0860464870212,77.28098877126844
131.71873757297627,56.08828467724038
188.56063206013783,180.8562610765783
154.22161625888282,39.358531067824195
49.154224457882606,192.27438748387206
181.70296209589887,159.40162638135547
24.12832991934097,93.89547274137178
141.10317202705656,133.45715050918113
34.83247249853294,117.87057436678761
162.508458922176,155.42970238080792
67.49094836623613,32.68157322127428
36.94175466447733,175.84501215402452
25.596258382359473,139.7649644583282
63.125373433187846,143.9509899488733
37.312075570573136,161.94674246526947
126.85852611404549,154.23269871343993
132.49383907572235,143.13647136956203
151.46353005471482,43.94709314312809
66.9957495916091,144.07406557729345
64.39485955027905,63.024325468071446
54.10747053652155,87.3294063849221
68.12795067592062,17.284107087050955
70.99688517898355,169.0670987732486
80.8923179204776,88.33126638388048
150.80162644656195,90.44861651607748
58.41564128312445,142.02735098796063
38.30840520295758,77.385867237122
189.90701055775412,165.3897100315948
189.81807769573692,11.880661831528961
21.138946200765204,133.25809875802503
193.5142389226305,19.037467053779086
188.47126178594996,36.33269986038837
175.77598807851118,18.74426359478997
146.97434914788244,123.66595649874446
141.92722413559852,164.5108055453452
69.86384985980516,63.38773632094706
178.99872746380146,165.65226731716206
71.88363136416099,30.246828973930544
190.74877665232037,145.40912556377575
59.85316251256706,186.230546855238
180.24406955302348,39.3341926581903
6.142671421269456,88.18734752405815
182.0480753355608,167.48042396448898
167.25540243176394,174.80138863330615
171.4699130501849,88.26359484667445
53.210573761125765,136.6906986868088
6.550304277023827,131.9361373232233
149.87066132840684,53.325076847616224
28.042824103639475,184.61080522714968
34.63763548825214,105.79360131395109
148.24617925648835,131.39289780693383
128.4756155235834,66.51731491332251
51.83689491275211,141.71795173951074
19.528311403024908,9.877308673373065
17.06630388914348,178.70927466990005
172.63421557969173,189.13373758536565
146.23844007614167,34.511683287748944
20.678681012381528,168.81105292046726
165.06919044096728,63.79061368276008
12.582265213412787,72.36918346300656
192.67527893509236,29.970831007733576
171.59824221948367,143.8961343888971
28.19822183728346,93.15529074718722
64.43435832591473,167.7689840967374
150.5840682283542,152.81831445582603
21.723645392227702,125.95701138293886
75.76682091809569,6.086680854514955
138.6770642468686,157.4478955998261
13.555978981329222,158.75052539366936
171.2424265435653,121.91843266337597
136.241808762166,162.93733093938712
182.44818939176454,113.0267079393795
47.46514648181923,5.778081902187806
168.57501937645677,157.43860450787926
157.24092033111046,136.7670939862378
184.91878639177324,87.15728929934873
43.20942488596167,73.47296418803815
23.580445124814272,25.96858871177775
149.5268813698567,48.83883056368897
16.582687355332354,182.16021002002137
160.18418510214136,169.071479761686
24.058752739179447,105.17535011958746
186.79951656478823,102.86446873193853
67.1706557754104,23.00700777698695
188.92326736057674,115.719551453242
182.56225911842137,68.92181930181944
25.13931449184445,27.467876896546947
25.183105467549613,153.66465401878256
35.72880300108058,39.032296455606556
154.7451596999671,86.32841074900098
11.857005415680304,187.7698905115222
67.81105043893679,114.39420864313675
68.25805192363838,57.36078938687626
195.53410795310413,90.63875445182184
5.330538415766027,66.85175389414475
190.15971428463476,99.3156905774554
70.84331326566736,122.27267365663545
148.80021141666464,83.98663285714737
190.19793562202412,90.0097922527042
147.1478929836438,121.7861444651075
30.707251980094973,189.00649886287408
130.77106741188223,129.61987069065435
63.554682976865685,139.51065329368114
67.28169599055187,69.62270333388614
171.98411514204565,146.30177063158618
80.64227639296585,82.1588726635301
55.676029625919966,173.19855777455962
57.5939771598742,95.61225921671543
176.40650827098221,156.65093656612603
169.80318178998152,37.30891674486277
33.44980282392851,42.5376019094161
151.28778168523766,52.258645234075
126.2526845064313,43.21511083592761
65.47639196559771,105.86807678602254
28.383437764214236,10.053986880439604
140.68862736751052,67.62856820518017
142.24534355597154,179.79888529252716
167.05125078038952,71.09761281890233
176.14104289432746,132.00382021744736
61.080666261806144,19.475042081645594
181.20649192429428,21.097268256503767
63.710104875301454,159.20453522134213
151.55497643419972,174.35079740541224
47.32838996509873,55.37534085863577
26.65337215404942,188.908624138146
168.63122169846568,66.94655650125632
9.93727772694272,155.55535218462296
141.75079434670096,19.831892257025764
103.32610761051468,84.91961576489825
28.18111615349477,88.31472107564399
190.59598636959387,113.8287248632049
40.37559063147239,154.35965279536435
164.86782077731004,131.6338175608739
128.27379977644276,126.61273703990375
186.3535276029633,92.82413273683207
191.67843130056482,111.08307629250862
51.96770252559992,196.51760396820947
136.67284678409646,128.24344207993443
172.82892108948928,67.20007671467211
49.09518096948687,163.9746320037126
152.89659898184175,10.884734203486563
150.30078670584751,5.440851968052819
129.0896046059938,184.6268331894172
159.43308235602785,137.72104296300725
127.20750345850762,75.704091459702
69.55901283766958,160.42477204392057
13.417410374739715,127.14824893388864
42.82787437057158,180.28817732276065
17.883395110328372,65.3927397518674
166.32127046519375,35.07755507144712
52.903124935127266,162.54169162318456
64.69018356533707,50.39942870916218
34.3398912725108,21.576430947985664
9.510919111797985,187.6569484994439
66.05070506077944,97.90052270795111
73.98007102134356,18.965027583599348
158.83960061926285,8.782115911232555
47.04243660538014,176.1263333279712
150.9671202266449,95.62506885998275
190.76483322905233,26.19559184427927
50.258282243346166,170.38802081537318
173.4662914776629,37.051487768361056
138.13409011294792,81.18737424576213
166.19912125867486,72.06213925729718
10.66166250452197,102.95060425375307
26.203726048703345,77.09717194099709
132.8112173569741,29.908021740554425
74.42178660931309,121.48019043706452
154.8027139491265,150.9176155178048
36.64565125663148,139.68351741013996
48.57550874099948,12.869896043315244
164.9760393377042,68.99847528869529
73.3620664247405,26.116000817328057
48.19828179459792,192.47466877684076
36.798736455005994,71.89704724444427
173.01534797354915,68.94855856227134
18.06919397096279,39.35007925505876
28.162285197341106,26.16173050300284
17.245854863963515,107.21401176485189
12.23448141224019,135.19761324280378
43.61821289868256,192.98697035603843
33.71553186545663,52.19516224915685
44.3775974817464,106.00162218103837
35.53536362104244,50.108503769099585
48.98035017450476,195.37543956669342
145.83445151499367,10.29825225777771
190.78595324390673,185.62070885156635
37.04377306916297,109.80412185079379
58.341649734460006,94.4157848156031
11.998486314210826,139.62240218970325
66.76787154418422,134.62163033490089
168.48586934815026,175.42476682426303
172.70249004051357,77.35693526745243
72.7668127325571,40.85244990405195
150.6962590967753,131.7730768304583
132.8239281890109,185.42883667141734
41.16679517087729,74.00964189239401
15.072709418249193,25.33183554202158
142.37777590173548,5.67503038770034
178.1812745448856,63.09664167877166
6.449028112764298,110.24590509456797
15.073857255292511,69.008595301409
7.8269666821071695,64.74976578519302
126.69146399998387,17.8522543939921
135.32029173402273,190.14695921386675
167.12505095745664,138.978987723012
14.409816034853312,114.23224273742677
59.85500963604421,145.78331812340647
185.91221867200363,181.01784655670733
192.846498549957,109.94127731321987
73.05150958501575,21.03179050395858
23.59061472941957,22.886847954936698
72.39489789762834,174.66888971228488
24.982653227426756,111.361227439551
27.340154567787277,132.8922142476974
152.53770826052465,179.78409783378805
68.66872667371865,116.40847637532171
138.48043042511333,5.298590209059098
133.9774898556655,195.96810627026957
25.39165161771545,86.41292882326034
41.55818270829538,123.77600445522313
33.3153281964183,165.0165573744042
179.80510020768125,156.64627640274884
180.29330165840634,27.509219442162845
89.87027601595153,83.94593354930373
163.14290502023547,155.14259433975903
6.150449089790083,171.96252231225589
9.457156258570514,112.2335344558103
172.20964375732888,54.52020912387193
74.34349875541848,49.355800648653535
15.424520457764192,118.57518475629224
21.439247956982037,21.181561242462333
22.222340378118385,143.44208724089395
172.11648695772496,146.07404580174466
178.59209542899808,11.000620099865648
166.91908561438206,47.05322190914759
195.98144164818734,170.62262791247716
11.441939003533273,22.18073877739947
180.91464465923426,84.21434625532491
33.589529208989,96.82468537398864
140.69083738381457,175.04594007827308
59.980058434864866,133.47388551820885
43.47627178551541,176.40043127434444
46.74191993103155,73.04928605984394
176.49799844240334,108.17881486059034
23.960833620980463,182.7569255627054
177.8444074353633,23.124965482228923
149.8836307977536,36.53237282669496
43.26583966791748,63.105001891571085
144.75878917325835,158.22968188755758
54.11899961520615,106.41680382845523
185.93731080424055,142.14480430049514
58.93479828589299,168.8572243159074
191.38863241715234,158.86632422631888
178.22221230062576,50.77134267631672
19.955068546916156,57.93840680397749
144.56995273434413,140.4346053767263
11.209130440262667,181.5912677839614
38.98392904666645,35.98352892808572
47.88993149070478,58.45427307948606
183.40077038934263,184.71108813029957
43.28424089685775,139.3510032972998
162.1919119619378,88.12323675817912
13.296249932088044,79.67621741814565
131.9292071346762,171.9982703002928
185.1750009993369,28.643123597850376
167.5155002546926,21.16908648328618
168.31750680006124,111.78050849051121
41.279589696454494,23.75037857381202
152.36841733761213,123.07934643993615
188.9658254083966,87.04483804278165
32.92601690497876,148.62746883066683
128.12836862746443,128.22076729176487
159.82554040225617,100.49948170400461
47.460489085242855,13.95395943907609
154.69190951679062,142.8903949018227
153.49002226711818,156.38312117885374
143.6947882659717,180.80515082569826
70.33458500652756,175.7780270716581
179.79491957576585,17.902655321871364
181.12183208755746,151.7713766237169
10.76364130321885,24.910449795100412
131.10791397393157,193.75934776282193
136.41508530984868,126.63133610594913
69.24434396027034,105.67197651040361
82.13668161531952,86.81320093596649
25.10690827371617,141.99974224716013
153.52246978636765,48.49146449400152
167.55899967072835,39.77294709493586
164.60482197166286,132.04132956231413
183.42153692678988,146.47699278629142
192.03925074327353,52.338471314912674
130.59037409291727,109.38632604885395
17.435771215037512,187.61919806365657
6.903798224929952,60.03110902155959
165.1667396109627,19.01609002204355
24.159710369923204,11.970352177051105
166.8312082832721,27.87181419660498
145.9951705895681,157.56435735867817
27.558144265825803,188.48659055549052
64.30594067420107,193.6904586682891
25.747904514910466,85.17290532362844
44.35137791534183,7.686264421076711
160.97024992259887,46.07620842574258
72.62927826996723,21.13743674578734
37.12555868934861,148.272710487258
71.90743270069437,163.296904544803
137.16486079054715,25.100540242248147
20.610983357356485,62.55893802305653
184.98189004788705,146.41132501126688
34.32323247116175,25.573715257888626
64.98604687090202,103.58136514870957
33.46473961516642,78.8739137301477
54.34684629240052,66.27082300234234
190.4905542432543,40.97743621378547
46.464040103244905,181.0943508084531
28.429022108150196,136.281237428263
66.11940888999177,91.52801090227015
23.15492538836083,98.20847053432162
139.2917769769273,43.17035439744495
38.846059683316966,40.71040453173571
58.63137292368501,185.84869333559567
31.999903381476496,153.71829547324785
18.840074810198427,128.8666269161108
33.06793812380788,88.20729261623796
135.72797270932742,169.45033798026168
190.31767339460308,105.41705082887918
23.446496344071456,59.5481678446905
57.882929300687415,152.1534345323581
165.65736020227885,53.90232117068282
155.57042325188394,98.48532636841571
31.51773059677351,75.82179241579693
30.770900153947974,80.2656621176574
55.335678797384354,159.72488084377107
60.797978409474126,132.93099973065878
187.58159856099093,191.48893933906325
61.1540998153416,90.62592491920547
31.99823554435091,184.32641302949995
21.770865113686384,127.97226505145228
150.55421723041684,70.15386858232753
144.94960710494703,175.65143360468338
59.42225548803564,182.72936157797662
158.31461164634084,117.17625740448501
186.5199110444496,97.79233682922128
23.906658084563333,107.6810780540391
69.49104501566998,181.44351689505405
14.826967194889281,39.61368286489866
22.05742425524064,122.83122027679629
52.682533090212885,76.9179411037729
139.31465084749482,184.38124186383354
44.208972864277975,15.653115346719044
46.633089842579714,72.64146001449122
61.89451023380201,26.754773409603843
150.33283209973825,95.33346317159896
27.771787750996452,137.02827732622993
10.923946587504568,30.62786881170238
149.23943298953185,188.88941652556096
188.99223017453076,161.6743615447306
148.7286672377666,33.025201840835464
65.23019850951856,179.2374531411254
53.73152432426862,147.90449903366343
69.78658785937127,44.66895482314269
145.6454228718859,113.96684116243722
132.4681653983302,6.893306222286824
74.19859022227448,44.869804630882946
64.59617894547915,116.02040904721414
16.929748208378214,15.002264152465855
129.56700097034997,100.16462902890085
37.98138756660278,7.64927846763528
129.4855666073067,157.77328914228744
188.63471892015147,16.031483312728046
127.81999550667702,163.08051600811837
146.292268651373,76.41659840858047
172.2613196289969,181.2510788663511
10.530087785664962,118.09906683554372
55.16970589839271,13.472638212365817
35.623834673449146,113.42914962087534
188.58494950990445,122.4447120022504
129.55829443189606,152.23081293292813
149.95813750044795,32.50162458788414
44.94322628446337,49.7539283244506
75.24808327416892,112.5681110080905
134.73600574745797,40.51314165824883
166.6523990357138,130.8066303523148
171.79986146054662,96.88549101499893
179.4122617280044,51.585812035153644
170.64546081923854,38.419852653792994
118.33437606360027,82.8033460047998
170.3147665975392,83.17689827222398
12.380728333341454,26.74384565616874
31.572606323006443,177.155620558645
192.9988903077365,38.40904579517701
18.90529346824386,161.6465902491724
149.5772992888312,97.31422650856874
134.46983503166626,188.27226198720126
140.7076025016375,6.825699690420586
136.18001742385093,130.50893003587285
189.43504626074335,18.697893091815995
186.37477679330183,5.443228615703206
28.607667599444532,25.081084429352895
164.6668910441062,179.73289312961248
17.62007254724751,57.6965690694118
55.53621590920239,5.793632395925419
74.96538965531066,108.66411750090629
53.635459577242734,127.32025441958636
195.95932154754658,137.88865848457687
54.978694122351,140.78806285815432
108.61508740187708,83.54469800360218
135.8487895996874,59.407963821467774
42.83246556832867,104.0667540602637
54.962857220944976,126.08111587679663
135.92044298963341,185.3647184569044
11.447548857046055,37.53611017046313
193.3971351993609,117.09259240929053
168.1373952752499,59.250886793745856
172.0410235591742,27.41506573060994
74.5745462049589,155.64512125055901
134.92105124047671,149.4813688413408
69.29859275988427,129.3604032923928
143.37466318342615,195.29036863658598
39.20244784368903,17.141384291308285
51.03639857243774,186.8574716979374
15.23889708105197,128.50236540101014
121.30560251797645,85.0938883883476
52.61277534274765,129.71606215691844
139.16872724739727,63.69345303642398
16.519851981012376,192.38340063295828
36.242966653021405,47.69432918683796
74.21755420274773,72.32278583622752
19.768275020916207,58.34089056226617
85.64397326955287,82.41276906596536
29.680423862739367,158.1676797975282
145.8607399821614,25.41792704803875
157.66476069020743,27.073007840653357
158.63459539346505,179.8090540503597
12.760113658014635,77.79385038820617
118.82534188572666,82.70851686946044
19.187649720826073,98.06861176510458
29.400215017834167,12.27823794353899
182.532491576671,22.183910448229515
173.18516433181088,40.670057952623786
13.946605532771896,167.7129643243785
36.10682375353619,116.19435039826911
139.68212670105663,75.0640255621709
143.12273005220067,18.156473527049986
69.25169514249811,66.73161030059552
16.82635287560133,48.893532021258466
188.3377234616338,22.362595361286896
55.7913444291154,21.36626840129367
135.99694172447752,136.6790416640835
13.281850354813205,35.78205545291309
19.546095591493966,103.58558208535311
193.52298910661503,112.20407670939578
189.74948638836358,29.8517289070052
147.82444886326323,42.222937978931014
69.51705530102474,43.50449252455369
54.515036046059784,146.05851110489743
181.66613801317675,134.7963665007708
37.64311152671443,108.49650763701506
32.156930015751776,81.83048661221734
131.3769143569482,36.16201114715586
165.49841797623907,86.07498189429512
165.20124080388825,51.980138541462594
55.53701993105546,25.91352432881171
163.27114553862563,18.247492993136554
126.63276899406878,167.45479012086128
171.06789640636055,139.94627815301857
164.98743035052277,37.27966159126566
194.74335127499512,134.61426060302216
55.17744026428418,20.354805623513688
180.6023493431272,97.65631909450825
131.84123658749326,81.6979704473397
152.21678139246174,56.38768262944008
193.85997262867664,86.16754463935679
152.42726462571665,33.78935178915309
173.60313650459693,77.72219305888707
8.066227435137925,106.16651704108236
43.99194945987233,99.46763488102155
194.85505109121547,79.02643343372637
40.19382836455979,99.63613088364578
138.46551863548336,172.7903927005012
141.62246987313998,141.78741506718836
159.92484982334946,31.079847333361997
46.52521012217525,13.934893929755118
10.345895195181912,93.27604126534078
126.96009826760283,26.945934816405952
128.0640048815391,44.37119770789591
163.79336014302456,156.7459520175709
90.0268712956571,85.57732762429563
194.5819993696601,74.52804886320658
157.2289498546891,164.63722897825932
134.91756981959392,83.45399115832066
137.40165864458294,19.44140474544709
132.31978353079685,145.4761636400543
58.211827942660705,117.76567885430497
10.651625167648815,119.80747550755262
153.16635712352436,136.71259972775024
16.489566930222136,114.05127898477528
124.65339303009483,91.76677504986131
154.97958484996863,154.8364094933351
38.009108705595516,124.14379396142834
141.40862299743435,194.22564849714476
130.85775711576687,29.592436562354493
196.96597136846592,8.375334775398203
42.5142265803553,92.29980359261423
36.246316427683816,186.2070565152738
184.1674929739166,172.08402213713927
175.3288692405742,183.42776718660082
155.1514583814506,177.63573205453645
39.22156619816337,66.79588216774506
128.43677172353338,8.133915425146581
196.23579626313062,46.393391345343396
60.238504729301354,76.20101994303106
15.030223948010647,110.48537346710029
177.96661507802872,135.9175033421322
53.97577263429584,131.30978786169473
181.6106851641968,56.587420274624556
151.63100848623716,169.6785161401214
144.11583777038845,88.64734954999334
130.83676310440583,47.610481657044296
13.984710715684901,133.04975115468068
50.92275113938879,67.12172907207098
24.09205443503387,105.20021717121178
177.0276393740894,42.40187913127145
160.84511477770064,69.46412005168527
98.45944353416927,84.78156117345272
67.75533025008058,30.627474166432606
164.0113770517029,87.11003571014508
166.78729599875706,35.75263622374362
74.80291431312494,13.769197614256859
14.575799785684573,87.85832623045091
58.73520795239322,76.69753523160256
133.6159300300985,122.87192099610205
49.42110330663156,135.3546534107475
16.01076990546656,18.26395724029102
154.74594119544133,74.12351293158393
183.6077345660003,123.63711892936033
184.86554314696807,13.724278623149564
63.14934242252169,65.89162662571312
34.70360472891536,71.99303390646662
39.95336875528841,128.15115759818414
183.26367066293113,154.757883570946
57.700747450651534,54.038788195205356
190.64855727966807,166.4719585776899
151.3199354936295,176.12862146798284
54.21197472218824,138.74603206582879
49.779526616717966,123.09448181263042
46.990031742596486,167.69156037115198
22.84545353745954,62.903095388102905
157.46635348375,172.5693248345667
173.90764147983154,38.727732778136335
145.03732684038522,22.937190051801604
127.61989849966011,187.01241395487907
132.5005741983145,107.24078110656812
144.50325738165952,145.04699221699232
7.703527818833434,75.31010484813184
157.7484477156831,23.78552074791878
138.69196927464225,181.94828930751729
190.81493232515345,37.025534024568366
164.85418468864987,159.16185302295034
70.12713805154739,12.299525367347739
21.59876680119776,57.324167223292655
143.70239310040645,45.73262853520533
167.3820251106261,64.90720247971306
143.8688416751988,91.62413999352658
148.59127447872598,38.37470489323484
139.8672485982317,143.04122630594418
16.715841249961535,112.58951612634397
172.05669081259248,51.896897765646166
36.97528397723326,84.84317842777482
177.70296584065895,157.3615188310265
180.36056989326042,30.18931849418844
50.18856704041232,163.03437771330383
40.53126048926587,56.98913687640441
173.38364172552895,26.24003196709836
173.6931991490566,5.618165672589554
30.51940641923639,138.19411013062646
33.87741690652384,8.939507339505921
162.04235953851628,187.0948365514278
130.30053325388144,55.69204430187534
21.506755204251522,16.764008769240633
156.2583584494832,63.36432846216868
27.896591620028495,31.889156455811356
62.731887943509726,150.92014766263983
166.2148647325019,99.45534372253734
140.97829592437526,74.3847107041377
66.15813244245578,69.7008006593124
8.021843226993743,132.02322442857613
191.2581772015446,188.31851047676858
21.816325989168927,27.73978377558333
140.58343799959255,190.03859629325086
61.25836877948099,162.69063546359828
24.959642200115734,142.20618141973844
137.01576673701047,61.810637735721016
132.36363606067167,145.31455522613282
139.4897536897307,165.86472824001538
126.47307314244719,81.03830455297266
73.15023428790765,104.04441712882661
50.94754809116742,188.72019619129372
169.37713920748155,59.16957295460851
188.62232579860142,93.84788518143347
186.3064523636661,59.29253996177125
31.08670417135679,144.00129465702173
70.53951359505028,27.006491713435405
29.015618290168714,85.31269371080795
37.384037754961035,30.48344131972765
194.8536269434224,114.56835299079621
180.27901425037905,69.53621394557406
159.323923267493,185.28248310099477
155.14438474370363,115.94196862395867
63.87245375383706,21.633850038609626
44.59311321180224,127.96853151160714
133.45066131216635,51.75990341013651
61.08726651700535,76.84241687378669
139.9859878391912,74.57031389941254
53.14829354463436,179.00859460838217
126.6438509029879,11.789327180916885
176.92716552563294,184.62284035074632
11.764258182188145,129.3115480541693
38.3869212634451,54.10148347297678
177.37628814984342,90.91686912029262
71.82913802644887,146.90418166401818
176.32834546075247,72.02863259945266
57.88217781475066,161.3001245556856
129.21649299638247,121.7362296366976
137.9532984187906,149.94734384568864
193.2893686978302,147.90459791334456
52.9257618063466,160.63424297054704
173.99029259650766,36.036649937538485
159.19814351140514,138.52471397357922
187.47885969941785,100.04822416980379
36.84665505985711,146.27940007947805
83.98390617713477,88.57292590420327
72.52347782113654,40.38722555912323
67.44541641491313,113.4835425872807
13.518390617516566,61.23174371267216
151.01926577523773,84.6012777926302
172.96430113718105,141.3923933593449
70.59195627363133,34.910753677383525
190.90272129710183,190.14166311720925
187.97186040447033,111.98521776635774
56.177449868916014,92.21035486203272
61.29566444063759,141.07315796489377
67.59396630075827,47.79595168966409
162.52186875475456,182.99818195076676
184.6173760304595,177.49558864278802
139.39859384907064,43.26703920855741
67.14504091170535,82.15718970439744
142.9015950991436,36.08104996484235
46.60344075600743,93.31363881809524
41.97782522189689,48.96935748406124
128.98154336261854,44.987218139929716
137.57394104992338,70.03441758304449
18.46237035897589,104.95836179086639
148.07694833210996,169.06417241657272
68.8257259031204,37.19690605246244
62.074646077210744,120.85593166836273
163.77907668206578,101.81544398074672
180.73878457578078,66.20848062299164
171.5561453795083,196.15098533167745
12.511044340860314,13.642563113037056
196.82909177316205,114.85829537539301
140.19749605111787,19.782437193120977
143.89145715347811,144.81719800065108
58.58081131152957,142.77296058541992
187.02330215414068,35.17722854608318
49.04635114896897,107.63481847178251
158.07607345938743,20.264301251127325
141.3761882843706,126.51732571998846
30.670177272592184,74.47248935555147
23.70860206669241,96.59903831884286
161.14620872373214,95.71169625845168
13.415529687028863,148.41586011048236
13.725302313099562,93.255827216166
144.35866056163493,58.964287374687814
179.9851889683357,78.76743499503462
30.99519590864251,7.4738862278311755
60.82749133048114,29.860213240899103
154.7466571266544,9.029123491773662
26.01333256121576,70.86104178517438
30.61818139132655,63.809496607122675
69.73330246564349,28.319388562445113
63.58251647095829,123.716815786438
31.40654208620032,161.4744208027294
186.49641609476902,85.20700361680038
25.827004985947237,154.24031637995594
41.29849610009605,40.73385775610001
175.80638034362457,67.68456950657517
66.74161643060641,97.03483758918802
195.65532754085302,133.92628598424756
157.39454787024275,116.70370321995367
14.849150946797842,8.672955468677564
128.98454768962807,84.86917466899774
194.40718373046226,163.4951688783259
128.98100423690772,123.11782510044867
167.4428609180495,172.27666328327274
173.66113229807846,5.808565964884956
128.61875531276243,136.02145638055055
53.59716171093654,189.4823687200875
170.12232191253497,121.64837020209643
26.628435035389714,83.06398770687542
188.99741175975112,195.85262757086923
133.0838973887323,155.10647449724098
160.6674307892522,192.30070572223832
172.29342796654552,177.16839229350975
171.70833160472907,154.02072373656313
9.366247756069525,39.53904148946522
48.44770669508387,152.7695418062574
14.74813426622028,143.76447428231913
56.85130179632894,145.70452665087214
66.31458454658122,39.88415315501163
6.537466158297114,125.30985483351985
15.583724160712261,184.04624224932354
38.074895455891905,167.4049978449259
57.5980649290933,140.54925677384972
74.87663143835151,16.70094415709731
26.0845442259203,173.77759761781218
190.73174990724775,40.86994363091953
154.55302908813601,55.18360928973007
162.06513190776582,87.97922299492879
131.16194490536964,151.20897490976662
184.36527801528348,35.915175663245115
50.149222496651404,111.09556766506547
62.762035301644886,92.3648031873274
58.01393022079188,135.59171908939888
188.23547044586735,185.875863794069
155.41695785650305,116.38022823492177
49.629951674712345,174.1503904085098
43.86361865573691,110.49139731894832
159.804983715167,112.26520198323222
153.38030519837454,181.60564444095021
113.21222658184455,86.13386409666725
155.94596416355176,121.00516417202736
166.06777804871862,185.23365621134033
13.84407419148196,27.32554470224939
43.99051163986719,132.09768233876252
55.20293920030819,28.515467893795712
195.0872664388214,188.95657866609702
28.13423100920162,15.790182353833114
181.03151175939027,113.02006448529472
20.406263100473513,90.32824413917587
166.47859761931977,78.40041833622826
38.78978724683571,119.43600120793106
165.7560338909553,166.07066978683417
30.533469686922942,167.1185019438867
6.484457463329415,91.74132700288826
28.766639747141582,50.04992491065164
45.47099650063545,14.239567893348804
195.85914719463474,185.56043932672102
160.52353696100096,84.85371315216348
22.835860365763576,159.733169684508
46.86602070779096,45.726311186114856
146.69306918171327,49.90605647494043
195.4503397490843,140.5311250123134
17.278986258653532,127.97008295367561
70.34139182839937,34.90620891049092
59.46557139186671,83.53818445380935
48.12230889449325,7.956382606258378
133.5941801210581,73.81374763839395
176.3445618659211,123.50888481370765
15.197941853963515,23.718803878364856
69.10493499268277,191.14297414607591
60.829152993331746,172.1280446565281
8.252794955635832,169.71242672755682
47.164082111485065,81.94177561896461
155.21373644415254,63.242742381517054
42.83643303819828,191.18729094812545
55.118911108036016,94.33288176980875
52.840218768514305,156.67124852231098
72.9576423623897,161.7840754287401
96.15273250085913,88.79270439625591
38.43463584759095,150.3743231182726
143.42454413765853,5.838091451989841
176.32888768998149,96.79643123539094
193.10403740877183,191.85667261708815
162.43236535691864,179.58650030456508
40.45952906114933,121.19143154736028
67.31654056346149,101.74540563413383
30.561959955215592,11.574152778768793
180.43384719351843,84.82829457715324
186.9658657397988,32.768419323850466
13.90017120065247,34.820713855365156
136.20795034299732,145.9842409042193
196.40056800608576,176.84141827043322
139.98973652071592,160.0922074984161
63.690867815945055,68.10855280029743
189.7734316300441,171.63685140576658
65.73509418657783,164.19449899367117
19.6634654783228,36.74124668425165
70.20471642890193,83.65769630887357
31.574761416550317,193.30274326804667
24.36755100236512,170.75564238887188
155.776869086258,29.55373220486108
41.556448568578986,116.95616063625857
70.50407584793038,12.474717828133455
10.709897084143114,64.91760084690982
65.05190190102626,8.635526574826564
55.26316686792399,131.0576657429734
65.05843999968648,52.45861544651288
180.14766741156367,52.22950087561491
62.88309150793192,159.76173195423996
74.60428577701603,126.71265638918157
82.92433291862339,86.11474707074461
35.09003645691324,186.88093107014296
23.036067354052495,99.91113848240758
158.8126275714592,141.99753416010194
72.7987640208181,111.89196766611332
144.5894558914854,54.79472727308756
49.910542909110085,103.18761328310288
52.2523707462602,96.03300435388338
149.69270617297533,35.00564730564399
67.97491071319043,140.36206614258467
149.59738882590727,53.71576426897423
161.97889992614967,115.29661974576501
23.58761822241494,146.3679050395112
35.79303215204997,73.56203956493975
12.028676626597536,135.05604153753754
44.998662417713,130.94051017062407
172.90035256651004,102.4411580520863
140.45041610093736,131.27037603273678
169.52736691030643,20.092063739380535
185.6442502960789,108.75083949889839
139.5752565641356,42.13567696518557
11.787601275303814,163.05552486044002
45.51564763141737,43.07366795887423
58.667521103000496,20.06837209187914
39.252139556631285,42.27038561703219
193.6017336620567,181.49886806118616
187.2717743508055,85.23844315732755
196.37252314077688,125.50443888909916
176.16718055735527,106.81217014833513
156.66323865357037,58.98572748200121
16.923814691743964,69.67330114179386
163.40212577146193,159.417783926666
172.45124190515475,10.33887101057509
74.51009808402276,176.10165444343411
143.45931361313157,167.74001149817718
62.5887523466966,114.86963384173048
56.27440481912937,45.50288141757498
153.84796250042777,36.288810468449654
62.68315846031028,148.963996825677
66.4001667059526,163.12479733976696
36.98127697225519,130.2299865456891
14.170070249939299,190.67751515467683
49.604635831234475,152.90596395406496
159.0861172071212,86.60343759182075
154.97530712955222,18.71387645756111
43.36494675422024,183.5476679273257
41.44264706225659,109.42319086610436
153.6477249481752,83.03928597745258
5.643080992830892,66.56794698167906
70.14476912770328,123.19997136725665
17.882843444753917,141.50933118530412
54.26667962765848,24.679684168763604
121.6090599586888,81.71796644462525
165.74193845804606,95.66622004803295
175.72757490219684,114.46102991350367
137.00128644532907,123.1590997469731
182.67501200497506,22.990877273096025
29.47451864383303,88.18772473011319
169.22545495998264,9.670780777517903
150.89366960392874,45.0699401725812
159.27887475441256,180.19468324314568
154.21483318085097,95.3920918323977
128.00139350487987,59.38151206095999
14.661846616051518,97.22893385123305
57.00302868755798,127.74665850740547
131.34042665049523,108.43818512390702
191.88831000028514,175.70209624430885
152.4284218206542,65.76269037760773
140.29373926658548,175.99967681410337
137.29732432418695,27.33456303034628
47.22336602880658,119.84554701314622
165.34428788771456,167.52199147251716
152.7886168004846,148.75796608370467
71.40525875437226,30.046668748332916
128.65262154333118,189.49361018292598
139.77781603405768,48.90893194333975
174.50554374378837,50.01098742691727
169.35904551011942,173.3563121817443
163.61273893467512,188.25261651454076
171.9158926268889,94.23714860425618
61.96349469822774,188.62289039012177
10.096527050257832,113.28883348491293
153.55739051903456,153.49264192232334
177.25655026026212,20.120905709361946
66.94627180718253,14.014251620758309
73.04396697137082,181.32038776388418
134.92315222462784,52.11244515467586
24.350129893656973,132.68356728725567
172.76934981530073,90.4984257498207
34.93641210156837,132.72924837615676
70.50403714968945,169.87633540325606
47.18814648690212,94.99327450309515
74.40914987582573,147.25969403224076
187.82478619210167,152.59447611165376
171.38144280842292,137.02239662957672
140.57528984136633,135.40627961598287
66.81688326644293,185.66949205983067
55.71345864838619,16.786421825047523
193.6809874372741,52.442103166833014
138.79916774245436,184.52758166374193
186.14869778023814,91.18002855403199
191.65137079347903,178.16174984506765
65.53675392338805,144.4435701480247
90.74421100727527,89.72241023694808
18.06937380134069,126.52119528146305
150.05962548311004,7.262803774281635
12.431069030705112,70.35488471463515
62.889029992140934,35.53324013477861
184.93842203474358,62.711383543145224
146.8521931867864,39.716325723253675
41.94497653394158,124.58877985717734
133.36710390740868,21.96742778049276
5.114708308368174,120.36086661567178
10.457342614815534,68.0209977924999
74.78730050756123,107.80587559819108
15.287460733405108,64.09308078313427
23.39600811344776,7.9364648437762995
49.394811151675206,126.56253726124334
151.15308513798243,141.56658146360047
190.6714959156485,17.89415365004608
186.68566782879324,164.38470987653358
29.809319024045102,38.60923592749931
39.55761247487514,23.864267575526924
167.15996381549513,143.87160612445606
180.32703114212185,47.258052557716304
131.93812145393588,116.68774516959954
195.3867336364879,44.37938111005976
134.93674566283107,84.25739059904278
184.3551474387751,59.813160363115
69.40600845332045,192.35946596339198
74.2924355585934,147.15889911542308
58.287341775655676,17.715020942919082
55.93812890216161,108.01387426010307
22.391298320826515,88.88503045797741
132.9527057459235,114.72469456963547
51.908608012566965,167.72498321157613
166.11728784019664,171.1305877030606
188.96411954097016,181.44788098927393
10.036670759043403,118.07558675885318
155.9032182289465,5.913592474851104
188.41347100760595,125.84379238291285
52.75703763482367,83.90901387046165
69.27402552806495,37.671253772489735
23.398885350434938,107.09429512963722
136.26456624918788,137.54661623835517
65.6101085707143,139.70401781883734
48.16592123091414,77.13282668537127
30.485016180812565,115.08858775688745
167.61250177063238,83.63299812488391
14.482266498266984,30.15262487605559
62.57054662544476,126.425584474592
141.8405672928499,127.29335314341843
178.07438616692514,10.913918464721382
181.75846285183613,100.59994756803924
26.44934947466599,82.99643180485313
44.78175065836042,82.64421194989274
181.58585053477347,102.47657026163876
73.40332390531064,75.1484704827559
189.00241257697073,113.90157251871057
28.24530465666355,36.46621903195262
151.83207333235495,25.857932686484915
195.57400393922626,151.42004650338217
181.8660965971543,27.83232075778783
29.418253973926625,9.881200033569828
45.09740434551107,87.26685058299302
64.55578639924252,168.60878673746973
58.03324290752504,124.30048933000583
72.57571838207537,87.96117025264516
162.95978803358562,67.03735019339466
64.24586260264891,194.09754576303555
38.33352904633431,103.44878847219216
166.88754263848108,32.3742009171455
139.2061135542562,62.310756044829844
187.1321521516586,63.16329959464296
14.904679826384934,126.95533789286117
63.58257881000355,169.7880692264802
26.390134782321834,27.818104765227268
76.43663900835361,88.99340052302249
191.0793105394195,66.63047685717166
128.78275820865363,40.63152093142141
158.71567273050684,122.81604005001488
132.95116771312644,137.63531151825742
174.23539003694202,85.29076387387593
190.90068548829208,27.428725424159662
185.4817913947884,59.40627261530284
193.03960716016297,106.83412523178713
131.1583556907527,187.41408569511484
52.10804284912372,59.05880616762642
130.1687016918984,30.60192463199124
147.7985602287786,115.31674802234626
186.79362467041753,116.10408147446677
154.5227968649182,195.4456741592661
47.255925207423864,62.20237667159506
36.70499402010242,129.42232126937375
140.7103829962623,48.13476335223012
53.0641243737801,120.71014176164853
150.3789182161064,14.708482127896545
130.836441011464,26.064025815025012
172.36333240423585,73.73848473329298
55.844780458799946,119.88083249559214
133.2459559130363,16.85370836360526
177.89943653015442,6.641573676443185
33.126812713844565,192.65397898318338
44.812531571177956,114.92967660388275
156.6827440632194,133.17416618806274
126.00079126899462,46.68355703503928
128.65331984025028,63.1408703591027
42.75319910742959,88.0853497484712
24.450117229426052,135.61466438573513
163.73060594655695,179.5432973210575
156.70464783748287,186.83852362653184
140.9446369625865,92.72279952303711
19.27458246080355,165.7512112695182
16.403319555780982,19.947029331745174
177.3793834005808,36.32140773490411
23.234868502991382,82.11370760224162
56.98479039488281,25.363421686152506
20.072679086210563,97.58544257555629
132.28525568050782,171.4720390571803
194.52874597825928,154.49744636351593
5.66518867831935,187.16937246197222
44.313664203610365,176.4642087330491
171.4323237080936,68.50265608127
133.12749295805523,117.07524292509272
65.956813843621,156.33195226564203
146.55463763415224,164.29336834786554
12.989278446743807,100.2284335969678
164.22497317223232,107.69464598767695
63.635718520179374,94.2061509564319
55.41674818702208,33.7139594459573
188.37594644299253,70.52083212939775
6.267237960977353,35.86281963712564
10.192160736541577,118.95626766428937
156.3259812652666,190.36344463193106
138.0760654874593,69.40685499281741
59.198639194402986,89.76544155499178
133.03062693881893,128.25854713991416
26.518571266951707,151.71504268835832
66.95793125672809,5.246652086232609
157.16595787183692,20.203553332352197
36.66308175947041,97.98151910943328
184.33727654558643,100.22904751287503
63.75793832705854,195.6093394916704
143.14653209478382,158.2293334461037
184.8378987006814,62.72369939607993
71.6888316762231,95.66610250651442
35.56733578624933,163.40210490713494
147.0455248541055,33.172410098365965
117.65898284576255,86.28690976547027
47.726691981554204,151.92240934323488
38.22665872949783,7.974141804733605
58.21129492775865,17.121577820561583
176.01879028495892,43.192547700611364
181.20719986193217,17.176312965181403
128.09644350626274,121.95304772134267
186.92216671817798,93.1431414173776
55.81673974918591,71.37848215118798
30.946926942491334,169.01428482687112
26.523921506257683,158.3259033410504
10.707109713718546,190.1417242568191
63.19919111274515,81.43118609549839
61.969469644365624,84.48892306470815
189.0667283236278,33.21337678627942
57.17361911474497,188.30655265567574
68.94693348206951,195.3788550573166
66.5940486128531,92.23575653566208
39.19420393063099,58.33091654960297
27.907448369843255,23.69469836772927
145.1192835299467,83.76197691439515
56.1414486696587,12.31325423177099
58.905085274559056,89.23502474455483
29.470464283944885,45.05454526696263
161.0884757616043,62.20678788472733
10.928728812600104,89.32206735347319
14.827289463416513,14.472114231185468
174.58968099211214,78.73220761975648
41.30342347172262,96.16086558443803
70.08904217549068,182.78220848697703
138.80201504184623,57.47128861879562
22.525711415656783,98.197133356203
144.15015556192824,37.777992385681394
177.20793079215258,35.45030781716473
53.053023965279216,193.18243244522492
131.38406120992386,138.34460645977484
61.342443639057045,193.22153602041814
157.21378340938267,152.42623204583413
156.64462619333966,70.44277567384863
163.715427262716,146.38308941433908
155.5574004141495,189.00722852205882
169.6854668095234,182.305672841015
58.13378293806752,23.789035005388378
25.914817277599546,117.14687261797114
191.90499778017832,63.055363536321046
126.26974214920486,175.55858132439235
23.89280694989251,114.5244957762938
192.21479350689052,102.25217378613551
132.72745272458027,51.60760176965724
154.5081384585212,38.62525060976234
23.017609359870395,146.81609021399632
181.34470320624044,96.607225207087
191.42062562065075,111.57031608584205
193.73923672386871,190.12939351794552
152.35154498366603,191.2832375483246
164.09920344459982,61.757818382608306
146.645797295953,126.30160324314679
59.65739975407645,141.47769097123222
65.75859712325375,141.33084471859837
59.01410837837983,142.90171495868577
187.54218061050804,95.65118034614449
62.98487924067172,5.886534505280891
122.73656908665833,90.3628051416106
10.269146901317699,19.650509669703023
35.87044697221783,145.46372527709192
57.34715372180262,190.25069471928936
187.3750095999673,52.45404544959313
194.9457924955876,66.46762631304372
60.96034507710293,67.77493746194904
179.0222675445979,81.86825148716473
20.042557211471298,12.252042791394025
185.56741303601908,20.41792151804229
173.10296352536068,105.14116656141884
37.798350033267575,32.24483161517173
182.33385795431298,195.24472697661335
160.07098681123185,185.35654623807545
87.84186521284502,86.61026023678461
38.09827301484872,70.7530860765265
48.92346130131525,166.33945466276018
188.3276452827617,70.80273654715853
9.02167576441708,196.05531399739203
176.67879810632343,180.92836115409744
61.803367288192014,77.06928869313813
128.45136051375135,106.8005722078588
19.01554573320809,118.51821520780814
8.753427039549074,120.81777198694095
59.25908382704661,17.565734085614572
53.190550167743865,75.77264924999945
62.59287730664073,178.72597847309373
136.78241074148215,170.925937743148
54.99214498368323,196.4694499522342
187.30168462045168,149.61718194367634
140.6238128916778,183.56235617566006
60.72692123656981,191.97106435969303
139.09256822687166,60.340122553287586
19.423646443660417,36.803744305541926
135.45912785621928,75.81939735301948
27.970006366062847,127.83723826994641
158.47140512190788,127.89170495371975
10.524234813160437,155.0332882892599
132.4598553543505,162.33693899948875
39.17904536223402,135.00430817632676
5.184144233825538,190.39228822109513
188.26865123741896,111.65849495921393
97.89260203107303,85.93437839345319
49.760853366953164,184.03293600084763
147.41095563023836,139.24857481113534
156.0613263596147,19.592324458485876
63.036719652968756,60.19507618713453
196.0273764677296,73.44474872276002
153.60041249045807,185.56950882915848
131.19722442672884,154.38880556849037
154.87557530650653,193.60820811806332
66.92903664301853,30.873012863852107
37.4874494472171,177.80785554952308
162.28827578100632,113.01620629691445
10.64202354457437,184.79895359792454
171.60308610101185,130.96657388342982
14.859166025718983,110.72056498462814
177.63846815163748,121.54908550173553
27.510933448724295,26.877924429806917
64.99178187540832,116.17714820230022
66.73889139576106,168.21971901700064
139.03562806902372,53.61542494065786
166.8022354371885,179.55750429869428
158.98032514250696,12.26544892577973
130.00413308656096,9.307716036316998
69.91004041931433,97.87125248636278
172.8587330834391,167.15103578255807
44.69945877359528,73.6263008529552
95.25284946728618,83.85073240036449
176.85054219856318,7.719231503316188
45.54908562752705,27.215339190343613
151.86202863616475,175.31975621312986
142.8245889632596,149.6512850334312
7.9109916170442,59.760816922443105
69.96859606017675,128.1121648889228
89.07266070665504,83.28383297366888
136.05493606685422,95.10009778904724
137.48666619080015,75.80784403219785
167.80270390516384,65.76475063306353
174.9153689400825,97.9085097135869
145.47420444236835,167.36217195303874
141.2969864402671,12.185976048687273
195.3396531647632,184.57082136778496
150.11382252941493,160.93282304090653
91.0738371989098,84.41255628229754
51.66188660770831,35.16318535071225
11.440636565760702,109.10284228760673
25.55311961096771,161.26028545312397
137.93830474375093,21.969955558993206
25.844758451695785,50.36570971150108
17.245648603492555,133.32055185606325
161.57295717392103,186.46305427859605
23.122759051909547,113.00750478241574
188.7779879237216,145.4574718430083
186.32238864042878,116.0954483083447
160.0212858770442,152.589068072932
12.121918905149395,58.581337385798115
12.630404390412375,115.88591654174193
187.58755032619638,120.70837137336
188.6600985139716,69.03981584334913
13.313631672321636,129.96693171387255
7.738714621763785,69.02510572038807
72.79674456041478,111.06592737785877
160.56980348758034,179.62479805930514
137.4057579057875,170.0679508437543
35.918820654977715,103.59132677799751
66.77527837782871,47.14061773483734
165.53635390653668,155.93398491995623
14.552186616184173,122.43384425989157
147.5416336172465,79.76357459996638
174.23131888674698,189.9795223854457
71.59387216429653,16.992528581021443
131.84919761433,60.0212893752864
36.624284199198506,149.21582982773018
142.82365623703993,43.51553106037482
47.30091112468643,164.9603012830276
68.12020963417442,121.54756113887255
35.863531311111416,23.476567826894087
50.599115335233186,61.71461682937842
176.9249406692986,81.21592554911356
178.12423469585116,167.38643662799882
34.63826377632041,114.862516206292
29.16877314760945,63.358073966785646
127.14549259571211,64.61486106686941
6.913264577343443,89.4369940842363
186.06361730138116,34.814947485409995
9.650034127812656,102.23055636867116
140.24066575051503,17.424188045828775
30.599966763134926,160.60667594539888
75.43695444567508,19.9926582688798
142.0916708599415,114.18777498926086
29.760983040187334,91.32341093044481
46.890191486829224,183.9446295589847
173.8816681880475,65.68698875429108
148.71653757805004,76.25745239370691
111.6543852961954,82.27279913762308
126.25968265847325,42.01642936478828
40.14637609244849,48.9906126951742
64.12111237214305,26.462497428801367
196.13021951618785,147.8936886529051
43.31695626007187,71.72240656579275
46.17833879626615,24.30870952308042
184.99315340142493,154.1721154743572
136.41295426236593,115.63331036225627
23.999817942637986,22.07756298446471
29.653743149667218,192.12576242897083
56.0645854909063,37.53521079969328
59.824663929239726,169.97455683736362
48.53565902889046,161.41556696394414
45.534811250261406,92.37262424021365
143.23309347177621,141.45435871148962
7.691903127456879,100.69247662346696
18.696647272594692,164.69106535372345
48.17260496534762,74.82875617141205
21.544360262025556,159.6268659338473
55.135022334302505,93.09387366602078
58.01789794207577,88.78967907060871
64.97875272624343,162.98673257537962
164.71507960217616,33.836787239679104
174.23572434256366,58.041129660574356
186.09750171196788,60.601825173782615
46.457930413625135,73.8715811354739
28.616126722011437,39.361198559578966
175.41097074326657,67.11879455225103
196.19778807294333,167.95861951839433
63.201971203804895,136.3169379678363
28.44570870187362,182.70227290747474
152.7649815686853,71.05789273258719
77.64038980541926,86.31489710623796
10.332939256264208,7.593480298866012
165.29393963638236,127.97963962366495
191.60045881769648,113.53118541741998
43.64659552214735,82.54564887688734
64.24628838233618,86.11149662469691
184.54576601083278,84.54647518513084
170.74611191961932,170.3802227412895
115.53028556975202,81.75064382651657
59.103810342447694,40.78374690777622
27.52472356047968,30.84454284415526
184.34695474891598,90.09599230776053
30.066361041479087,8.877556232881508
148.01070261914037,8.929555450238059
53.086680059536185,51.73700756602683
173.09198237182375,14.822245018735979
149.86952625732792,39.372806853288424
63.85360251577273,179.78846276062856
167.93754982897656,35.73248148623922
72.34029046354303,131.72100255589987
74.08887606852522,191.786911881369
59.34386026325201,37.246814013945624
155.74262632593445,48.03816004627704
147.3018465914971,119.47700102923704
143.5869472735146,180.68287334719207
41.87746893027005,96.77505605821173
5.55810331502936,106.39516728793122
38.119142215539895,77.74153848116684
130.3642991725816,150.852016445088
173.85251909839016,118.29532431211717
55.47042853267339,127.4977891316471
183.6800383457037,147.64623132666262
53.11888903781589,67.25547134223206
30.62703864127182,80.73555946969836
60.26425971562577,170.24529975636008
30.216953630526724,190.79730589591685
177.31305751759496,15.172002148629263
174.7590165469763,156.56080680459925
123.35002595116343,82.44212468117853
28.303210822586117,23.20536265699988
14.012937340573531,106.9381095863787
15.610751620840025,140.46916723609604
178.4970952242472,37.87124391501267
41.188340419468865,55.910915788987545
192.70846517694753,122.29034123097787
6.83085704952655,82.09319543136611
162.74891291792673,41.86462673967478
139.1650579115211,72.4562969137163
180.66623174702087,60.55850891408985
193.43933000991993,98.98669897812269
53.47854929880201,99.87970025218937
31.783797598425462,78.3779110588321
31.81234762952144,28.347333356470777
21.810293345920833,142.17922009834007
27.938444349496645,49.80641956970925
47.425197348151805,177.3908526509961
11.381759791464797,37.926457016652535
173.29280429383377,91.75447694408666
195.70807684103104,53.90562604172377
6.640631068784357,160.14193940519593
33.705229337065916,162.97881640294293
188.63126570311766,135.1380360336168
22.762624134124604,36.68519746798722
147.37658843904802,164.1288937968922
140.74381633468624,57.724889382486204
70.89692117834824,17.151301715253947
63.52718771717369,11.606936913672918
10.472535898308037,36.66589744537278
189.53723171245005,9.869278991392672
127.80807875728831,141.65163551309897
164.0251806453454,5.472324269225179
169.02529845757434,89.0517566086518
138.840226885387,77.47001893204141
6.207212431881019,108.75013220222179
41.53330620093234,189.42726033784564
25.583829727828313,184.20177949110993
9.022928839423749,152.89763303168633
59.136788903923474,135.8267345102866
126.353362604985,49.978504321679026
55.57185691875081,168.3923129813862
44.61892463822691,13.588613434480234
171.07018809966337,7.4589477345712885
23.38266712421577,159.34510636827406
68.17475038206615,74.7417036478838
46.42152507131142,33.2389285135037
126.34495801341694,86.8079338050268
18.634360422633012,18.59000279275404
16.65942572648275,135.81851542391033
135.31054345243373,24.986034096750277
162.38608634182296,75.12831592178505
18.94632028430209,191.0060337603834
143.6721497818255,153.8028497298216
193.6601434011201,143.6907717036019
153.84754899929374,170.27077471857584
170.75976055958498,108.07073555729532
156.75769693099534,188.10210120536735
49.51143285905643,85.3646375330192
174.3982214466291,150.48660233635536
25.556281817782686,17.07753608998654
138.71598422634742,103.95149560219792
134.57218694786417,87.09471441092035
44.71279248574397,102.85191173165127
176.2741440413392,122.49672453875807
136.93865434735403,157.15592711165917
167.31711596131902,173.9870987460191
22.443748040900847,94.45678653009611
46.486680133179505,23.337330166929103
148.74660079897112,82.11205348419678
15.077463829779246,64.16579487271645
74.7682133087742,138.62881801089017
89.79729101199035,84.23176486734235
48.20413931705277,170.8516537291914
132.83469305643726,43.99652838800945
45.95939381780355,149.09976786704914
49.77741457275078,58.71473271143617
140.43073823741724,79.13195961296232
65.66305710973725,106.30918561832502
25.403237438282233,118.266779509099
24.270502830338035,137.09863862584888
146.22580823919597,157.51689600929217
164.82260779290715,174.4851625492029
189.57231848849622,68.73478031836376
149.160932635501,98.56658591618394
177.25411222193407,164.22938474077517
150.06147228015402,98.76078958762655
130.88683043562713,73.45574901213607
160.49659424450584,60.754842457387824
190.32873186494078,36.88472456857031
157.66960711313396,86.23736764737157
40.81453244061164,10.112962967506522
113.69691333065488,86.0694502718962
195.7451198178735,160.07632739208972
196.84947672198837,189.9641533656229
6.242099730442316,5.730878341833668
52.130465167422315,195.82078802245235
180.22653820498286,159.11052871984427
29.739290047914714,93.01489057878813
163.92218696636166,16.370109534090936
153.14678791596674,116.97247964566759
37.19346536076803,129.8134008530968
164.15825080172525,27.844738617248794
8.509819864221372,189.79290047588637
15.776629860553442,96.03507791550656
55.40284215006697,40.09132347809496
144.85961379641876,191.53982003639828
18.48062568919369,140.8503529310321
20.3724641581939,123.54198108459953
181.99274861202443,61.394180314084906
167.13300876885287,117.18727767868856
130.6006796106941,20.553486896010163
13.452333573822273,76.80686546512078
53.71061952898844,188.1560996487518
64.16628273920466,103.9268262892835
47.331836450407906,165.97470330742206
150.09959382896423,78.0122538996434
21.06860977721199,121.33714619282651
58.74019695196546,23.155317154297332
172.99886596526937,75.59829174489798
179.353984975589,68.11282756454712
146.4691275311271,192.56819143296806
12.509507977223556,39.84432429240807
29.869582709797342,135.87601307729352
147.42120235064334,83.29521341282489
185.50701391204282,66.42105648085962
27.43747693996729,153.87967259185515
40.52251466500553,114.71802952419131
144.71605609162683,123.50829301040031
59.20665666958007,95.30489977300975
20.006185035977957,167.6260015962541
75.74698112304976,112.94235033472347
51.98790718923417,52.79644910402041
60.62282086421425,53.403374948586396
35.95018616425542,83.25973165962878
30.00135254159792,107.58735798819517
33.403108174002774,154.9992920909457
10.93656022222924,58.11471339955117
186.20935660141248,44.09379763548386
160.37173007201054,112.47317521512257
8.919670720693775,104.85965599633208
172.34154347254864,30.226338019401883
57.87061636917396,62.91698885364242
15.909155585728607,165.12536756240928
17.61317266190675,43.09482946213808
139.0662805447816,159.9553213685308
171.57799873814437,117.84826645577941
171.2938945993944,76.58895349753678
132.98197095609817,17.73231274263422
43.18809730590963,133.00150983898354
6.156702385789089,181.06862093455283
170.32567273244132,15.709316437665848
131.6465423159383,83.98774148085815
66.74867616399732,137.39235577128494
133.54558014808123,51.022698902186846
8.329849350352957,171.80087686615863
166.6928241978016,89.0013030583916
19.190447525646498,14.801728859766198
144.3700535188673,67.8906230141877
48.97504587906937,100.27369741955417
194.98767579163336,13.537176552109553
7.472835017378762,22.342196810608787
54.84665589694548,67.19647015925129
172.78288473400653,73.55455075341519
37.16168736808508,34.90871890921885
8.615852505780165,134.69624873971148
194.16271351718945,63.368870052928095
139.556617049001,152.13227979154217
62.988305397778845,40.08788982957002
134.21021634530717,167.53255319192365
73.82042471933659,49.10920996725098
156.7874841574302,148.8109235316003
165.0620091863891,142.09555737671803
155.887165166921,116.82260063365867
72.73399126967199,63.31329028525871
66.2275421480032,114.79285153373144
146.2318065633931,9.93276781431895
6.320313250719669,125.93137482823447
128.34478159700663,82.16025795733525
127.67018607302208,85.78516140825802
129.36670618939362,83.29160873379199
186.53014459419586,31.81834842032751
39.80018627641053,74.78570540469057
196.18387665384864,183.27971086307386
46.70961993085132,192.1272837108902
162.42682880770292,87.31205557976324
155.95158312971097,167.60217422410136
61.42649603800513,83.76433951800387
52.82247609289284,131.74551930383288
48.298220055598385,110.00773727874413
166.61795799144664,150.44473404000317
184.5160986413738,124.03537516604585
156.70152705944852,92.35710469922775
187.8318269613472,111.58618316741034
63.481733287387655,32.92392855145155
182.1433489968784,35.7927493298268
22.546211796133356,133.29647908197822
12.36588445204213,138.67141758480938
54.75717900339924,100.23460584643405
37.05694269931836,56.471265849178515
48.728460177691964,23.06243376954606
147.083971947508,163.08048745331706
58.44043549911472,10.866387052543786
29.130679570371342,154.0878059547151
131.40625851877897,190.87416284706086
54.87422159297627,31.54094884850163
143.7426757922953,147.00952459286333
186.71852282724444,187.9157353055235
37.52328016417245,109.99176817396376
17.36783762961684,44.27070584670788
58.989010836444535,117.86019497493598
22.414060492605465,189.79908337337633
157.10236394583637,98.9997998637828
72.54259617947115,81.43052257235964
67.18099519881096,149.0226438202359
158.4689103697227,152.36308583442312
47.018393937506474,132.45179089040832
39.683759183203414,98.60526819970218
161.07305224917388,162.98767978919608
189.38947718057764,183.92747515212463
160.6421436937355,35.025008684930256
8.211069901669203,195.6280781213497
141.9056407363929,189.202980306656
174.2716739896237,145.94307512232436
157.49815320324987,36.58863129891953
187.39235403485017,76.83004748494938
57.19449980753686,163.3234591537011
138.80485179479825,177.59078089915985
57.73079585727082,14.950959843627244
44.72213840641946,113.7261498597063
39.69040741404204,102.29282642748966
66.83926396219093,5.902083746033764
31.387916751185255,14.36547611371199
182.83948602870143,145.415347422408
149.6590752643083,136.79987979422995
163.9016737632934,53.21110542334756
173.91052515852698,75.46881944306341
163.75597061815827,66.28496169605764
60.658311473862405,132.9088005898918
62.39484694976263,65.1557367144752
27.020048197751915,147.250421476771
167.93203359135123,192.1379451828718
146.944896562079,137.6030914198236
62.30349424876753,19.811236100629223
184.50012914888248,41.372177326238436
22.469941668776475,170.13593360869402
172.6271630465618,150.79693839654814
58.058369234540024,87.88928735638818
71.55903508653094,165.7367697495156
162.65863074589453,20.93429113992896
190.0128918421743,46.764164543177024
153.52346353313104,63.90396060504209
44.143893547642605,114.72033835132184
82.70635399961252,89.08249073284156
17.248681296732904,127.20746011360377
191.53335369872673,183.49795129146477
152.75646299575982,43.90430190908302
153.97285619779677,144.63311767643427
50.44018035314696,114.21637187756465
27.293946133678013,126.17424541377751
187.91511159656656,70.19920168085174
27.840350260952818,169.92296381970456
6.0964036110198885,62.756623210194206
161.32154539312864,116.69175411186342
144.83454701751504,63.502298574421985
177.54841932635546,41.75238696812821
31.776727724744365,51.90539959210945
160.68673683754756,48.90021980194219
171.02503527894245,114.53100408594585
101.49713616046105,89.04832086313226
17.420011130341706,7.528564862105435
47.32775491224079,130.7004631518631
26.63354131314327,21.98671430780459
149.3518421580034,121.94737127778991
5.1655800450036,70.86116522041273
139.81040693109128,177.21125598362156
8.349917503699952,187.6974064953042
35.63724221627362,71.87615502501922
131.42346906275856,193.668355415048
48.480542799446,187.4493139062672
145.74176822355318,13.00499910653057
176.59869603687105,61.515256989780504
155.58287587815542,44.641632395733325
173.44804164739932,13.327474647114474
28.322205122009482,85.50356891630587
188.42825481959267,21.02963978880613
16.004634381720567,114.22959263041471
180.2245188840539,68.30369617226924
62.456031285997895,57.44707965967306
191.8202616561278,161.37659966353422
43.98905701734174,43.927634514746444
179.43710239573392,33.429525379945105
164.63223314418903,33.39793730190015
144.1071762935528,34.88869705375667
176.88079311771818,168.83134133221918
61.71429945308319,121.57510989191073
129.88158935099426,195.7853957321175
195.04970903900917,170.69166177498877
153.14071638260336,51.06713423652115
111.23081083335441,85.48882725931897
54.44118078393304,23.347663406653986
51.25165935328176,167.11875431304443
14.05457007148973,158.2541398903316
33.26807194728005,96.3911162619153
194.0723129846021,105.00550819782194
58.94228297382705,61.24802805437459
145.65629520784765,12.030592430913089
57.92544769890895,56.2445354693242
69.6772268800811,26.973397098171922
163.45761577857832,99.62608341953775
44.49952341519083,36.62807783575818
131.5973943330033,25.993971214765214
126.55103594712627,76.19954187295048
13.409976054576228,6.773530860236037
163.1679581570199,50.98496727315717
49.94760510910751,17.869768544113754
57.28762996431972,163.17380358122844
184.2323316212497,66.1550505370398
56.47891552057166,151.7483895278025
44.903919475033895,50.38581097162001
21.047033497416358,110.47413267794103
25.599462242746966,193.1414994491071
155.47812074350546,194.73453426739744
62.46775714370022,43.17757232850515
73.70255864346974,96.13155909084237
73.34880821751658,164.69767543894912
192.24506726062518,167.27054858842405
54.15289621606772,39.13595688505674
32.69804385773386,152.48433108813774
179.94662883854258,109.67738515942891
61.09918335552046,31.97800901579004
170.72183036993184,164.76781644125597
47.649911337126895,59.169169367940675
71.20613975081706,162.88126793577388
147.4151608349139,160.67390165127034
8.208478877516674,51.00146883586555
62.56310707717745,74.23426923717403
179.1883135683278,161.37656167360004
35.75918821070941,141.00684790974114
136.82241338992813,77.0950271589708
141.61690995145665,176.61455421515996
10.0,25.0
180.0,180.0