15.489337801066041,118.01667807189817
14.473195602224134,185.6683880637596
187.50339879038646,33.90515955725391
5.851060629738293,74.01181730315902
162.03780148489068,92.09770162189666
36.08670475468968,136.13995199928988
155.6896540024558,175.9381750155816
74.85776792105779,97.73129344872201
127.35996043723831,37.44968435382949
40.903138103802576,174.45803745703847
66.9465513614853,187.50404401208831
160.80752998508103,156.80069138748894
182.7096222319003,42.127472231980846
185.186537931251,120.62936620314642
135.99283081486635,71.03267732162817
175.19205279281067,48.52610897692254
67.37512347262887,147.8010718707571
25.72711931007398,37.874447655065254
60.38281826148101,134.4952516220098
29.347907206033963,151.56522913907665
170.8919614743597,5.791905958744905
54.84152352699217,70.25107897954068
144.64866611681592,88.90628524865845
15.76684516603023,9.744773725245492
173.72066641769715,16.19271926671944
126.6204964159753,185.84607757102924
14.634924899900149,11.249349421141376
75.8408314011302,91.7385969441962
187.80488612630472,45.15632359995362
156.96398697898124,140.2151412113006
14.09977303257029,106.85136964621296
34.62591949069149,36.07110495817845
149.7574404734821,96.66305340178805
70.40004508767656,15.079826323977112
11.363574406007631,110.81568652447528
72.77603323920778,136.78127151181167
196.69134351797894,141.4888594318
54.38591029103219,19.360275300608745
170.75459239760755,164.74903360668497
9.047324860496882,75.75396794321024
53.923991660281615,58.02284900001431
75.79014731375024,68.88800031244077
186.29704287018185,30.30353416002425
46.53678528389296,78.60328341667231
72.30825966050686,78.67061773213186
152.81116324352294,34.87944309743368
131.4174151768882,60.07107424438634
193.18683135259886,137.50024232969787
178.69860137650346,144.11329154198452
69.01218447530431,109.05472633045676
168.4723505817915,32.13368126477554
136.64147679160257,183.34164230043316
19.754386595170068,26.214753062853973
34.34555010892741,120.82088965822375
14.575126399658682,124.53804046505779
11.828336867560218,139.2533877436157
126.68033537676332,28.392438333228302
72.15962031051595,104.51020296091359
7.119189920782382,38.07588507294116
6.9195686362534214,186.9795806416115
26.301144981498158,37.791309781820644
45.17865521595708,90.5545535241563
149.2011431650512,68.02143410400397
174.25457922791634,149.5076339673224
27.565630808496202,72.29670426156795
75.15668758836225,174.92896996012206
145.141711007086,16.019384282380177
8.583560082797387,192.33470408054498
33.6420968348911,194.53391564658773
28.365842977374875,143.4272623818183
13.299182436735189,104.23604374050029
10.309228916708308,197.00785109725808
69.43857413236533,95.38639509632159
26.286182890804973,156.43936426610804
54.62742377184258,121.33515758156177
50.43777655690982,190.05915603193867
160.1684330419122,131.77513006443633
151.16480527839897,61.856099878740814
45.54192377227501,46.834027246564915
172.90381828139996,193.0418989915237
139.62471492695985,133.06632202836965
154.9281618085138,40.33774959409032
72.71735403482573,96.44703294171222
150.55184357536587,180.76273898479403
49.33989279928554,144.0194670248682
150.79392035638455,107.58110114319659
194.9726817395185,43.84725772108834
134.69195741577533,135.1203797239201
5.611001085538961,21.349107624409342
63.28427494893544,34.76562122618081
156.25153715104383,34.37574233447009
70.30175755784413,136.94875430976015
40.37177192176825,142.69551793311962
157.34985436032676,45.50545212340668
146.0066580251194,189.3313185123636
54.91181699579895,74.09119271216795
131.5381491694117,124.30061583907491
59.88205498511849,182.9584016538087
67.47610122900265,174.04970596565423
174.57664848695367,146.26379738926425
191.109817110821,19.499828776017043
164.646644497809,143.9134226813867
132.64643897419822,82.2624171886447
188.25633230696033,9.29720392447187
43.24875284662373,116.81540286000318
66.18070337016115,10.318289574666181
158.2569827708837,73.4415460434157
148.6931171512027,181.49335102801683
174.1126445862495,196.52742279751556
40.23035169072196,90.13162962156981
196.12764776326972,25.345400384199298
171.59303078863215,25.170272527133
163.60761303885982,76.62713989737775
11.807666835968643,80.38577422746697
147.5103683914464,188.59364593927017
49.603602579213444,156.26606281597628
77.35164521831213,140.22104881259725
68.03607090596566,190.7083155248681
14.843958397537365,14.466974298245503
42.07386280985521,97.47982483226026
173.2750481672532,69.09577473994939
42.95028514450423,182.34595614864946
23.6207255262988,116.97391342092939
36.44702596418858,47.064305734472036
23.579298938857914,173.53374009582842
149.18686427148987,173.3419203477789
32.99147061210581,72.01994160538477
29.619344638948878,178.86718716441118
161.60942274903715,132.57953821607063
62.978833033779395,127.37832839588332
130.1970589811103,72.71566165425304
15.249502694760574,167.4168557251641
176.11785388381483,180.63733284575991
66.80627069144109,109.34501352114447
29.481044155111007,5.967956249230311
196.35758357767594,109.84001826242114
32.1118209049359,17.299922394956404
47.404936778836344,37.22001289992281
25.205926226497223,137.11431630438358
154.0017644763391,110.26877559915384
68.60546738000131,32.03240957162803
173.4807985252812,192.24123567948416
48.39522725063359,174.26296183068155
149.66291683483016,10.843537067486643
139.10429444267479,11.759275432354421
75.9845440727117,106.70974363990717
152.37994812092725,37.560370617970214
17.23744664498894,65.74345741083249
140.113996522563,44.37108989381037
191.1755379329921,33.367632008514455
126.20519965184327,64.79060873650748
11.151211376656367,141.43262024681857
128.49659022775543,47.16806748878477
145.71500249362097,163.77394641732428
69.90312269596423,45.69803917754789
161.63560693674478,33.8914528080394
176.8705848529417,34.33166019221198
41.27364359392975,186.46820114070897
46.731694651625766,162.03350727869415
190.82215722003397,59.1697734007747
13.043276108698771,92.42946226086809
50.88938808760686,67.68864984299142
27.967957895088283,138.79558500079904
183.99739213999635,18.34481067614861
176.73058385980403,68.72201642400256
179.03679006745094,17.887584702170287
24.880119065747895,97.68088536882378
141.85817845650888,114.10246626622265
182.05103300877295,103.21643345743664
60.70173901670443,24.638814111770408
40.572645117358725,108.30609490819398
67.58297913974233,195.3370224031948
186.06260622896167,40.57151951692569
145.2860340817561,78.53564125762256
144.64681159299855,33.72918521458078
72.46581949288354,32.34606868177631
129.85773126773853,114.44593535621549
187.30858357071915,194.65427001089594
132.16694650528143,136.20905107133623
49.984002677215514,171.0046621232077
138.11968747654987,161.18191969347774
21.131059364948815,20.5871738036789
142.23130203028592,161.8405862371266
189.9518363948589,155.8599413262902
178.57487594968387,53.17423699214566
145.63021837531934,115.11971569632789
75.71617470379846,181.36686683972326
72.76972844889355,188.2843724630691
132.98889230886104,178.96948639311586
129.67733168671805,146.54762388253985
38.71615082409018,24.299108027722028
31.052656116442204,60.942642361371995
21.731353645969403,28.52148481408033
179.96124606387949,95.54518389379909
139.5143712663681,189.17990886551843
136.68878052222317,17.676970400802638
151.89062896208142,72.61549077298163
69.29691115695266,134.89409394097208
172.02198622443808,65.02595466142216
158.58345342036432,171.36710142280907
34.67365572659589,126.4862377004249
63.764636806931705,117.91314363975626
131.41290867947174,165.53179059131182
5.88886064863821,129.0208056143108
35.906561579512974,41.53912038563036
147.37623063933506,165.81798368595082
175.93376398385462,183.32157411683912
142.76471635088825,42.35445254914125
31.916114137352313,140.30845510465363
33.618876830980454,189.42439874727216
24.711733433569865,151.50159929587005
73.70540313653609,21.918404675117717
74.07863654595522,92.3004272888895
59.841403346525944,126.5541140385296
38.5572157310079,196.79207836477593
38.86490594616751,113.73384490885054
71.83179125822497,107.90367853684003
54.910769741015855,34.835119706482224
177.86416832319858,96.49298479179541
30.685523886908737,24.395569719948675
146.5406726952958,9.50018356062064
69.03083980022964,43.608217875831706
84.54486043517953,149.9691367303533
136.267156510791,153.94765594025122
171.6112958616377,112.15036074801195
191.87332866756543,66.59152536236287
66.64917732465904,93.32331691644723
57.01781153888128,163.38074449585812
181.5486460780894,158.77137879308097
148.096961378545,117.25153797493441
74.83456868153077,70.9483615527674
180.26926643709353,58.314291173211764
177.8074553159577,175.56649115942216
186.5637950794048,42.47894004069463
44.485953229546176,175.560317233544
156.67356251793902,79.89460669396018
36.15846519954832,85.30933925136563
151.14584367119895,113.65535288393815
126.42420146918158,179.6602865774544
174.45442444585748,150.37010397391515
9.871683936347605,19.68928755116364
133.25392944139588,185.55448976321006
61.49746560040418,57.83330908605554
13.990990372440699,192.68513169861075
55.861318933264386,79.82684556720196
45.163005514277856,186.21202686061406
9.947644866440971,170.1665305022737
57.58704785193708,167.46386485099407
39.65011134559812,78.02973112665242
165.34324121417737,154.6142882931317
155.98845627751794,150.72275555013965
161.11953234270405,75.95793439148228
169.49425293294254,105.86747846970663
191.2075001864313,191.63645818233422
131.86141047135692,140.49970453833657
191.2217058891112,88.65047758676971
141.1310390899432,12.635705467443294
156.43098664029466,41.23655287517727
143.6087090803605,31.346792369003975
157.24224553128212,63.191820069690074
15.670841490435643,37.61174878779368
58.40526585302423,8.139932446075322
151.3165182482128,52.729782008040594
11.367679515360804,159.02761636842098
154.71573082045197,106.71533332439877
129.71182186335247,45.989223832111676
154.81666718335302,111.51870908686429
189.4886964562524,50.72394332914557
194.57349377251944,50.48167223934847
149.95297976971534,17.012884992103697
8.253320866653189,49.02914904447281
20.65182531089395,60.12438053351318
172.97616634350632,94.15081465171895
58.3029955155358,45.32494859454892
160.99090280147686,188.24595060990552
60.60091278464289,22.518280012055214
157.37932494940753,157.07072713609466
157.43291617765274,69.66136500500355
20.68088347267907,82.99973723641828
160.9027930112765,137.57393697557987
32.69260045617099,78.12305587628602
142.88494223897666,112.7787779252028
191.306973115544,153.06644154367368
190.99944598162782,37.29344362517207
177.74100738418926,106.12483077416114
40.17688316225298,93.76527661475946
36.456655006101364,137.17680115224354
58.78052237882402,187.58502904967352
47.42594360542289,55.19387642049168
24.554792742302833,9.239829515992486
73.16332744032142,116.56503603948123
146.82458580905117,173.64622791269082
29.479099563800858,174.27097387042414
145.88862637179395,65.48287608504361
172.60722307643974,135.68937577177877
34.12010422897951,62.737304189255696
16.577414212936805,86.9456177137895
196.9219979425795,162.94251127872735
40.56914291098459,129.6031107721595
169.9693857940732,134.70783030341948
181.24921753195107,120.270321713131
58.61890903263357,21.00789141638222
10.130308785432044,92.523084940206
70.9127135746988,62.67679499171887
68.42104874293115,64.1391059395435
22.1723365534027,190.89046298993048
173.07933488146188,56.882933769335274
181.93255001451004,78.61017036659015
188.76637089829097,72.97744671363394
191.3444222717547,135.9078462018722
160.82039316725613,68.67291544024022
42.83029467265051,83.17197078860266
151.53984686847218,189.4236924161265
49.68167080760455,62.451822022924546
58.483379305275,141.14913307858745
72.22494750481005,103.96177952647106
126.77855509107337,32.13042194070616
57.66043885086923,80.64553260556957
188.2827907994462,100.24720876395604
141.20202453329205,11.647458969417128
193.8522751879311,33.56162930589935
192.48119779993164,30.12115221434657
143.67768525864022,16.065591228321416
193.36536941065836,188.45427528469688
52.707915544247754,118.50195653528773
141.68394978826976,188.26033004613615
20.788091678739537,44.9898640815208
127.07428927908433,193.12262194444006
158.4293420399578,29.520553773010747
134.63277676837555,11.221347310945214
71.50688969410581,168.38697078484378
61.91599736800743,157.72721650538173
38.91607583636476,56.93438673041812
173.37190545405963,46.558716209839346
53.107728882860734,24.689218569135868
152.56414910258437,5.215193442256149
126.48209367316342,154.33131613434705
191.98670952355903,176.93059895503035
184.06428735381675,187.29410722872598
57.128856165141826,141.8122274257443
55.91486681247377,47.06570349552397
137.52992797321102,60.21807003596388
63.756138585867355,165.97227904117096
32.36225634637298,12.318621290972544
14.802753699653119,96.2017800667725
145.91959468921127,162.83883340876568
194.96407842586478,17.549420260934866
173.00447345218714,179.836531059146
56.795465278912715,65.42469268917576
143.1389370811734,125.80489697163073
170.50629076920683,41.276056451047
174.85761131334846,32.181955173462846
23.38895711329781,121.43896976008979
152.61071438188068,79.89885995011768
126.26373841424805,122.47825955641068
196.80055280426723,192.41073950830562
151.10907122827805,154.63652940636368
182.544460730175,28.03662402528629
29.450154998164738,123.30133406697048
171.471854640346,148.26394471313122
11.529008089271919,189.94517681489077
54.78362862267771,17.698277365822474
25.389051449901352,94.03687507322655
72.18125955920173,89.08280293149107
43.159104883392594,126.62146847931923
173.03875693487743,89.9382170947413
52.50685045820543,67.82787034415583
35.856997164553626,53.92370572826841
172.11079062630844,126.44091618462352
145.44706396246136,116.63668979124877
126.75237188347286,167.74496063582976
50.11638315362486,99.34940536568762
15.091824286834395,118.59559292633573
61.43921293820225,132.1946158397136
176.06023980593355,176.30015147204878
128.57730396793067,93.13660227989959
43.1273967297006,136.3182065701145
27.609606347016133,189.5121166671676
145.2265909489764,54.87044325709562
6.951030543517411,58.498483421277044
23.89282719683734,57.78474980562291
52.39102890610254,114.91382618429614
159.85520806263023,196.80075410765082
10.914826148924524,64.32212432078208
154.05152804481943,90.78024578661476
56.787866536458914,182.98916106866346
179.65405532152639,60.453443087816744
114.85533854112578,144.48986656475225
186.67816995436849,20.668120462988703
146.08617839168747,121.8000976712612
146.9541316803688,163.9513409218517
146.12275542370196,100.26569935138446
10.208885429904122,87.47035419974999
10.845746036129814,186.50666670597937
134.00113103301936,10.06266504637109
164.1485177598469,178.19076969766317
163.5051183399587,180.32472962704273
42.38054261424625,96.1370103083851
161.97270762893464,43.915380447547
155.98652214855525,163.8606299300669
43.791442081331056,81.73002348306466
60.84391578235102,156.34917379262225
44.90575217691927,29.89042539968302
189.08526948246507,175.96175444741525
38.24919388032873,68.78989042872499
131.73450677231455,144.9441337574511
149.1629926857146,55.15330985370907
160.37226009596654,31.178112957908613
183.2320808591858,37.41269931444729
196.35969177793757,176.31140173300636
137.09463247777194,93.81307849177875
188.27729961901383,131.8504494175188
131.50240663020645,49.805200470151775
122.06142963972252,147.234778050266
196.6157169629978,180.37854853947792
19.998139283102606,96.77178619995543
25.290776153314255,131.01704389196092
20.34954150166939,15.56852097559926
17.860658982592042,195.81921038418352
140.62834471011618,5.91459606988797
188.61242216911367,38.97410647905162
20.20425453542434,177.37605001163328
16.408738932426672,91.15318609171004
184.25935662487723,155.0947121940847
28.963492967626053,78.66052806365205
195.14506809652588,177.20231474429872
41.08849656103562,53.02685194264901
148.40109083548163,31.478751732714098
52.98678520613306,182.58475599574032
184.69457838077105,186.9266703722868
139.84236754782478,11.122705584758931
21.270555055754084,179.3546227561128
31.807304665086967,74.18397037702385
53.66140437154047,66.51498671893181
160.90741643333624,116.91443002716441
183.7464801623917,17.66826410201084
15.261304803451381,72.54132620948813
169.43886660189608,8.442950280839113
48.4494618330208,34.89008934234802
25.974780402184138,37.90405323882975
182.61737411686798,131.2069269683459
170.5967624341301,170.05981960828052
184.22915552432468,146.0125185882518
187.16616912941862,192.91691261061447
134.93323427581262,117.1942467919797
6.275716321064468,186.1970715249286
141.8053202463935,153.1004125129593
20.393829712143546,47.00011093090271
144.64507087972842,48.11569526627767
13.288663051324313,159.92593020009792
54.01026468996746,179.68909051333043
137.51893596631743,23.93777198678274
164.24151207131132,83.37684950317401
151.93281937106187,127.55969354136728
37.52948931999333,46.103477116781505
135.5269772967959,128.45464645631242
174.42320370501434,77.53452069814372
58.14042356298336,171.90910786307805
153.69480845429015,37.87220489571004
28.321151263646808,47.35183290414924
57.89293072778975,163.6603967484761
188.3134164590196,131.342398830906
175.37533968156296,33.62854098789706
7.536928266317077,123.5135450247828
170.23489713110433,9.856758423072193
52.70738100719762,125.76094412201863
74.297895731942,6.841681630588953
39.037709681317466,57.28247158447541
136.39411232591547,117.75252504164605
175.8263624743044,192.19592802616046
170.3478116332768,184.8817126557327
52.4576224196439,167.48392339100795
6.1341153973675375,62.366202093305645
26.822848739261488,43.093759763791276
21.93484590598017,88.04149418066449
49.5650127218921,46.68535071662164
190.02538858176345,180.36725085844998
183.89955010727164,73.49161290670955
127.67114368626966,38.37573480670677
47.863384327037345,38.21733523716975
112.14025238488681,147.92600324356
149.8740705773865,106.42573569761791
194.6199590340865,167.80606270544396
18.293338745576268,138.50070138236953
165.31094431305522,105.24909011964367
69.71841930740122,68.38992814370634
11.586255452704094,102.07612502678258
190.39725528088684,157.27075709098082
178.63587161915478,29.24626724840094
19.772647066173807,155.3428012421515
54.49696428359123,85.38459964301487
22.99984545185397,129.96211790515565
20.928753052212773,31.22101991746836
14.51086541953977,146.87079554393378
58.72990902404412,36.34989612964271
190.9881555151584,36.89035585172141
36.89593751323433,151.85714207694252
48.833054879675494,84.80872059834284
21.42911052428352,107.8653385430546
43.396301472077106,173.70009244660764
154.88415623667368,76.49220313469948
12.851634461167949,23.130060899736172
180.69332819608087,110.36326500675706
26.35569751619363,62.4933716057227
148.28316983547475,29.131249250734736
37.99810825826038,73.2030433386958
185.07359840933444,170.21887008881157
152.2911447031977,189.4754480948798
156.60903275919455,58.67091272258796
192.7963226038189,32.35659375754923
63.96547204727993,82.11227290954935
154.04844591705174,151.1056663445673
127.39765626789972,89.65980396613725
170.6683529001797,7.020738367793579
11.284127484126522,29.52651561906847
54.80139327455341,150.814547717283
183.08954359346637,64.68013957541355
20.271791182833894,38.03408281245873
191.34290081404984,38.765079560579174
7.240553852833163,10.042833539501995
54.804838205955235,122.47125168210746
169.97737434033394,107.31030637915958
192.53736810780177,114.40712773731063
196.6148157910862,107.88402726293845
28.569089168835546,156.85279960224295
156.9799895794672,186.76012314238443
28.13275236567659,188.01526053756862
168.12270397315288,59.86214381275082
161.8437941211015,36.18731129656073
67.51830497346877,123.66877853366557
127.10603905457336,96.94011359038447
18.19384645194591,79.06467886212094
9.939844317695831,33.75655831947973
12.017914297202932,104.78151249212283
191.94206525449076,44.44800660319552
170.66389051995725,159.0270684606121
142.24903478512314,176.54332864437086
139.44281448510222,153.97025074337333
152.21475805528414,83.64836385524634
167.3334420390673,130.30385497609393
172.00942510093213,6.427181212147421
160.76497711009517,181.43589507070556
16.498389365755262,73.94293842517385
170.76585132623742,38.29090103895728
13.486524543425988,63.791164789679286
153.94439233450996,190.56362680132682
33.36231911247637,141.23300139173202
181.09974278085195,96.07363869262088
8.879460279472074,173.20980657032868
91.18943027740836,149.935668206607
77.9599949451269,141.1303639697442
50.628309144190226,45.06211075170614
178.16956167062975,141.4756491581573
24.290151786528877,188.86154849702734
20.977391875377272,23.89614027153593
139.81392905582314,79.7073323679091
190.89582006500888,94.88385000914977
182.59283914682632,122.16704767637634
170.02141590914744,68.94489679550223
183.46784686764528,73.02524621959678
23.834663845428636,102.31926296028718
149.21704078020176,40.46939742840002
34.04366391113883,26.73323296967111
17.166842881168822,107.27904592768708
168.94213601919193,138.12199062265
64.1503359587614,190.66830963488292
161.7864797413498,161.20617693906706
135.5317916681716,150.40637328788273
145.18219903750608,171.0252095499889
143.07656928033308,60.62093740116878
75.86606166498008,36.45245743345525
153.81021437367633,182.2622488602716
16.786029820822833,68.10340901109006
15.313962370163187,164.95227621822102
166.38167707140687,120.70608884575246
41.61168421125759,118.21764644700643
191.58268065151216,108.22072318883293
63.55386990907921,68.1649871661832
130.14376143914862,63.35419452680799
160.2595500686882,176.87550949279634
11.08866422136368,186.9882721460118
131.016401779128,48.22333495633459
134.41321774790376,94.77276725324056
145.06465341651577,186.6930412769509
25.104514039177406,97.69381610917435
152.33598808095877,166.50444018056484
174.51824710701436,15.104657621842088
81.34722715830905,142.5872364522025
137.34055999184739,28.86979948318817
58.968022232320436,34.636094833004215
167.85161294684445,134.5946751179737
35.2643279415198,127.61292161583756
140.67738469063332,196.6331944347192
37.40937912865872,149.84714376880436
35.71753846138411,98.54583046757413
13.344943390756875,161.47469704273288
167.01557364413551,55.06857738577655
69.79446391325197,149.31020386357142
58.245420054324605,25.489799867974135
167.30219846001424,37.57729137920699
142.81775859620407,41.0834018024586
45.6477964661096,167.03330878283376
172.75850763163695,132.83676961599448
190.24067756131024,162.89526794756998
5.197672855192034,178.93715446560543
168.98534713198842,28.717744972539055
22.312767021254228,87.45901319061468
70.69765059366608,137.95237669742872
139.09826725561254,118.52958803546021
59.50118225255383,183.5624140064507
166.0576844054525,163.8966232820021
196.89399060117634,138.9312979175774
170.21447077197053,25.458814839802223
18.500277902918747,176.99677822300035
45.57844886877895,188.02092742682325
129.22473338646503,131.58243833860524
135.46276589441575,116.04438194917711
46.567343777285295,15.8891176055516
50.07379380939841,52.14736520208352
176.97561096771346,53.07722068246515
40.22433606962423,193.7110454730009
51.860459837681006,75.40285222520404
69.30019829025498,135.38500113648226
172.187012103294,196.02586933244322
162.39175737421343,89.7380875477877
147.55058839733238,33.61692358189442
53.30390814432327,193.44066190779003
140.50907255679894,83.33325012409661
150.11291344783717,163.5575077684175
194.6242548411485,77.63338914490197
31.421922559740388,162.9346024769685
126.85991392531426,47.24494797056663
130.6031127638345,109.16747400039159
49.65669228539639,88.00866707545272
57.46974235943202,90.88923784068531
134.43601022050322,161.1450861631831
158.229921834252,91.0795607504863
35.534357549373034,138.99838412147247
39.51905373094408,79.17555736461789
139.2204725060139,82.11610147203766
155.03839071847486,177.09938330557986
20.430514626218063,101.05652846357046
145.89007221182146,125.00704582021302
176.4932379679718,76.86191075031643
44.45914428787741,72.91630559494708
130.4064757660354,121.20130611532116
165.13499740601276,124.95548566878063
145.55675582698026,185.27600805778548
25.548512846793816,19.02788874822313
35.39748183214408,131.94999482654265
137.42036769917905,19.645192837271875
181.54243974295562,130.68983760638326
48.34350547853063,73.88897347029025
168.8664542174261,72.75781931243566
41.654059725054644,79.60919997728205
180.16632611398768,191.94516259502456
74.65197767498825,187.3646207556473
54.427424290198054,177.634402474473
58.62385572075824,186.70487782238146
82.41754961480373,150.3728382893401
16.1736190995543,111.33710515384884
67.28726772550537,195.91833941674923
38.84211334941317,16.926985239342457
150.82311383811626,62.09304833257694
130.44041152206668,54.37266078556205
193.58798290017265,130.68412359507005
142.5197038557113,85.09132131303888
174.81358132445695,86.11688728244775
24.334114006677456,192.07924824041913
171.68625774356477,7.625997652969792
69.90756267532794,60.55885882170756
131.8856086473675,151.3824400863776
139.59634468958836,83.80162895584385
55.97504198783531,136.89790111745822
39.295346958647855,51.07942479519071
17.075459975527945,14.66341086895732
22.884333720847444,189.98718228865175
145.23465689140707,75.74939209159908
49.55234932092809,32.99778338436789
170.98417180993295,186.0456354819994
191.93039163776115,84.91811391082203
167.78229227660418,41.32053629794318
152.56128436160108,186.4116818576958
160.04930015330484,125.26094569845884
182.18175735537272,87.58870974132886
141.54340690208662,42.82652350172571
154.52372854375145,140.71116340862426
70.17101085153207,127.40209971527985
170.34484491243754,110.23881063019809
46.47757777031417,85.50270451394614
75.88246923492552,49.07245988655959
75.43686238441875,84.36308723128099
136.78295167337487,194.0995344722689
146.5745185165408,11.356225951299274
47.20228205472537,164.17925832510878
190.12571612508623,115.77780151395325
162.82943520644952,136.39820447368797
74.71385930327916,116.8935458145315
159.68748627286232,193.5771535678495
144.2832753745169,185.48336314750392
190.52942623228478,38.416308894952984
141.04013591245405,94.49976587565007
18.98208724583309,92.0121175410471
72.2406836496566,65.13445521326848
68.50193081245095,38.513677996930525
146.856728498495,70.10130803569989
163.06289487799805,173.08100372364436
8.202014919793768,158.37450660139413
6.26606950801724,127.73837398487991
143.83473744932044,147.86388617054516
51.266152810152505,41.66820553023159
186.63664239985172,105.14076054001954
144.8197679767562,63.65440106539602
48.71746597818848,6.3253886312915055
19.43530290380059,110.59593878813759
133.82809359612887,116.47079081610619
174.16924795915403,125.29434467548081
52.02214486022982,177.63100944263147
131.25533325081602,139.11423938024927
66.33289748017464,32.39999791487078
176.00370874113386,100.4675632290181
161.06498999346428,15.325674196289379
55.020851767267445,12.998329133994355
44.44859410324442,81.47845013326962
152.13370632892116,120.56381677752472
130.79782703395,180.53983102075398
31.0927931852099,138.12293503451534
129.38062153477986,36.38498896302833
139.68707161885405,65.20114254921653
58.39537959392473,128.6329989395898
156.9809969480824,66.88374195946547
186.97736368323805,6.176984019127025
166.72473178043836,130.51102405820592
46.24283171729962,158.88924467223595
162.37233408834314,48.79601297606333
193.06457282394342,96.37306292322069
11.853185715480723,166.5961841972334
191.96272641028494,46.05929926763496
20.089175251648513,56.201454760182706
46.98237107110734,61.75867903813698
31.04544538274083,10.82277126791834
163.38050967540542,137.53724247769804
138.72002811520494,25.810803297937458
10.33240434362436,191.5723942698592
184.42038135091312,174.31405111947976
43.25141873633077,83.4256547510028
132.28232951856674,170.53402803854394
128.89325046460303,125.23234738524214
40.44479004141272,187.45939417466863
70.07297469206718,161.86063527267916
190.5766698946432,19.418765059006123
55.16373874950329,15.703395541348865
140.35401922127497,194.03416598719627
35.36527293265164,80.01706023434149
91.22281306669856,142.65368539778254
132.93049852259952,44.66627595590741
139.1849822913339,82.44524830132585
51.03669300240224,63.98811966179032
188.68707298681056,70.34927336260965
159.61294662944948,171.69848574456412
31.23443825810025,182.38306066608413
180.88297529257815,157.21439278544358
130.91822046786328,163.95353704954988
167.99147930783204,98.56155529412416
138.0472635381842,128.86634487622052
155.76681253721364,27.559045918853073
11.761128388150594,138.1745368323061
195.78400448257656,12.857546248966882
171.07340249563498,29.140391756065885
40.164314561373324,8.356978224029188
137.78029070888337,50.506906165046
153.1605559663151,131.91762823079824
31.86023112442156,14.834229758115315
61.94874357866441,177.46477511290664
149.00527042748294,136.78372160131187
167.16489743717784,175.27890092101435
41.382007246911975,40.39032786091551
69.69876541272687,40.36944720965268
75.6847414409661,56.8101090178894
151.00802340637583,85.52733744219599
8.681111097902196,185.10701001952302
28.77677180193437,117.63265526568877
196.948338540096,167.4325362517941
21.49872614230127,91.08640821304598
23.261945780806844,167.5018822088903
23.272628933946056,38.89172559424862
157.09891534296145,192.03989754080715
66.9663746767257,195.79646836435433
130.79989524766017,67.20094884825411
171.43958945515894,61.836774098195875
154.281355497505,83.76101198334678
28.770611953348023,173.8329620229482
141.14975183825652,157.6978796719318
40.71448896824349,161.29482273269858
195.4085270585099,20.174606771217718
65.45963666181326,71.89103791229506
128.84534761691162,96.03443933724144
158.714292953991,162.1576827733506
15.465812262188896,79.83038446221406
51.754563874127236,119.85629406329167
146.1789967943388,47.89658674125444
8.33742248165274,147.05670740990828
42.8822224209051,76.54322145542828
157.67372839473035,190.27730209981092
70.65920304806447,49.28280917464685
32.83753904530652,156.13450892257814
178.78681440802407,27.16229180105565
53.68434621470524,156.84134841679307
14.917917836898551,107.20488691177489
133.13130656759077,35.20289319205667
165.42140608401527,21.4158787914816
162.08369048942643,21.047531022281408
118.47065697412626,146.11193681121742
78.09197690711304,140.3711010133633
33.15911675497893,102.72942958580386
181.69951387196429,123.25925548108161
133.80838879491773,109.04137078112558
190.11035842163324,102.3068438079192
60.93889640420291,192.8895316037719
132.25333582976296,79.2790512576261
180.58501769615725,180.63053033731808
13.173340641203968,97.29322091949913
158.6103596712078,77.21762046971297
48.01608876696043,78.55019991121922
55.07886909557889,148.7254398927853
65.27330291099577,137.21792676788183
154.74159700790588,72.12064685678698
70.46791397275712,133.1778106490683
50.72554165391314,89.36292037251913
188.3515481344809,61.340440095840016
135.79497807736317,9.428688523970619
112.01491862261413,144.54310734458406
59.508510053870616,107.7511634442018
180.6980419707615,151.53981898070734
195.13962063254655,192.0040457071369
9.579179789353134,69.74588832460184
145.87498348147815,119.21980938069838
35.860853612751036,158.6127730552809
98.35489940982137,150.40111479861406
169.25574860834413,171.50659086223285
133.38535315469272,139.0189318873687
58.371316235348935,64.95385462271837
58.04954488874262,141.11983185413933
68.89802136619065,183.68198768201535
62.79562637198798,179.34575510190075
142.4591170361743,92.72073907307616
18.17011369850473,189.7023540947169
33.86642572665936,41.00333173736187
55.232812461299666,188.73980739557607
140.93537102597256,11.182662703871298
30.362016089128943,170.7425425824792
173.12090632313084,104.840180628707
196.34919609936213,20.118116161012924
137.3480862835874,20.17171315817279
154.93977885758164,106.40665363230507
31.661215335397554,88.04232354447879
37.70279304571435,68.0837234051208
13.209364048899163,57.318357072702355
67.63944687815747,166.32310862700132
134.91063092526605,143.31988907225272
172.9535296169544,42.1528125763014
183.65675451393935,160.71256811583592
13.411175778950991,85.96346402748145
55.28093998229551,189.9318283470791
169.62322984338542,190.88257595924836
43.73301191435016,188.32416253364582
154.63738908083323,142.3647434762658
74.09752281035068,131.14739957770817
37.08682579329591,91.50702626831011
48.88946267751717,46.84730972128929
58.6106439980109,142.2058131845356
35.185401509158375,50.38029843456865
43.65386815141093,155.08028245621514
41.50451659731183,34.648511950559254
71.07341706033216,57.46958542307226
195.19961585935596,169.89533892323738
23.422382106800164,21.92788597576059
191.15141227973444,32.154778463120806
156.63149839294994,89.39200319339298
73.10184514794295,39.34708829195844
67.36321471782655,133.84896539051235
133.8661375393573,5.215948742117698
136.11678596839204,86.85221488072666
47.12165071685536,26.795965486427427
138.26764586109653,61.08079587019645
158.19518520437288,100.43385919280784
168.0995498928992,44.52888988300464
191.42463016706267,78.46500251302747
174.52151710585696,169.45010243449914
157.7141398209276,195.03003522595543
31.23168435678494,195.03094106097973
134.3843245475794,141.4951093498436
159.70349712385607,125.01180974580886
62.52411099952606,191.82221149212637
14.135185584370152,147.41582210336574
31.67612552176628,72.06587876703702
154.4243886249244,144.59530778072963
178.95282420634075,46.12331548567359
16.595794871095844,175.10021645986444
9.480890919505416,6.551248084206733
27.53504758756247,103.54321380607453
157.86874275980995,112.02540570461902
191.37858249975255,80.60723061465526
26.152356622640156,59.392020958180254
8.290005110274125,62.53137404600033
174.1332492449607,158.59690309603306
14.125918286348835,82.87635723899282
174.97780008891394,75.20392630713201
186.51337895103654,171.07430932958886
171.45200415849547,15.99223803872547
181.52723503271903,78.05308894955294
22.973276455903466,157.8472906398555
56.05887806692717,52.74651124097933
143.16406028603177,104.85027214321624
12.652024488979933,34.51591919296082
173.6850672395331,80.49060521966352
80.60028656677763,145.6339579734378
184.34078501257096,132.17771060896362
12.239708477247355,119.38836851314471
174.97927818077434,194.33719210876123
159.98653362864,68.37245911583899
63.431028109779334,109.78421825524697
190.45908130905258,83.60742831405963
48.07850542948007,108.10321904188746
47.133876545465384,124.289753779132
166.92772843700993,95.93662915046191
39.350860267225826,169.56716958842642
15.688801279740867,124.1487707742228
17.459768512948603,43.68079472104437
60.28483922193313,52.97402437129177
183.67656359946787,11.525014562286024
18.549429386971987,35.701754411538666
153.70367518128452,16.642781211548492
16.323659009707804,40.84223932377484
70.46008799097417,156.63234310612492
127.1120072748917,38.8790504563975
139.97095762578746,140.97229256490988
21.238726003427917,131.51889608537493
47.40490391664053,50.57601210825324
172.5649738696448,51.56362031084454
60.190026895676446,45.436120207461755
55.99252482547364,127.49847982348989
167.1209829849297,180.21954789470152
67.13742733899286,93.79882953563128
153.9523065963574,117.01323149060474
30.260722839417262,172.16035759855168
168.9923388957595,57.54295538488265
156.58716392347003,29.68710423257141
189.4887440540122,21.086833795446694
181.487025336652,71.44286272290087
138.75789298723694,114.92133454335791
170.11544913957306,22.971721802542405
144.71385048714086,147.8098709115058
91.12302410801593,150.49065543162172
22.05135196572561,127.05497911484667
192.39109023980515,138.30054522345822
36.568674934012435,7.505195962094945
181.6828120233738,115.49169413962574
61.343192033780625,62.06954979054466
150.48121677733013,133.7987028607001
46.785896265350594,163.75248846812593
67.74212956192834,100.64770289200109
172.18077825727923,148.81546200527748
35.100349103400866,53.66898370186652
137.18730890771124,146.2263709872614
171.50250780027196,28.735985414525103
151.5847402203014,95.90624007652987
163.12469554971307,84.27185910045782
187.51542796399613,69.92390209438908
147.63988986194158,152.03621507937208
183.1660567202164,129.36855458560518
21.511980601461246,116.91128486264488
62.68688535421792,81.02192538858517
150.9674824658626,156.26126446745172
16.68933169410722,190.32021058052524
18.79947994264402,117.64561831115394
138.72579504053854,126.23054702252239
55.81279878570806,6.931377743435929
27.9876467031058,109.32452394826275
29.138090338263243,145.37753985992262
63.150308144170666,19.843701918148756
53.999141477885736,45.991366932814515
181.80593593123143,46.10953278150826
60.89209044317395,102.95032473335522
179.4388801319196,182.33207737213263
153.8828911845118,135.70197250241063
48.80188495757804,169.28957607541196
65.66962197850359,29.751273540325403
45.29201163421372,38.552881056233055
146.61766396578267,67.78939340830559
185.45104861376998,191.50491522965135
173.61036233723786,177.76707688135542
19.971419338557315,13.224204868462376
195.99900767969942,16.634041451017506
141.84035717149575,89.50715365648718
9.61539018378274,9.483561829572437
158.08819277331136,135.36919316936738
145.4873406816844,113.31233339639579
180.59045918469698,26.97849773621578
61.00014519988632,105.22745493393116
164.86769356953326,83.81475724776432
75.07385483774705,13.09669828356243
145.16224218095311,32.33918240211541
12.316831771535515,99.3426118390887
163.97552685276335,99.51288404151286
159.79260297841753,81.65585918826521
59.7065250880448,48.88458056842792
127.12870951249917,162.07362564828875
5.868861340924059,89.66191265037472
47.82421793671965,42.16706509880385
127.26787990150471,70.88267181693942
151.93633144103518,78.38737819335486
16.294169045310813,132.27026226794788
169.5595491684337,150.47514814915746
19.751032620682526,161.69828262955534
128.88353655165656,142.62365720075823
14.995721568846507,57.10332520195058
139.87639435731262,99.72958623764036
172.32729624943943,35.67212930611726
118.07425198373197,144.5819889850874
40.52654337948882,19.658186248908645
35.270175298103965,94.95613352704211
192.2415894360165,149.27411706989835
155.78768723344086,155.5497699116355
105.61224124497247,144.15164625991275
66.95314832064614,115.92976155688325
112.07218942259387,145.4925653181737
12.519056456246885,97.78759360504233
140.17519590942499,137.1808780963905
132.76791755256158,118.2010240401671
175.7494170458369,109.06739019507002
194.2471517900064,129.14232999301757
126.1614970218857,166.64471365594162
183.01619007303262,78.21249250343087
163.39191543754316,140.64192844182904
67.63975123091531,136.73486987143173
21.334602149441032,70.1849533991596
150.51960531440739,69.98277794001056
70.24014070100144,125.53308437463944
54.99583243864813,111.99501547817671
24.708148463197137,54.35091885574367
66.57552453316536,101.99830464185594
164.95376589613002,105.31892556083302
52.66879133464845,196.46020180248274
170.85324448499873,151.18320929056839
54.37247350440039,19.468011869768365
48.2113230525104,15.280497065010858
176.0789420475151,172.11333990299042
143.60639601061777,47.52696958067457
22.83490718411836,74.40065709803761
37.43250610129551,90.0753535625842
127.17835738373232,151.3561953587859
145.20561850394046,165.4606955911417
34.87516128201019,36.42677740939671
64.55544443466235,192.1030727628172
20.146995843962962,91.71565903244174
56.13679103905591,87.89927097970804
65.37503636080599,151.91360398281415
31.15755090333977,84.69616842562888
168.65693401763002,6.649800601818031
6.841807619578562,70.7245951067226
10.532258312917154,153.97057299323083
154.2861455221268,124.69472147919036
163.6734537379419,116.80165255289035
47.253288189393565,93.48785853585345
153.8477268726074,128.04017390628343
144.48233090188046,124.17518251746864
74.70135879803672,49.9934410062624
65.32888104184453,34.185138094286735
183.01755589576297,173.73231323875524
72.3522000358189,38.27755440295313
22.613226596211753,166.0372803173949
59.308593712987225,64.06886071171286
69.98510952947822,23.977615733536386
52.56915058771432,42.52358677962718
132.11835713812178,97.51294028018275
150.14330029402785,6.911283833331434
133.67490987652047,155.62233252594586
16.74897058384497,129.56477197919014
22.642944500619482,33.10986189488279
139.3314365270015,154.9644036954165
147.9270028347054,70.39318120667886
34.71934182870064,150.11412766455715
143.48834628281162,107.6201019105022
146.32010956308582,38.43445766086784
31.626021464711265,143.60517745908896
153.40604315200702,155.03359640901078
11.878474870839842,83.05610877377364
126.93538407162401,181.27025459656767
127.37712209763706,82.61967453080791
160.82819432915252,20.563367733856396
169.2885779325508,179.67000633841732
189.48294193088037,142.93404961298643
16.70701190149367,158.8044306402084
75.03117262056384,86.36174767359884
37.61363199069855,74.66329196651895
194.772091045271,36.0956628299537
20.20919942185464,191.9628608782162
148.6263089565906,142.06239409275804
130.55389118851863,132.72893661094446
50.267861320856625,144.24198099859237
46.76649817392823,69.38864518163527
167.89206868308335,94.44154134989124
38.379998422288786,21.721538363756185
186.40971471185054,39.97323714697327
64.5696210468696,66.7314229909491
55.57358283829799,183.4594708277838
67.22954916405794,81.20066825121616
23.228871235549793,176.38697694447714
25.120498222311127,102.842042419674
154.1470702519047,49.17115370575813
179.9777872392468,44.0644016481219
156.9853226384018,140.24350764195773
37.390835444888666,42.17171659678786
35.07723363781149,109.63347972962552
152.2838401169802,131.17098404842574
184.23383427695273,103.68858826876706
180.30553910997108,153.97849445496797
56.403651238873074,48.952727055753705
147.65114178533074,128.8555262204638
134.37239954112042,122.63773828685054
51.03533245068713,28.99335798528182
170.5813043353137,174.12888857119341
46.742645525275556,50.10558911232151
67.56670950765813,130.29729862046088
45.191796082876614,45.31287343277182
151.98660284845664,148.33711721503116
67.55858717441942,34.98699035457525
93.31522042490032,144.6132934056559
157.89912106371986,153.24048434950706
56.94995955101088,24.101025723144012
130.21384315880323,78.54459228126278
126.27159943400646,169.63579046923027
154.53438423506913,50.082780272225946
151.36870902358203,31.887861349503396
145.0005130362164,133.23532962868785
14.526112880863483,73.18850376063146
74.74782907354034,15.330618168234324
59.87294184029441,13.170697153139573
158.8271090851621,144.20573150840363
130.19436603178437,24.20874638941428
119.5714216555814,144.77705656955186
184.582737299791,172.95174121772143
187.77817765483528,119.88132891101817
33.899936750823954,35.986789649155924
140.609302604183,70.49991036407087
44.699706164072154,45.66527175906098
67.91540183241277,69.37772268917928
137.60464285246965,66.34000238757174
167.59573102738048,58.992892534582566
146.6149170951345,61.28022020795762
37.73767316174122,27.930457863767824
42.87148577382245,158.07233582339853
139.67401753579625,138.88262615140843
14.402875527946978,38.28532119596868
159.06523298068393,118.08674785725294
129.56719971299498,84.2553538829812
132.54433200053037,169.5709481788284
146.41865767774033,142.14670538192473
150.81766596546697,139.57914487582755
133.9716178485452,45.25503843246459
85.95120216293289,141.81793661723563
62.69215220573571,25.150026611729164
52.18531096673759,107.47540302244549
128.4264300976893,185.52079845918288
73.72176630547118,104.49234020122796
70.55336290904803,17.502947443412424
138.36349291269096,70.63164350367319
145.9462245001509,164.70094379466184
172.9344173042321,192.38777578826742
6.657884031877403,112.48397916357837
63.81907534368895,92.91210725975967
178.55282169089662,24.145917768031875
195.42826152525032,73.6375034049226
191.6268557434412,20.83307107558895
5.716390676600286,115.99187499008302
127.03219709300079,70.03951349492857
15.101578929787783,17.190998452156936
22.198776417666053,91.27347636891979
44.13775684291612,106.98245162725038
43.68256530214662,81.34292847301275
146.86315024269456,114.27737054899316
65.32899751772224,26.76263840042062
167.9910136235821,171.6726230913803
132.18176181771915,160.9585928991554
49.40841292005134,7.251769410412877
162.24211432657393,82.15203311597301
128.59059015483666,79.72780934849608
135.9241450574288,52.41458533857632
67.30954063939261,89.70730373894524
164.290949549637,107.19484984909307
13.932515051456281,137.12519442836697
196.5715793968407,80.5469245720083
132.38754455661964,7.223689015119343
171.74439207609424,35.644595043718
27.902877248715214,185.7248535666149
163.7170160172578,181.90465021421016
44.36915335127398,29.249840324329817
30.810566648723345,14.979690066404387
7.204110925812442,113.16347138598047
57.93517211832513,24.273703365764796
5.539173728664786,121.50027070712929
63.49257339462189,172.97358391461782
65.36478200428976,68.30494710456144
181.2908823370334,150.04831227329785
47.57003626470691,57.95963542695254
153.18254282662193,114.44878908005245
142.2591143323816,124.26174098862514
170.66687541315193,138.57202604573624
56.79923883323561,81.12284716370785
62.985673626426276,83.21565029065376
163.62792363361768,6.411122479943954
174.8708567688123,169.8465254762646
16.914785109280324,167.71822706818045
44.65419486549085,165.14106643325417
168.59979915491638,173.81331370992595
41.83069079557476,63.073309811069265
195.12927488569156,44.83215206824749
33.76012594684252,152.6310372990672
33.289904444303,147.10714023943692
127.21589603236269,144.20104723362104
54.86249255425377,150.4207994884648
16.737583591941533,178.49252139419562
71.86715668291419,38.51642246764877
56.11332137331449,177.6512904977839
155.70734926705686,179.46967553624987
6.552444640601141,143.5363165084477
136.13904195875,126.54287487044138
194.58060269123163,173.52878430772415
194.03220509828375,138.75671216302186
58.008932605399394,139.87940335739685
44.679102086656165,171.09643763306622
159.68052190550728,193.9957525323926
55.485157621139585,165.61649513723492
163.39949028336827,188.72571170893548
70.72513988291033,161.36315284095545
18.157515501172515,111.21259327824407
32.5408791621549,126.74114585510786
72.02026495802211,148.4948133596489
145.99862651181982,132.69343799007768
17.0658902858056,152.21037703879097
32.37276916589527,161.6177596983407
92.62853626913835,148.29826236009097
38.9096533142939,130.26036512510396
191.99225659312535,118.5088953136743
60.24573656350626,119.39761034347522
54.10870002244352,190.95251479604957
38.58823203210238,123.3707122422253
72.27699420022368,172.58177738177923
189.08946014693808,95.83631232207044
131.45204858885285,186.51965791034647
181.57281793816236,8.972855268730807
20.126234040442004,11.84209568736063
57.96958886975424,13.006525515212562
189.63791025015945,139.98241573731713
69.87284102999328,159.5521079243985
169.09828033576585,120.19900845548834
8.89459510624834,47.22812263422232
12.65419051286485,188.50749991039123
148.340793776529,113.51332788703105
43.3929608182861,175.0294125040422
166.8467137991651,61.597885138890696
132.18461615407642,187.21114366668164
69.36204877352345,168.79266347144355
140.93336722150076,117.03584180536015
45.81946925825796,139.15817863684546
193.97298312019458,15.754879383780855
168.3599544941041,26.10956012144529
60.492822898245755,101.30900795218119
126.30557784710172,136.79456531720012
37.86436854639732,68.45778977315177
31.508484703017764,164.7968522223925
26.836703802881885,91.1740443970887
195.4988349224786,141.83825358150656
181.69319015743443,79.50381310439047
58.10625731477939,97.97367192073389
23.813243534116317,96.76331122675535
138.7698731806851,115.32577109393712
166.67955974483345,98.10964359003884
5.648143488910222,43.70056391678773
136.6333532172954,75.49465306618987
187.2576853495503,102.68844895141538
177.1333443925395,123.58349399694603
196.06022299951238,62.40170406969798
134.385391514947,195.6299235507042
162.80475649548617,152.82375266980105
176.69176787936271,40.94386363668995
60.55013944910516,74.16162543849904
24.979107390838504,173.16255540573528
178.5633421248849,171.4447730382843
9.603461786092245,186.97637935487776
157.1728143700809,165.92802373921498
65.400602394803,37.03539526901962
48.65372335310603,24.872784282935495
7.479978676357634,102.55423630491218
44.932983846823255,77.04459196259434
10.503862028632785,129.57509769169027
55.797475999863536,136.90528688136084
157.8737723213976,126.25748762159814
159.12410529245165,147.45522656760883
154.06565272993865,171.4083938003715
61.30261590446313,77.49320929784307
20.69738791309153,27.6785997509328
44.63317745106841,44.30327053807151
24.616342369572532,72.80345501288716
158.46310010359483,182.77594182502605
147.7867792042367,45.99229333691453
28.209079571323905,129.31122799978502
38.274891595516195,108.45500596204107
24.585820499224806,60.12153204071053
178.72179979961663,78.77181157626613
42.82879102812067,159.09988085972705
38.120433981859925,131.56702772392492
74.75650294550543,150.47476336166577
176.02937350712722,165.29371488764497
25.98953756417732,121.9574601022189
154.43055607940775,98.05146037097023
40.94689396095162,150.37328512770094
21.415232346016193,40.36549391696194
60.04339798245992,38.45809458173723
175.83885592553017,189.04756039535215
21.672520138333574,93.72931060296884
22.453823801096238,184.36515978075465
126.94334630696108,117.41305933811408
34.23382113681224,68.37568760826453
12.496115710315921,102.26782411636474
75.54182292258656,91.30015350151818
53.81687619087727,123.93588555508587
45.520081330100055,178.66675501803243
131.77176471568046,16.331395745367786
55.703635728969985,57.584180396040004
175.81589941289775,192.43181789762275
44.73105323736967,61.1904427522706
135.5429338244521,30.88537140171524
188.86620870740302,126.84854392767785
19.564565713676892,47.21079978567046
173.0199525253839,111.12532683900281
190.39141611192179,147.09103658213388
24.987378210803953,73.12580301486362
188.27802654104215,148.0481121274487
157.47295232290816,25.77967539516765
60.751309708193126,89.38362317532551
53.94254273658054,174.44806278021284
31.473580720154345,20.306423547518882
176.06349997645538,165.94502529703956
18.4022786402132,75.473819892632
34.51488588897347,142.91036049083795
160.9242953646553,166.68078302081747
194.06922246559964,94.53405061288137
55.397759332416186,139.62660698884426
176.18733084880193,33.409993062205444
56.15089531008939,55.28007727084437
145.64766931823306,72.45995022328714
20.581290633423862,6.052756356774253
167.98776540783635,117.49987657771692
38.38147342182223,14.181970768991633
164.5688601488775,54.984980816772286
39.219534457125505,144.16308792656702
44.017814067234696,67.82593867834622
29.258991781632137,97.52878152744134
191.14847896852473,129.89834207469104
163.048459297988,115.7430838349246
147.21942602416044,167.30743465270712
63.9764074667143,154.29587621509498
74.47577621657796,110.16466208184073
67.02771415469422,71.08136944700263
180.97252569422233,33.95628956243925
41.84884142666078,133.11415375331688
169.911656922919,191.97264388451242
6.383512952739198,151.15411084496236
129.79138617444605,153.00887192282306
187.94455248810195,66.5147242902649
143.3311085924558,75.91496654947105
47.54536067461125,128.2401424436076
70.11828204023655,157.52275854947217
60.577902017789796,11.631249365378299
141.744586019031,66.05273703426558
155.41535228252224,194.93823225368683
18.46809917029681,66.96369868477309
28.77452242210542,149.80667119817178
193.3401388470085,14.467636025041822
169.17918881274844,24.911792592527657
66.80236302103383,116.23992495276899
65.5713382816407,65.03088857984115
9.958806838824897,81.74238234283048
174.6529669774825,64.82867286120029
177.69554732021595,97.83304451793657
13.51573214585951,103.40067722585249
50.55292438709228,43.44976336234721
74.12585127170955,120.02015480102197
31.79943504503012,137.9727630106756
72.87722329374165,65.85245767658007
147.54321621380925,24.32261420435135
183.71585177062303,120.13387483588622
135.90541337899967,91.58353870887508
29.21570877200976,188.1557990022927
16.3397020572387,32.21506392088403
149.4692746334912,160.73351837404212
165.36463650499533,144.74850431902755
188.78819651638725,71.95590801001639
43.73020515880271,50.687356362924085
152.16073579102692,188.71984233295697
52.523578016968685,194.1981821071058
177.49396059188527,181.82849494755874
14.888691015536345,177.67953382072707
11.97130177509665,164.05884026459748
7.545267275087105,129.09190050478898
20.635223210591853,110.57718632790166
123.13250072058656,151.42663170080414
4.988648158643337,192.66148153321632
33.56315705460064,42.5298921350179
129.2555815273476,194.48783563050776
72.46008441466269,7.140421407907949
75.60834117240557,57.443071079430844
27.39461163447701,105.7375264848773
35.048587992665745,39.056598128825065
173.40012238372347,16.904432626645356
5.978775790881307,191.05403723797662
17.341474112032174,114.35484166410737
51.59001248089492,63.00509206107366
48.757146131808994,151.91739300321282
5.982038399365418,76.48651284778603
189.99550623699844,164.7819483092518
29.300415589920473,58.33631773200646
25.530331713331194,186.54391805232777
58.482062300585376,124.29640397223133
7.040965546354338,77.04195598754546
14.858207171330184,53.33138758110128
14.6245690274167,28.530827642564336
53.029450516065914,56.590489717309964
144.35045563564125,15.928579895490417
60.78275738478971,96.98520971554532
18.38176245612531,125.17360436777025
42.10508993390596,27.64586568474833
58.481725042339235,147.5124091094046
149.99308269408306,179.51240630664196
72.83138249979108,157.2167150746105
28.542523205898068,87.58703168888579
150.12002379203128,114.51373899254835
165.95222321416605,52.92840421235352
63.67967733179925,98.767053654756
31.908640782629547,11.178031627844375
21.257028130750975,5.008332439005135
195.47591204658258,96.48590587416834
72.0104554627638,48.12764433794283
39.89950994477674,187.36586896325454
153.5023306625124,188.37168677952593
176.78608037864484,40.67686248458758
49.673146834809216,151.04895731550812
27.24903019371562,63.67820118295079
86.16085968649355,148.02949126438267
12.420243896024427,64.84151988056166
194.46439169644322,179.85591414191686
43.29681813618247,193.45131240652444
43.55418753099193,128.08852854377614
74.12992026333667,163.42067382778455
146.7683253199504,23.78815619596399
172.73874809951084,127.6432493138216
30.603365147062362,72.29632345257491
137.3767145156855,177.3592675347076
64.60184721962493,179.5773360303387
187.366995207418,19.35971166990416
60.454689247858575,19.222034834086752
128.80056058903273,95.7256572451871
157.351297408678,38.79949904014948
33.23608344598469,72.23514582030782
23.928427335308367,44.535927447405996
68.75337786837264,159.10755729278173
152.65326836092163,22.955944525956262
184.9710854389425,6.136019715191298
58.94370195730576,25.40083874238479
24.148334018029427,151.42168051291299
9.461758970629432,141.99988154436883
176.80648731396064,139.0292012707256
38.340144036458575,6.27029863282885
128.94811682368763,77.40240193025089
178.71956887144992,122.73176527425885
51.2008279508663,27.737974002817655
17.31202094113964,6.2712058644110265
52.892062261995164,133.3422605221034
39.25491576855921,38.05951637429984
12.841086111963552,119.89650150984643
149.7761074253876,75.3355074031017
56.56481992606503,126.01249193494245
158.0404064153803,78.18479584801636
136.97005205347307,155.21836870633197
24.392048606573823,141.1570658493136
149.88132702789653,187.98942538165906
164.42168275728062,101.39129497132852
167.39777302072633,6.319289353538919
33.7519035925481,150.58466597936578
44.5847871814693,114.96946508052955
138.8048024802176,180.54570924784616
28.423104354839257,128.8330719102605
166.18405064949377,164.4403864102287
9.80652974801367,177.80984375167805
174.18765556464874,9.782569788989232
31.132079790319548,69.76946496238695
157.10995508582675,29.86243391815288
156.49161878393159,102.54181259866618
143.45607598733994,131.07375452283122
139.1884765689765,41.789412306506726
168.5958497640428,160.6658403997488
43.35933878090647,64.78383875059674
46.84522143375959,112.44700832728245
139.15299365228478,191.08297332740642
183.2650314076089,162.73982443648927
183.92030703620352,68.90373987722
182.8378708269968,20.234205792186355
61.497974000448366,54.21936497451996
52.324431257740486,21.437111512911457
168.66790905637595,154.45968630600373
187.25602070727876,62.72727452444533
14.414856758385287,15.397769701227782
126.7127302824123,104.9499925749484
144.94277074660033,151.2008950836013
45.129826245810904,147.8833491199178
128.4268427422021,62.7810611258156
24.465593424152768,177.4256626539831
164.27958026764162,95.88927222050226
172.92279210363742,32.21261314078857
17.405069598542724,121.35951297822572
61.910980441336335,113.96227232878572
66.17407948093286,191.42582530189418
71.12649164901188,105.00101200348169
29.409362179691488,42.071393861717155
67.32025067472348,70.63904173839262
70.94477091393887,61.50559883648378
6.46567099008934,102.67021098207944
28.207625608068387,63.723479138177915
155.2722274594236,24.817224740806864
158.40571334049704,33.54184219740265
52.7426099023494,138.4736308057068
19.336700361936778,165.07651387557604
56.18846232834225,15.056759827870742
140.39956540666043,82.63946657164941
192.2882644965389,187.16239446968896
66.88393705649239,36.760348382543896
174.15717251644955,124.60603137152282
30.594327887463194,113.1553149179978
152.68370269969498,140.40889940288227
137.59881116877773,42.81158018669831
25.797768689356552,98.18080663885229
31.878986675341103,190.18658736043287
6.447690635382576,78.82096948038061
195.66319412381137,181.69309358506126
175.82988408292493,57.96255502571267
128.5136731068707,162.92929921020863
15.096187782560554,129.59501564787294
172.4093844719916,161.8543634140603
73.25425366886338,30.140117303865456
22.36433813105268,85.70829738161491
56.571212321589734,21.806421375533397
55.35927874069412,112.02072432218806
129.53758395241698,183.8063913920359
142.87729520524692,7.03078650619906
36.83670794641952,165.01947882200764
148.1550878075761,141.00747109822538
193.66300039180697,74.98116608835083
188.73375110578212,38.45827506663402
168.52500724434145,64.35288664389981
57.02849912636419,19.824470483323843
153.96526943490218,76.28853268243961
46.94868866508733,69.78248812288382
69.92377894572233,90.38573343680203
41.390040650758124,78.74158058802672
7.81672756647545,129.69385292970657
144.8380918224356,165.83342893038377
189.3383663467098,25.02471723062225
25.81106081193283,132.314345395007
145.3146769647724,30.484171989549026
149.21232071611652,40.27865998276465
46.245727058321975,159.33866999061868
9.595799282384322,28.3506021524021
34.5585311281285,54.73075962375832
147.48182686490657,148.9828467963286
56.310943815525526,74.25617799803449
65.18331670201788,165.20822537517017
135.387738695535,131.37211019854962
19.74778363803861,178.6732770066789
148.0541824142608,21.342791047938995
38.99689082559974,25.713646020348676
64.73625307601687,113.41132357965897
19.132267839163518,186.7362995215586
25.780107249676494,94.13970577112646
60.20245373245269,94.02934084703136
33.47474619287297,76.73727454929482
41.20484665390016,111.44900645528972
36.00273415199755,161.31204262310993
47.38059746905209,98.1665596667404
162.37942373648926,30.457250665063874
22.77225711031157,131.68559712601325
109.05954977107325,144.73427028925693
79.43427392182204,142.3796085096768
163.30812331597153,195.68683191942674
23.014504758608883,105.14911795056958
16.659376751656357,189.90841203292644
195.00630980680336,127.9717308007984
138.58954631410535,131.5483316794172
72.67435051420239,55.926119495579385
72.71389610990161,142.1015494017095
60.897445704428954,114.17218353557875
65.61969537458602,67.15729171096046
37.71378457150009,42.536997467338836
154.5796458688483,164.75971704413163
192.83249454386078,175.7525690884076
39.858599415779906,43.0944661323259
152.3059295186141,110.70216988495633
154.85527741895044,177.5189355212058
46.27899682212317,67.50951392443822
132.63163783401754,76.12693543546614
154.34600876373656,74.43387132601873
7.625746104917531,132.53830906291952
15.807383257583108,146.73347391968227
18.011616433398732,9.426159868585772
23.293238522806174,144.36406140500867
20.284573956839985,62.11528422919771
131.9880335080743,100.88187813511391
163.52254842422738,112.9536012793949
156.76113070155148,130.03099374479697
16.677634860440612,145.99049040037937
71.80060972968641,118.2991819635573
170.9545793348503,161.6267527562603
19.84930938254781,35.13617438432525
118.52592040595975,150.6025281046901
14.721815187172057,9.414835067246521
44.691341654971914,141.68897023494853
66.85760630088127,145.74561628669247
100.82414049254163,146.25961074130143
26.132377569722,13.49084006269126
28.50875848721522,36.56360451479819
70.90305099933104,16.522725034088
136.64566372186658,45.97756209466816
30.635828521587925,48.52255702959167
13.692606485261765,161.1999585613194
166.71562493839852,26.501635018985787
62.43689189400546,135.21935769336102
68.32396224508351,87.07283831487688
75.94790845595692,188.55452467716546
65.31607825779962,196.49982281321732
186.36072469099196,88.7090300893108
5.894433616988734,196.8004169498964
42.51793061511493,112.89591248640838
165.18495688797847,113.60600955692681
45.924365544007266,81.09647295218748
61.41780898378202,188.57800396897028
195.98729967163908,169.27963536612359
42.24997275702295,36.00121343427251
129.0534550276441,86.55325535035934
135.81647934297135,79.67330543170064
58.3003640163268,120.59262194471592
188.73373767400187,147.58622022908665
131.1321283495579,40.63295546320171
38.93123319485777,60.488973930375465
16.144948785157457,97.90280287593262
177.01947581853278,23.51888436024596
148.67045881196645,34.19440367690874
128.08608174352528,16.7480003015488
24.51566244192503,164.4789737318725
181.5128136063976,58.89609689833676
45.44244348631959,106.08402113141597
128.78236029632416,129.0094474114002
5.172382902812149,177.37792565159413
142.16802235543514,69.5312512389133
95.36904483244987,140.99646269072156
17.119176523896318,131.50491803197582
192.87782259938922,19.805210095541575
127.06981560659561,149.71615215632258
45.55776709030603,170.55462124076152
15.29992891637424,107.75402662214644
9.41657117960171,104.40228985125017
151.45880455171906,101.89428237645603
15.316395085916032,20.522164265645703
148.02563264812233,143.8878223231198
164.22860588759895,135.5497397644323
25.57414868453533,127.57189475145113
69.34641160772732,93.40701581837047
23.44244678965265,85.02766877714915
178.00637809246314,120.69431253314819
52.600844463921405,162.24853219109227
146.66057267065992,186.70344263778455
151.5662718408356,26.899053249235116
133.81756190624984,93.72745737078307
23.377558431395705,53.47174725297103
129.67194879955045,107.62754031326712
49.539014011833075,180.19074114329993
190.5323815485209,33.01581255166391
138.93921634833612,181.1229077737403
70.33367967956329,178.70032447593772
148.14731406996947,144.3799544860503
123.74636635840052,144.4585355916665
10.570768444220025,130.8969332910598
25.06758570782919,163.63261343401146
173.2844930219302,10.564748121046291
193.68950845069514,90.13093951882533
68.38588688899029,127.31796080761717
25.215594951884153,166.3152347447884
21.03144046825884,96.20507421765086
149.62437905951128,71.80428883991189
192.49056420016433,22.830208924142816
156.84681157192313,78.4434363856382
162.19133674654654,182.4706554455075
145.3039292790958,38.09108066175625
9.559361499661035,116.03207045392625
5.129789122566139,176.69961189285524
157.8405913663335,127.32845889492938
13.098217696482049,58.608728000856
64.55788699246078,91.03319206409508
152.6935822838633,186.48320883912697
71.90797019230887,103.10013141416376
167.4784550304347,27.535603667998938
53.17624099265119,94.42311605084598
178.93426302719672,138.2950653652525
33.259566743618535,58.01776329582535
144.98385608155093,18.675081769689367
46.767202374339874,48.79737976325408
24.942859886563113,46.23141487941769
86.4639635305711,145.38548649044367
194.25068358453674,63.68103969983743
170.1481448101199,19.196341027854874
176.40504925372937,22.313551192835803
180.32090656565626,85.51328773701695
28.890924354419383,119.80826700666077
35.472925706919746,159.92312197460436
182.3097012229706,117.62792725962869
32.50665154745776,134.11831811946686
61.81085202058009,104.75372220231345
35.62707303051941,48.51825663491945
69.68877893708446,112.18209397893037
178.52904524873165,38.53020915661845
174.9506440278923,44.371080501367096
170.08360670700608,108.0842047302833
69.48032364305503,29.061485245005176
51.68684282723569,167.2013540584506
127.09553321337629,115.73232306353982
166.77192321230555,44.51280159894622
145.25859038641053,93.57996743368717
9.96494694966651,26.58681166317403
193.37595550585763,93.24745063953313
36.082792812846044,44.170734467242724
67.51387661992199,190.61686761261242
142.0917424970546,84.44770026859979
161.34647197502855,74.71529104092755
60.42076621148286,156.46417812117141
46.84199118848889,195.40309486511546
157.4257110980312,169.70044745739455
156.1387562391091,99.05715610196705
140.67331620207977,48.300208463847454
33.25057845502421,102.19249876560438
111.26715947609262,146.51737464450414
106.50477073961844,147.20709929020938
64.39145192701129,16.749513433206673
114.76451826151407,149.61509693416286
73.46380084488005,169.35494035355288
47.880039594222396,60.47403632344149
135.74858575090758,39.647469569548655
41.959113455433226,160.36441277248673
63.6364827754752,44.85396027953238
18.11633231464717,9.778885701045546
146.99947971972145,10.21278247684208
46.608395409794014,171.3919342916588
181.12950586049706,39.484096748161505
48.04287067439869,93.36051842589522
192.14936401120715,11.683278467512856
186.61430142952548,169.80270592315085
47.563082885409415,12.180487175505466
14.36963426119603,100.26129746136361
169.877409413054,137.5118211342723
139.60271285591216,122.26669597243594
192.6864329060258,134.98865255555208
36.88058846276856,95.49731625071519
50.01881607193262,17.991491221464898
60.80767333631646,61.558009776921295
20.555353414249442,85.13895609587208
129.56825651917316,173.217958233992
31.978377599933623,111.19707626846326
56.53904496090603,83.41796104936851
41.764016511518115,12.692342662134129
149.90334068874503,101.6563262026849
129.546852597764,101.89044964957985
39.78285223597607,174.7941200739059
7.607115766804639,18.61325306037332
7.245980451637848,108.16781887477154
161.7345560084375,48.5424018420316
68.26607178217003,165.19410810018985
19.228427545599683,67.60856848243148
142.4411085031651,78.83817603717978
32.80151161527415,64.04676310797993
24.347915719712013,22.163948791683584
180.0160391236411,24.65936903853419
193.73730763880351,115.11247188418339
17.028598646823017,167.95555243939123
58.27816357623878,171.13294332886852
190.51281281778296,188.32167842193516
28.886834294044828,105.86569676731695
21.496508214721025,191.76903545247947
59.94357472164315,184.5667530789255
50.6046129830715,64.06928262435692
36.812117715064744,127.7712357472186
169.89833870425255,48.406858796652614
170.09706177204987,147.57403817715905
189.22983101187705,71.1170257628289
158.16947302851756,33.753042481411
26.845899493809966,10.472974088881672
43.09913830992838,149.77225871342915
36.24477975815881,108.60710838448826
194.5191413831535,5.44175010258779
184.19551761539404,176.4771720439501
8.476003768232498,87.65914976545353
174.3887106396767,172.88876163990764
149.61496859695424,29.722126425153338
194.7697572387418,96.1131722947653
178.69364547529364,42.64819188902803
74.12156708197674,8.09083241796862
171.05912890147997,166.86420722959807
188.46258780451228,120.69129358242917
37.003416013348584,130.29171122126468
187.5023176971799,103.21876734935194
37.00152654738832,115.51140690634031
38.74787550684739,103.4569408877528
181.56187417510498,102.52405178180479
182.124945981135,164.68469432878388
173.97310888755837,121.80072212005257
54.49632479081341,116.27352023199275
157.32960299524913,142.37300304657157
160.98602395892132,69.09541741325204
61.308097477775526,25.685084512315694
173.42681123337974,94.00533337570508
194.07867225835105,102.81085081486549
127.05235696222809,175.19657220568018
138.93204568290022,26.602723332657852
164.09619631147103,7.561038719983449
109.45235999626756,141.15366808153226
48.26290340096915,122.01410477936751
127.02669742310202,79.94804895572503
34.35139033672009,104.05579485481863
94.79367852542565,150.76801448211967
30.3878005977907,110.09362379408
67.50544106148,187.5577556361976
185.1589314648662,26.39245286755112
171.08642060478252,174.3511588131862
49.66349952130381,167.22729275520493
145.3625962497367,90.52794143284926
57.4317737295474,147.1332175191652
84.91260179344631,146.53026472362018
138.00284906902482,26.996007261996542
136.64978383023717,28.38120428429258
163.43388019753206,179.43853637965333
190.8744192683485,43.52063821432038
40.46836755282452,68.19084065592092
130.27337424456567,129.48579678287177
193.2801781492421,98.23147942944044
195.9159285018942,34.949154981454605
116.05275260086215,143.93233148474894
158.24934764812994,19.359587409203233
74.56042659512995,127.73904064098943
164.84062056995683,111.93948445696797
67.38264751393532,106.72077608832322
56.17222581237579,135.40365180848926
20.058767154119472,28.037473663436327
159.83299911019384,26.602112563055808
22.250605148038076,162.14181935069655
57.02737770551744,81.96771849062922
186.34823657825407,187.98310117391713
65.64992701432737,108.56720877983938
38.780634970986156,89.65687828007913
52.43774206530685,85.59168315617715
47.80208230594641,192.10958711739855
18.61077109978814,9.530011529564934
71.95523602237857,144.0615743922244
160.92266908375402,159.081633993349
44.82212235018321,7.745359086193979
157.40519140770706,129.65441510561305
187.8809360736379,103.36572477004682
134.10922859835543,183.80650985010186
181.77656830814658,178.56351604034109
65.92190709399925,185.89488114980517
30.44860833984344,118.14251655944592
16.063378143930617,56.641639180013875
15.767177582387191,20.354949303078847
161.32422875032447,196.3105699050536
5.279613787881636,161.23222375268855
37.040299860789766,41.87403938282257
179.9731753607061,31.004091399779433
163.3690111037141,133.569860541377
7.827987629248901,81.08175109956596
187.55008098459749,156.4340426821364
179.6308831211533,36.41230413104013
80.21751482653896,145.4301263000202
35.198455256925925,178.90389586612704
193.8572887707563,153.6408047213846
181.09646564167156,88.83828329870873
57.834991964440405,112.24771099792893
40.43366064829242,155.10148019354568
179.97771756474978,189.3175885210035
184.76255678381648,127.7027377483903
41.47764762375329,99.75634393898537
67.639736857038,55.161271042893915
75.46074872540437,191.0229375374529
187.1340597532717,43.42878642477776
128.79370254281775,27.362366977549193
25.873523298709003,160.69748270997994
60.25531661225964,34.82305057929306
149.03744186465715,120.78647118013184
54.82095074662979,46.193440342501404
72.03393987252481,167.46302430751186
65.5595743773369,94.51497081077373
16.379541813825547,163.63723770739892
24.216399537749737,171.0644403748782
128.2135538520229,17.44422067826691
10.07403240581035,45.72360515457936
132.39313908285956,23.311727452318777
49.01173772833873,174.47997828931707
174.0057373422739,158.99873418095956
137.12932232076415,101.69248092963971
170.93048313724586,97.00371182185638
65.94440190089949,129.6537300675236
170.59402314978723,180.2967356631303
19.282289801434285,30.43680860343092
144.82892979863965,189.76665700195747
176.97721023139414,74.83235668614823
172.97095041810996,153.00454062216366
23.955618657277544,81.82153345667041
32.75547945082488,103.86498269317377
39.82707529601251,66.03386850628026
64.01493885557886,165.03153770041757
48.091582618977455,196.64318027457753
152.19188621143368,52.256867145271165
32.26510915459258,81.46140481683742
13.040134023832055,153.88750017089225
72.75763766028558,110.89214763573067
173.79937990590426,19.3443006320005
130.03988849332964,186.11655602124225
32.718165994113114,182.72739143758884
129.3702222104087,108.76174325709236
143.80959098306283,130.81076236750135
189.54102132168805,154.85762796095682
14.066755353386071,142.04180544396002
142.50414149444575,184.86655182748248
154.5978760201597,102.67223935292276
57.786335103801974,48.87190838977915
181.8748116262003,139.4640575298929
167.83059208891075,109.80920532110925
160.00122346310235,156.05698879709215
57.76446400674084,61.46741929424682
171.81538426263458,167.64656602829496
15.970563417265158,34.752565430974954
19.106330418502065,14.9764545484956
162.55013889520492,149.8484698845484
37.315550810129324,134.5289612680777
15.483495157991307,108.48070231303592
169.38869248660433,188.4418665902485
184.7098204149658,127.43186978801862
186.97247327618237,129.45527217781188
170.6435004026586,160.2139709635617
57.107658425110344,147.05366478984266
135.26944977851127,77.88004045541787
54.184204499244004,94.83529814650464
193.46841790929886,182.76554343664932
179.85035313654603,56.06793899450516
47.259781122736584,18.382775986919853
155.38109162628737,127.33928725958651
170.63034642174173,41.93219767969181
25.256145613507446,187.48275053986163
194.06717003732217,171.36246471931247
141.61098080669134,25.578098035337504
184.62354835446578,196.07975712967297
53.05750326532626,174.7278443694322
11.893619086595209,50.491153161572214
161.0835947725005,80.32278896453606
170.1545995083394,5.7078999002465975
5.982126707163612,64.24977152810993
39.70486211793021,168.68655043689597
64.30384157656081,195.39786575859563
142.81423597903952,56.91675608774013
43.517033083251036,158.33622390712335
150.2371871904356,148.52453970982893
151.66266434557656,57.55701327498765
189.3540147151186,95.45073874866766
22.4011170161332,11.19766922643162
29.828102549766562,138.63012543610017
71.32039681426906,15.753324940142042
39.54749145060158,45.645226623666325
154.6010470135573,61.3839984496414
138.4580663047768,169.79152764110282
181.28737519762655,168.60327789146203
190.13535420778854,159.26931192835244
131.8226892156357,25.669979202628245
184.3150793316464,66.133842564444
186.46654402544942,64.3462623564835
56.252117145504684,137.70677109262232
158.6510527860565,22.708440546021862
72.93768634383213,103.66989868446106
176.0620467933265,33.779038912274046
193.74564142223204,80.09007102802006
34.80720943486426,5.3831455405308075
153.61522280856295,37.66019374396743
126.28115721417427,31.045069256344295
160.80396668126545,159.29081541021668
66.49191274826649,158.28106679242558
15.14347106391007,116.2648142603897
10.0,25.0
180.0,180.0