61.614597037513064,186.71155005891558
42.901879927567954,163.0634628994928
186.40269589016805,161.9986957275908
6.100139408245969,136.52968927507814
20.638362351554683,159.2986732776933
168.78086664395101,124.40507757187424
28.285462601593142,106.08930013500874
10.43254955568346,172.7954994393798
57.067978064155284,15.99113385329886
184.37553748922596,26.19993290395045
151.11908263281688,11.949865196914622
62.97079736719453,68.80514621349626
161.78209636017596,92.11944618295446
131.04966360227027,174.5945829728482
194.2094646545101,56.318395580037304
103.21493219224875,24.968489846999653
164.7414429476819,91.85752895254001
158.3025423553964,155.24845974134502
93.12264347254141,67.68760098516071
155.40526314285512,67.46458499776776
27.55278096325365,157.5979856744026
39.88462999730664,175.77181868144353
180.08233564443424,105.33113430874657
172.9908630887035,47.98694313556972
161.40329816722559,191.95902552506027
166.34542691067657,99.77267132362722
10.0538969575014,93.7277097319238
168.55695771470465,50.87403360151158
92.7408660493876,68.85903434601062
8.400039922687213,153.679613878459
57.592546478743564,137.34919129188086
51.60834662585608,175.60211319372468
10.319485088213973,82.47356947920555
162.02413900497513,192.65665254913606
59.876935095746525,29.567389483263195
147.5112509122021,45.18073580003541
157.40393184429365,9.185292736063806
8.978669125265823,181.4734941096808
97.01560218233422,140.22615012992443
5.168920936076747,15.562138545101917
131.10625477095294,48.07163531391404
20.85935511358454,65.36884197282733
57.32257970155489,186.53634542364597
24.441728301026856,191.9707797837244
119.62951452761828,91.09082947370581
65.4341569961811,84.06582964028628
109.89275405908882,162.76879703924953
185.4842954887186,64.52907096553109
17.192216290298425,155.4905110456528
193.35518833721298,190.76508698094256
66.22265002563248,45.73064410439019
176.3318068653338,81.8560957752873
80.63650978164237,168.96570826427234
25.742227934830684,100.24012397152454
64.38879973217449,83.68990809813383
133.34158183441264,46.02713565721111
121.52299794480996,86.73764186209718
152.71762958794218,7.515385113785031
181.67340811294196,184.459808903483
96.54213043247242,115.24602828379882
156.82608896137856,194.00202044228598
180.34217323696996,24.42398195968048
56.16636948596169,16.18627301610026
13.973629536837638,178.0914908226536
86.37477723896693,55.36752754205288
19.642400811603636,73.5892205370356
113.67191130025029,26.0416164706785
68.6316004945178,74.6097437098118
68.96416797870883,162.16690104661177
152.4141607562784,5.833026734010236
64.91768486632748,178.37766072977902
53.41635527411487,31.4414157458217
101.79325831772285,164.4606829783785
27.817098564486397,167.78526726016952
74.05805760198604,175.84844941543085
175.19091106610608,86.22938639400152
51.43667818761677,163.6407522974736
178.69639964902507,95.07904892512792
70.36479560499056,179.94205220205998
100.78034417333846,148.54544868918563
157.94173160141264,23.497580118441316
8.93806305557822,167.65987095301764
144.96208237155483,146.9867874728295
52.071110596611355,9.303519845333751
98.55744337044158,119.93807959257752
195.8036905739531,90.9967596611391
88.67958867041284,154.64106517802517
25.24055629333985,162.30916677210416
82.97487619120874,50.30161047932901
7.157140563576883,9.978678492763043
94.16455090841173,92.85720205671068
56.636940073118346,50.98245394787086
188.26161847933207,163.61225534221776
18.399671723563877,42.15908728754761
182.19055169128953,150.1606922373363
193.0075600578108,42.47097282467292
97.92738563201745,26.905061038643222
164.43627114169402,179.24329575283676
18.43416704301328,69.27885404600235
96.47075296302184,152.0436455407285
135.16435841917615,18.799416506455945
151.0732275908895,28.7640813982053
22.91022672459537,19.495285470580782
153.00696098774307,38.29723776871022
174.01666680095025,148.02570024767712
79.63080017028688,21.65686416163224
72.02238176086198,194.9881286287175
49.81116963544202,190.5465400533741
66.1592753592368,47.99620942512268
24.0142494239492,105.82283970053822
157.6694828806924,6.1289095325390255
177.39912889248754,88.05405035825365
163.01416649338046,85.36428193467161
18.642413812234178,48.38820218777258
52.355210749789656,193.17309455569446
193.581420786538,96.07291027202211
149.98759820274051,80.41224142690324
66.3641512762022,145.0059927575412
99.55558602284455,116.44015073797641
95.23089346944951,43.49731873106474
46.482471732766584,31.7279037390039
153.67007713960885,169.0900417022035
50.199816442315985,102.37678573848227
82.96580013043705,137.79144348092296
158.37359444389645,33.08530097719239
53.64628609907504,107.39627883472454
55.251593593877146,151.57538536170222
18.721481321025085,52.7775247861076
182.62744741445684,20.32527921856968
125.65208622002046,87.84307139799326
86.61638810386937,42.03558237452655
164.8799646918011,144.18828848468237
194.616077630821,37.50988567205246
84.8746365121815,71.23134991668101
60.01904454330919,149.6625620365046
68.98377444032279,19.147048707864126
38.967403236068094,161.8688190419497
17.510886764257904,135.93342049346145
166.09959448234824,5.458543283145261
130.11512408208816,50.89836505571975
93.08408520365911,76.27600148249596
34.36090060379804,190.6570152323282
27.92297391111878,75.9764571804266
80.55710266860198,32.70280138528084
107.33627543052485,167.1452991134154
183.44388107534252,70.27119427702094
75.9837448301649,123.87910872284364
132.88825036843113,125.6917172489599
114.36432556025485,52.76075238532831
32.157666999037005,186.4032290218809
96.4748156060939,187.21662602028883
167.29773222233533,76.92850247584417
143.39377591766495,15.805835050098223
98.9525330256953,164.63976985171445
18.903152935828736,84.0648591957412
37.09802687060438,182.72471259389525
112.41935305872667,188.8141691317178
90.62890218077742,120.58927418821165
12.193632642787916,167.63388811470426
99.7083419083798,126.03363012029453
105.96460707832628,12.477269857408366
155.5133763233783,13.144982207944562
76.15893097576037,156.21514946539787
152.1502713430393,189.80284954237595
193.51558630383732,169.99528392773814
142.6033241349068,177.58996719728307
27.139656199806197,18.782912819260222
156.18738337746115,165.41953711610097
56.19375221705535,155.29588097483253
143.24120517947367,151.6231637784982
83.2411393768004,148.3813919513495
81.72198206681638,58.42469506240293
74.98704416530656,5.293976790940334
90.7147316373957,88.09457930978252
24.83209710929243,187.15553305446912
154.2805474278627,25.006631613677982
168.30130446239835,166.461218830637
20.761101703787933,151.89826531916916
119.76895109490265,44.30905374636903
82.43148278517769,184.29318954623648
64.65367221134036,128.04182794967292
38.87027724818114,21.233806225647935
57.70673661023522,160.7352284403743
70.02950290798921,182.83560693900526
10.92527586912155,97.36053056533859
25.27966658167891,171.75448443553964
119.26623684568487,62.56999058837875
106.95235136859868,56.4542377912671
40.89900999230609,32.25242850703996
195.99368211011475,66.51811714488537
77.4721353424262,26.011839064856055
192.1131776519003,45.787294694158376
13.989941929558844,84.5755440050469
177.0040888377879,184.89873029154634
190.93201850337482,196.45908018050625
135.2476349114871,144.49902244842235
170.2838695465064,183.63463515480348
145.97998131964252,23.285177464147846
177.24294544105035,33.85766221884278
111.07103660358149,182.74001118305884
185.91569685230678,127.53442453900497
92.07587305365091,96.59860576570145
112.48658756711377,35.23224303943272
136.8580355168756,30.12520288418111
67.68501409014938,40.26877786521404
183.13433215102557,182.2269418163158
84.39739057539387,146.29747648296376
168.42287183438515,146.84512172344256
60.38018110866304,53.262536968626755
5.339638300145451,46.94688104188429
50.11492910568132,81.01732961407463
180.84380513730056,93.40064853335686
52.76228296318612,156.0137041165606
192.8162097962719,65.9094032594733
31.492593907305668,176.0205503572348
108.63672414377916,185.2905366187889
77.3917281148296,194.4903457079503
122.02517415846962,15.816806313900525
25.43132833168618,23.26318932707815
176.10431964054936,169.50777317886497
31.812014119683592,14.735658545246025
192.42448224547337,146.27767882460003
107.84263762771528,129.56936935338877
117.6726400314296,44.52332278126792
169.86325618543373,193.10735961977028
142.89417609460045,170.3503781772885
122.62264124518457,77.17070705008896
180.32356514099152,19.937012791718143
105.33095106341091,136.06397451878266
93.30433757294414,177.717891722386
86.29794165152856,51.13843753162517
69.10820729227657,83.7796763367913
67.080268379803,182.40464320719087
25.645041460178685,81.22086139361944
44.24625416678346,42.072342125873874
54.307762786189315,117.87487941894429
66.93008614875583,71.15300353328713
153.8323376816176,193.3813799019664
121.07773511572645,22.894505095729286
34.41849540191301,194.75612468916253
138.87111232458798,169.2568003906947
167.02340255084573,19.246021823141344
94.47221669755272,133.498780044469
135.05986061066744,192.03613870754862
28.8896858446145,89.66348990953168
133.3177247812606,22.789666800962877
110.00581802710983,140.77373629849285
62.95534959719747,21.45999694880865
73.82714106427795,113.19660237814917
166.50979253186273,43.277803793722114
81.6416696850026,54.828319112210096
148.86987581762583,67.97784936451546
87.55754737873099,192.3287061693565
39.15299163126234,172.87712610043943
161.35281629824345,113.43563640865827
74.87650666580265,122.94780421114577
159.6256665790367,40.984925281335265
94.15241009528188,136.09073749820132
43.05456357198441,153.34783152727292
165.57635490265145,166.0921146003405
73.48242763802278,152.49978715034868
70.27896237208114,164.09436625242614
90.15598576577274,7.729948539508579
63.23466583271834,191.09963673861438
187.50680287303118,47.38032125477781
84.72206759032089,158.25203165585862
8.980676610181106,33.549018896303174
157.62075291494108,157.67463511591887
66.29727337751031,133.3467974472592
91.15364220488719,17.45877858017179
151.51113470219738,127.21388764011205
192.66609398746868,68.1032814837784
32.74707627280497,94.85781818911758
132.48334756704702,103.20788324617062
184.9935466352445,92.08628874120434
106.96967830864351,180.983378707926
192.35318426580844,84.48897639665014
124.63598413983655,39.525845180458084
153.3201338804813,163.25286678902026
114.67555793545324,130.99509826122002
136.42283989252493,6.235519918059698
102.75840171411272,157.20734408650566
85.95855096468428,87.0161231681698
65.45387812364389,70.33022502128185
153.56866044964673,84.4370410826714
115.10550904209839,118.76694068366155
196.67892841846304,22.081442109909403
42.55346248402752,149.3355395499333
34.340523789125804,147.02116624405903
128.41600934349157,65.591992289932
73.46064247440505,46.26989717336101
108.36223564861746,155.75805701219622
143.90736432743677,17.94005610966702
61.843129374212985,118.97893502515561
81.88657426748482,75.65212653350683
170.8630123370704,88.57671213837291
112.80300793693377,64.4576944068513
192.94365244565714,59.65454179303932
181.61747012636567,114.0241482663479
39.08108212543642,17.090588524193794
182.6495795065281,32.288352494043
6.096647965799391,17.105952362782517
194.03230411674087,6.449854661476923
67.79446512428876,9.187759097227593
17.391867153126636,14.90012076926409
106.31143691953488,124.47087839574509
155.2367866707032,189.75632353077785
6.232031174935403,154.784503779497
153.72728793022506,186.49268540002893
124.40659680236094,87.01156606938609
96.49537906386061,52.04887889027781
73.32510205884573,152.68704104439627
178.2558183656932,50.74324605690662
154.11505318608013,76.86011723509864
169.75201309166917,102.75036705230775
187.2927172518888,47.20858283473984
87.95361460237234,97.25958256774723
63.93901454200323,162.06452569942635
162.99118322200195,65.18202785530718
157.58538218829278,100.86383155518077
79.80156447528348,48.228003983609376
57.78449816081414,18.796767673500128
100.28910765170016,175.6166346013365
154.39055260558942,96.16697804898499
100.7707291742117,94.23772018608001
169.00026163943548,128.43089365858572
85.31081045217927,117.27392311072202
126.2763680056864,56.27320030858749
25.785667064757984,47.851820048390174
109.0034752695355,129.01292535817205
120.8683476014488,40.300696098797644
18.293803023279516,184.09618102986644
35.40292989149125,163.85100368306857
62.107654205449265,41.170112473702524
69.91525676794508,169.1813885168411
135.3963100193561,46.69165894142065
27.17951637738801,134.7893370452706
38.83903941656665,165.46795763862727
85.01083942424282,188.11356203717932
65.27803986147725,112.27285859628616
80.56816090568181,13.299928430915957
192.96054241896204,78.12933121348156
78.87982019167637,88.4039298033132
115.60115592246036,88.31022489847321
153.83814363498144,6.43110984476085
108.68892219774337,57.73960275395909
72.7366346719493,165.37954036956907
73.78445881295043,42.58923717607357
158.93156253433574,185.6682152236671
95.50648051272707,162.88881336297766
153.93997860108797,28.681541758921462
175.90059535383793,36.13722578912614
12.06035383625404,30.012547723558665
144.42666030412107,38.04631891575854
196.69005623396302,195.99129680592722
179.95661926694456,29.538519205344905
32.28465155685534,40.06568938803537
125.05433839774781,15.046036505795444
71.49674156268169,131.19553983426803
136.5479677450073,50.73642277346746
14.89576133583972,192.10601954182994
40.461062757166026,143.8209605871861
63.1649985538302,135.56869532502606
97.46352198321254,16.84138640590522
111.02818294247814,135.34129003630207
100.25218685387576,129.85227496168127
194.77250075022536,175.81807138011706
145.4689798559902,195.0890276316224
185.4432979474486,8.311670462002064
50.74141794816866,66.93800779789741
186.34572964230983,79.07972400895848
80.87186424316081,178.67345026763368
112.89574149732582,22.286689631830967
61.88070730717584,44.24673609660903
96.53801390431101,124.70866150683105
92.36289444040825,20.6880747505156
178.72608545985202,95.14175720535064
7.142942792483647,151.09483843138233
182.18427128835143,122.93351605113294
75.7378029971905,159.28082273860247
161.0457985544659,178.35138370228165
19.11324544437157,141.1097969092004
30.55556727803244,87.51759559855665
63.56492691347876,142.01894414746843
11.92503501595448,32.53447510561931
149.62063829316958,193.24113318672778
108.92487346222941,72.32083013577667
184.2310566605219,13.19610087331835
123.27850787449516,68.53084656346235
64.56678648036889,177.0147189588292
69.0662614402489,134.06804538399552
107.01614073489978,70.59321040901217
84.03255605052001,120.56426308786091
41.92552529874,153.2870677539696
74.07735870166235,36.186677961625946
59.70099206664575,103.85763371962581
68.437457577161,28.376213956657942
81.71072785183857,122.4778012480319
76.70636134998513,133.90760210435528
76.16652304431273,8.344689996214388
183.76934948106472,156.0583845198658
68.93859908139,48.07636400501885
18.279381717709054,70.53891676819052
22.812230496859314,102.86836938355839
108.77310925885203,44.007283648789745
97.42589749977734,174.2347902529022
76.02553774606572,86.18352481297954
58.868745795150836,160.65140240059333
80.59940213721325,49.16624831790888
50.720543402229616,178.8793124533081
8.21623170705842,99.11708076421372
149.8780880264864,187.1769648918364
149.2731498345604,79.81931786314438
174.31991269256173,11.466712392248954
174.49129809425725,64.02046293955604
93.02470963349242,195.03640826824073
176.93290646354274,101.59399093149932
25.03820794319802,8.54908928805196
136.22814890628794,48.5338581546945
35.16112721504216,144.4449492451917
13.153970869352484,9.64120204540253
182.1160069607667,112.55614831623761
58.822338159185264,193.1650393787191
162.03618977404264,151.8756533846966
91.10132729908133,156.22834475004532
189.37071213635673,18.376272723406494
188.92075379518334,177.9860550420555
25.123230349568928,81.41558900614112
86.78149266505184,117.17011404318004
53.88607067591205,111.75667471285031
184.25921619150031,184.42545961757935
42.65663928103474,138.41814906157413
101.32137084473598,195.8272952048233
40.59019674858191,175.54947048266322
69.66911405339314,91.92816168379257
27.562565689024588,38.81656640094375
52.306225111897206,116.38408406159843
179.97568922383581,191.91089354080475
81.05153445506396,187.03041670096633
75.52228055241156,171.6716890642111
9.241159002333116,29.85921623873128
188.22855917661556,158.93574533883714
80.98126644696517,6.3388728562940155
107.98397408745411,44.099365853355685
64.63337436510618,98.45437532261114
66.04002549860672,56.846129705446934
136.1456881957359,180.9973049681089
86.96367639721733,188.98918006409878
97.12791103314703,89.23945084377242
65.27527091041404,112.46173738881848
17.73592740919036,141.31342808552156
177.15971880873528,74.31272841395908
66.48648799493341,119.51560373615146
148.6565820249035,66.74594216738272
117.06652192679738,19.320589140799566
124.36949413266487,18.46501162954052
60.042192035600365,58.37690706309528
14.767240387420458,20.376406136371937
95.51012174175183,44.3617187425922
65.28515503721596,154.77678450892682
24.61459436893901,87.27961576781354
104.8683508972294,152.54370690623787
140.4750684102361,190.81399116584342
89.80829047320984,133.40670830838795
149.12314653625648,164.28041685889235
181.51405999769614,28.549893167866774
113.06934980289331,192.4163789705073
13.369902606444139,103.34573050070803
135.57136575035906,163.07671231938767
98.44013952656634,46.99088870404856
166.7282532087393,61.291122763397645
62.85182890097974,56.43076986421853
33.336367620668256,135.110215193326
54.33780324893255,152.3848972997486
141.00981824048353,160.64187622849346
98.16279968838096,189.99558791077482
152.9503846108514,158.78476361609742
176.63690748164066,192.5449745426286
72.20188925474044,77.36043540931405
107.79744816405402,77.47082890378651
173.00630203599397,58.99096676296634
191.09165986697943,48.51896779025974
126.16668491415736,17.820058387969347
60.3164584608973,88.03833247783636
80.32039395221288,37.329849351418154
100.5977412244204,28.986958037001
61.48393351382662,26.949576058685544
17.637448498498657,20.943481823387724
108.3191415697517,172.878036987387
95.46259987823234,92.727810610212
126.21545360556267,96.10584884628271
69.74150926713354,178.5909256291544
57.34316720153429,194.6764500894931
78.54226236206807,153.5879040874538
185.1605453013379,159.58753036233608
160.4158518995463,8.958767414880018
133.5619678536661,36.21735786348608
30.022194579429936,96.35956501953706
166.04019026557444,177.33390666488592
70.85739135337671,12.458826925919276
38.94298177291322,131.71604098516846
64.91543741706522,157.78299534155735
78.2484538510032,53.47218202737105
16.88950881232563,100.36399345332501
92.54760448333487,18.29422931794822
81.36454971556736,194.6296171341581
101.47984804233603,149.2350589100554
139.60339444111835,28.795377933810514
70.47847483296094,50.090491302549516
17.143216290826693,23.853387492293304
65.20745057949432,171.70781052365578
29.147106140564798,192.81991879506236
107.79066892702224,20.13313286815071
56.12460426374704,165.81705573128215
59.088721812542694,86.39620164246485
73.93955714499671,151.7084644170053
124.58883439286402,74.11115669210758
86.2823113966597,157.56166448850104
74.37912310199597,42.646775726626736
12.787108171507064,20.86835622465827
53.24274640727224,175.49753202840748
147.8421866370683,190.42645662975295
38.63759333970371,143.33445007188743
159.0679008226489,159.30818115619067
88.30104166294554,176.0393588562582
34.06199170942724,24.693628932954706
22.36407164928471,53.09337785951576
118.23253848675627,5.163926002351058
80.20488579997412,115.89144428891898
45.971717964751775,184.03813063579784
55.271852688402156,67.54093876636517
33.08138143061434,194.30568952353204
44.94696448691985,138.13977296990663
8.830358457477057,94.13352059622417
12.204478330399839,113.01774059025453
124.52691420092191,6.663146799580842
174.18072244329042,174.3920747228844
82.57908894778774,54.86758679382472
8.086730540201028,85.01005424064124
78.9066893796832,159.3173023245708
14.183571843598019,138.11478858297295
159.25166780631795,47.853893307657316
49.52752840124304,45.22968621032737
109.18206812302063,30.839288320049068
83.37974663387268,159.33607522051668
94.47746392061315,22.247700878182403
86.82233059748553,29.35957592544385
25.54218960692475,98.29474389477369
65.8022665440825,21.624715598615804
51.59422196310613,135.629229603029
74.8769104349358,6.978041492144544
52.996570829749366,140.2929095978386
181.8372807103358,74.54244187732323
84.56836281222067,124.07596005279264
21.64011866306916,132.05561667731018
95.40036133074143,29.676764288558484
141.11664791805495,30.18005334154045
143.7202020219898,43.00599195864986
66.51972682876146,122.32757872732238
89.91943992483758,66.82036047484266
50.01391734791373,185.8245096963226
166.5343956552112,87.4928282292695
195.3171670033287,111.05493252797515
32.62287165556427,168.1000193217513
148.55828586707278,69.09188898034192
96.02934895650912,6.080429862292724
131.44139356577742,6.422685574794863
154.24747883432255,11.717316214986033
66.65375791994462,48.049443797720016
10.652038517862612,7.419011136528218
176.1509370776842,110.1604833911748
103.74934063411467,86.95270206674527
30.198837175330574,19.7719227118832
177.61554414642316,177.9189639693495
128.84402469141142,32.36416582533769
174.45324804550737,38.894524625029916
177.85033523918153,110.15919175682654
25.777359621600006,188.69796359402994
156.48187736925578,149.3685170033748
187.73728528440856,173.89533308221706
17.08631817035433,45.1811811418385
188.0226643078934,54.383784569845844
153.45007459512365,154.04171512059796
94.70064375695688,192.80426627809405
174.53981085526328,10.91906415421854
73.36315227360046,158.33575332352052
67.69038984800038,131.48513866549825
29.98188686566845,31.195123252572465
50.351693041092254,55.23001223208666
67.66002403919435,12.857668019277485
185.29595644487284,45.60826796648908
49.98782283937322,12.212378202201482
93.3005153775962,146.5053436070144
60.910641831386805,154.48767005645382
24.811158160912907,192.24891557338339
185.38345916041607,107.92960082624005
168.20197410268293,152.3603161992825
181.7637450603366,172.73088113911302
171.09702928960743,196.07338057984245
84.85699842075553,40.33220796701449
178.59861891218205,120.91490506418893
77.69450449328866,53.45656799908489
90.06531973533839,18.076076924636965
19.19585831944135,149.38891681382793
35.57740492365733,15.230695394147798
84.88951404863305,147.31815684299664
49.58498878235494,91.61900258885025
29.873764670267526,172.2096609929709
38.95633446519682,173.22681074026647
187.27562318279334,175.40916890079083
52.79556885426022,100.03259172217959
47.84861174825135,133.29728173072246
44.947180183936624,5.319420679756028
80.65771845097801,74.7635358772489
169.8674645644891,175.47012779475466
172.38840070283575,194.99719220229628
7.927214869249705,43.71262410013629
43.02523725403331,40.402262211361595
174.3127846489664,165.9958757450696
192.56496554662735,24.309530625507737
187.82801915560498,125.86647147310099
74.6961831294974,12.545617950538544
181.7130590891994,50.72924651901025
148.91180353230038,58.51048618389717
125.65365595176328,50.219230218269814
84.02322054930731,147.18417726677205
175.21584142087033,120.02846124052508
36.33725184522953,146.64964281006945
164.96813730353338,123.1994752929367
184.14904551997415,186.17257312538837
12.405532215330746,106.49442629621005
111.2496369083547,83.9368251018155
152.43790668144996,42.02096842010669
163.88752184208298,47.15978973107768
64.51620763184116,82.5063420924606
130.2770405373417,94.51452247165881
52.46459460737938,22.702293394965963
138.69190155252264,22.489615207367336
181.99499869673988,63.87031943466297
150.24293425504433,9.735935004028926
187.41044122098506,62.46868363756671
68.06398944395555,152.37494881499666
31.915506842505522,151.0024554559087
30.699875162497328,154.67851713014932
148.41606480383896,70.05740241218143
102.64068607354419,61.86566238853249
82.071258212676,25.457601104451108
66.31204024702613,68.22351019677504
165.89918913663763,126.42749788705983
191.20118265846926,159.81808147979962
139.91288298799174,177.73738205457212
144.78052658162676,54.879658572808616
107.27331536174813,57.21115014253696
184.84333035016064,155.27066398184132
177.22730735590315,107.08115573252903
70.80935322729474,51.24836044671151
173.87043549026265,36.63406335590898
159.40568436589098,163.69474615576513
163.3081712021535,117.51864280719464
165.43523952424752,191.4305679233095
37.774249985241106,181.61781176766672
141.3947440129645,38.0496756262512
11.303456815541782,63.257889450759095
133.43184271370652,175.64343707850057
150.37168678364878,105.15956039153664
72.41532639049329,17.242974418195306
164.00411019303638,86.8432986167058
71.22209117822159,5.103872422207557
102.75739782443986,147.98091158667927
65.1946935596856,125.60021591881237
67.55661820733877,70.71270445474289
121.14893842305965,29.056652203098672
80.52264923425223,114.35981165355606
122.15223502108505,35.50854952753485
77.58720985808172,114.48549038523748
177.85140372605824,54.243376345337815
32.562329524606184,137.2046631668055
55.95876867839528,74.46371631952381
106.81028873918294,38.020028785351194
84.88981934277456,143.11770336002147
76.42982270150247,61.37860905971268
49.93375566560184,166.70520550470758
164.69950099614437,190.0966635247225
37.88463320625062,26.51578153316599
28.204042779638986,168.79801073046565
14.787583394420535,94.557303365992
66.65436578727481,143.448179463673
18.422588584684,63.089635551914846
74.80687996166951,85.43781958438214
67.89867603259482,57.40239957309412
80.38290508243809,151.62298748215113
113.0487158238089,167.7758460820734
22.187640648501286,188.36575203687542
142.90220769835923,170.01854093939806
40.07049558784185,132.46957919875808
180.2708119895922,62.900168410135045
154.6531878151945,69.40996995716594
183.9564465662147,38.54677268222301
21.83335856735323,176.80601613731935
195.78295802312851,76.74389445918204
167.55765208799164,158.2450433520393
70.21915434752036,41.542724664779485
64.44343020755488,162.79137406121126
163.90790250544603,53.110506396646514
118.24138371208016,8.063128489980064
73.59455280332052,63.509592476468065
40.505914687429794,146.74605869466077
167.08449949744593,32.1793011275085
115.03646843845081,76.70312471817554
24.96381078317316,133.3443103882387
49.274825869272924,122.11460293631806
38.54362014493197,26.97394879466822
50.05387611765859,30.67294844861585
53.02929758003739,20.583342930431847
141.94136563476607,50.478393362089676
17.69128061558831,193.01983423560452
135.07600947780972,53.80869061649516
155.633984809416,12.827006324427387
159.92985559387455,81.21142831369399
94.76507442478395,186.68708457509703
62.09838599192771,163.2839498464117
61.72501760313041,182.55989509347944
63.943282721612825,148.5901966634019
189.7678062194029,194.67369985046088
103.09568193323504,158.6937578382336
88.94553580797819,152.37763134645002
65.47725754854783,78.0129602880855
181.5614332471169,165.74808894511688
33.096305400185656,86.53507909168385
8.13554465533651,148.2719177585687
87.77746260877423,28.95077508050202
152.40464345195403,166.29369207350692
114.04245174800853,20.70502007234961
28.06131022495539,16.896434837455477
161.26210300212378,177.36319336157166
173.78662434101793,12.951546252400783
149.74777786193422,117.02555416652935
120.99399501036731,83.03768665845459
45.9340444259504,182.76775927826756
165.81252746752838,73.34728212394597
40.06087800338035,196.78963656705457
57.22985092513472,32.5821765069358
39.912860586503456,149.67681731295843
115.22340112258568,61.28900668514388
7.416393374242132,8.459110811779237
22.72878069849384,27.655542661776447
161.1654612001387,54.03368358335486
109.26730660532175,114.87154411830355
39.248130942967215,170.05841062697726
87.5357387903727,13.580834469828066
177.3356883035496,90.64159353439639
147.68897940100192,159.37903437134972
163.61564757654557,190.3066700245434
60.06383606437591,74.68484492486326
10.54970304526206,139.1165044917683
174.03389748511614,178.73444974389454
105.0970004057973,149.37542056360306
180.29312806162005,96.34817180963327
166.29600767533495,84.77000711116527
103.205903583338,57.510671089477206
173.81197802850403,117.59169537050009
164.04563505356913,89.67097537585704
159.38889837269528,70.9764015453184
103.81535652195983,193.12355324009775
78.2394008063213,8.466225870240823
183.38748152071324,107.08396420162903
151.17550407906944,62.99257339758083
61.25332255922809,181.389218584956
170.69063896628052,172.56436732076514
49.09863383655569,84.13984411387727
16.331624126448894,162.849323975419
145.46183545239404,191.97069290289983
189.94785565773662,190.68059973431457
12.427673720863996,32.62711310871629
68.56682252309805,155.124045599412
102.96278527732541,143.61289863978294
190.86020365329102,14.520994634561394
25.40754558873303,69.96691050501406
181.7120986031079,40.51209785369935
26.73728494186557,105.95634568480236
22.26978062650062,10.224966382949301
36.9617836462308,15.230331465655755
166.1791155420943,80.1766589958196
147.1433088797815,23.94398375686791
47.43424873450604,156.9258198737504
97.94063832923153,117.40506924026569
20.707693380223837,80.2487317276122
15.945898099530183,141.92186072436132
92.36789474796281,54.13526830608001
59.71831639782559,74.39532007297936
58.12658884000024,39.02115234741366
77.10920491995108,113.56073908518344
125.16968846950499,14.36642662968549
181.62030160498227,194.44564910952812
109.64709847437837,96.39089301068213
171.2591133132305,120.32333663378066
11.590736003962618,137.12912413410962
86.12680588187749,157.09411088367116
93.61919425425823,143.76797423456762
52.356105366306025,35.097830061984524
76.65320954449159,20.94984882200227
96.60782632625623,93.98791830419704
79.20439335411923,80.79186381422915
160.71073828075956,72.28156951712675
98.84659782459664,124.21485177398154
163.5427265249964,111.77943228614993
79.27841145758616,184.65916797789092
195.01850090502765,168.31701421274528
99.39559112230387,146.83910854871942
99.42487696291394,172.31184133102778
94.31566361011721,87.1054492597219
33.65042085239853,81.99081516764238
165.65000785454774,84.62846872099975
121.13019498463522,85.30817190616244
166.53250443290497,149.32798899970783
80.29622210696941,15.635926521912012
160.8305065949821,190.58335913337083
58.52915336338973,163.3266834057388
92.61377386077929,10.297404537648513
168.95229146123938,99.68011678035244
80.76660808033246,94.65362969151352
90.36037935722696,193.52212591529627
150.9745335818216,106.41983577175013
155.7422140230793,191.63163781232265
109.2057088236182,161.1091670538215
75.13273765390508,55.16492654091457
53.92203528825303,105.18892440465402
52.450591784605244,172.18727295956828
39.67087593245349,34.389470805400904
77.70226982042412,169.155712030671
106.59931349208053,50.525370495521095
94.17898051361873,182.88739728043265
17.238293696788233,17.487356136513323
31.957686865317726,9.15848989951933
81.51195564546418,75.41253682142099
185.33710290647133,194.17245317986234
178.10284310659978,21.093431163582924
26.00639639802308,25.786324233675284
104.43142864397534,36.79303962681168
138.6534469819078,170.34956832121827
156.9827919632014,52.48154034667875
20.123690728921634,133.28746715060427
15.685923549033953,34.5958416624959
23.664855324456468,26.594734265874692
139.1758549715064,46.16324611149757
150.84563128657217,74.47915134238097
91.65195323172324,71.48704104250139
189.73903322089888,150.8939487485282
101.7411958609403,78.95139098362694
188.40667579108387,152.2117781504632
166.253911269658,18.46880099470091
101.98379172462077,192.09132480434178
72.8845590165452,95.67938231017511
106.29285649298136,11.993950008446147
183.02549096384536,47.933045150195866
60.04767541915478,42.74065737426455
9.618392569119656,98.9215262793863
107.00481634573056,76.9110849766379
36.92943624292945,135.74078961628018
172.79887215036752,195.5465954862124
86.22839260084628,8.803318503940387
136.3047235624976,50.60885651007309
56.8028667629401,164.20086627492833
54.14858463382114,42.13759292889065
8.767937013106645,95.52728311340982
155.00160002656716,144.45629091995295
188.5790660591225,75.022652312895
25.9592461529791,37.166991989904226
6.03458486475635,59.54980639602092
136.71696499474413,29.10928391163252
6.359752861629774,28.321712651175158
82.90659221277787,12.373262536594458
81.11600715766889,172.11540995049796
66.20618311038098,54.333028788873975
189.0369916391992,88.40693720593448
53.805024837726755,155.84642570692037
100.19436918365757,38.8583240020716
186.762798003562,165.28043865513303
7.1919461351601415,13.289073938641359
94.18124469197056,129.3377115681837
97.25085406654621,84.69010815500825
104.22815896866888,170.55646671281173
136.7582430000932,34.78762802963915
80.29385582153705,149.1714178720914
135.1860719798853,193.56466404284373
114.99014345460564,148.8980007143857
134.1329036070041,49.9083837965188
65.28641142955293,164.0925096968442
94.5257796249595,138.34041130000455
163.28450962092026,61.20606440002094
155.81199032422703,76.83121060604583
113.7179808048355,50.81207012106746
98.21141397433479,91.25651835703827
12.572721959769162,76.2399893683347
81.43137804325444,66.7715587752299
174.8874420495501,50.27274905939745
173.1494048221098,8.468897222858592
155.6476139224042,102.1699227458776
177.29969563852438,84.57576631828228
112.83519873372981,153.0545897176457
156.8312575795112,76.83299966397328
83.21636851481205,24.110087586754478
108.94386276526608,74.46319611255721
146.08134448247935,196.02470089456892
166.73892136743933,91.90179574276065
134.09169731496948,142.510666790554
62.81790688115669,84.2735504060956
15.527338778565587,77.87870758951681
71.13971197448835,5.644151814717519
148.72422973732904,127.31244270792357
176.01620672439748,71.21094595496312
112.9845110186051,21.42348902174076
150.20872826851553,95.73569332122831
102.0486607182169,56.74431017915797
157.7232404363579,148.14726401050248
78.76062089451084,88.57299753289276
33.93108897002631,52.20814110283891
158.14488753796877,186.50658647700556
18.110571920026935,181.30764519030996
176.06835352028335,56.883313263143314
154.18143162122485,48.35130938586689
119.97718316433037,5.910508513137688
17.454778148312027,131.54189214593328
142.74620132575444,182.98147951514613
61.78421204836822,102.68828252101952
195.54802119383714,121.79377501349298
51.47040582059047,21.42898767888939
74.5550212122652,36.79885537332749
171.95691991905096,70.02721078544418
188.7439379621869,181.36196285317286
155.65122231554162,109.32052714408759
191.84847274614012,29.285987691483527
65.00574473072848,29.210098781566636
61.759517591127604,158.6148241677325
49.211995014619625,92.19561309202783
91.3757688787571,169.39971950981374
50.08241964291147,69.50592236558619
52.004963713692426,98.08247568110076
101.49125390153614,182.91078596018642
6.502771118108924,179.1091256548286
183.67273886981653,74.43932891008757
112.21417793246914,176.17331208609554
182.67965347183605,102.84569901597919
12.162486288902986,41.50716172545751
50.410989032632244,103.95656145842923
85.21196771472331,133.5706969657778
128.9515677606052,95.62377992336519
68.28299196600047,28.54834429269251
161.69790888586107,117.8611890525404
161.91091930610034,62.401178484567545
188.16680434160062,146.53339567622885
81.72814730759976,50.49238355892227
37.73634974888359,29.0278688544645
77.39099837154623,146.17677104432477
132.64635990246109,184.867640175912
81.12098864695284,20.817889108008995
127.33034883428382,19.78971961347193
133.34805141457093,28.959448740991846
104.59288644254366,74.49864188856434
188.70282096195626,7.1826340808707645
171.43960497925067,128.8754067644782
188.56455504747646,101.93568818921958
166.6567486461132,73.66553102802744
18.016366537594912,10.186290681230535
95.10981994637292,14.646766916370076
23.65576848595454,39.714594551011544
114.99009351464989,57.325880179600055
192.55378948591775,96.31181476385301
183.1866135468804,41.73528667499931
85.66003958210953,35.59452133663654
50.702640306339035,94.98848769185936
38.34586304527011,149.08644621020804
183.4417677482985,176.89718719084814
131.87566395153584,75.60736107505095
183.86775201496238,81.15107300224079
5.950845648593532,196.64293088615847
103.81038766673576,175.44794050519727
100.01317030099837,120.59822253311289
23.81078675633265,31.75585020486445
76.96624266450019,21.34115554446124
14.31721838664134,19.116664354348043
18.646051037072837,101.78254404972779
12.90531885114824,153.02484535947934
58.036056713930016,178.61331973258234
29.181635944153268,43.61030670720404
150.0706111735751,90.20204266926663
184.12605625470795,187.10644898644026
79.42417888096773,118.49406768737158
65.72318231851254,148.53322106722408
28.989935802476733,194.88818016802873
44.53190064778771,153.03914617724325
32.43124038751989,4.998322557798583
45.80449465786456,183.1449215310268
52.55693905731995,32.93791372300541
193.14445371594186,117.87991601307702
95.06608262870502,165.9543926213207
127.08364167323285,83.20718616880045
77.96103503668549,181.8879340321913
100.99934001697977,147.70459806470075
52.17255801848512,193.8318810526811
74.60028111406228,193.03313423437584
129.76783107436935,28.848758763199474
129.2806020999683,19.532613461286598
102.61405441969671,164.95200076020095
33.82335572628439,84.88297312556573
168.90593753413495,155.03890409237357
133.65284193226287,177.28476248210097
49.906878329457484,149.8169441723384
65.15345093236769,16.32143248785562
185.26178755745326,97.45048168200057
194.23693868716524,99.4249699336707
98.39449996635693,92.05864590521715
87.66092587562736,23.98014987017933
162.4864324471295,57.65347477819703
193.81984441892783,20.41771465679576
120.82978923434152,17.464989776104545
148.7892313315888,8.067783933025297
32.961296679084754,106.09936502977479
172.10211562273287,164.0441318533494
102.23928331513969,58.07520256982652
61.5122749010215,27.007923164759834
105.95412955703769,121.46069524449966
165.25812277702704,177.91587817711613
146.53032545411293,7.187521021608449
14.651192546945378,11.757336207131498
174.1413355188519,29.153156544594857
114.57186128874247,167.04657204868508
50.21571393275609,136.9930949164974
101.61597236183009,131.00447197547172
20.94493918821673,66.80731459375203
115.64646524608104,139.29420494839962
88.81044117384177,83.71111669642079
184.9212244457559,60.536391975035954
106.31220191428706,132.47331136463535
97.2193775236034,83.9326741303646
181.79682432506522,189.01735951639856
97.31374016811806,154.4611560969272
80.73856713819133,185.43691053936328
123.81071023892969,77.0296072730667
136.55488523202234,49.541753401661246
141.4446224994535,19.998179145485995
88.6904026850577,7.699088850656235
15.678764756242401,6.2258781489211295
113.49018986545606,71.54125832100796
99.49012728230848,174.54761344652394
21.86673897375094,132.01447626336284
66.96478581085299,101.75467033136306
55.59450788666273,125.87636208971988
162.92401307103518,35.121753194463466
113.85042856634787,5.036716291527247
77.60423403690686,69.03347252817075
48.6148699655709,19.206609878859158
160.82488464899006,121.40670081535976
79.54417458684543,20.944646641061105
67.3717404467472,88.31282064058274
26.737646010204923,27.668660338091577
165.48125923319535,93.5150693497422
67.41244647048136,107.44701181630046
101.50751980552423,48.637855655594976
6.619906202468493,97.66676411371557
169.86165139870963,164.99001031111376
105.18156143991,13.474423285183804
165.30212318320608,186.32668664399188
149.93579766103244,75.38469536637324
43.88599423774346,160.7986491246869
12.731332986342085,158.9085286694005
99.68651061380456,180.42078422445502
71.27556789184798,121.72352785394337
138.20534742834803,161.20335481354448
65.32337866998805,94.3414284553929
78.27343821094371,142.62947563227198
149.4109801942117,144.56474922973587
63.025480896749194,181.7085951871503
154.33982046028316,115.90313667117108
49.358664689607586,63.245230329026555
180.1827167437721,118.15548037706093
163.12224706699382,172.9737791996347
60.276409725408186,21.535878639705203
189.30856483658658,52.47070193532795
175.282719396166,26.071171687299465
160.28268430988848,75.03782847753966
39.408009465453674,145.35037755576735
132.43440084613505,185.80284665260953
116.93287931038866,37.85406716489763
50.53983590029915,181.89803878299185
19.133083228055973,55.56430865915449
105.97889314615887,12.018277290180041
177.94961690314005,12.130895648815425
72.4573087973307,176.5203548676161
33.31660686346943,188.9388994180991
41.465948511238544,191.9486968315694
184.99689295247117,72.63897315014268
188.10158032469562,35.07056886675384
185.73368767235937,146.35351796684674
74.78814861127746,31.609066687915877
49.213441170935276,139.4945985827121
145.39045740675022,146.67705978300162
85.48188761264191,83.04270275346623
128.95725537511646,98.59201153613304
91.88872739232563,123.49139738795235
143.38607579162243,11.222464870049311
9.952535382869936,92.62866505202011
152.4218305275957,112.68808057651485
189.1511873820445,184.39346881546996
75.08827089252732,146.16695470055987
42.02179569295038,21.05748189542294
101.56959497144865,77.18061280635435
123.29233857385597,64.72735156263444
192.1880104717681,60.587537181113134
61.940872687702075,157.70202751556687
86.81125639874766,52.1335912510606
104.718435256591,18.026014252316397
172.25469239911715,10.264656887552558
143.49965139550287,189.9123825523837
62.8493075125644,99.4235930639365
182.78834769624223,90.48744826636654
59.00707647109131,192.7356820151024
129.3096584104922,13.588860697950311
170.71352035042233,39.56596945772677
145.58111381773583,190.7819127827113
143.5702129930182,152.41928362790676
71.9362261690736,115.24059434318391
100.56251194939435,121.19287490442996
102.37062052790407,155.6956570313722
150.95999162098897,42.924929073729
155.89488016592708,61.45481715987375
6.419849240269113,182.0295120172917
53.18618380206398,120.39808117806218
81.06989694881891,121.11733485020797
87.66988594150757,115.3109704817845
151.30756082090335,52.93958874665813
174.38991868509297,126.11959369994022
169.90245391878528,86.98369955775875
65.96387284409074,80.87348500958325
160.76330748023668,82.71237570395496
136.75451188050323,187.30242522278405
50.992580879668544,22.169427045589373
61.88549332210987,166.62039164651216
16.836542625765514,89.46133248564351
149.76793126688327,94.08467242398802
67.53212415715626,69.12098283023683
134.68239052202054,25.193565474345846
109.99305669418807,9.270312108539315
156.7176958540398,16.39036265106476
187.834494753219,144.31449417760328
31.807605031518275,34.48757941191924
81.24228028719854,170.7658697346845
113.19451579883786,34.734757951464566
108.86196024302994,37.23940885391801
178.10358020426733,81.84022920991009
82.78354792020554,36.436601597977976
176.53022121211967,104.36965096936046
58.270007218720146,118.64962810107122
162.2951406683975,178.10792986494155
27.610652485901163,42.97355944012685
157.8823627478522,108.54077259879735
97.48933490974855,96.83329289868256
191.74912803796877,183.0577439446693
10.601890307927368,77.94651962155876
152.31911840019092,18.818604446797007
31.971544029526072,148.44918935738602
90.49254931199313,16.05258784275338
181.6952695624682,63.54236593094077
163.85607970405198,76.20862452282586
51.64792037838194,25.29846029959464
185.80049835037795,145.83798006951716
167.0689400580264,97.85736033602703
96.98359551746258,159.3803806046654
36.21460147323973,189.58587934018684
45.23848185872399,11.985287449444094
39.91817971752951,143.01598750693535
64.51074149505028,26.126210704776803
11.414119093484556,101.80844430615298
170.79058798336163,156.20281101793773
151.10853557075106,71.70419864766586
107.44888521042708,82.68299268647631
196.87834548432213,44.42581675853116
193.28959693978766,104.7691287225075
65.81423477355736,75.51993603063332
195.79830591260972,115.32275735789459
89.33061490627182,72.32200356990779
15.317193731997119,74.26946886150326
48.05457185598424,152.47267477437364
9.363158000517025,189.1577164743679
71.81455661225696,55.26452094315
106.40404930026568,67.88734655740016
66.28878369444071,104.54882200803407
148.7451092388653,62.45348971016056
124.04520875092312,87.04280351071091
164.56430180481888,41.78465096782664
133.0504889115186,24.29185435902874
72.24689403741493,163.28398995492822
185.9706809039184,73.03689594902697
111.10563694179517,157.2805165806806
102.90537300588474,78.17386290705676
63.271870998766744,61.655841865598404
83.61261754687565,161.9951631883276
12.344539658519443,131.91880007817838
53.04974537093888,140.21328285304034
16.587906472529305,140.5078320515707
173.1873745935341,196.50174962854246
175.90809860228046,185.01340567499088
131.78005333086844,157.0745987033162
123.91694084801385,64.29334625291669
178.43471569701174,70.80819230180865
136.87906222675352,187.00778165330544
92.62213386649721,5.590465287508113
163.13492577467645,32.71743125472618
163.61934142531928,123.18057463305955
31.841334511432137,15.509263395407515
78.19329520981238,14.153383005075058
131.60855997820187,26.575820250425675
179.41762634364702,15.211350441515023
151.2820268361729,126.37238472920566
152.66637666747386,195.57527955838015
138.6472827352105,164.5411209191272
5.5125672870818825,37.03107231494763
5.004514489096453,13.475679396848433
6.7474491934542815,73.73578134115776
179.4894491757466,169.5974213400729
71.53113565710404,141.79767993497904
104.34679007407627,11.92983516970348
143.69602952117293,167.40435665022886
147.03905401375874,24.421119876734778
174.05717489127682,93.38474471971051
191.3939656528399,17.24268357892325
113.38415406094046,73.13225075136273
90.82585910661645,79.64722616737922
82.16414852282875,191.170956598272
70.73088924797163,166.02960264064762
157.2048343200577,87.02376992922213
62.88427449491091,28.95788993325115
75.35830725940052,134.94186599750427
75.72920325159897,50.81323950399116
29.658091162229862,132.5186290070179
131.75805715496253,83.0358989127127
160.90152027315858,71.894008531709
63.41344913793521,141.04005131940207
170.30467463066404,81.8454177676677
19.51544979703764,63.13258600213901
52.589067749668885,52.91219021159493
8.420843851647005,142.35266909580545
103.58955996252408,191.4722768670504
12.879577862220025,39.09290534429336
12.044533742445479,164.56795236483632
167.69266291970192,187.00909366887072
23.9002420810298,172.19486112195807
179.3785134299137,23.92920147226986
97.62445756751707,150.6069922853004
180.326830267632,38.824424986745136
72.65885628100847,53.76549833100822
33.826054816916844,80.40610848662612
106.85688257223322,83.14523037355325
116.69624320259611,94.22055407919822
133.226017302836,180.11722126166023
101.55488769797951,47.20808963043102
10.933685842751425,58.09204513199317
193.61416012017526,65.7100337480496
68.91359512905841,188.590520921581
50.075268539048785,68.03942008007643
165.5524463338146,20.15946348730591
22.18052203252376,184.42210070747467
69.84886180503253,155.83238619861916
153.6686133310757,69.11208573462325
25.592446881576183,174.97126523096168
82.35842164205887,186.38438887634635
62.728370692131016,21.061453838907426
28.894846007364887,50.5269160844548
114.97313957666184,117.39831410990044
164.02986263787105,43.973663022153254
139.60907200407078,163.91195198404708
41.69720536524195,138.84353552284708
13.456766364131449,34.82755646965934
194.81071889293392,118.74100031786098
51.38743556825403,144.77253871660832
191.9792563006641,125.98061342015775
148.9568743722349,160.5685981863596
106.61253345916539,45.30132984547834
6.08941542685147,77.3990645696457
8.673727782603482,65.02251973047835
60.673721240159786,168.51324681860152
174.99128012740016,88.2236849587742
144.1957944580081,190.33952886741884
41.12012418921381,174.12936057117864
196.23752436517762,188.58553534873994
37.66191877577304,11.230546593399527
156.26445385748565,36.15153241390464
59.27475777953928,12.47529005932304
90.26826915646122,32.0638189214065
176.0063179864425,67.02695050112413
73.57800495058892,41.53516932083612
155.0150176488214,107.87531487179332
64.31185871969907,37.92207032234724
46.75820062725647,162.1627375262096
159.67455848534115,16.80725432467535
99.89557156561196,18.497866390094806
117.43186252260323,18.127207595563963
147.84593361732038,35.74630642216948
36.85596411812202,40.92614528513819
140.40685190083056,56.823332669884245
153.40496783339228,55.83135250512816
106.79658783971752,16.4880447742165
63.68181557665936,164.2911027421063
7.618689781857434,42.15174697390429
168.5670930389752,148.45222255831868
26.957586733358575,34.15117187643838
67.1775796923946,100.10048434004901
92.85824033089041,129.10360284384507
77.11614528768348,185.5664370352503
192.43263772311332,119.24581459736372
72.31290543834328,83.26691741795065
192.9430148022024,89.95230833993622
76.77247454401272,47.3335675240971
156.88487581907486,38.00295773424891
29.449343062076604,14.531201093250095
60.68968504143145,132.6347308798001
164.93421104436632,164.6315564817114
111.13356266702895,26.925492890852276
188.58468071613845,167.96721299712394
102.07346918705709,81.26384678608945
47.92613805798948,190.3875943362379
64.27721290382908,182.01559055267296
49.598795061324296,60.296925026946475
46.258795900642994,150.6726209007147
134.43058841434063,165.8009025653573
119.62042200282302,85.76546720965347
171.80113779540767,74.54668992653315
72.7050172153857,162.87535205585183
108.97408602997675,28.029896588405794
108.33252875476038,191.04319213934446
14.490777890014638,166.5911685399093
86.42229213658085,82.90993928977022
161.56246479707607,105.51728893072202
14.106291480550022,108.11424212432507
8.224024010956034,137.04970853159668
165.49559805769061,91.42600655997421
7.088453895046328,109.24509096093959
50.140386128402135,168.51347510620147
179.70790787152555,112.00671652681469
17.91040224248934,65.11626700324446
61.09519585323084,112.87443496474197
132.70051601633492,114.0191475552581
159.86984274295688,100.19136518854098
158.33789883976746,167.6807940692331
62.592455177917934,175.36309672556976
188.5114671637728,90.67033964458948
152.2949899472651,151.40945077044807
19.69480091323156,58.01908719493898
162.23544939476722,65.13030801795276
35.447088032785075,22.398602812897835
99.57704440152597,39.37936188012116
173.78706011177596,36.85118657875172
175.3922086437785,195.2854614745985
30.49467972188286,147.83791570666241
131.34741725491048,78.90203994547618
23.147457488486552,171.70953476886461
102.44190547237575,150.5992839358119
194.5400285910714,109.93732791339596
85.3925395051186,170.12071828089805
171.78455091574523,82.77290611610242
52.86242200591243,84.42567190649274
99.97083249401022,66.21855072220218
115.99538139951547,187.17838912572884
189.9015532481504,159.31704064186184
13.79765376221633,167.89759272006793
151.68460216557966,87.23219289077625
85.87520311014441,91.95702985628164
173.1601759437222,20.632238349282915
55.920332016857486,156.11154126925442
80.96335627816984,174.47602588739525
159.95718599481768,33.708619591879604
60.520377758282336,85.37728343447169
96.69793873178973,114.58696491723376
156.45374021506743,86.77682432283376
99.11075443537474,18.891283716535643
29.012094688129746,162.65242608627904
177.62110206998898,25.142513779764347
196.61218246756044,168.13657631069486
101.56395505030295,10.782764881968884
170.63515246951593,33.90989829620024
71.23479574169676,29.742434082953963
167.19564403171685,48.37380446973433
147.85415308376972,16.460952773601093
66.44440378039234,62.9667019579411
60.28239294672062,53.34987865078159
121.94513642533167,33.08226273218398
117.86531029850121,85.28747504947452
151.6400108284982,34.507730860481566
127.72899164651542,73.56733966178524
156.16107796924948,83.96005712163006
16.35265974149432,194.466901548419
29.979562847937895,96.80131821515698
42.70129277656045,144.9512218633051
80.84097607541383,122.08004808334198
98.61195580832084,153.764192432545
166.685136134675,157.63598205295884
191.29985455185616,88.63254282176247
66.56940121495026,173.7564593088228
40.72174303798202,131.02038506002222
49.42742146741626,139.63759186747444
25.666644266493186,100.82190511198696
6.039373427125286,153.22507167508147
23.814522544932917,148.35025331110415
181.06254236407958,127.53208326868042
180.8095278028229,37.48089311205895
146.08850624830143,146.9507522119047
195.12116615462304,7.973222430938273
192.18449683551543,189.2355161927142
161.95436161091783,174.0922228575185
125.58223717766705,45.356986409626145
149.20653876928338,158.2128109816125
169.8498849162561,24.11143057764029
83.66595780424666,84.15988250438244
162.44886615080475,122.56484383675034
27.31217147555286,30.421317501542664
23.849363185785162,134.81304075453403
150.63526083489052,152.89696127260677
194.62231432049296,97.04680999211911
159.95917263602874,11.519475463458926
66.31448371519346,17.320770908104898
22.018133961843812,41.25582249710382
149.18435151566388,56.99232108896728
108.35822212471645,40.98743787137746
142.06341025238007,52.84570112522258
159.36971031531726,6.960302264443873
33.43465808981859,93.057982771729
111.45196870215989,84.33001906935402
148.28532709822332,36.40318037195447
31.948282955172523,180.04120305737698
159.25872642448127,72.70847082692775
162.62286180099457,73.53711810398732
36.008399601521155,161.18359550054407
194.31137351177003,71.52416237517697
164.52561855058238,75.50001738733785
35.00890582133777,26.93936742452042
52.84975339434258,25.090347121759795
140.46305290909072,36.4783534367766
110.1621281232855,81.41415267917003
83.90423130792179,60.660977653657994
59.30340918840715,155.3583861456618
113.96146257041569,6.8366973565715385
183.62307088745195,91.29479376097038
102.3893035128855,169.5472644827637
147.34939348899067,23.54268864560464
9.922481189024674,90.55906533401021
62.858796398063944,133.77031270872254
101.90320529464897,183.2562432849994
183.2444446739996,154.302193253694
115.79660837602184,94.38464551605678
35.6632256506533,139.23256600822157
183.13232284707524,188.41625041402952
85.41931976453505,128.67952240642063
106.30033210721707,18.168801912331084
23.169567134487618,160.0131093365281
118.36310166530032,35.93840640156883
85.57245970957156,149.43714518532278
93.66928456023271,49.75749600952298
181.3627363071012,196.6873080924038
41.61484280046045,11.178019469684472
174.3424695030687,61.54439199972128
8.461366151708344,148.82017619412468
181.70237447694862,124.53129701421578
139.79547667171374,196.51172882008032
196.7481234819365,26.773571703215822
17.448450923578257,84.78620355536506
135.13117700282388,153.67710655888564
20.318381608858996,134.31218368864688
48.767975632871824,7.330568244696612
79.00651201303572,65.47605270048852
25.526016692352677,29.632407973726327
110.39532792264416,18.893986074365532
116.42586073149322,80.28870323767619
57.42142950503927,121.35781917410759
91.30842297784525,59.616518282218806
174.64395518675343,194.3553100305893
167.33110381083006,7.134442995561824
76.96585046164891,184.7600167212936
26.09098060970926,65.23619529620778
17.339286689794342,107.32742327878361
180.95125750280897,49.62534823060935
156.8416475390561,179.393736344505
51.262801617104856,175.69584394623422
127.07059563473669,10.246357704777793
62.039324035054356,136.98105509301635
189.76086305432804,64.19049966880698
23.328690058517676,193.71298241156998
76.61081744223941,114.9719062787052
16.375587737172005,187.13070993086885
96.06709983784815,176.71588664363708
102.65369050813037,180.06618842115947
181.30613483323472,19.105936420782488
69.46637143089077,76.16593280368201
147.59815178510846,149.18610986790912
70.94512241718458,95.70746106112395
181.82858016044463,48.423294540769376
86.69621929710765,193.76239293508698
182.2957912481177,169.49010002765215
195.04438976270833,164.53195879163061
100.09593284047139,38.05405622347919
175.1132019929158,144.27782677601024
108.40656323680682,194.17804186910726
106.86370768261301,89.57615291803398
91.3204481353501,86.15700098296067
175.73361103305658,5.998252597233518
24.074553447480827,191.25545266354644
53.266025864308425,166.59241812819948
99.10222682098274,181.9328579505315
23.59080644509976,193.77711057109022
192.9314831464901,80.76373771521523
39.48868912249155,180.41067750894743
106.55333388374285,155.3099393804315
70.98635472694872,115.23893912365304
159.32965562953595,78.32562988805188
161.98409811014218,50.07162169112168
53.87687530195647,130.12499946923893
16.563556938731722,58.03489155593785
187.888315945036,184.48668908344354
103.05762221980339,32.97642472086925
69.58130867327036,5.047704338557228
179.49369308311032,166.17611241693893
183.30735029872875,44.43697132035965
132.12957312272033,101.89063954997161
70.06513805195432,43.47269567657559
172.9531903637927,100.82932944957903
184.50173638888612,57.07744424896943
186.49707238774235,35.278096296524254
159.7803702801386,126.49266181345162
131.23647615857882,179.635130338808
13.963163988855786,20.237103643061964
111.06304556596378,55.85364657394719
104.81833677333594,77.85629061479146
34.03753666047455,8.607589136217943
131.1401839052267,15.000034791962552
149.2962226166869,43.22414146895916
108.64694575446784,175.2952229944269
67.12379110346855,149.18827920683913
76.24776235331183,27.032902147625588
136.02987500070827,174.2862654876992
102.0808094150639,95.87877504948746
115.10381012230982,77.4656146983026
157.32739768097733,176.25262686366986
74.99719309015947,73.82304374831932
7.746014904124549,84.07353139527233
14.582314106191765,133.5440189482812
188.58584084392552,154.31281718288187
179.56134495758363,127.53045423971903
9.510169471854681,26.16728948072929
140.08787407405583,31.041559786774336
188.91289081623904,178.92042283612562
91.89472701224018,119.21655799085983
103.93751292851366,88.04433333196371
175.6886337369221,176.64427083575913
15.065354817592683,157.55446608070733
48.18017194405262,158.03432043071587
12.34306818676195,191.03706365707993
124.20118962058122,32.336744468963175
52.88742105085548,87.31260724140213
155.64699743268258,48.54811429797762
126.28936107799456,40.16236650364244
143.66803485248107,6.723291264238469
140.07005966172707,184.4225290658868
97.38874692991519,81.50900792853689
127.1831055228937,59.29258351228333
63.27191870779886,34.29499136429206
180.9538496029862,6.072039347176444
74.23550472597763,163.0006379786184
166.14950421541704,7.857940469234622
76.77983229259598,195.3429221218183
112.380577158653,71.99625903614188
143.18289189833888,175.78185932744563
14.837268281786686,175.48091971169157
112.86219782661014,30.210450033862227
160.61781456824463,51.97997232764063
154.83910892516406,194.5470395860073
57.86482639523741,15.433916031646099
176.13409442166068,176.730232067852
63.17147817905283,50.17282124788047
153.47358577885916,45.8548312734498
28.798580424829282,103.07334224279634
105.46219193210469,13.195350812333716
14.333306691475915,143.97311910808926
91.99851542470151,67.56932914001239
19.495902514655082,40.8039333816333
166.9369501642613,185.56601988083517
40.223745651600524,169.43882420665807
57.12479982072186,44.905606594523086
129.17405407408825,97.78135208291894
109.83446964216301,22.318122248034385
185.50232954567875,8.110835232220017
185.6395951826219,190.42552185069533
89.63628579613776,42.103929266372795
78.69547070989299,172.86501142933776
65.72389027847305,122.04918349344823
120.16970290873937,79.64501465639027
180.22298368919698,53.098165653123836
100.5728261677822,31.958288884775612
142.54854337174038,42.86559425398198
158.2498353215951,113.96141036848016
81.46289673371238,58.206393046004955
143.28159226753183,166.41082507471134
86.1517208241992,21.74187207016634
83.91739418911338,121.47559385014986
80.31916587258735,74.32364831068566
67.20355416074192,34.575112371580005
110.19580408650944,17.26100618812046
131.7850845528265,112.37562803737805
89.46671899538354,182.66930327295606
160.2482630123088,25.658440067539505
8.784985651521273,162.54337411247855
172.6049593950165,18.66115248574995
148.21494355980766,67.52699901448604
174.83081201061577,69.6301253151686
91.19057752389696,49.302794637198424
107.37677845034379,65.65212311532079
26.107136059410863,15.089709974680577
193.58739481529284,78.53149841545576
6.891512726705795,114.51796125611324
136.38008663323956,56.596333529340775
140.42548200060511,41.554483957634346
78.42363811538283,154.9060327175961
93.91542487587304,22.279709903145125
91.75402468526862,113.75474230917004
177.27433759001877,123.48735075259074
14.065731320855622,70.86586416728828
9.6200527468376,113.48859443514013
90.68362034733717,174.17813903073366
115.69287186466732,31.825447716230148
56.59085552133988,17.09417055904945
68.89746831015745,66.9675695001564
178.19112647945352,11.19543965773022
68.95748239290862,112.28982801699479
37.58397744659402,141.42191393475085
192.38969302859286,108.37272279229997
65.73723360828609,5.481107119571295
170.44044194365523,19.297040010201737
76.57211078240354,176.82499013396446
35.70262215330589,143.7433744153002
61.4470047499477,56.07755089595342
85.87168593256283,120.18774031815924
161.69892808472267,170.07475846704492
68.14108397099248,110.90069156541426
93.31723586238603,68.39210351023128
134.35153131695654,157.71412299750847
108.28172530992246,73.43594410886453
162.40905289685563,74.81161725037926
86.7543286085801,136.63659175477696
99.33231413572265,180.42328722002696
8.477588856880482,188.55357889738934
64.02786778803797,186.268310046462
9.082655575103804,78.83965906064773
194.86971589289354,24.485340759555687
167.43322492197333,35.663471172996196
152.5355915713527,168.05848986875063
175.8046089333331,98.21705138099254
13.36078344104159,146.35283830818514
24.545079963122614,177.8187115926123
163.8912676725721,50.51394219070021
20.959831834279175,147.10521342479458
39.303010749687786,22.607959260369594
57.57279272782539,161.96440675188552
84.93986006364172,114.85888454596282
80.03493568187406,139.91086446741085
39.85950402281225,180.66005323216976
64.872656060275,187.6718099627093
32.22672731332073,104.98901704118451
70.37860682048272,21.742825285452888
70.7229876954053,32.78590517769403
85.57469405357722,5.079899636927223
181.0273671557618,191.4325077008939
176.29468779402407,30.83187796729059
171.1702291381273,7.84152545074204
132.75617173279338,81.67212091515587
98.78582520843813,158.81219429519385
170.12892187385154,152.5516976715805
154.20987458083434,56.42068442630779
136.1707981866934,16.445020702583378
50.04952462667811,8.33641611517264
68.99294865927051,126.15253187687101
177.61864683432074,47.253450477315155
83.32223511347222,90.45527848506876
23.230493647461003,148.48655939628142
6.81444155842473,146.39617307500927
185.12628693513776,157.57848100069623
186.68627293566752,150.49628599009495
188.93309820353434,33.84741380336696
190.91895152838347,62.31957068257594
13.407882285469794,144.3723111260289
154.6543026701225,12.831547022841546
79.42851857904427,186.7085574349203
146.54760859920347,151.001661965089
57.62417471680373,168.4027630475043
59.098856517157785,16.643104214194672
46.32787313346149,147.6176970259128
154.31901550366842,188.67517543058023
143.80976629534678,52.31286252931416
66.89013112696,75.67401814812104
88.33415540207052,149.48876952862364
80.37699477268004,192.77594157720324
83.8972083667107,44.55873757386604
93.58824469173058,165.42449008165215
50.58804900126764,98.74343573209343
144.98547867567163,38.12322065778246
106.45665770975177,161.27877154429643
159.67274839694664,110.63999893427342
195.62254598307257,101.78267352781353
17.933937346842114,86.36719018192689
25.88640376058319,10.33611678838049
114.52002927186399,9.548375986928551
65.95908050706407,62.618503325057915
165.16274986536592,49.62718990403007
66.56989674882264,66.21566515552847
149.2580315106093,182.15103009963653
32.92369992832959,16.32888680887761
123.4971187408623,93.80142613442892
112.62063513266264,195.78278961006845
21.062442513782266,106.732121272209
183.86882261509172,59.95550934801703
48.072452607512496,159.78557871885684
143.56085486559397,147.71781239678836
81.36651695999001,49.24429870529294
161.2237832438211,193.2453684209933
80.6095239664376,132.76060378824204
87.32031556775368,143.96713973313874
165.75330826199226,125.41436726209277
80.1087087072709,42.40751852686212
121.8943325158072,60.4889628996689
99.99756746268474,186.17507591632466
129.77827236767195,29.238259111677987
71.95269026362381,193.82551526867562
186.46599270920618,87.78730862099994
110.41547704535388,28.1642394171032
152.3044604315285,61.104105378390464
6.856159863225724,25.94745560439767
157.16556442154342,64.17660876865318
96.34263617968374,23.793788465908644
163.94574936579497,144.27904775133288
93.46962460481237,59.01226186178048
95.3262185983078,34.955456847987215
165.78418741961357,148.31047592788923
101.80093786523466,161.54309723718762
169.5601088693935,31.586368119337585
27.81523767638204,150.71362658835807
12.48930391548981,73.81933838234971
45.900558205007655,31.809830549982202
147.84882484364297,58.75098757421355
31.57746599968781,34.90413555009827
80.65352892555359,28.297166595712483
92.46280342841477,88.10012227889064
55.860453796063,62.556356594723724
182.32402487276147,157.78878921212564
27.003336135446602,193.9906916824055
54.96048320358731,168.3586732957408
24.09245302373928,75.97627124392388
195.7704755578569,5.6437852210929815
43.37655619756261,22.95003813330747
65.49314011929552,78.79996262503649
140.19961541385916,44.58609688611401
163.61156778063358,5.5999169519918235
74.1202857476765,54.43649215372503
43.52198871864914,138.99566873438854
38.55772100731927,146.96582656851652
109.98039618007184,133.34153331402325
163.0672541713307,165.89959996856692
132.72283219456074,171.59930142626763
33.59952592627491,22.8947027394489
53.00906964862755,95.40585869161535
82.24473600778143,25.23029483132663
171.98668703997652,93.3657768745885
191.79351302977736,6.74605717342533
176.79494449228744,149.09214203010825
72.00401091563573,164.8820971645894
80.44458923419788,152.06021749973172
76.59719300445755,93.63921595378339
13.929061119199936,153.68296504848917
180.46224578514975,82.87891952634966
157.3317240498537,173.06887017769122
66.765533226676,22.896102863250885
128.5981379111316,56.466816330663605
115.18034237218734,154.792674568578
179.6676507863967,60.80719690846671
109.08601803110524,140.668322055089
107.91453513151546,39.798573877180964
8.08429817056431,171.6913672683897
27.275833732134398,60.29059284367168
55.706796710055535,133.7384108796578
175.18895140879238,70.0114329736046
10.164543915691457,101.71003610789936
36.59966112259151,13.595827787276855
14.957422117941345,96.33934979015784
191.02188192977016,7.559330581701605
155.63871443557764,189.49197104581125
33.77861857729449,192.5643759341529
32.12595983375907,138.56507017807408
40.48668939084982,14.075080882284555
70.18583386883626,152.18433288415736
196.02444291846055,49.71418416922843
96.12640558613664,182.7344713259753
115.22209478552814,39.672847539376605
56.26580050221611,8.38321549246322
131.23139278423906,137.57158057897763
84.03899360549393,86.50837212934566
87.52105649500756,39.41662961978262
28.560288630233746,142.98774342806357
114.62249776294841,129.19729778107566
103.04408515409456,128.77327200847174
195.8154319125128,125.08277606518124
154.51973991933122,93.94798643736067
92.2413844266673,171.2656961576785
48.6783856147749,23.799819502008166
78.55810730028247,76.3997293622524
184.2004761643147,121.4336587707026
160.20131316927944,174.08910920427013
99.61588405031527,47.84102075676059
74.14033794502545,132.2171712146325
179.15591115156556,11.909698921588145
120.33685991084486,24.448665473061443
13.876943377018444,70.45609796050566
185.72789038902226,121.29208619396461
86.85714033743592,59.43037580078616
168.45657946510033,181.93180077787537
78.36463870178515,164.20126803654526
44.407086519158675,169.64585238698842
151.03815140322303,11.703740965483803
147.93303016398215,158.61700488513307
48.56729392217837,21.316942512509264
181.59965765513817,183.8781941615914
34.58224666331833,22.58478620023505
57.81398436147125,102.51187182727841
155.1376156768872,118.72961218737628
20.993970948098724,91.54476173611535
24.303677993569316,12.392950008115122
91.22815093092844,195.74471308555144
176.12592767734245,172.64913278042556
186.56727193130874,121.48646083450534
177.44301187938945,7.611520482435213
87.97597241428757,41.362739477279845
114.46338745159657,79.01017292975978
63.47962335285099,141.56266734364743
50.83929516972789,30.884704035134945
70.31342727141968,103.12105529290987
69.78207470868335,110.99741898820639
99.55973743164851,51.392095804229896
90.64378721779703,161.59104000736548
43.78645247200751,190.12298601219618
156.4681004771272,100.47252823899655
55.43237982994088,188.37498071794107
116.01462751650537,152.42455554301338
188.40121604557052,87.6282957411038
172.25331951009431,126.1601830735515
58.203724696017254,6.338509720874622
20.189436994977232,180.08501362014368
169.3503052452563,100.93470388665904
143.58633069499967,190.219272904891
32.08165203997369,69.2680659655041
194.56901021275365,102.87720010909919
174.3721329338008,196.48328488223552
9.494879980876277,142.18482110745785
63.802319066246,192.4165578335604
195.2518279996615,99.83846835746581
120.9927715526824,15.282315204981119
66.838190453493,173.64397705461607
62.70652307342363,177.67321508690276
101.7585625628461,89.40486808381056
34.35334904053324,42.579995873424785
30.76898567792783,55.53418484998536
65.14142543653988,98.92247561909151
98.18627935753325,44.63657571336218
160.0278133389664,161.40961154176526
17.36548904143179,152.46303615323203
8.812750068126698,114.81055080242966
51.96811616998075,102.13085405560949
77.74653953896868,70.92753124533343
118.53555544927119,87.61913828318889
67.084914761811,20.119526951815676
41.51315282009552,156.41558345042108
188.43458687416117,127.86782648115391
35.35580685448962,25.1438931951446
167.7545485250582,53.75303024773587
112.28799978315342,149.41356458204436
187.62039258767047,144.96325227472772
180.28087020037344,171.3545801503053
113.5426774552383,65.76746132732997
12.47457656519186,62.52652855229851
89.94466761850587,41.32490922016608
172.3086669512819,36.96107202976165
180.2383777590952,41.806300193510765
52.344522209267296,107.88000253809474
194.09782033116522,90.18372093929354
64.79239486943051,193.56211393546593
122.92472351657955,53.727514598803765
181.5411717218056,164.90188300550025
105.61825690886099,37.52166328940356
75.96145878634877,148.22097529692866
43.252019202569706,16.894352865763743
176.77463396794803,11.548730001574867
18.098694558374635,32.39705570701576
173.63685972820554,69.00099478312625
67.95435157455839,23.19938496107766
77.55568784387259,178.88924695373024
159.5837894085508,108.5535320339924
159.61145693348834,53.20557800998281
163.49423225465094,190.45306942341534
175.18079494199316,26.548709854595096
162.71722916622898,24.309283358198353
90.89528031825203,58.810293330325656
113.15538776223454,67.58725474129356
60.795193253882886,98.55546165952704
24.789121129318442,97.79001004811667
147.83054409902303,24.42394067006027
150.53109949871964,153.54683062221304
92.98466815294915,43.30323264441795
141.02087876318052,26.48578736461717
132.55650005743146,37.4887619639043
111.87573559683287,47.53087442175828
20.076230875815398,76.58975101859913
47.820921935215104,173.94345188738598
189.39348248447004,147.21403912091355
122.93064200359089,92.46548385987676
73.0370488432407,183.14584870586305
77.74474774936105,78.30292371206903
57.17354413557972,185.929923946773
171.0503208783424,93.737976724032
45.74806576134098,156.39085028079623
46.557658659823474,37.86982365345851
16.051720028881512,104.76054232012076
52.89807188854547,147.71950283364643
85.60697242756473,79.47084711549657
80.16789876965552,13.410035232188545
59.46048940938261,141.0593584477695
104.78308847621282,185.3503211671599
110.69403537552665,144.5398702231153
162.14994268224297,42.26055910675775
184.48046854942908,84.52450975074453
136.37458512801032,41.25321999831074
93.96118121394662,170.99457431122093
76.29443568096328,31.42253401295566
32.14224282890194,17.3144570959669
185.03019304703201,60.45877884593914
112.54999156024797,113.91742583191697
161.12992332045204,64.48305427372475
152.05543368364457,121.72179745467655
118.0089733438325,26.768056995644432
141.57965780134796,46.50059821642195
179.62456913222726,124.01104875395569
98.5968881660202,156.85546847499924
51.128897362194124,74.97950510002444
150.50117248377535,26.991942170434523
159.46855977373303,76.79300066513589
172.95153470522447,54.50097518935191
135.84592590632192,25.166351273765695
29.339210744476055,192.57634676827897
59.82740489331059,78.51381117297953
99.79731565999039,87.68601342367293
52.09654210059638,183.52168233807097
184.43300484283424,77.53264274028874
7.078691273243503,83.3546774978106
73.32786312400778,157.80820171334636
104.20266758203893,129.48254226551106
171.38334521636088,34.70536661303864
52.91966740629926,129.8961224179924
15.052716417991125,68.22196291336064
170.4470514469965,149.40150643077013
52.93631298112863,153.0060224791748
194.4488328053499,38.41920381337982
112.6267470157816,34.96806754262902
16.586588515015453,167.74077543545448
113.6407284353093,157.8413957993945
153.60269830119262,81.49812649014711
143.68957323398874,174.4199435107399
18.303055922816476,110.49220325482305
122.31470867943293,13.815683574921021
166.70894335436208,27.770228129493667
23.117197939251596,171.64700037277893
7.874872000726996,47.86229518332231
89.5297310312277,76.3695686236453
23.468206733693854,12.53257969375133
126.00898096419668,97.20581250373662
111.06737347018506,134.17418722498485
53.193035291299545,58.51184406107761
114.4836972987085,135.23169902867932
14.454238897121098,19.996734018242044
188.11044310190434,79.32291445182794
107.23923103907123,42.77763180525248
156.88107880946373,46.23449325695417
76.7276932449458,61.08692885001043
72.42899394295664,146.44103096669798
15.896885639203859,47.89643833874901
174.3249552858704,108.86543266664455
163.3775744759901,194.58052401083728
189.18993046363977,181.49815168755256
61.39155731480048,49.94037331230206
59.73401161660956,96.85705670090786
156.8334299536301,91.19389388995623
107.04765592478019,176.49725104731726
151.32127761853994,146.73074269214175
115.23779759595577,171.512594468542
80.16820186146104,47.3049909115474
132.86262994431218,42.21490836551727
126.07655802148031,22.25263099511236
168.5802519732587,106.06245653930847
175.65118236361184,190.13286167867437
10.0,25.0
180.0,180.0