168.91132223283753,76.01294971984208
195.16787350343745,106.79492985722841
191.64150490047496,140.37975865321945
63.73041316575522,184.21291004477598
68.50165927916494,98.20922802584575
70.5796271612237,155.84317408715398
146.4321027712927,6.85779136947291
49.1455860746428,69.24470622591085
131.26647322811212,25.802728003107006
80.09841713261159,165.68059344702777
136.32909642600535,122.70282626061173
195.38877496993433,146.3090954762383
62.59622253258171,83.86222952565122
31.261562677282352,133.27084015741139
30.84086374265826,145.80159492440404
75.60359533004586,75.49805367912772
195.7575351197125,66.4702027413062
18.800264732799402,141.61723928164795
142.80080433924275,187.03426621196914
175.22903596516664,193.22739217275762
72.34538834833836,46.509353674863576
172.22072195217623,23.576622146709973
52.53814413833092,31.182577559696277
177.4102903969496,152.79837778350148
16.86047565732583,36.659984077730684
134.5855434779799,135.58984471097222
182.30226188622535,25.745920941915383
136.80945015522397,7.767251061747757
62.22668026982854,83.22508632079035
26.35412500910673,179.99532199280148
191.7367923770887,163.8610877275953
30.734945625232445,49.76999937603688
180.16851193176473,82.01319204217633
175.36285777783507,112.91634125083937
155.90526112878825,47.78888373314178
195.55298503391677,92.31196924425558
161.35981877390876,58.700043347092475
196.67209852775736,169.52671830211239
59.75197971415808,123.87466815376024
166.41224709334764,90.01413613038584
50.05862981292166,120.53638564967895
155.0669952660816,119.16288500688509
175.22814189030356,79.00252507804181
129.60812030861177,115.83500680954194
36.413027625715216,80.06044078241585
156.62901064475096,186.8591411746352
22.37558251456956,182.22063185307366
172.17635402531843,170.12326531207137
177.05595245269242,163.41394545049232
6.794013188799733,108.9939873801207
126.39251114554698,39.19680513025849
29.520978980706307,187.22937537638464
67.75497924438822,180.9141600015041
23.078517634253817,60.12811163871424
180.96424326193255,116.98576076564429
188.89717462859258,167.26130492748746
136.32062322740092,159.90300025958658
91.06252353570316,157.9298984623898
138.9853715552609,89.32272605620498
195.5071457360953,163.63184965401925
67.66683852563064,142.24618544609564
127.39326837509641,105.21366157124427
170.94980694717083,27.539899222425145
150.093027223808,116.65842898437317
50.49881169107403,122.26580474592386
193.80991382967952,97.67842590450003
181.2280211880941,35.47757219331952
71.77108579439424,104.74738288506974
55.54796262545025,162.38602079815251
164.06333322199822,40.41876356466062
43.65749696558466,44.76081766952075
52.009778350692166,103.59001235086748
31.430846374521515,36.45811104464455
57.16160981714556,70.13579855689144
131.73370795140136,108.07801698136844
19.8694594599567,11.81895644153595
130.61203062355315,172.16183633407613
194.05302376003914,179.80362961768103
27.272819898932582,42.496728563779406
166.28160734884207,29.924763609682138
193.39829275377477,186.90735468751532
54.247364274718834,174.95520823568086
173.3727676745284,163.9442994318823
73.35642815823144,54.087953660405745
197.00137826693904,190.36913848816508
14.56503595657566,170.91717581745505
192.31893457994673,144.84839958949246
5.042784150820982,58.31509098243071
129.56193544867912,125.81419683117939
46.71578150762332,183.44702942994635
134.70533097518793,55.531123709859735
22.42097425095234,194.34621565103757
32.963591724489085,69.20705946629666
161.1720600454278,189.99076623023282
72.95029191539746,101.0853222245631
137.61792854302522,72.00338441179306
74.0175391749681,41.171787477634005
162.47218795765687,137.5116510146974
34.49527154451747,124.8855697055259
46.100732059793486,80.2637271348996
164.55703224072016,111.64555642905101
159.2646443557902,164.8588008022573
190.98200782285932,92.5498715888899
13.840405081679075,78.51970813909301
130.84861995870574,160.72870533675436
171.89664503896375,30.040155852135776
157.37077214671672,14.369474312085455
52.27936856710782,39.9934397709995
132.36137514278826,108.55409554757942
51.08668061253146,60.167040977332334
186.46607746298398,59.15318861835339
48.49094098619497,29.5934836019376
138.80206610762966,15.511233491748836
32.01615941363009,115.1394230239341
172.99326640087025,53.728954362379206
28.813085186805193,52.93021887244326
21.29800032604664,89.24183033893756
151.36403206417688,196.79578489152135
10.008719436028379,146.1680201561654
49.233245882086386,167.85757772572006
158.23855990695986,75.36322060402223
53.959593889426415,37.93647077831896
168.61471918646058,182.06740369749144
75.79823780003383,39.5658362117451
14.921738730227585,104.22295398125637
147.29520783860139,90.9029156453227
170.52833892508997,164.96729458458896
10.007743899481387,23.258623487630988
184.47572698873063,102.28098758897974
17.790148201012897,166.85331192061477
41.64690867415935,31.61955986675795
24.618668032310538,160.3159834445373
127.01362337721251,146.4854350578567
71.89144680098511,7.653384265946678
16.23951385149887,58.67643763778025
157.87445791405264,180.97362498047798
10.866613177560843,125.80004744215162
143.44510261431043,10.79359186775142
57.775875565064084,20.88709730135278
135.15633143804413,60.66574526426786
193.72400681725588,116.30425120826244
185.3795513116804,175.82561166149378
105.33963843332509,161.0610779326028
158.3763306773391,101.69744566849388
134.23069020833233,99.59749502022352
192.60021284175008,8.490211320231985
40.688778606058676,79.34771968641425
37.40735748973377,15.207321438853429
48.14093380857125,175.38145862032815
24.677827787739613,147.75809468671332
184.04506479995624,130.18094912090714
35.93099126354913,20.375714599179823
170.2474838236475,70.97905400640535
38.659879806305575,132.46974289810666
169.16588442190096,168.1077413506007
162.60709407532613,44.93631618882426
173.92660534281217,8.119161194827308
165.44926696997447,52.64231726259521
182.70882041215137,184.703042209329
10.501989824844568,64.55383677261648
132.1552636519718,82.87361190035404
63.97838727185844,93.96460280232266
120.25898959610868,160.6264594765856
196.66604772368265,163.83178014375093
25.22474838863869,100.32061160076921
72.77801109134305,22.898622382812245
58.30636553143895,192.13560362631682
67.40108621858475,148.01733282925858
27.699837110084633,90.74152646380324
157.6929375379807,118.3043989597779
150.39503018942824,185.74290567196655
181.50984893589415,128.28731983525293
145.07728639834394,78.90826111682286
11.468798091904013,45.058782384071556
194.25571981163404,52.51179954739839
193.15026838150717,105.65833796537608
64.08430537390375,133.3906304099795
161.03137811992355,8.193222862049732
133.54387179216573,17.243441959069397
70.34636829376349,17.74612543345928
21.357679762524512,141.6490218414343
139.39109164225667,128.9008416404113
5.805405308371194,119.98343642854516
139.36970936735204,141.54588879764088
66.6868493453809,121.2570563573058
103.34647477718352,161.84199986548185
65.5344009719272,177.75897030114157
121.45206568951474,157.43004909339322
140.10101835941964,147.84733393106794
54.64757245155529,65.65221671675174
73.06842495552125,82.58913262716227
161.17784132765237,71.57705527666138
136.21281866299466,133.642210736402
49.922395354213045,193.06239440895115
30.935969042603006,164.27833729723926
187.85936809647234,36.329029758159706
156.08561663225805,47.49362590587358
22.40169955485269,86.94687536769912
193.19769617816036,154.0663256931883
35.75849671820756,174.2105959125388
69.97940776248308,23.744486062472735
51.67936715419166,83.38133952864204
161.56498441143663,162.5204872456929
44.18729924310967,36.63404536391515
75.64314471181315,17.111049567300594
84.42911206457508,158.95817693497915
72.78611482560125,62.17006227949464
169.18271504161416,135.27481274626706
18.933574083219877,46.54003028009889
196.24899394156705,94.04056649794396
159.17127482173873,172.31055694668066
168.74628717334903,161.02788390182553
176.64815703762721,17.00847042525415
22.623862030812294,92.71290480517222
170.8260733633274,196.7853078397123
50.847719909049594,102.44190448975053
166.54844127756778,32.98812895680379
5.1058858238427565,38.049106281518235
191.5446468107449,38.04589553969744
68.33663746434988,87.75749761687881
182.03799510343302,126.07360895943448
162.02628825056757,42.90216445876193
160.09917584287862,142.3438314655112
194.2850701960157,12.009958326420605
188.07494202899326,53.28256984061217
47.518094443994855,49.308066240965864
54.83561856806857,184.93717509198245
183.706829747612,102.00583108116984
37.48325488333336,27.987781694951718
175.38183726385344,36.06906553154576
28.054832078995133,166.6121899547502
34.40538881622401,137.77417457755482
182.0566345253711,31.496410783861787
17.224649724711384,160.7873625505498
11.006464455116648,185.28997210558387
173.66056289223707,144.35044680102465
168.1173290087548,121.42389687797153
148.199407323624,23.552112917546413
16.71623642509678,177.06694894193805
162.20970654922138,138.08445948844653
175.50095223548809,171.71901115382883
144.83501186425175,192.95974342056633
5.468239796457316,188.11753844032467
20.686884892376575,129.9658645956507
66.47484347839392,131.45416868752113
184.46499846948618,105.07372685652138
154.81957934997178,174.04599658127287
60.40143529251046,26.016681849922644
10.079794902962668,132.1683298589783
178.87806242789463,158.88707141948342
180.40001458924465,180.80447713876364
188.79990315960495,81.12565071053652
183.48788543011423,186.48016669967961
143.8885007326166,21.827704735508938
69.1827308535311,26.928581940027613
53.47088769772535,193.54547475557052
46.9279716396752,27.041359248635207
153.62816214324576,98.03369121834804
36.859301936056546,109.1106538820063
175.13439226338178,173.4694146855279
187.84044722160596,29.98826082825934
143.65948127020533,72.57303510786616
173.38557282851602,175.4829701185577
45.247018504959755,11.508321404933863
57.712819260504055,170.40988633566113
71.04876327431396,28.480484819062074
153.34587235445167,5.913332126480921
69.40161290511458,81.81511043517537
66.39765576629904,182.15580855548828
144.39920873924967,194.01493526686488
165.67114288640192,185.08049970510012
162.26784596116647,16.719198749679194
66.31582665300489,154.25108523575037
13.288041631787825,111.95925347202665
28.04843963940102,139.43843590618917
8.433223278981695,163.94684557320895
9.110014220931506,187.14712096693367
12.458861355634932,150.65898209424395
187.72015596817775,36.81871370996031
164.40619787499418,147.65081317327207
66.74260682256889,101.05182579071904
58.81634019635911,140.43751242769568
184.45870254326414,96.68896906185905
178.39200640457094,78.84106939575743
49.860574172034035,37.642245958661015
167.59445856223888,86.40302284732202
170.0343273706858,158.59593287316747
190.61736079275215,56.501645870789524
174.68318889868098,148.1326782330923
5.086547915883642,178.20224186052047
175.35857972078463,30.254768619569813
72.5009777779837,139.91815025043118
135.1713225285613,114.43010111189261
168.58172086298106,62.49396309342008
53.67091759806352,188.8170872492175
144.4938431610029,66.44240216428226
131.96736304316545,58.558014179897725
189.22267325259494,53.10211971039164
174.4391792235561,150.38207040635896
147.53040332786344,75.07589761392181
153.8639399823803,171.99759024825505
137.05907967769983,45.102651530842714
135.27471990576112,86.17162617595
73.88114691335761,68.58852751135466
161.6325518308233,144.30501754576764
16.117066722434092,160.99825666369478
151.70478231674232,157.37448851068277
64.16555395591479,101.93789330131324
162.9440030609167,34.82464098879094
145.2598052074224,164.6426884832042
17.837532365763554,195.41436647581162
147.71813725018947,170.0165981664237
196.53184123080254,20.882170197405483
156.0693821799035,148.2093696587129
18.66947885824569,122.02149407512172
51.93191729353599,181.2780983146631
165.5839812114171,144.2013840197639
164.9419896455667,35.8084887270296
195.8352172560224,115.6156036301476
164.70006759234525,68.11741657193627
126.07517940465063,72.07554467949332
15.003479777939637,177.41229088231015
171.0045079824496,98.07639246360678
182.34361814162548,146.84956392262873
180.9160648550655,101.83497062312273
38.9549478756602,118.0061820690718
130.94553435383725,102.3292876830418
187.80259168933358,151.64523819479612
182.91434856107955,156.69234220727589
142.97648602575202,161.28786377069915
161.4878869763252,34.36075128506662
59.60413155876753,150.26906098290584
70.05384607828464,102.92181045679646
166.86631062340115,138.87628989805995
135.54381468136586,177.28295524725752
129.74393398640905,193.48042782279367
73.26075805793428,174.2912651570587
173.69014308159734,171.79092943855994
138.68044589107274,34.370991116231146
33.7430506217585,137.7942605752833
44.100006560616,101.91809083906622
21.19146044416729,134.62973237984022
61.941413477648624,131.04528672491517
20.19749363582029,173.25216182834262
150.55768371612925,150.06594897699426
142.74841561856866,29.608857329578136
33.70078862164284,56.04472155688742
17.711418407701554,113.74463040220365
74.39939695852577,55.74337968574465
140.11658488330954,18.095748485275404
171.25174591047545,114.91173925870768
188.2844809427816,194.62995033917605
160.7229000635727,154.90906988060578
57.976077197558574,99.32955103236927
41.122722654420045,126.85458551173191
194.92963768137483,144.29468648006093
155.49776362477488,89.63581211716837
52.54934225717294,186.55197982826257
141.66202705043003,168.5132557238505
51.62484717992324,142.45297021550172
146.49781130871122,29.28487565178508
136.48665434937186,93.0836602565724
153.60254489810686,176.8539367373522
162.3960945508783,135.25321924056072
129.73860712047485,39.73225569805143
48.870605697513376,115.7625659728119
25.50923571919212,72.23871064317356
54.758207085255094,113.16706823915284
59.29681067375041,171.1709841801806
151.83071527617668,170.37836969336988
133.05063645356188,10.511184188753015
27.16406603614334,186.75412494906823
162.68261026860316,189.1366911867275
46.053430996916,98.90292391471407
159.42470814920858,81.65171876010298
150.35219467439285,66.35470223015476
195.92089212232472,74.3406350667587
127.66618647001064,125.09197795535493
136.7912145947313,68.80716590031894
169.49508544742412,95.3596283536052
54.87096549448907,89.54352780554119
130.39519188256867,146.92567723053162
146.97628728679072,110.97582152083847
192.9951929442999,28.821211177618526
191.0977949001619,15.706659606277633
164.76529223307148,145.06511425714754
75.46953737038818,130.1531942120333
36.23441251321849,132.02975896016687
179.9686520487436,93.26579694457168
55.1657591039631,119.14534406143258
178.14266298729893,125.16441150691834
5.02833449502274,122.08004413244451
47.68447006425768,108.40984438854959
182.0239062008456,73.38193286129396
182.81798350207185,126.2895658606601
47.05437480251759,156.40601398742965
186.07058139034027,103.41731614607855
73.15285945096754,13.508670855768676
127.90056762599532,196.27516391371617
23.838888785730287,110.79707566278537
133.5783884782786,68.23808292655035
40.40135790455729,54.04981990367988
36.93563699483694,190.4354206035267
158.7652928093832,155.19629783599484
141.45454772799448,89.46616750285631
25.611442381007592,99.97616998666034
42.341462464067526,44.21687405978531
54.80667225073411,56.55844758183796
183.26574094074596,130.89526297824884
32.3882817738202,27.336782629289985
54.73988053242278,58.75605103886143
148.17166588988852,159.08386937483857
184.3602608256376,192.83254135390825
143.28543006744385,148.45870776802246
136.70675885618712,55.1483553482737
178.89543105134283,140.83918635886027
196.0728170136606,13.654912306364702
20.73205690091592,28.693839890596564
21.661877999803746,39.33453824036859
167.51781612244676,85.9657565579258
137.13079993782884,103.18594903629858
50.25231033148668,49.477221693491195
52.477536707394606,61.17263227369517
22.8215370256479,133.35276921335176
143.4566147352948,123.06880048307832
75.08092678199436,89.60290537701542
12.582204882382776,149.26235495581432
136.18154264902194,176.88571910470307
139.54664174295465,130.3912384482128
136.61118758208255,192.08740275891913
87.28805411963125,161.15891466097432
58.20163923326999,163.77223040577925
27.939743938357033,187.74663897512508
190.42949569579582,92.54170041736405
118.2777445191055,159.30783269794165
138.15463352008763,123.72867778424454
40.204505782421556,127.76987489762985
68.48936411046266,184.52443242368514
140.1889146344913,160.9727933546159
24.443118795024173,184.4945268112727
155.66490814106464,21.468142880906715
144.99940776537042,177.17420301397078
6.9087936929107885,27.719919474273713
183.58181504410643,15.534004891920505
172.21872864053395,77.10675907654272
188.062316604726,87.82761228335718
72.66031809044645,194.40859042888556
143.5760385998188,56.430151581268206
159.52757977684902,41.16538213069189
22.82267716591718,105.7024951688496
42.49843018858345,19.328207075557934
176.46134747789225,88.8426610537388
38.128599254733,83.3476600326061
31.42136621181398,162.06697630994935
191.99344914458672,52.44342202532142
147.26487669875013,67.43661265984542
163.8078139081401,33.320747835244724
132.38732226521637,116.32893120138684
24.733220205320887,86.35787161473165
27.092591400358568,170.79410135990028
27.45586856850366,40.5150336742232
66.9857062046293,177.03512553777864
40.155155204057365,45.57231112192062
13.685711454775147,158.22249192909308
136.8365640676293,196.98465029359053
73.1532303908714,28.840729999933508
9.21990395720135,77.20805662101668
179.57680679777147,22.688086800053153
152.39611862110712,124.30502819539268
150.05802152245943,158.2606542371274
192.24663903549708,20.321650342639366
20.118369464552842,132.99430827252874
146.61344881246353,43.42953318981218
62.56310355703052,159.48340983457777
43.681009254475605,153.2745144938543
179.56086616187707,26.021298386595205
10.892466354674822,160.1102339341841
17.00518657104813,37.31267526932459
26.35545739907275,188.16775925626357
60.1462688943711,32.27650040366361
22.687539535939482,125.88760170370458
191.60443124534746,44.778756485858494
12.287813325423244,16.82591397390331
48.52870612149305,135.193282607952
72.8790056850456,174.55859747211366
147.37296051007937,152.44514262102226
51.12297644135111,139.9880456165027
35.13960397965401,118.50655113218012
194.3699356098385,62.65481144235719
154.64066028632294,110.3975743979527
136.51778314527556,62.76378593239375
132.66573813538676,110.20675047977332
153.79324945205457,150.6825282865334
190.72825024919464,74.90279250186998
158.03616785574482,129.13041259274786
185.79441598924797,35.68669379980716
183.1938279393014,103.6130560918691
157.42744129180196,159.96079124384056
42.81963989635835,166.71173107844407
155.67327144872618,19.919950011701474
151.74541642947494,115.36372699575408
65.83804736800012,95.13205408185709
24.954508936727606,171.46834618838454
88.91601197887026,159.24473953670397
164.71149570442168,31.746120619369428
165.32228642128047,60.59473648420023
154.3031512259286,72.9491643917685
27.103616985421713,25.07162483632502
176.57925836324515,141.11447401396904
151.77121112333137,130.90883217005668
129.17220197797627,56.641125221233516
74.97662566722258,12.094026606457039
182.41372217028342,93.46516784651584
33.811007684487045,195.67845434760522
180.4176793050458,95.46101168685634
134.96671329155956,128.92243530778083
48.227476706545175,26.87470416620957
160.34541725823553,139.12973026278763
52.45690163519378,99.43875950459396
141.02359962535883,101.44202511039792
177.5940110482714,155.61247232645823
17.895653283985016,132.0347386917381
189.44739939350077,103.54093760517672
17.369868163282764,102.89832240830553
58.60593182130765,100.42238874735722
128.41032659758616,191.76711095496086
73.81775804434109,111.62804458914476
140.48959359199614,102.16519974566303
178.67137487286507,154.1432311835149
132.7852967226236,139.46383477181095
188.6794723971298,129.2479055200083
19.18661894001355,51.22592476313978
57.139742925010914,96.99944239672159
128.47621189373382,157.00761636613913
131.8834344974224,33.17121226835861
66.49292861635581,17.411971368566537
24.329204196204067,147.55705765842566
16.85652532532692,16.23720234553863
30.051995563506235,41.50659440963295
48.73903881646305,146.68187697801628
15.098448873567925,98.2292499139221
13.262249596903988,12.809760427583576
188.65270595130397,11.208919905814927
135.96516531617473,41.9141433941023
137.11987376316029,116.53081014217511
40.62175325957455,99.51669866583028
29.305688361974113,69.2345393942551
39.52116214452497,168.55389594079213
54.11762442585546,124.31974030024381
151.269953434901,22.666295944440062
38.7278121546503,45.80929681659712
174.23082526300996,125.48584423813145
20.02666467927991,112.22242556305883
133.98255553053195,57.28522329712431
44.30230722589062,153.4029947002849
133.55554470981804,59.162868790869474
21.540990485997405,65.99665362703249
187.19633104310344,7.815646298545151
8.6885379386969,104.98368668418048
145.68905362180192,92.79923944314667
166.44155628084388,39.05480960487785
29.031569610553063,54.25331352292912
190.47592863028999,23.46533001508953
143.20698293042,130.8012353693712
166.83971003371346,59.00436299757939
29.505263530376222,100.0690194570597
154.20115965870338,141.5882357856215
179.60882868883172,14.251207867536825
72.64787143662706,124.39173791653869
57.603884104857514,103.79725628671417
168.38295018966062,131.41650775483984
188.97161796102216,144.96651642036124
39.299115021978764,134.51093998171405
33.233188247980735,59.072873994631976
187.12505630971793,162.17597943882456
139.42520808216636,185.2729456944709
43.30384781810888,158.42343617078646
180.69142313524517,188.17965174642114
158.87547194531112,22.954684334955502
192.81687769797833,153.58955704712398
65.77559564452893,84.81354707308628
8.834960498433261,45.75031390268588
182.37202192918681,101.19089378232835
170.31196412581022,12.965710568355423
44.90758708829457,162.36810234522196
95.22283395153279,164.11748605165263
34.83496342620007,152.52613619730076
149.45432081441595,30.531041322847628
174.85122112289164,136.53611335681737
17.31021374084218,69.57196513694349
40.21386560032697,100.65342510671803
28.856267392991725,13.927576091747493
134.28721061873853,159.27834904189675
97.32736108332651,163.39767858998195
68.86860575525667,24.250480759025045
61.34912987680523,68.18292747260226
75.560225250471,64.95871333289413
23.03509819472793,77.67821098483827
72.83134044652807,92.20624332758447
59.62098298631356,20.378525074872112
133.02838546445298,117.2790906080379
49.5052437053809,35.2102257367856
188.81365686310022,188.41376229464623
58.63803509080963,143.95859868353887
33.90791930558314,185.58608508736518
189.61755956191382,34.06875589182963
193.82596476077003,19.18454088621162
191.06634260377493,148.6662693441418
169.03853537339143,109.36210177856005
68.90361121484429,31.944285116923634
180.56416711402704,181.97078462637197
149.28183485194606,54.704152440986284
59.87608993497418,88.89612009159698
18.66867308787409,151.69661991392888
130.1508926119887,85.16644825157708
167.08506041431062,134.72220810525724
23.205258182796353,39.02737796962325
65.9232702012929,114.30404719371055
152.90716219979487,20.4331271912966
36.11880320965295,8.044280583190693
15.639494847768244,95.62803219756935
159.47082180843302,102.27789864519576
49.487797687285415,8.278984517520332
61.48038886612551,176.23160557066032
26.843294767919378,163.7687575676139
148.06624842250486,195.92718990096895
56.60673187847592,177.62813643668753
39.8024914497938,24.211449473868882
63.474977189781725,196.07900570702336
80.01792672358522,162.53224241177307
148.11433194582443,22.36481031500411
19.357791198919507,68.14019133715655
171.43040871761676,33.828707129963206
52.40026541737545,155.32563180621867
155.70061133300342,109.60367544093079
183.02461473203508,182.23464474648424
177.27785759983064,71.13641704017368
177.03282409978002,188.1242071896909
14.230552808947557,93.80367979000849
153.90632770692773,46.462763099812776
138.1612361231486,28.035307963027236
47.13644395663859,183.92007064472108
48.07725269629563,96.05781697106057
130.69359615920644,75.89470707951067
56.71107849657449,141.59743562469555
55.31239413825707,108.7822022210143
181.68115385683146,145.85272102702947
12.949387351803397,32.422150781902616
56.80866355041263,166.11214706112293
47.044672337664664,32.13840536661939
10.442375677070748,180.53946570327483
45.54983900798095,74.8304417736655
58.64374830173845,194.43229743761108
59.03819382058137,124.99785885940896
36.29424989732328,41.073931993751515
195.48358284480656,144.62760989356116
166.68590051060798,41.72875441070099
45.02258608477573,166.19581065406166
191.1020528037806,183.33427627521817
50.73816978278415,97.24038966309438
23.44771473523706,196.23247152986804
19.674470466877544,190.90847776967271
172.96210222059645,141.434458041743
51.766273046878425,80.61390099506835
185.27494249458817,94.89185189539857
48.12716734615849,57.497195310443885
164.90934521288818,61.278643357919314
173.84620641324895,16.87176447516293
8.93833581411508,147.13762719337635
42.886739191077496,184.7444401197272
191.3089324455381,106.47444421115978
128.6430088926047,86.95564419562999
144.38246609890882,152.8858583470785
12.625930133750913,110.42666096209491
176.26109378379795,86.72377137534649
144.90779864332373,51.09644281086322
8.126957023108284,186.94044891794863
191.6415051236125,195.38637834053253
11.552534534581955,170.62762065696808
180.74168797198064,84.8288942407858
164.72004527510677,101.34976043491861
132.05317692719217,161.94833043230483
141.95959764754159,155.06493595789556
13.289508147490809,10.966380001391467
72.6562010858298,72.4926650929727
171.5565681688517,176.42362442177355
18.64879201666029,91.84650414473006
178.81541797164516,147.72971640558706
154.41159298285373,23.098204423127118
73.1569229892048,80.86157386631807
182.04048380478363,160.8832215176417
48.79779348638085,41.8698695253361
13.421068101177296,26.208795685463848
136.1318079327658,154.89306505204587
177.87579351876911,159.72637889868997
23.274396010911527,88.8464155822792
145.65853421544193,28.353556755871953
148.8038631420122,130.32768917972928
166.89802861672752,125.76807429320452
151.0434811798916,86.22041668664475
150.9343511629021,150.31664301821607
17.30635423088646,49.41906676641503
22.03798012368115,87.77511656194618
20.479566399116614,163.52926662716973
69.71363268510905,166.0106257629822
184.18190559827926,5.088578166347883
181.5278334790559,38.55215991531402
71.62258286128014,42.540400188579916
5.758238704788961,97.05270826699925
152.81630429478736,23.3750697830069
103.48585735150178,160.11045700949535
143.36322005487028,143.40653543460144
139.30632105255313,12.618693277863622
164.64633479123646,165.94471973876426
128.311047902024,96.91386243336642
148.8386808488852,41.19334088921546
17.581520095364038,153.4318036520958
61.17177773948525,129.12408808253272
39.418781635278016,29.21952244889685
138.03691675976313,71.19877403367083
58.07467200123242,113.98877949824603
138.6161219390318,72.17396193689464
157.7416671677444,102.2508427409971
164.20575416997156,92.05712302198776
150.3878951635948,140.0123450604043
145.48477334233718,154.76936339294397
53.031962063753355,99.42962068997733
24.70902666369226,28.344607095471506
70.3867203680002,134.68926427235994
180.9783311330207,119.86689319508741
155.32489256120186,50.6286973289188
189.40966788301952,102.07633998635107
194.9132695584912,86.4383561321949
165.66093183244956,158.08521686415827
34.696581488284785,21.348217604891783
154.06216313003654,111.2327243809891
34.49072985830617,176.3810963773288
61.83013996281171,23.761753088098178
6.0442188436442015,53.2905360042089
193.25333648788947,182.96831295874307
135.3004416239085,52.857641486253726
184.57087437139427,166.06438703927557
167.20831746706824,150.36009931947785
9.889983730533016,19.776108507635474
62.0590243706013,176.4919574643223
187.11903499979744,196.3216660029171
66.09719417749915,39.90950966018502
196.58099697353387,140.47697874252762
20.572350682206405,148.27251201291975
194.79978440470714,150.09259995539088
172.9178844254415,27.634476588514385
29.465047563327783,101.96359428491776
175.10983868276946,76.64368200291528
39.533264232956114,180.5414920427169
26.840531918554728,121.78756081883722
165.41822697114347,105.20799875712099
189.24898239211697,19.65991816443107
186.77407261875967,57.75221463945667
192.758523259494,56.12495783714225
69.05358650669004,129.06436710803956
177.46745070527626,108.34470371207644
69.79424716976604,69.05598518354628
192.0182039250664,160.35251854961257
64.12727796371742,89.83544281238962
4.989246689006149,145.5485248302465
185.90702170490445,174.32591966766938
129.6352177795128,92.96509410059952
150.7277603535891,143.26997513313856
78.45091816307009,166.57849108457492
55.80232296285513,168.3945075717869
128.54954854505775,14.498997158121597
158.14529409105393,27.591182157041338
154.83767259552516,168.92030431454066
68.3437940594316,140.34933062769053
49.96988126574976,121.95257066496168
12.122182739237669,133.0461462163092
185.9985748589615,165.34629118115356
133.70215043387643,166.89079149078134
183.63811139725254,11.202862719753275
117.54048968560318,158.20813284763668
49.7430375384467,175.08617932926933
28.0338608710965,170.00545065958542
191.0656687762732,151.1249480819438
152.62150714381158,23.34024416066987
127.42538758549102,139.42351433746725
135.7543713466971,164.4830667343296
168.249294945381,5.505459374783649
160.98822088769109,83.55793293206062
132.65269555415452,9.74593504258222
183.930738867264,120.98362530527936
22.75059009991963,120.03364503821524
148.25344762208536,172.59423444088458
33.702279515020585,187.34172358585985
74.00829567159501,95.01436081258544
150.5198804875711,7.825560520647897
184.4272931446961,24.058028902506052
58.24752016986441,106.6907636362224
48.12781222110828,26.872285112907893
30.961467401543434,106.10758845572867
31.792192862729703,116.21182956952012
161.24547756326695,86.12562720295573
56.44410252726652,136.98980711633345
134.28754646764318,25.758541597935157
151.8068457844264,102.39157188790267
51.533007606465006,111.88289420152634
175.23631203816333,159.03216973394265
165.637305495005,51.76286185332271
148.84520648632613,189.55708731637128
65.0860042111225,26.310088813276167
150.01404473624802,147.77815646040324
128.33155398764765,84.26174531303907
18.692137476699763,15.882428950044133
147.73089154738432,78.51936506052563
157.52499135736258,85.83084034977355
46.643597151011924,179.16131608521727
29.868943385073766,121.25565502355806
193.32378445401818,113.68051255631048
142.05212210463418,105.43113456989082
158.92844882822592,131.40870103075602
143.65227484523783,150.3644951688932
185.45811797537453,73.92090968778997
55.74772173847789,10.031397038108478
126.00206803618403,163.7302433509636
50.47829022140852,7.150482068506241
136.90732739066686,96.6861905354109
68.67850630189746,93.73913214867544
15.577788502470456,132.57709978694263
38.843550583823436,151.54086040288507
39.31805403882094,75.8804550183046
26.761346403436963,162.14304490187078
22.69684752354655,78.38474266891492
169.58054577600024,36.85119194438622
47.871313341841436,60.54579814941814
47.537534193525694,112.72583824133403
193.86636300886494,12.199240445731052
168.40112658609735,11.657423020505101
40.15713349615914,77.34092192034441
164.73387141961032,84.02894135685193
26.265848314691674,175.79233441892225
28.846597513298292,145.9600322374197
183.89735537045007,119.77373948736512
25.883673238409465,170.62402676843578
164.18492565065574,195.75177075651814
45.83902361037952,80.4644282220617
7.035593418782189,111.78048614186372
17.438818773833276,157.11854280099297
71.8347959786042,73.77301681419306
191.86341674399077,125.61007976533604
62.27868906360219,108.03832462255046
190.8043702380082,60.875573248398915
158.90713131169002,31.312815592530107
52.847450849583346,68.46776797446812
69.96984458585418,153.0500265898939
131.92293980312638,120.71263430006204
28.293431385266558,116.4284313141448
64.65250301464893,41.395108349185875
144.05644809734002,62.596467963994996
147.18914839001144,17.6769041648251
173.91635764703315,143.66626447958973
6.949848315054137,120.52275510965596
45.6093324908512,162.49549690052004
164.6507319756592,137.81860464993923
130.44955163404993,63.71520746234316
154.6698009055415,126.49497161996219
24.718882574673817,168.8642268275814
9.918410468391441,124.29256887691463
50.3368704315067,178.9532710437873
180.47780668768976,13.110002734479702
70.77421131683796,123.63065523635642
160.95815776592556,147.47060289092636
17.002121000168444,111.17759955798188
74.59508816785892,87.51218217265588
35.250137021111314,64.83957979103147
54.36507520495187,168.28813135686437
140.87085905940577,23.500191888389168
146.87987525109213,57.522068695174035
32.491541748450665,90.08012672129075
34.55519623263691,185.73100175309264
38.6017753788951,192.4986846762935
51.299099386645814,147.85417777714395
183.83167290416748,117.30986301771978
147.59633550089973,46.44735438400934
181.7351781496301,183.85325823547305
61.399621626234925,103.8666573781347
21.238563129664477,15.68053018107126
180.88813301185928,47.83143659761435
165.418441261603,19.115877889374826
20.819503133439547,117.74773940772018
128.97911386595328,105.7837189315215
34.742685910102736,147.7052835677906
21.279622615948,156.8293062734373
155.09615219013193,137.4401472262749
196.5375243437302,20.808835338150885
129.913732289417,37.74283249436492
44.3376515088312,38.73939264299298
182.09869680500964,185.89665128180772
140.58322832213025,181.27484924052374
29.560741884147532,79.01584331504172
128.35216891821818,16.51393347431711
26.27044877364415,99.42403303301221
67.22734430827967,102.79600007213216
73.84680475532281,66.23384797462639
22.986919745974845,80.08267958252077
68.40235551278971,140.68779261684045
20.982656337069262,9.934732146945162
129.40452800726294,93.74477419520413
29.070358381844336,108.59972946076556
25.184471273798273,158.65888989191228
177.41513576141577,91.73668719862002
60.96109646259993,163.11079475145795
155.3777699482136,136.5251764931433
33.38252253923769,56.63788109295803
147.56848719042858,84.71512729706788
36.18614598729493,78.33635555629174
168.93255761547508,103.32476031188291
50.32515898559114,103.85263412552328
130.21686507841503,67.79475645588236
184.72955090507148,61.76114993670827
179.15368366042182,120.4045758697873
6.940457794415813,122.12776044927924
41.39930898305864,166.796955703184
24.15164509416555,170.6552689660947
172.64641677820526,31.612223321751426
161.5351481623174,165.61437121966966
6.133113158047554,193.77225171381454
6.216995180467709,97.50383485120908
31.65649187627278,64.4553083367109
39.42999149121154,28.743264269044257
21.597865633838524,42.05449284083812
71.50761252670524,150.3191293652987
42.89843791117171,45.90842886931964
137.9427069824744,26.070744597227666
140.1056962761243,185.21689101107586
45.31597944932424,28.75583914615115
135.04194847406475,64.11937581318344
6.4713273740850035,140.9108327492795
146.36635721613368,65.1548400372261
161.83387282002124,90.3532244611622
150.05751922222385,38.905026540382465
167.3791472409047,80.74589480526312
42.89213044599142,126.04981130131785
159.30689993926953,108.04115728560161
181.30626604503777,91.56995416557913
70.971450040776,112.26349843668648
194.9459386805487,139.7289084459885
24.63547956935967,193.05633024456307
53.06896626130665,196.85244628816548
75.9347970495238,138.2722681140786
152.0215766414695,133.5143156047258
49.85487967778277,110.25816655547581
168.15019446709678,8.283277931847751
71.00692584486842,117.10816518089204
160.94110600670194,148.30413799630634
163.62150486323142,38.70446574103377
68.01648487002625,103.46413314935056
14.112892296918801,180.73113496066046
13.137499394586868,125.29629589744303
145.20855898864116,133.75648608149768
31.571540752331465,98.33343931053014
132.1633408028881,158.55220083582304
191.08923266017234,117.98124701782227
29.58720291477178,193.16914341517378
170.69105243063635,175.07310451613225
179.88165080629298,174.35016979756233
192.5100846481455,149.58217093076692
126.60067710427755,26.983499880060524
43.67928229551563,32.762989725391996
143.2343222703195,42.413229550721404
44.269985573860595,16.853646901134226
193.93778943653183,48.67390667836655
39.47947571824737,102.74091983606326
190.70494041227656,133.09211612071564
130.5581191499807,24.640864797398276
26.86023135497179,144.93019794838148
42.6435632244737,5.3795388548606144
14.810924388238696,100.291885719309
188.33566608122064,147.67880586852277
181.2812920762005,117.37886215067722
176.0123290068391,15.461448244623643
192.17888226240075,64.61907576553374
27.522895986384555,72.55402207092348
150.91443484446705,17.572420000612784
74.78335554473229,96.07411602114587
159.53114708434816,131.89238852244128
143.72375177931684,51.05641551854184
140.56261425488577,90.86377395390711
19.853744238789236,185.01847300629657
167.32881014153318,27.757505036337257
11.13749594849928,158.81445346021601
151.92989176610362,26.789701186960574
69.14246724572656,96.99361714012741
183.07388679070897,132.18653936666655
158.05760588458946,164.38203662758656
182.5931214977392,114.23956239597295
162.5035745024022,52.34315191710383
174.3971870400809,191.30777362928907
193.21128730583015,192.82285544976804
34.319839286027104,142.75160015681797
152.80056971507653,180.529697596811
64.60171513796034,96.43147863982922
41.02901783534243,49.85717485055014
60.054585096152515,80.7194991024627
70.57076326929699,134.48408905414357
69.56780223230776,106.05891417747027
21.124683692721394,79.91645772122612
160.40263397494684,46.835071802388946
150.96078557991206,154.81248510865723
133.54403515432506,72.89822039370596
11.94096908627613,174.61841564295125
129.5611374083056,119.78761573609319
22.977107496789948,152.32957308750758
34.98736599136664,151.50012545413526
139.44320992328568,174.9268627350986
140.6121015700492,66.26291541899434
5.909712085638806,166.77289854840615
72.96866707817833,181.71353203946447
173.27320284907188,177.148353149234
34.34933013303605,171.6368581740696
153.39510865725273,34.28524130141785
150.14261272251224,63.20295342833273
192.6723999536314,169.09467658937905
33.0878353457086,9.942622877640018
138.23757766499898,37.68236476465023
156.12250364595567,28.339389983299085
185.88915390738063,48.091538118661646
172.55371374012017,140.75681416551367
66.95503711367317,177.72826905486966
155.4692348291908,70.49759380754098
15.36614097836202,61.83630442401522
55.55674741612461,191.46718727701673
53.415024623784426,123.83907008713022
28.07149937697555,59.20409328799682
184.0569313777351,27.985133993915568
47.064244335887345,22.826165723830233
171.91186208196604,66.5971214251427
68.12543461326433,89.73870734375791
37.57562927211696,39.40834944748206
155.84827686492415,141.43367704221356
22.924488220254574,154.25272862474426
178.13798359579846,11.920179914538886
45.723178965726085,16.77433348212355
5.37468193211893,190.41284166081596
67.81620768288448,120.61273061079186
56.867205559772,110.3318798247433
191.30588705740792,143.32409029702052
12.23038394637366,142.01725636517037
74.56630571819524,94.23772513967737
66.70442402864225,195.92434206704863
153.24412579980017,22.748276356396154
14.440407769633836,23.47639953837454
9.591947089174095,175.36263941068523
26.564341265821113,109.32192289287894
48.812028099704094,189.52676608262573
175.75649794714005,12.012216650930505
62.03798828491853,132.49510538556402
147.18531594751855,23.025042755556626
46.773191577466854,96.99916583329701
11.9464313857511,58.629937698066854
186.60649244705263,75.37938830295231
62.4859663557445,62.116612457275366
193.06507066740434,61.83813437939788
169.46856664445522,114.64346369904656
128.6225165075715,178.67168574918244
181.09865057917233,81.36121531169998
68.0073666117372,148.59872040532622
31.207451540983083,175.22171712195933
43.67220454094976,138.85090448522422
181.44377854960922,96.36198110904648
44.05679509236565,181.66573536106776
145.74972908510665,63.32318972631846
170.0255851804515,47.506991942409364
26.300703844776926,120.38899892831262
181.07256894729937,85.79595166494363
190.53483788441886,183.31889007683088
46.80381294974971,169.95139184233233
21.658655419687147,157.52549010579733
195.16135109458696,126.74566975576658
146.5619447771987,56.63270665865735
185.27122783969492,49.2031488385763
173.8912484493465,14.05998319175402
74.99361508901801,102.40254669811394
39.67441147775179,8.354644829354651
186.18188286690366,150.53234040582475
191.70056203455593,67.84273834650982
53.79848818619931,85.30767040706692
9.021612780889601,193.35917822079293
169.23063619244414,8.101560856086808
42.98412388646521,33.62533409906081
193.18826654193822,45.964048226399726
138.55826655093648,49.22158266872911
196.24501915007008,64.66673704156918
46.34339201989206,140.47236265146537
141.05467128332208,107.14013914364949
30.357974132964788,143.49255104604484
49.46637239692025,148.0071992533247
55.695630005158044,188.89576065697597
67.12559157134652,122.18037542518815
65.61911376642466,183.41238627777605
75.8722283874547,51.45484609009319
52.720346155636115,65.85280671411775
15.057076503282524,14.433766041096337
136.18431339614722,93.11378118186182
126.2692559806693,128.71797838257282
167.02861017283408,12.463384063141397
132.8978463763351,106.32292195373434
137.45737961910294,18.749787732231358
131.36205083528836,135.58846050893592
60.9712868548599,157.97334368717364
37.323311663136735,92.4844661645846
37.8436565599012,30.54199849540089
18.17897875252688,143.10110958617355
164.31108570229998,191.0532244369996
134.23508910509545,35.58591492965695
80.54986013224304,160.88300560883366
106.2302776406372,157.2058917730952
29.388463989899986,23.067377729990895
133.44045593048895,98.43143159284072
171.45213841514143,150.8240707419604
127.87292949721255,19.37760012294163
29.286265117881833,165.34724542042758
141.2950491002636,161.89990587528376
8.481962013924853,127.85924762484905
38.26499472185815,126.29864911523346
11.578692605732696,76.69968118109738
171.5309731423412,140.79965249414886
194.92492907408305,15.460034160314295
21.227640373749665,161.22076066666986
189.5685254665286,188.33149734092748
63.13277344005256,98.96017453040528
67.93691268244136,41.040811231206476
51.996415617255664,50.939710211835674
144.2873450366663,160.25917581280072
32.1908473840057,156.33882575911244
143.8828548872428,42.91525338930359
188.68520824087122,54.039125742891294
34.9657519011116,51.47326586351792
164.94905252933873,115.7148164798601
141.95855112910306,10.608558360764459
163.76674036628557,108.18240840833381
140.43167164036993,67.20676558583527
139.7910858245056,98.41164848426541
145.63069916543878,176.71202529869356
176.39441811143828,159.48217506965304
138.5953541835368,60.50384248652744
160.28616509055996,175.18291405276665
83.09381418658805,156.08009229145378
13.034828600378962,68.78489835883708
71.98808386950321,67.20951807414909
35.125163470448506,66.50684361226847
167.80628008951956,141.78616950771573
67.33716968063216,101.7637361053464
130.55716543695604,19.820687446492084
26.87831590991324,64.21227428785093
137.17925913717676,56.9572795036955
128.3182097665332,42.65749546136191
26.11200566172322,59.96054147413278
143.5807951580787,60.76501093146234
133.02475287397564,43.87599696919436
177.89594143008205,169.97736402222395
130.31468101425173,17.879196846308336
16.79545044100271,108.62803746676278
32.40661557501322,196.46942652737016
185.666501185438,100.48314298615837
189.793704514278,35.87518911374679
165.39786565886666,188.68528507392503
161.39452417575484,58.1218968621875
86.22658723710678,157.00054794871087
48.71623166679048,28.32303009130041
23.903264075039036,73.25336105243375
51.123285613750696,51.94326433743931
163.16814185012873,87.75045837398208
35.88656753571793,125.77659651722628
57.29027222815363,85.83536842535973
15.972972694877503,99.0746550774782
176.22316828043378,112.85520615232338
6.198244655706493,32.11626030059752
152.03362130617427,144.94601480090978
37.115018665097374,27.06896504575195
135.2528838540121,187.60144411614297
161.1522234028973,70.65954528098946
194.35714165575988,111.00574831453393
165.67183153571958,61.77042226926041
45.184156021203,121.74121135319919
126.31267446862432,34.06775995505902
30.420639207483596,69.22213838349599
53.53122780781993,121.64588844385527
163.72119549931307,67.20864361984025
39.75757452615035,111.18713757994381
137.18134965090468,15.178228898104976
182.22020246884102,83.03242988063444
137.18278730671486,137.9901835061468
150.5825057916969,103.29965812838982
21.033249217478016,129.65155308362952
146.16365981861773,66.66934485780025
128.76182992241726,37.62978047177369
145.7819072637946,21.65713845093575
9.618800838180558,125.57564857860889
112.26474366670477,160.59754925286592
164.79743384710994,71.92747267165073
151.50695073016644,38.616373154159014
191.8879755052533,131.70630521720614
153.422172212066,185.9244689010266
133.97426366806246,178.25736702213408
195.31154067057486,188.57672504214813
143.48972478551434,14.856687968998116
53.223938023668595,137.67979180511543
65.44972457651922,156.87708594247076
173.29113380729757,122.43753382542846
10.341786698753832,51.760630232250165
53.17762956125644,156.28921178533304
148.31673234413066,130.91734526242936
190.58461893045202,68.2462508114576
168.65332166084428,182.25627223134853
15.851513621557444,154.3038168774887
45.71930009495098,24.5037557504675
156.18804480484502,44.13579463944077
16.907711717699122,164.68931705669985
33.92287771673119,175.8576208603496
23.1570287733642,151.4669997118858
39.56430536944529,6.570008789718242
168.88285660840714,50.725510712042926
64.78801197421465,189.90505740224972
17.81071407257811,189.4751308949218
140.0125226192981,82.76598407464131
144.14640380293858,10.177486128109395
129.10828069281547,9.574515075629247
43.15063542747292,136.02960870547744
71.05577149599556,185.1695226552766
136.5224143033446,93.8494926515477
172.44521042650118,122.48960668291366
136.4239871664887,179.65369863710194
180.23407773152647,99.49715874791725
184.7560076132505,78.04360725954567
7.553945188719465,18.944615426895826
157.7055736264877,55.73765643926761
193.83408089098623,100.47385218141247
23.46804747799023,14.965268334511512
73.91095394177508,157.05267194508792
180.16107963718298,99.41165806058292
128.52170880768037,37.939836085260104
70.7712270617711,91.88786409547457
148.1159830659557,186.7697477427282
47.18130543557351,48.346120010397904
183.5747349716968,163.31450166646368
184.7803374013985,24.00056780652093
139.6879600258122,107.87409756428684
15.084627467459073,134.7677301451266
66.08701369521394,71.29461017371273
184.3768424413306,57.35626141579049
167.87680052141283,88.73982181041364
181.02726791238248,41.98925965839169
114.27598968324337,160.15526973177012
163.6531707817278,134.75783961210877
20.129773826034555,61.41493809285156
194.08947042971704,137.23195232502488
34.196784992945,36.62254923981928
183.03319432441396,129.18339800266705
169.9405931419869,10.058941136366737
144.49390150428906,159.8481510624433
179.35914845780135,9.90843498188378
147.3619206631329,175.93661582909357
26.2169353942494,169.70097616434882
170.0712283813532,5.921308583652509
130.79962701220498,47.96651617144874
142.6849571751179,39.17554450602829
31.723032355592053,108.94197822358922
152.29360064233435,168.5193067446678
137.5208353699029,180.47782472543224
192.338605067199,178.99174668364458
154.04042743925106,14.64366879225527
141.7621246861949,137.95318580552183
8.518944968312256,98.09501139938284
33.86732084666415,68.20302840336564
174.2585831416256,140.55574380025087
37.378735798474786,194.211897586146
181.58706821844765,160.2591235925185
146.36712250059557,169.21155752143395
175.92020171022494,62.1160182104705
146.79385597003827,118.22046840723418
163.5591985942825,174.26093983034613
131.1266999492334,106.29166583400435
167.32143225096036,74.70940360566877
54.82563858656921,160.43696174968886
53.8716150285394,88.76253743539347
166.0449877476848,181.60473982356322
65.0413250296706,110.64411378221253
27.175932213447535,39.15390167757326
129.23157200773932,75.9055853029139
138.89549469623827,6.378759677016449
38.971744278924355,154.8761839817912
155.05273845040992,175.25235993614857
31.26920809900181,107.6717687075502
7.853957036521723,190.9460644531886
71.46212420433655,51.71549933333861
29.729201608178432,177.87684749745293
41.492685087410464,165.1794945698372
8.459437067171438,66.43879394828339
181.6198422498582,82.16891772865735
29.908647494279002,17.428645048901465
68.65775273940051,120.30725740633261
21.893894660953887,183.79959941478464
23.948193383468436,61.120033562589576
9.826341734422048,33.788683694538335
194.64312371498164,87.1961453067189
170.24266208967734,71.4270152298243
23.352195183410608,8.283829819049407
178.49978858433613,124.8868135916822
160.07510672834715,143.73160637777644
55.396702085903854,78.78450467010825
184.22439371252028,92.90527632362588
69.31387771867708,109.12578501401406
140.63598037495422,95.31383930459765
28.731103434952054,82.4996301691908
64.22077639485852,85.22504915078814
49.171394604724725,78.54679148605659
18.86125805909103,172.29489699170807
20.15693748231744,130.8997897508006
141.8999247116657,125.29234444229188
18.077924587033486,171.1705886787689
177.69251649177258,142.58966518623347
168.9971173414423,139.76967165327756
140.64442372639996,195.3542443819624
70.67623406966132,193.8507964066907
167.17300940625844,91.91598866193917
59.530245688595045,67.59460852170061
147.57564867797402,12.686664362508749
167.4235656578425,105.77581396297401
60.309112678212884,36.085567216391965
128.35260529362247,15.0043213692818
176.2910196050968,156.51789802497652
149.41036955556174,181.62878633636814
146.29983375977142,64.38120049145391
64.64962148460775,103.20777497158058
34.107042415138906,67.47478117692371
178.1717211013485,179.6114489418711
71.60564470870433,182.72369272816093
74.22784522644005,54.51555414139867
7.0230492930631785,6.982629754118655
67.41090683248089,164.3986828178694
148.2274641189543,39.01527627794773
12.194609514462778,118.73358456216668
178.01362171246475,81.084034628033
49.310479679400686,194.67025154109112
55.74116206010935,183.22574717351554
157.36533977146394,143.56726385112344
142.81767098414613,102.31900250893696
18.001347955013948,5.355037978292366
44.328899234066796,106.82381933680978
191.07787316776853,145.25455516224844
20.451865725665844,30.13560211115589
125.30654083661281,156.07952803459293
195.27799518170454,86.59804575498123
43.89790788694775,68.38486941006309
30.028369472385354,19.279560170461863
140.52725864635775,60.32294773227217
59.23562538347773,54.15021275395695
157.67899760714928,20.988225895615955
21.838561797213952,114.17754727834313
60.20559704916533,70.57800704836804
74.3379955039252,161.2933910490796
161.25611331378687,66.43296398823415
46.48428667366163,173.45352605915116
38.26629654730398,120.77781644497493
73.209701617658,103.26446940911919
137.54255130204214,146.25082989940546
49.60202395787641,89.0916855964367
58.02888791457694,39.204182762313984
41.78419344728334,104.74807628380216
42.91406942372593,171.1644880901642
66.89434327318338,61.93134430872968
48.17267726422305,69.7813446635157
144.09233878147276,85.90034447474052
23.717684829360913,121.74065251509997
174.50409635167213,32.077278910818656
15.679416257767508,71.92945119689267
35.44996450814309,152.75708137190495
61.257454106011195,78.34588537005926
148.0074798888594,175.4847188819933
54.02789118052953,40.67995268762322
40.18201216376542,19.21643725621797
21.93031635816507,154.417325090765
70.60817791353537,39.79325088693526
166.83431887218583,83.65547455171613
72.91967085006604,59.9841644814688
31.42818415160374,111.17582350395098
58.38670398484874,18.604319709409886
159.6938395152728,90.19602537228599
20.855827671601574,65.71625506442386
6.496400998731057,134.87324480042452
50.686058317380024,54.256777804297
164.16586749505197,153.13121484454388
157.96395918767948,84.55368485364802
141.05701643633546,22.398420062540172
188.32586054725556,20.78753388489718
17.398081554758193,125.17790947313527
183.43538060323613,181.66081673061126
67.35272719342474,71.57013955942845
154.83701524390273,30.65529642119026
42.98767662014188,186.83260491361014
137.9096470009475,180.69332223921757
56.715691108533505,8.608717873700051
167.8767172807755,171.81172583692913
146.6531601806553,7.407848005084157
64.51483092854804,169.52682985575004
34.01010858971376,76.34976597843561
187.68495359752828,60.52659400740633
61.51190201448579,130.57517530366263
45.97098536772122,24.129916919861184
31.97177228940811,92.68447487952635
22.510176507909264,106.87933989796926
68.51986632793755,128.09078577676212
10.433901178400967,40.02806884744862
12.690793644894121,50.3432206979125
176.64248493584228,90.75854353457528
160.16286400343006,137.78604644982954
153.6803375714548,70.36612070855884
110.90421795241411,156.65209213624777
174.11557356133895,90.70320469355646
137.6703672802597,8.664408638582277
53.09242654330183,163.5541793247383
46.42695855013842,167.75972663884272
126.79422640627959,135.71007615018476
163.87101097230294,25.607122613193944
58.936654676156294,29.620119187013348
176.02549892864786,104.97463142840125
24.87331452003573,100.18217882321463
18.308779445721026,80.50776764808334
160.95607557742122,139.58377051408075
16.82104237947541,142.47164703850768
141.99108807429488,31.832712870518055
36.81175760110709,16.853051146925562
63.516691855416944,72.20501824175899
41.2098443708676,192.57707658925716
156.51766017010306,144.385828432451
176.6219316368512,126.5970951284362
170.74053853235003,39.77313420715978
147.7045679500587,168.19037692348172
130.40549845939077,37.192489252487746
59.07601651165513,64.56910207141259
192.7424911341244,51.36466973285099
54.68975706937153,46.530481782686635
12.308597239660873,16.873190404979788
7.9197131387188175,102.43774071492474
70.04115380498564,143.77374862424978
67.5954803482776,83.57543601956888
73.31174102406507,29.455592061152235
176.15931874769737,33.854172043203924
178.8476604190036,29.435066411364907
147.2943098772436,102.82194475837494
156.69014256086228,156.24952518358097
188.45871066461896,172.0024115161239
29.96917894042691,46.98996402406883
15.175233675884682,93.31730337114384
182.11339457107061,71.9778107803016
64.34845188152431,10.51648980561453
61.84086852790394,126.02089010093663
74.4281994843749,115.04682541340382
160.4098409817614,37.34227951860921
174.78877906143657,79.87188124420271
13.510150523317977,108.60697267415131
158.32196417351162,153.17513400314675
164.7166156467462,83.57179670582443
25.215541805788792,145.2189207993015
10.532128245324243,60.713464280032504
84.27164356110636,164.43282539548625
187.47540032294884,154.63166375492116
50.6297326372686,173.7926005691397
21.832335252860943,168.99917990380723
165.2716794248214,25.372573557031785
165.72433791564183,66.23046984640789
177.74494214250706,156.5251407118184
138.43066079100365,8.245893751238484
13.942429778662948,126.0295053877355
132.5090376927282,191.70844010005112
24.969289600749956,39.056409559364795
145.97265971449033,46.99638878333065
21.904968796847985,117.30412718447081
189.35747199955287,118.32159734879791
83.80427549280934,160.25096355346096
144.66865610560393,87.7717415437171
43.95433065541165,98.92107905915711
49.33483279855015,40.27390869010259
151.04312329339075,77.99428844967353
188.91825000873422,49.36909589376698
64.42721333361779,132.35617416510166
146.63437720284705,111.60299799720636
125.20520611653403,155.80226531610336
68.91335300124537,172.18091914755308
188.4587917275968,30.508365551005085
21.978921882970745,174.0809732871328
50.62347267472911,165.07073918811176
135.780272791913,85.81852736365539
42.7517259378408,195.02006686357862
169.3428102394347,118.83266509149149
132.17935543958444,5.253834530201567
155.19818456648858,168.18666780580702
45.715271965040245,60.917381301460395
142.43080022782004,17.750883891753706
82.38799724307336,165.10975098090557
52.593193923307595,144.35470745690012
45.31494397145817,44.97513075658743
133.18544714504685,171.66630436306116
191.4024057449543,30.58602352430013
59.44827428949583,57.44582812206086
181.19383578655626,159.47446340498232
140.69086256809288,52.17757587973591
27.19541579450439,190.55327465444708
64.67882780939298,43.9656462937848
172.5431072719424,17.72651828935977
109.43792583802546,158.21372763317504
177.01516018558257,84.52592954093912
18.33433904691737,186.0549005338345
171.76643089026126,13.126168004036472
30.511576121723447,154.3679691184602
127.11011721159672,179.92570698188408
28.818502380100448,63.590116320663824
193.23931116842923,177.87963462359718
145.94395791786783,93.0262464990515
125.59279713148928,158.11568186090759
176.77038204939456,70.50762130278044
16.454824043537506,93.47262213462702
149.48905643145224,9.529998912751896
196.5029759275905,77.16591927346708
195.27961979225,74.40583192317688
61.608730078626444,77.32669494867991
78.27438980106605,166.75875158458618
132.69354574807488,57.69947968992152
146.14098001254513,73.43637956661273
175.93048250724334,127.32696012517326
98.5999446494518,156.61163062760534
61.76494059390795,123.00061236370375
31.8735519965523,62.085022572664464
11.641173281693264,158.5427022454329
56.270233265961004,72.93696449692881
172.23159337869427,47.35439758860941
195.06811078070714,164.34015887306913
126.44653569435444,50.09488436016753
154.10555459805025,12.757499849956291
33.82038248425631,28.70351280973199
140.01351894056432,168.9691032159682
62.69103251034344,114.72984035506165
188.38423202130295,46.475554397847695
174.27363778243114,71.04506921198868
149.82902332798875,140.7932773272022
129.88409674938637,171.98192806052072
148.00479678915738,36.5533385215054
182.89894241275644,195.00891168759748
172.70698606970416,90.16821322787693
156.01355494149917,98.54315848498577
175.364380488763,37.83669381134985
142.88761589085235,26.737633796726726
183.98898469140917,62.221861381473886
186.21000174794764,193.18909024661633
188.8557982079667,77.11803260891524
183.56274665211865,70.60827060557394
177.30887129906867,72.55954702263895
75.4446594756042,98.2126060159873
153.29559784678904,110.01590875767694
10.973187211760301,71.82814687096737
182.1842793638249,164.87332846551934
172.57147987117528,133.066689612331
177.59671689939597,183.64568973622912
49.63064938369512,58.889087329073305
176.50239942311342,186.25463633186223
196.2737300396494,128.75281486426567
60.492761492212324,149.4012474811761
39.39240057850126,182.60311420419458
154.420344865024,65.93457564045073
5.47070184043199,109.71461349903414
130.93956475655938,23.032224111268995
59.51829003767613,159.56527174696478
166.74248463887147,89.69481968216506
194.8353222090854,32.57648395287844
143.68064583905564,114.27773920580351
111.4408874833438,158.35447974338175
58.60577371265219,9.899413981223233
20.844486426748315,128.8603216602028
70.5891787351215,28.77395995634479
19.390981062266484,78.06131344072034
16.28638078442418,64.29353635950122
160.08039812208347,103.59938755883208
56.085898065699475,57.68172279247499
18.608318968484312,25.307990147055577
165.9232139617296,10.424194411425141
68.3927343361107,159.01956706945566
178.92088500453448,112.6300632024148
17.775048844601734,8.82429109466524
16.781943635232796,97.3245318154551
43.65965021528644,52.81343011224111
153.03915750554756,160.75190275799076
191.4726263602991,67.2319904338592
188.28462675696306,152.31911977622775
187.71674777849896,48.587442345149626
144.66817273688082,184.0990681656068
15.912406556873904,61.906539739432255
15.459873308212467,69.48793653140459
39.16960901728267,143.53129158067668
148.13584439710826,68.2662952226244
192.8151578085789,41.501189332225564
169.77760050516258,164.23549839723137
58.61593811629893,9.42140276305511
178.2585932994159,144.6623467723753
72.5842338816607,66.86410171442336
180.63007282363344,106.20312760608299
30.458948662615388,127.0312661833634
58.839286657866865,10.02973256691207
41.4516790233796,157.33864647423906
181.31656412294976,58.0922921496892
52.17285543209771,21.110119228497958
148.5186135496084,40.77069842743281
14.444226436487723,32.52502488924127
159.1077822635037,107.05049522550014
153.7675991967726,61.834578580560546
28.688405686993427,6.451382822870036
27.437433234298865,20.80426079518454
45.613860838415064,34.5508715328724
10.748959427088593,63.14452465556284
51.52201657470108,141.41935613229785
57.92295405077802,177.67968044033435
193.5636281292233,134.73501347273532
36.350745333795714,12.168775590278422
18.26078609191451,94.35797172038342
193.2407054852912,98.23325642390603
168.25076000637097,87.72961608255324
184.22737809427616,77.94116803109351
30.33061192790556,34.95765359385125
17.786415694489023,14.264243736223515
10.17317238805642,91.12395674143434
183.1270929705541,117.15261260607048
137.64193152882947,173.1126643361125
21.6464001310521,98.9447100148843
72.27358541996492,178.96399021214359
146.58165693487837,139.13921061641884
153.5973443549203,16.82515087175907
177.22614472650864,58.44627363063197
138.75247885638876,27.143876547115468
39.638387179823894,141.88066340321436
169.79417128312778,134.04678937439476
24.50863552893826,139.410513413033
137.50232866998192,36.352322311578796
136.6235103979324,20.927132888116535
173.05310754200204,56.95625527762234
72.12686679504836,60.04231388121137
163.1585346035779,168.12213846947643
68.03757010660182,50.929235070502386
41.12886557343164,103.31101550076353
194.93049145617582,22.256938213503517
40.63761970406133,88.17685401360167
170.44026838894294,75.01774235451045
177.65713279953428,28.150094020449295
47.665315746271254,27.122562169434286
31.45612726038062,78.68262312687317
180.31753664117892,61.85597433581096
140.81073253862095,45.95510900199871
164.4131312961908,15.341013905117038
45.87191014276813,157.22971791710196
184.4436527433178,153.04147908805288
48.34354680130648,164.813995136963
182.0068885117133,163.63554396888043
147.36070215243342,121.84712575691225
172.00178509449592,90.03839176939228
154.05959351728646,142.11871128865477
25.62127165014258,189.45111548423472
7.980944115501206,102.82621167018324
6.091126021170001,134.77621713397198
117.84850963114143,164.42199965811724
137.45709238564592,84.03830180780434
13.331042204988407,45.91519427551796
21.70279768188189,134.65652597950938
41.75655179988064,47.04791056623695
170.2835239716795,21.33729852938433
151.83854673546477,16.116337584683087
54.15262757463739,34.50635605935487
40.12885258514525,123.14024836242953
188.4848036528001,51.4033492337284
163.49213899260536,127.27653122743995
59.583224184245424,19.338028139113376
30.78689899994196,39.62077263100148
186.5371479380364,81.47735469446434
15.81596885377108,61.09469436260001
166.2669413432811,186.77369067208318
32.202279333975866,5.587687151348376
143.61796822117398,78.63918323482082
25.051738484726524,17.206390121713167
160.03067713722862,65.7841217681407
160.519931033962,62.402479930010415
38.19881947184416,162.80646612252988
28.767837977080585,108.64899693792525
141.01517285762404,32.08011342611037
38.38508993520534,177.09987118473632
134.07570769045128,153.66411930899642
61.743460116992246,93.95808720340882
188.18312784441497,93.1026800407548
61.156144174161376,91.91332643696865
51.642431571733,19.79939955147562
183.11853525839447,31.09038662433862
69.0317278092952,47.075984582608015
42.53945248482777,196.8169040602162
49.84665858208472,153.67473674856106
180.281889348476,163.294140739246
163.09471224877387,151.4590870878982
135.02448446877187,12.774165371441807
148.7278115840804,36.12802110988458
47.9396641022834,11.26405866086454
186.86331987678312,41.57607435527267
181.42958041661763,183.29194310129836
67.9318595026174,45.58257467894407
177.43709567949315,53.49591872942189
178.18585228881687,153.81203754186524
158.26199787457736,116.86657224789042
177.44236441693766,37.4347089912164
157.31489080911228,146.1676317803443
146.26018313092064,15.104724293202121
29.403970795135457,34.49496717682024
53.57316137842794,186.4833624241921
18.539066016489134,107.95333578780043
146.84969388672602,182.63755634050952
151.08609150926904,178.96213282089545
192.8266349489995,62.69454322752379
161.93294218943805,5.234414967289691
62.15760223223292,60.708339494412705
36.47690020863245,18.73814842792874
29.7572370369922,5.380858426930848
23.25157486813074,59.44684825419617
144.39717480641056,159.6377727931562
21.2228986568988,118.00971228027802
165.4583880829506,71.92792544640893
21.216254373174834,175.38586127026437
196.85323698171925,174.266629609535
192.3915120663184,97.44881443816064
67.6403560362682,27.688804223160062
171.07520527378858,131.45767055120538
144.65393693651438,23.521681173262294
72.94413542513259,161.58479067250218
141.9069179304235,189.96723903203193
137.96252365284266,142.5436317260721
23.028275080875602,107.40962242538127
14.93080973518711,88.60173318259692
36.880610207081816,190.90911526095877
141.35147883911344,120.41914486353339
152.87909975401243,18.44611955412415
64.0842540971499,28.346258936456675
48.596261058061266,27.75824569532961
9.461008866690754,66.99354677945782
55.89274762728112,27.263031732523544
149.35923796592732,183.9239057066258
71.20309348165442,187.9277835769125
189.2225230566662,41.980539689920526
165.17482055299845,170.52270760525283
179.50429847683955,34.417103375850665
194.3902899952144,32.104769126587165
188.20852329315943,150.19511062651088
74.02815858307405,158.1448837178185
145.1926704360252,88.383041327611
14.19897305373325,142.36246550609883
19.21208171994847,151.7652844284202
128.64328285746612,186.3584815328034
49.05364155291313,181.17358607667816
135.5695031370662,91.70798337160963
138.73061043900015,39.88691079293645
15.057357426442072,133.70350431406084
168.9773963033981,171.81062297532947
189.29292167488,99.67983996656899
30.96825481439063,192.1157831193385
23.68063483217599,182.33056798868085
126.99999672089498,46.36007719325173
75.6614052455514,64.01708899861526
167.5334139503606,159.76657673285686
175.93961023798926,40.0137687524959
18.473992421541425,175.4415268379311
127.26406467989436,137.51193623177457
180.70836995592862,169.51522130478108
73.61180495616313,67.79729482136204
22.17098520745473,128.30076255297234
64.75523255999079,185.12672879342165
59.469905712259745,70.32023696284936
41.849782595852474,19.45697195539207
149.84345230869158,108.77997551359854
39.16385640451642,22.185644286090753
192.73517430456008,111.34602682637794
142.72659556006815,193.75045451109324
59.89630627520769,11.838467708017745
173.25078162539205,96.57006804686743
138.62892671206475,124.79126672140339
167.5845091656694,98.41423606212066
164.2529735629324,7.953081250848934
15.336193648271227,10.332395498590744
11.788106891340648,74.75499603379717
150.01568746708205,19.233658393935542
17.31475581085536,62.518240756594714
144.13553666806632,16.601950387331662
157.9065429721379,128.89178869372006
166.5779571713978,75.76878662721063
163.4346988778137,160.60933627832944
11.556786700327041,189.8955295117455
146.79677009991812,98.2751737192594
143.71077596182644,172.89226693068912
7.297879270089354,191.69978970301685
7.4214954057875415,24.438661552073615
154.46350856467063,131.23503436039582
37.582274922981604,155.01796854435534
8.995922605800597,148.22363828963736
136.22629781652722,118.24099147107358
173.60322515587865,144.40669692189542
176.28604473548742,164.83601157220832
68.71505818733117,10.514838783226827
41.268204024796006,119.05081037686998
64.84855344631961,123.2354297890154
134.32276214364342,85.95155655705716
145.99110047706495,161.0013688233887
186.35937822536974,110.83306212148793
72.16294030509064,96.81357199439891
173.3724401945877,57.800283814308656
168.04377013542663,152.4069999110628
146.2693929950519,109.74650042050047
166.68898687272448,91.50049102524864
175.90361219431173,55.41818370041352
128.20046530364417,9.082485540485948
60.920856532404244,31.304156505166944
112.20012183304402,164.6581033940885
28.420751653705675,20.106112126936775
57.992717149325145,32.66468667456923
37.68746062018929,42.96442886097023
135.2866541065827,131.82797777532346
171.53711696123955,142.98180901761592
146.58996885749679,19.06608152293308
69.76067643940097,33.675528842457574
146.03024258057152,186.4454494813286
12.373710979795336,175.49367985563075
27.134743903576606,75.11379810603583
50.965068082370145,189.09471988509375
177.9350176564488,103.20377737893968
64.79403022464928,162.74548744576774
134.79559401344568,91.62534545714855
151.30481296510192,114.49326158092502
193.73359168391812,94.1989431739375
67.12669407247711,20.140399429222473
136.0630662209173,27.721101870631696
32.35397140241124,81.2880998463468
18.485123201548365,105.94230149084467
6.783020720832578,136.04085181537323
71.3967361342885,78.87954971175019
62.239553610856504,28.209331718928954
27.276522636809307,70.62723547010337
167.07194376142917,133.48689749434115
27.174061081643323,147.25675760049307
23.02131019583977,174.74413631025436
181.44835323838228,38.840758478561426
30.998394453248032,93.72395032220561
65.84054763270471,10.422753449490585
20.815061725924437,159.58140182901315
48.00614993050037,20.714110469491114
80.36751610022056,164.00117640415948
49.60964428689347,51.32738887426515
188.45946433323945,127.6839581069448
182.5864639825662,158.5754595780244
66.3111330456009,44.46228170192906
131.73874778309528,189.03412599054917
40.7352604459371,40.57828932726454
70.70396591827334,182.24792015124703
41.8350706646371,139.2582974415478
13.769410557266214,103.3905385113885
150.27307447715953,49.901638130560606
193.20958879666605,174.61126286569908
186.44364664741693,121.71705796138862
196.66023393419098,191.8259442331256
158.66628418894155,49.99285743941367
162.75127358378762,130.7003779231081
194.35742467356363,17.143384603998374
178.80422204924042,89.48363351419947
180.6923717936287,135.45367613960047
185.15859649955044,7.633331944226748
140.89634650302835,18.87883697985787
173.30643187770858,64.70479362207186
164.55135944319005,61.56459961551361
42.99333643440323,74.29409829020578
14.704915090202887,119.3077811593858
135.3870770737813,25.425842381871906
7.545183155131204,181.51517862634626
44.493248738704786,72.21437204598992
71.4567255099516,191.87890621504786
177.82339963194167,7.948578199970353
58.51141472172145,52.978399578161586
33.85391739478083,83.16299251642536
14.965187318847091,154.45921747818554
195.91648505947646,137.10273760088756
34.37453968791101,187.711775447298
145.35509500214496,132.89951298519554
145.6145051264426,36.60961758176077
194.21692965524224,141.54539746364776
32.70243212481743,103.7841239833674
45.88436726351164,22.384832655307306
60.68319579737509,94.47087242640497
91.83550992180882,158.87195294829996
27.394635941694567,82.71473415893306
140.45558647863308,131.73931638187244
126.10917785864093,112.66928900099954
135.16212698659416,154.3978665521702
62.32577915573004,141.61077096058986
42.874620411481786,106.52329934794238
25.595079825816853,114.79373717430082
10.873831711299346,185.5360085993621
42.37138866295772,188.96662665059426
14.507566948632839,62.18225047068772
154.8130100164237,89.7833240957898
73.57272096837109,165.80265872421546
68.98732123205502,119.9867353213215
44.96542322951617,38.617696236604516
145.54805283094615,43.508270157855556
73.57528704689283,79.15330737980584
139.4452993177233,113.34919326025995
70.62775967073725,87.61220135483596
166.32311221052709,80.33727423667673
69.26409471346862,142.32299482379415
65.7919210064149,90.13352992887434
63.84402299620521,9.670177727422052
26.395589547478394,27.83519070346617
195.48602623961952,28.7304745776972
62.56726125884577,56.4215584669088
183.11504462853387,35.63152358473029
14.349750412919496,62.412530273297726
148.70844202463252,119.39536328816605
15.377183339556248,161.76498111720895
192.40829559539443,14.50362050505246
67.75470374762332,46.87522778459271
18.33992905949892,27.547164024776936
69.21228274749664,120.6511489953302
143.93290035385036,159.2467958486988
27.69939245208791,7.641542789688491
158.83557883065768,184.0442324803443
43.53051879928584,141.1072937983405
151.00578985662773,19.497796168769163
57.662660269306464,75.73009519254468
196.3555315298222,160.57875216594962
185.14580088334364,95.07411047041658
9.767310264556679,171.89681097535527
41.446981458246725,19.342854220354496
138.30728551746378,71.75673129080452
10.305246534041313,33.44114055138595
70.79144906913798,192.49626910429723
75.46467041275133,81.0452831406424
184.9821493944678,193.2710232715163
57.673852824343264,147.06929257409223
159.18476179736405,98.41003019632524
193.41859202469797,80.36627948167647
130.78750395221863,154.9081861695609
18.152380115997598,16.007096083311783
156.13007190369672,34.872010763958116
14.711462416516849,161.55878468560306
52.25501657546243,138.9154142768286
179.87775185281035,40.083207558204606
7.695125420844351,46.66935052927405
73.05387613054201,154.4106497524923
37.58882374063407,75.1648233969792
145.5586778045458,142.89106253382175
147.4903601680558,101.27637085131147
182.00488067774785,47.74567417486819
144.695568541886,181.4674649809935
135.02148967970314,134.89426365821163
9.85619229131846,152.0836821936403
24.43821090470656,121.32537239176852
158.28214073386465,142.6535962443428
146.02732704430377,79.22352290877353
154.45353596596453,31.695401360083334
195.02527067064068,8.863080650016153
9.3137486070665,77.45128684373164
139.53752584073678,158.5444827171196
25.69533392747404,55.18560092536587
28.736525667631202,158.50945745434973
86.9354565043785,163.42418632379642
32.92486941892121,157.47902462774195
165.51420622884302,157.22835545056168
169.11208168488668,79.14792445984791
27.73199893250955,117.83828493996178
168.49040755305782,91.17032195600697
173.49451610498423,168.98994068125853
165.19853695994595,59.35058502880509
196.05847056543962,24.98200484804826
66.84410126970332,138.74040146487394
33.31337643199881,154.69340878425163
149.78998446452036,33.306688266929434
34.33210188036374,174.88617728973608
178.6958038430543,133.70484940438686
173.542734318415,82.19749198010462
43.22997764465399,13.834199917484533
111.72573042987524,164.37617279379575
66.95308008518471,93.35866648471368
9.763782438033472,127.4137393684885
196.7982340983933,83.81233271988785
152.68892015069642,68.54930017498418
56.66268745099056,74.28625570049236
14.881951260253363,91.05896096633855
175.1192210009295,170.0230011468082
148.36365710895325,169.7520433348152
72.94691992277708,125.60061729267164
75.20491520111047,43.454578458422084
156.42990991396263,45.09867411813282
38.852529165930434,77.75754745030905
196.40592695218072,100.97935466571556
50.92731032590491,136.65371285717478
37.973884786852224,173.7963172950113
10.0,25.0
180.0,180.0