9.387807797952707,26.42232419195207
137.6054407172357,89.87294057571002
180.76200136018852,70.58844814670427
189.88431108495118,63.72027473716657
153.62891671204017,153.96291905736646
172.45341439364265,103.5594263079329
190.95420213749713,7.093322647455503
21.858177269758183,149.33936546922587
189.06321857102967,108.48443217933082
69.96555959191751,106.51292582188057
50.29884110686787,39.68112037491538
23.507080902005377,9.743335132629017
184.123641072517,36.1700231692553
51.823964781289796,194.74955398018466
138.75412050465366,87.82766664434797
62.98946267187302,117.33234337463976
137.96344567888377,151.74464873784282
129.77237452046356,153.88961501335945
137.44315289198775,126.2593886048532
58.12079625809984,181.39293669878433
185.98754871526137,164.03633255543846
129.62709457438038,128.17979743314416
60.13838306132038,176.27551768695156
37.63920801341626,160.07363993799976
51.5938848446753,119.72684598922518
35.784007054415184,120.8415362094805
132.322330688112,195.1369963357672
7.539768083563415,75.17071029424542
16.043176448982372,167.10768769812105
15.866261452595893,14.664999940228993
133.57397711206758,140.30035720322655
59.53253185346716,126.54264786884016
4.997149833221922,37.70458958714137
58.91518564003381,82.81649540952345
14.892947380104616,54.0820946216015
55.88086260969932,152.80442887865007
60.40822026731723,159.24010833743242
190.90220855637358,58.34917387390339
182.48292929785626,148.30275275967935
180.45451923607715,175.4039371417328
153.1603839769723,128.43571668614905
181.37101351148885,97.41575445651084
11.192809549438008,53.618876943489646
195.00928805802346,87.20921614630177
139.31497464651497,78.15911867430069
183.72454113421603,91.82753451641267
186.468871451755,86.21969303958379
194.28036963984633,36.42141993180901
31.19462100224797,155.85363864946873
190.97120073178874,136.65507630874086
174.48359259095972,193.12988942993988
127.2631880796019,94.45437771461272
148.08712653711072,176.93846235767697
30.844884097411025,18.517641407987103
140.76093473758544,27.800376285305816
192.27443018861211,135.04478302969923
9.006983614774876,14.431562237711152
48.07382356951427,66.04333483011276
19.49819789239759,35.12561508518028
141.93309728805457,14.080600102692005
191.21491478210282,12.018364745003135
61.19166382976724,58.53131074752104
187.13699031467056,132.6220872393834
151.6971687686138,82.61640240925136
32.11171580916384,62.712710022402305
186.37274356321137,71.15087139568517
134.12772537158992,50.06017250289854
157.23243008851568,104.71048856967109
75.92229678141827,73.81607287073038
15.76454603943698,22.897892585436615
129.5863502922735,60.97650405297328
75.89051700955244,147.7718730180165
33.75472934490978,184.6583594316555
18.934904760190502,111.97147564496683
57.23814309037522,35.84051498864975
43.20588210063792,11.05271500438302
145.66714151754533,141.9061957769534
132.88089889830113,21.764658039489845
154.92435273542043,42.82081142746816
62.24367504908845,172.75895152389268
77.52057203550625,150.94358918576276
74.68610193571455,85.79213576706901
43.01153197234847,164.67963048337347
140.72643695764313,49.68460645954821
138.76914592614824,192.76490615845265
67.33498090512961,77.41972503401237
186.28984538526362,188.32504026082572
194.76279814358782,57.788547293710224
32.62111658485234,5.618841636597735
141.2910089070688,137.87425229181395
30.43329979865976,45.00317244993205
31.874247193978754,12.793732324543047
135.5294098026888,16.697574792275883
182.9291109942692,166.5954597237349
136.94739161066659,58.76314324729445
69.78616193238996,146.14146223541508
140.16896912954164,90.07231519901865
13.565049833447318,182.74264174697595
126.07277094654698,42.33773120675645
141.29195044425106,36.80252275427455
181.52659930816426,73.24539205311814
51.10245623443325,130.73774748639173
142.70651645871973,91.39960819244511
53.93717972549899,151.23431563278263
175.69550540125582,135.71725640279715
27.811730425538464,92.0670582772182
72.54133973705162,42.61550874447319
16.377572945973082,122.7538788661082
188.87297883442196,124.48813926587944
181.11440438750896,64.3210143511146
161.6323600147003,184.13869533491766
173.4610157177685,114.98495325469582
188.4445456445666,67.80689463251565
164.48137797731806,175.8561739045103
9.877604929561802,149.56328004504277
180.76392090789358,78.4192901756922
132.24839923888618,87.26034314790546
164.9063312366886,5.996016688209341
180.5298088384805,44.0149595438607
145.92147500860412,26.589664337060228
129.56327367329422,46.779291895271356
71.28723517382178,68.29415647950809
188.04129106244218,77.31166281462355
193.10154587997755,142.84506044469506
128.6885647807739,163.61224255161596
160.89682572209784,180.3693475834226
183.7152996754402,111.50232291893457
160.81434643891978,15.309880244968978
159.0141247938164,157.80000927102247
23.160177801749782,54.30231775558902
132.91309976113018,40.452382485562076
179.8443892989855,168.34324857807562
69.8163897429162,50.921700263539
148.2118099053112,122.88332235466211
70.54438954805961,63.71826720685482
28.96282878398307,128.4904869705733
171.40082348241663,68.28993835867888
54.28004099122,109.60631485038779
63.65224872402902,83.52569172922054
189.5338283055764,51.78878104398023
31.753836758389046,130.7607526632566
45.95950888491438,122.40357540517361
12.711522035220506,104.94424527522894
54.49358426834279,105.65928575704815
168.3305170197354,18.953196131976426
74.27927555107188,78.71375008551712
57.34797870227911,191.99886962108314
143.98840409358618,92.50027670508078
5.186413986858215,10.197474537431795
172.80640117856063,131.79019681265083
28.170201046211936,105.7713270980406
143.4875375988134,179.61536738085286
147.2114320712596,13.504200333900798
72.72113484027884,114.77089268320815
136.2814120110524,120.14672933736003
46.48138766411756,40.158780292983174
10.599381645209089,54.091223910737256
33.882856022020874,43.56327828922161
149.60939473861086,91.11920883336899
25.316355822659606,79.70779496293369
73.94955612176898,74.46615568723539
169.35997166602922,27.120569905569845
146.14856125346455,85.11553463071952
66.01916353072058,35.03088527747135
139.02656466088803,184.2675809745156
19.788526743759032,192.96324885877013
144.78475348514434,87.3396981832521
190.32993643926645,156.23649708368566
160.7552922344481,184.8026568387762
170.37414960116558,96.34817073769301
49.76516037447236,93.41944971972556
24.73857733701998,21.41547732871411
72.67428027421369,24.337577033153856
189.94983969393436,88.39257634335618
71.38952376781918,75.17676816830696
185.29478139812312,160.3224006230549
60.796633825943594,84.01462612313694
149.22998242090068,130.0864024145297
127.57643443465096,156.7850581009151
146.97287958916587,21.218635386219276
39.860434693434385,76.11326502310273
185.73675029881693,193.95619926939077
140.79599819842417,6.784380649804901
18.132234695306604,30.52858357041202
39.82916230632034,152.9328107363282
45.74294700784063,60.069375168943004
39.591298565762585,24.45418743668781
14.16206019680257,160.07772564772057
6.938528767382393,34.85337443027475
156.5493805727879,129.60411730837205
155.16078288907227,9.485879830026173
9.002224698691164,157.15053253243198
25.482120733811584,122.93936350708798
73.52251675837799,60.935144244533674
25.975493088764633,150.3599630142597
50.284869468077254,29.474340709006
61.94216769296403,83.49543230940839
72.18917919893245,25.398893203709473
183.16849418889893,155.62257013203023
59.400288946616726,126.78136843292516
66.29414715461563,16.8897103392164
47.849295876064126,7.439316296404357
67.1458983995723,122.39847262271505
56.1232965526386,113.73144219967604
165.01387228905384,67.74011022409148
56.19437590751019,127.63613050475149
188.8672120326419,150.48020042799828
7.919763845898556,147.27356038814892
168.14961871761835,95.38302949405835
179.00504364746388,144.49159661903525
167.2128792017016,134.71673085356082
29.511876519026586,194.79181957555434
23.93512822644586,95.27882372805736
185.91707376485834,107.80397150086958
183.9608175837364,46.5482675762739
187.34942091146382,81.74223618574364
161.15971267424052,21.135709421697822
32.43027434369217,179.20066005665112
128.7585315963518,132.4903194253807
142.08434743320234,74.75624891554823
7.479556529970534,65.78481706368275
8.399715674511961,107.03170602662581
53.91027368543019,163.4775544646823
180.60876006825293,9.2178333999261
70.15293222457376,67.91727882578166
14.867197672034287,173.14964882941314
26.446361755247842,11.710257336438485
35.16978190257207,154.68320223202656
152.8346259393424,93.71646764631616
16.349385773595582,43.27241975803703
15.103939234694163,172.1643130514416
196.62183511407105,119.48929357147402
19.159108954457853,40.04702961485728
144.3759144767358,113.13874434129323
187.2652009159768,136.2301179996131
58.50036923712775,18.894896262523876
176.72059494871013,112.34938560772513
27.798995691252777,95.37773555078735
54.43101648208113,68.054860771787
176.03507223491678,79.14519167972198
162.22838062191374,99.66014546397837
187.83122032089474,174.15994495927194
133.49022274793518,166.87964620523394
119.24139803174951,148.6408699603206
65.51178639842878,110.50220681865181
19.963813273731592,127.57353882091273
185.44163262415896,38.40747938700542
62.149189782015405,140.2305688335144
46.79948424284295,150.62283730622934
196.69545484626036,111.45615456321458
6.330048309811534,190.22336636102278
13.797153703942227,125.13227589623153
47.109025352311704,22.67781326488631
19.387185063868262,158.4853198066873
165.56153274160042,40.06892144270599
145.81914802281077,185.2383620009559
152.20871597823933,159.81959320855145
43.123673434746316,15.662439958798666
136.53622984940935,13.43934205980208
5.139089262744183,188.25953402819698
54.53544289821535,149.6940067297875
194.98456016475845,196.99554233656826
38.80008209066994,21.147486657183045
132.5929919173522,131.896306818958
165.56591179576807,169.04131049014785
5.0546816766499765,114.57211658517467
135.03155934286934,92.01268844941939
9.472859887817817,87.01510518927417
158.15043302199047,63.85284351692624
41.71517329232195,24.56989020380899
155.2466982957165,132.84494551459056
193.33278757190604,116.46281323976143
161.82316679741209,112.14380149246942
19.262519616251662,72.91566131273797
51.78320916295557,17.386276551495484
40.729337054704594,27.624713391409
139.65658435051418,188.6423373593894
40.59867995106695,58.5774792896973
192.45344039904762,97.78735073842653
173.56796575693554,135.11119887505356
38.695448747868944,44.53261287680166
10.114245499000006,142.47892529439792
23.94816219958668,12.340174351342144
7.4251664284158725,192.95597709173967
32.339633401311254,193.41800748728377
157.05299100323307,159.96527390014097
49.026593822714254,104.85537562198718
177.64112635181286,53.26946733381478
44.57236833794919,171.01553415303493
54.422147445790706,128.86759866051955
47.03752256499478,121.99776008552118
157.157083389751,155.14764737444855
190.4658497056745,149.30905827058905
46.264906857685396,184.95626226508335
150.44767963577038,30.70878211139437
55.38757375043971,187.7077570336891
74.47459730253543,15.124306526243135
73.64782105786685,133.3167116830684
128.48819984406202,155.4668844020504
40.21959013647663,124.28644635199183
66.864159836883,83.63536981010776
25.218449862752205,182.21737637115314
184.05795989371492,136.24150686732253
75.76401145826952,149.2920625858352
171.2726606769467,40.02376734435076
44.442009765979904,156.03748990241976
68.89738494113136,27.911577198522647
169.4698208717107,25.256089559804128
37.124339838328794,29.08084275516287
141.81524030255812,174.09844461633574
179.0699964064208,92.96299761538292
33.74777589321427,122.74722360510043
127.8901556522585,42.25908867241819
26.22130394603432,131.10079530647124
165.9496602898526,112.93318849471336
131.6035674568374,97.3783711003645
57.78621776261072,11.110611981259522
187.89291840355418,172.66935648346467
58.78676355300547,112.99993028161283
137.44541114963826,97.3203105629375
167.52066599764416,193.4140330491319
48.21325078125835,186.7294725464988
41.124362049715224,21.21834690921259
162.75671425423968,23.390693609575347
136.3264593233684,187.6552481824253
180.22319527314343,103.62772768539227
139.53455514674448,43.07481722115741
180.7447203354562,14.350400969586678
147.48230984263975,190.82286662932145
185.91596766459054,127.49947148263578
189.9502318619948,168.71233949900704
32.38530489194527,165.10638411360182
189.17615556748103,80.94785854335692
189.51477388471457,175.76289157700396
36.95798635885218,101.8553062946615
53.74143369007403,176.24296456395342
172.87737225798256,168.3506966374496
164.08438799866258,123.68709010726292
152.2155129850299,105.18900625513668
16.54834714292305,33.13296415852228
136.9393752774299,161.47563559162262
145.2395507334661,70.1478721603125
192.53194339036315,147.6296940922366
166.11696203018096,93.25927561354287
168.89487256529011,141.22437137760446
68.5576632206884,137.14085447126374
73.21527901728626,109.51648571150574
70.90923060395878,74.50135275085817
59.576323325385175,159.4394147351108
74.44932187444812,48.48878478253979
18.82852198556252,184.8788008346218
20.021455791412045,39.46047465866389
32.036845302902904,61.165064796034706
36.85866500692612,193.11954444306127
56.92763966853356,61.42802464502963
139.0869462749754,57.55572600163379
165.55570012584872,60.33623089308104
173.87403155856612,42.15039351200495
132.43470125972877,74.37200398648334
139.7998835719386,135.2539120372099
71.32269555062175,105.93013644399848
46.121978399080376,89.59331830898961
67.76522734241172,23.489115303356574
28.162024091759175,102.7792849624322
68.6081910430917,9.480619983532142
135.45758688157682,28.35492703207313
135.61716510782568,128.3473724857632
10.606868960134172,37.46640235225114
140.89150992044432,177.95783728729816
42.429386373427086,89.33005324159873
62.96562246056059,94.82453457073687
166.20682665921586,123.81741246030163
142.1447398532081,136.34669751076098
173.61076876072926,151.02470809666642
169.77579667343312,107.49258819173635
23.592782074404603,21.128175565749334
27.576979074598324,86.45505582285638
153.8691803369287,91.21575039546299
186.67312486809823,124.32939475449521
70.53551378810306,172.94909407825986
59.21138465970197,16.33192708632543
16.911048069787174,114.98344536138379
146.93363479282343,88.88512786016477
45.685138455544305,21.992952343224335
135.2329430650513,72.13832561903924
133.30447395735254,97.13074950646937
93.65837544274542,149.91422812279268
186.950957239385,164.43168035680256
29.74298781797979,193.451834240067
68.11046069313629,34.86364976791504
27.407307807472332,53.54935492646806
156.88483324886082,46.478454836098784
164.08722215797292,97.75003443975001
148.18856880790582,69.11794180303094
174.791963448066,54.990376723206744
16.711094712208705,55.42426947813181
65.3530131904154,170.0046606439187
191.84617281614456,12.515208488665705
136.908184414023,58.667093700528014
42.04099462525045,45.491818359306144
189.84709339678741,80.65309273862994
20.793806947137917,38.23374351875352
57.69238565719137,45.39769816780345
193.0350988693294,101.3893671501601
19.70450690998228,99.86734817292266
177.87305949128026,159.86416594073648
70.83598339270931,155.19660180475503
31.285039381251153,98.53296160836902
23.53325014844313,59.51302816197216
132.43978317108136,195.2376409875316
180.3102216747208,190.2697573453561
173.47717608112518,24.79909568596967
165.60739918075822,101.61225425807837
17.270997929596806,30.398511283844815
172.0647931513751,179.4649048818022
170.84482654601985,134.36580864736302
90.0506637463378,149.00624521007674
154.34332968384993,130.604879982646
183.13769989766587,72.35362732568142
42.80751734238861,138.23551767899718
11.87485778375571,98.67026349473566
193.55500117919777,105.88026357381852
6.714905201733751,52.06149567350336
43.65842555738745,84.49577773560105
51.118075326927716,193.0562768802804
16.66229364058064,12.195994811764432
127.38032379801797,33.036629575421124
144.92583305221874,13.723107678948981
11.184678024408047,63.421870212209285
61.2590747808379,133.3745940853787
181.5204413546835,137.41618417848173
22.91152357494537,47.4668133294183
194.32658755888127,184.82801329880212
182.94277806693188,26.60749507757718
142.51200918055284,89.98681063828899
5.100638205406462,141.4001725611387
71.00571891947092,191.5481178340885
21.386840852196666,38.631223613245574
17.53371176842779,23.231237955994537
30.25749354039877,170.87159301009703
25.329600077483086,104.43419098071955
184.74296803119884,177.86012008427167
44.892272265789956,104.62206005622329
31.920852110748726,89.12853409175379
130.40377220001847,72.76028694210741
174.99806546830538,146.2180046873637
186.129663731204,183.24115459986223
134.94905663633267,56.67772984217476
190.42728974668708,157.49486032731437
88.4126574459556,148.96309987762933
56.43675917565854,193.75747616642826
148.5853425955453,69.87066728769369
42.38741179264261,123.99900769312843
41.29630362822063,147.37233357194046
126.05900204536233,99.2443843020952
5.71836240439479,84.28442219942401
137.29509000962972,136.2834016523476
66.81751481836456,193.54357828792715
7.125232382593764,168.78581131851115
136.79651151880307,182.6045111956215
196.94122425599247,152.71109095451934
9.275966909897702,30.1284618581801
145.8143489742182,130.462709711814
11.875815573306193,158.86282277941274
163.21759124843837,6.832427299635834
55.39466682901789,102.97663154376625
31.727098819191617,171.77316766853096
19.17961664254085,186.1513849059005
73.47750696660263,49.47310764515628
186.65447529133513,154.0478871421161
33.32848458567229,154.20365960885778
18.84240202544547,67.69746109094265
143.04425408104896,192.65872268107356
132.34421597047788,156.56106755080862
168.2745722853685,23.026451162499527
40.549843926906426,106.10977911666032
143.5915912490304,70.21890379259261
134.3588194461589,79.87260909128764
70.87334644931632,111.88737340593276
21.548320455646913,186.9729549085293
126.62716072063776,157.7765349106275
35.39087110161757,150.83559611671805
157.58402682192235,5.351511277185591
61.06609325334446,107.49390946340122
191.33438960891462,113.0708996716809
13.982049491221867,53.84917068444357
149.1631588135444,37.93468513307657
47.05403779251138,189.001917358042
163.52929915987252,128.14742417565893
157.11020697570848,58.611736403043814
71.1264607749151,136.93875740364152
196.8952906298103,23.822729686052387
59.54076305172917,25.44439648127464
30.526533768560014,179.75153136243452
72.96816554855245,49.482472124185826
170.6199207295041,16.037258009381915
148.42438812491312,21.422653439048254
135.09300287387003,87.75544715108397
54.214242734908446,162.16255859278877
10.483498940799095,181.54795519161854
69.36524513075628,49.409456369269435
144.24808843018943,165.14129114880217
184.55358392982401,156.31158530929562
172.33742120801833,94.88610629829418
52.82801826915541,30.425574613031426
15.210874523857356,22.4426503824118
126.9299258310832,173.89563255695091
144.99324747698816,38.239999689253224
19.741037430636002,101.01395200018644
190.21968952793128,77.56860043658796
151.66906786879926,193.37923491510622
196.13855677848775,11.750823591025732
150.56086915854206,95.45151262053328
53.95044005626216,153.95867195163166
185.50238732964897,112.13304125863519
130.4891084427834,80.93708655091535
41.028441615935044,110.975349943056
181.1344555771153,6.911127794903842
170.30119253901017,39.71178087916017
134.73575417046325,111.57515581706552
7.407048476571249,92.07357531479968
175.1250885399066,39.02911344574692
138.64032283450769,142.78753266727628
132.38381300094522,132.96203231790275
138.69674271148003,136.83563842421356
189.98904093575325,34.234180019913204
62.354685014706156,177.29168946574887
33.71603426758594,109.72142268974444
173.045626324548,190.3209977845815
62.905043586065986,45.695688347234864
176.1731134999795,107.5481445831777
47.60667682987033,159.42518670029574
59.41976378036044,65.26041704563455
43.653034176180185,146.43609751405356
139.29303313157322,179.0000963433935
68.36428688503173,25.110926181793022
142.61180977942064,48.575112876186544
23.077766102885963,179.5578245459956
165.02327784721837,181.6396487980779
127.79784406404194,146.35098307915763
53.724247809354495,142.02250977802595
62.83886502335907,130.05577967844727
126.82184198881434,26.29012938732639
169.18414798773736,34.78692494154453
128.16824312477556,60.79823941651891
28.69472566490371,185.9325073653172
163.22913550184953,72.3908897261085
132.1317379685345,96.4532338676511
164.72782734815834,22.20224697865911
53.70084588114623,143.46292634830505
8.225624373462912,47.531696879586846
193.15287367050374,104.22628841034258
38.393903875207855,66.60550230274704
135.00989896832812,155.0825909298871
167.45723320037843,167.98341251019914
179.73406158639236,42.67563685558163
64.2135585940986,59.52405944332588
183.2788057287372,29.10095871278249
162.36004581778062,50.31007279019048
16.889932621149413,171.12010833558855
58.523486732623375,163.4665542359447
151.68900881766996,35.21446301027966
191.59954737383413,110.66657018868952
152.99903076597715,70.96666601521514
153.7809943947789,99.19288435667075
157.85076260431433,81.02995989962268
133.46358506181016,157.55653978300185
14.981255795307346,51.78508208004754
128.46313891316055,137.8528701398421
63.9815124633856,162.08385220478883
126.900544562437,121.20757457754937
23.138656503241798,24.57226295559883
118.07614419066363,149.0817927916455
144.19055393296597,176.81632006030966
145.42170149415705,72.3581884524153
19.151243962728497,85.29531310777554
68.01043955964629,134.33643117200904
185.7616131311754,93.90088752229119
154.3434808691462,142.01537303144426
137.81362083778697,18.778234139242418
17.23757468268962,164.93708888628632
15.820918602923053,52.683087472122466
181.78174917448666,82.56345116565507
38.35165450327552,118.21663446645921
172.8620992915516,87.84062772882501
62.3369034842093,103.62394783063039
5.908915419306437,128.47483718506032
16.323231042198636,44.158278850460384
152.37273608244,30.8245522505269
138.15862063474648,68.41635840741216
142.08056750793216,152.51223466404062
87.12093664162458,154.91954624887407
55.20592813504524,26.078366119522187
155.51538095079948,159.99311493920976
126.0077173162141,70.05633044300343
25.373631958490577,63.21794602841487
36.448927103688774,79.1317558703497
177.23724395365392,38.22783879006717
50.33434503381095,83.17604078435502
62.62157662758479,156.06204901875574
182.55017420106066,108.38531241048882
53.51210573564049,39.975112409589194
11.273977391741589,66.03760945818007
134.01104638012768,106.2559495944998
29.923111641935254,184.01825909813576
189.92597374243397,149.3161102921855
145.14331391651174,95.6065400160112
38.03834204547884,194.8444140692194
134.73835528382952,61.01255938072083
134.68958283415193,129.99418296328702
97.18655574997658,152.4516349147975
22.009433732073287,18.47288785635743
7.208735375409171,45.01715863666349
161.10824759132095,69.21247663560436
148.13481155743293,172.31720840882716
56.802126976365344,192.11551788960108
71.28465653276699,113.3987748301717
165.95990276832768,45.03873564442547
192.25102168974513,137.47715023491554
53.56628669352665,90.48065684316398
137.53711056900258,71.66760816249
66.89020192548105,62.009892984533934
37.64948693956263,193.01815642420084
177.7075809758287,18.576591165195033
19.96748181939666,14.743103544291078
25.110164581412647,188.27598766733138
46.382384202448385,54.233439406952435
54.32966732448912,147.4766257790755
186.89032973562223,44.6261129879564
195.87523962537446,93.96325867526853
51.78394093337083,118.74419796113914
171.67867880847817,119.93456407158457
50.81773056534451,195.98479644330695
183.70918967637547,165.69313143755573
177.20189102105306,88.19961866538547
26.55864380115231,187.692405096612
11.493077669191063,173.92120996884967
66.69493609382516,93.2577887015342
166.98984893780593,46.31511366452265
147.71787721157628,59.301068009673564
188.65363320263356,100.49334482254781
52.04791707280388,132.01630926996864
28.106745887168575,120.0179041251555
20.511573655766632,137.70955483963047
185.0390856024323,111.16179528450412
155.73403154691925,71.7772651740531
23.417234585759154,24.246060491228658
26.527519157787445,94.50965505358812
193.92286400821024,31.31324596083361
181.1781222593172,48.93335666572482
167.90988751121785,96.22924604222342
193.76195189801564,43.36115239442671
133.5722053845115,123.4393289081755
10.955958973052773,8.02114322924064
75.72573968273569,179.46490085825874
43.25540541581471,120.02599371180976
62.920854424458,158.13741632324005
150.0703311763344,114.56922718120902
187.20698123281608,80.56454399405686
158.19437594104667,191.73075141637185
38.920811644021825,178.59811659259273
14.919284160643098,94.19694244114824
58.8579124974242,163.89491733661282
136.4671803778269,179.5985600453607
129.27375531019962,18.277739883752435
146.8489278957867,93.205793828431
181.81284785717858,111.24983676345725
45.840588374117395,93.49779359273872
133.74456852069673,180.2794498468989
143.43393880315244,168.92749617356878
72.00154467658265,20.795054043449046
78.6229649930878,150.99283822425073
163.24014241845856,22.98708490809567
56.201454258731474,121.51252950254491
52.00634663667801,34.747026453725574
34.933427300759796,14.776228299318882
145.43628337203802,174.28635090622237
9.650626772588364,18.724357922871864
164.22914835825114,11.623136505827544
45.866444855987595,141.45610147078582
31.437788696580014,172.89957228792886
170.93343356451555,11.522130833517434
167.792246322945,26.79128690967583
40.33885079046817,85.69975570482211
34.92840917574361,99.35742454718108
19.19219856590279,41.53783647358358
143.0994402948016,80.5492549831821
11.923787713497639,59.23171874483081
129.42014364182862,6.18718009091629
9.015700038404326,133.20431474075642
165.2270350493063,63.54353252530557
130.94953004413634,113.07284412232993
174.0244591049915,190.10713887269318
69.19211390144031,33.87545185623567
167.83237925881323,32.55796212173702
134.6107837516205,93.98165617353389
133.99318385429274,172.94797491055445
39.65576523524814,63.24340894253085
9.814308762718209,84.08285870318527
168.58467281606488,193.9904645499317
163.3918410537235,122.47294005006697
139.42628971744557,75.51951057435232
137.23939139381616,166.1000868071926
95.38044408951691,145.39725596134255
71.9380239968866,47.5287974113438
139.08361779638557,191.67554564039085
179.00420096759765,132.83521029731259
21.389654293839172,69.07831108807378
62.41482089093805,15.639853376435273
193.38456212735824,115.36573645061037
167.83408539615124,58.29005545963115
9.215747196113046,139.75814492133364
127.16620529085779,10.040768317094551
129.18681206820054,23.39619217787904
23.8403893209387,131.42339332048715
136.22293707561425,71.22213432675521
46.75074161582076,132.83489580608455
47.28303237639617,91.94824266429592
188.88973027171974,41.7408276111255
47.81309461953138,133.36946639538897
40.574854948275316,108.39227179264802
141.59416305174486,69.92673837624726
66.5068004859071,19.06421603134556
15.22584181725671,84.71247720468558
121.00184450616712,145.6174337965512
8.228167785764631,164.48470615352937
20.265678962444948,161.34559721152044
33.67642553980302,176.95176585800027
134.0808318240925,168.13049148220358
31.872443512150763,134.54284252700788
151.58152894502135,92.2880729404429
149.1000171562778,129.9381406548405
151.10994180245405,137.47331990594992
15.375774087415804,88.8669387347244
24.498660147892608,62.54803978868382
68.505742646479,89.42920967714132
5.583354140867994,24.414182345357023
188.23707135925576,24.14539542897829
145.75396161971898,98.42020702570005
187.27666605407805,189.25334498695906
189.5268355856903,35.90762490243981
17.437537043083854,140.4278494959114
157.0411318033158,49.4258335111032
132.04863720678208,43.820807685371605
5.560960271833228,10.79952303939001
137.00517676056754,141.13115759040912
165.8405768353698,174.54752223360487
72.18520253396252,125.65187170887651
73.30132708845915,29.252373296913305
172.1723068347882,162.67816315637847
178.41742084814533,57.07002731553753
194.06603552516623,103.1932514051542
60.92766968378514,169.41544179445245
156.5184581249257,187.52791074725198
52.2819401095457,183.86582381352508
138.20941838652402,59.33518025292978
190.8651905621892,108.46522927675625
152.50174683647316,195.04171549894357
142.777978004025,151.33462818972416
196.81128723226604,190.43070510791583
162.98228985567567,14.565100414482833
25.406363172799534,144.1530232603508
181.47505589128798,72.4195850196444
18.716525305288393,80.62305252901686
189.8411243434043,96.1216609511287
68.57487187930928,187.8246863444854
44.32724351731191,190.03776368563288
152.38829818958956,73.36574572119326
162.57810020484615,18.716634215886813
74.20458789426222,32.33839519047442
149.5084040258255,140.468978748124
33.70559452948771,178.37154731077786
173.05406317869216,156.8263782701473
175.93786147319773,113.05227021742454
63.96645956123673,177.589170474223
150.8159482958092,180.54267167011582
24.19003569952025,96.11282856328275
38.58367515950228,145.6674382496393
14.20338737529635,162.7125424258709
7.391100457034137,19.177665278940783
24.70773989337007,166.1131670167967
26.73892522225269,143.22295636731272
137.29669943847838,45.91666546424419
87.67824785115764,149.3587217990181
16.08069503931653,100.69160450237163
55.00362563335562,39.96464133883449
11.638807563851515,15.814451581029013
36.39709181884177,16.70672294195917
73.39355458901582,52.91660230394363
175.94848176754033,174.64841427102317
41.5308676527104,81.78634812666903
42.51439723490404,98.22225364205633
5.383869998010004,193.7825822591326
48.719953197503706,105.68038876563648
134.9186846658445,173.64039142656654
148.70271816623722,131.66229873192052
179.14336515507506,13.816352607472524
31.531762823050798,164.75588866033561
44.040664903702215,160.40727798120938
171.55128713198292,12.852965754363026
140.68787774696938,44.58657825282118
132.62083390279105,42.982794481469305
34.207868863390836,90.03078065780352
189.8963835651793,45.22736170955593
139.90735518071628,109.97369691954208
168.802280398832,88.5133346831024
186.78539299545648,154.72906768742158
188.6159544193965,40.741812826895625
72.28993219201463,91.69305351387715
58.38171441107326,116.90539090308692
143.93754811695774,29.221991508816092
142.39227837855606,54.939918386756574
188.33114774021152,11.2612040595553
71.84009026700151,25.59075660760576
141.60861704634843,128.6149664126125
74.43176868029691,142.43405208240978
186.6608999924428,53.361506438241996
25.39082697654425,126.37803740197916
59.40195940107458,179.41340854393673
131.78144781616342,172.57821555123618
166.08119338937158,163.52978147907956
187.88208499085312,13.981610058609373
45.58200377608275,16.934924854069255
160.01394565313694,188.3202565813694
138.2271610230723,121.75898542799527
35.16821993653546,145.7743821380732
72.48244752561739,74.59164920309706
142.7393417246117,175.10577264084316
7.02776451477046,141.01729014414687
171.76242485884944,184.97585806088682
27.557580475365157,138.29717778916125
26.65964528110655,179.5114902144946
172.48400193531828,147.87874925966753
177.78587561818975,22.345715577419245
128.7043776668603,85.52482270032527
73.43675741683771,113.98376373177253
195.8510141299325,73.04807690210984
48.923914296060964,5.63613831331458
184.07118334020626,17.676367892179233
25.889499674854818,107.77181564735618
139.5756557814807,181.85279657867002
156.2819059989662,144.67972149321983
136.3584051349843,130.00480547390333
68.07680989573169,72.74424985505934
72.58909263185045,30.354252941738903
126.18727385012681,76.59970536177859
143.81288257391859,58.790971423478084
67.61357273510639,104.0984766617084
15.204784337791459,5.0268049949239
155.91260511436155,186.11463462790226
39.69973477206155,141.48154811269578
60.2312330398127,122.35977762831824
70.7140418705538,42.20875498021477
63.25048039405748,89.21889774265921
194.38056387887713,29.448291412527396
70.06041495863882,133.98962555295782
26.361017064608834,44.313816943768444
23.838044988487052,136.37192315037478
7.92619809626707,187.98797931443002
143.59483174328184,20.665862682916167
141.92564202272396,49.915090495812116
21.034924678299777,195.975571772277
31.28235264260873,50.30438333800675
20.703799748792687,81.86856000711514
150.33733302312064,25.59612515016503
175.34834340852166,83.82657710092289
67.47627362563304,146.9567114490225
165.88570207470985,171.8984669901701
37.91446366942934,133.01175096023096
32.37485065158744,140.64755192094455
14.353865439249898,140.19254894556525
157.99685322184135,101.6816334608927
137.2990248800987,169.70582006947103
175.78888079929902,42.87501244823397
20.224688089754356,50.46515647903655
65.46977021804152,91.46132819057316
38.46008347818855,106.86102098056232
126.01262484646634,6.69280900540333
24.756946876607227,148.86411653990947
49.03245723634055,96.932543203611
130.74214440117694,50.906969640939906
158.32034147634621,182.20706881133566
185.88527747668607,24.9731008997923
166.14376976503254,106.46438092524248
72.75638699231338,147.90779112877777
149.31598475120649,162.45232486458676
74.07665418603015,171.99937378689498
191.66927623638819,136.305759052798
52.6488160023066,173.28400103910687
37.03449001571967,140.0489522333136
11.159952685870048,47.59433799715559
27.40074210014276,163.59764929056755
146.53880250593707,142.92876978279804
179.65867642473177,158.30343693251152
11.464392244398779,127.00421736788365
193.48153889208513,189.0401082626671
179.1472688896127,154.78575202587734
28.060055851837458,11.837180777194824
156.47945987572496,68.58334071900235
158.68334501380141,48.78270487853013
160.66108113915806,183.92882356271988
140.98603795981913,30.018301296868298
168.74131955082487,50.47688130395857
51.65086433029757,137.62323074696548
141.726274255185,125.4546539336281
25.62511300613866,108.39777508750844
180.79397598934264,33.42878912602811
74.93107368202527,125.40767516963976
60.15121239121511,54.804398877111105
135.6555389880661,123.42753443467768
11.318941688787984,88.36499270828295
26.03629088639786,93.14628924399288
179.323967433215,89.66168492412791
168.9574906575938,21.171445596000044
141.02410185040563,173.67188343679464
178.87016316495263,6.369436972693234
45.67785323496534,114.78489542177815
176.44815635928467,95.9180788949958
131.66031675673452,136.08420728057618
52.201553391246605,20.72847701886403
141.92518439134795,86.11112999467164
195.3994625671118,118.5461835782326
52.32712244834126,153.71113754883754
54.97148436419412,193.75292891902444
13.311795525609288,174.301751016921
135.73307280751627,56.8403192905114
70.50024998913953,129.39938183778307
166.0625734467259,190.9468121975552
144.6509426138775,130.35184987131933
192.34555984008105,105.49628113043707
32.7339446389912,107.98919281557556
14.192799631307004,165.85491730662991
172.73051703680514,62.23589107386491
49.09498220611829,170.70988127362946
166.77485960926418,183.54866927791485
6.957141981908814,50.67912183080479
193.63222518345228,123.79142581743632
172.48143916160637,71.74342588314337
13.494837221809444,91.0768370431212
187.3705681452401,103.44720411325065
68.27460448997545,141.82601184240846
126.15727439590975,161.53299227033176
162.4731299160098,51.76687197714234
52.52206961311923,162.03457564567694
159.463036746877,148.27052754357544
41.44393528031018,62.50037873993471
140.3609830716108,52.361729008092645
167.6421519057267,187.97262287588097
179.3465483877796,8.748031971162028
183.4303276241336,121.27758231613073
138.16304474943198,128.50264792545178
15.70112506418217,132.7478806512228
153.79193553544619,124.78452545436693
194.52480860313491,109.51660994517526
33.857634515191016,76.10592136018192
153.7342332038882,28.065033226758924
142.43489089223388,128.922644996118
177.94882516960874,34.58442531957127
47.8445345011566,142.7569238676815
181.10727665144606,40.85694726881051
184.05179610445006,6.756614735586328
184.96425358617364,17.890458302647524
159.63565427160805,45.36796464822717
155.23520284240342,48.67796445544772
39.312286992530886,125.6671506189604
165.20996566564452,20.556867251513545
27.00376394670197,15.939353478705682
5.7419125228433865,130.82057126944585
12.741500515960363,48.80987227100621
146.41365257315545,68.89961564452574
30.39772798696281,184.6019767095662
67.24869063811096,43.99007788359789
137.24647358356768,101.77153399557741
16.973670148209315,26.28265743254071
168.55250080505675,35.80665606850943
34.592967384308004,132.68335331798784
131.15575436891808,95.31676384039038
44.213175839057484,128.29105149201567
163.64591107795798,126.93562988941443
12.127111831556384,104.06788981051113
61.88486693207858,159.99114340039668
177.77090116011323,85.55892964913404
142.36520568462066,152.98081559418978
140.1802265048682,120.33559142326011
138.52199574686702,133.7970491498622
5.559201131427714,49.055483342304846
150.89150694964206,83.5315532665157
71.66892528074935,8.981012498091221
182.42630961493654,127.84637237254753
67.17982005642845,90.29326551042479
168.82994621516875,43.96568321399192
74.94638632795505,58.12631279153272
60.037562205201574,20.51025288726682
153.05112251032895,58.545254546456746
142.7778650017411,7.152553882987348
139.70230001323222,140.90534887923727
172.46268806056034,34.74383658950957
74.24293821296513,81.55070535457165
185.87373584508254,21.332452532216287
127.30284719106216,154.44436143662654
183.61352653377244,116.7041608818702
157.3607887907954,75.73314398910453
127.19627791108812,143.06463624751174
6.132671670703482,10.092337136279264
31.876988304707524,112.25566434216512
161.67258801662038,158.35080515355074
144.2501948889146,123.34369379007433
45.53842570252358,63.6693722585216
187.98493867285515,128.17612307133916
186.88712687980743,59.63671540104402
23.723488328361867,61.566225959353616
142.1504764378881,30.986568192929283
12.154194400005252,46.28121014455143
75.70398348311532,179.73272487489822
138.22782108462803,148.55969423107322
41.123830288419434,176.39564849661008
27.79195035599274,44.08353388009833
184.51153236071042,144.2063849341882
24.94097145972377,124.81600962768054
26.328874852550047,9.036546586097387
9.941184457188996,21.938297695760603
178.28431236818292,76.20978578198047
176.32325020934664,48.0965185116277
179.75688222899396,55.6210078802896
162.29791239205562,145.454957728932
40.521606208233486,154.21932058414086
5.304564675668604,78.29283514155145
71.5826990848166,57.042496558580986
128.43558844830915,163.90171082838785
46.830140790892834,81.58788139101227
180.3791706891838,85.47135843705172
169.47434670315465,179.15368394925196
154.25819179005953,186.77043423768328
187.3369901694594,119.91980860485234
56.25512447807702,165.25826169026402
160.66974094172716,129.49002303487538
178.2929466458637,28.375582796353314
164.62602789427552,121.49307205736443
192.58538591724468,68.6781675829389
139.4431477512326,68.38359069829069
160.58082323703152,114.46845424085404
24.501689940537787,38.63808573939564
136.23933166708173,121.00911230559285
158.75478923051682,103.07011087231822
53.02475578585959,145.95470605848348
187.32604872824376,17.413588346859694
168.29907265255267,50.72256497793974
163.79907216316334,186.50586714547944
151.0526689902618,129.3185475357157
39.274715152446284,181.82044330120877
22.694515300015098,59.381081869945234
25.869555124343165,153.77758170741438
169.0155737308225,140.8201823227468
50.022224090688326,163.4403877984089
74.39530974334302,17.803985043728222
31.86001869689693,97.93898924162816
7.792390172844222,115.96105377792453
21.295328294291124,99.78355729911907
195.25529345305475,49.444386867900036
55.70361454727456,96.45577420968476
65.09831839669006,183.32351658958078
26.400544624021578,163.0792856815509
180.42641629461608,126.8050586395537
20.296508965557635,47.81735981090933
63.07947766840678,104.50277658555848
169.147178376495,68.36526531718881
110.49985658829519,147.5377911495101
187.48210076121694,42.00731268280839
47.21259584753109,143.58392925263493
12.897838002568248,61.75411772343664
52.60492966422234,105.81654215862548
144.03257028025138,129.33321201820945
126.35072127147603,104.3166428748045
160.74547191696672,63.38578356637226
63.8703048898992,128.50804059691632
173.79667442887308,192.17326162645867
17.479462225770813,54.81677382053266
67.10920276239287,68.22660046165339
18.03819864234517,165.3523112445735
152.23138483273505,59.481723875988756
185.15078925627412,102.52878007260644
52.96352948854863,107.84740358827243
41.43017711094971,158.9903264376268
141.2936448087006,120.74581161022972
160.65627932367872,139.8125879606611
128.75078318924855,46.18000000223123
189.10106335496675,54.802462666376805
163.1161641694628,134.6910052982074
141.45223502952834,196.57899159572
43.24721643782927,133.59348497564494
130.18960107291304,100.71396396596757
23.145500107153577,170.93625077660377
168.8099522550085,188.2463200931333
51.22857125250684,180.56020430126893
97.38176892446693,151.7067404679228
191.84362463740766,149.80303097690432
64.96965168502568,24.45252428246174
17.529470466434383,97.95162315080846
9.346836128230102,154.76536887628086
75.9806319772642,61.19759853471629
91.78807580885888,145.77198130545858
70.42093505624797,124.69117254848534
194.85208918828394,184.5319060050663
61.83856924643673,17.563755998287846
147.68857022373973,54.93741432996552
114.47080849763161,149.5770462447859
13.167788755694874,17.853616448823885
11.356280091038261,10.952450725931712
147.34050961139266,148.50842162754302
176.55250178492153,10.131350738016716
49.84536038013173,193.77310847716288
17.978648574955756,86.4787708280252
188.57067326132497,106.43313093178662
166.27504834942317,20.33460560028093
142.09652321212678,112.62340575187413
183.43839174162596,80.99242508276667
126.55587915180429,42.937429076151815
142.86455644653697,102.1059621056633
172.74983722128684,98.02671461428577
183.59552152825384,32.84816341019267
10.826272019402925,114.32252315041534
173.09882687570536,42.75681369418069
47.13838327731475,7.793389366221961
168.16369287143505,133.70708535940466
179.10389643475884,90.99721638419415
131.2022150701263,65.52061397460123
159.388178981433,182.7504402291472
158.06610259879022,36.284566391100284
18.442911937665517,84.01222737507281
30.71437740029415,23.11927589862114
47.405774996779556,186.5723851727839
173.75542199344034,88.88657600801362
73.41623306360624,91.42922055029429
17.3434824682427,129.98194040661727
70.51426854232179,146.30684899841262
49.609956876544324,55.86043253277181
186.5363632233137,189.06309483257837
53.091866117900175,78.91549600964265
66.5665102106618,168.72441889261046
175.75820421054044,11.56147556463061
35.05402179901448,141.21763113928276
175.9780466047425,59.003799738621176
150.50847426475138,135.2239933287067
176.3537239590105,36.58932086789127
21.08490203307427,48.98876304594808
165.69892863856768,93.10121379985
54.33303513523904,66.67160905137843
69.99683944423549,67.7150589636724
60.83750894800984,186.25684739103838
113.44881835873642,148.5833992618317
153.73624428670007,44.74629501081238
143.95658945964138,141.0764043248886
16.96819908660064,92.92626521166119
13.71641043985809,131.21729001965025
25.923122470531432,181.46497679594663
29.318677558400715,70.70002269254155
176.71707249774065,169.74590201201934
140.0227948718296,166.40517842957132
141.77016205819544,151.4299784221788
66.30783573095496,42.99840010222383
190.6709639142768,7.699472160493053
135.7583154689573,83.5881954495627
18.80645638662446,109.02857934643556
8.470030191856008,150.40684427994165
20.63287141419561,188.6157596967293
42.31192498850661,95.06197767851586
178.34502566713354,79.0074751092516
73.68299007232065,146.71346405643558
39.20980711240222,22.74675568118901
174.53098597054512,139.67861021456002
34.43203892378437,96.18958113379514
191.5175460971784,16.215069102724474
163.73900979924397,146.72552084879527
60.24137322922392,64.57121115401497
72.09518493811362,192.06399581863778
74.65180057364215,149.41652445119357
187.87418457020433,114.68342476491665
64.8241403508412,117.70477030255002
134.76942316814456,79.9748750549573
175.89984285337178,120.13810048569621
189.70716649773786,9.548981447977827
166.97438864676926,131.00148917077985
71.71849189437863,19.047275571458727
41.92312745401687,179.58340204044134
39.76708728950098,64.30929545303316
149.9632666494813,102.50003375801427
191.81828877647726,131.2949965983244
130.74953146138793,79.8218545844588
67.41004274169212,95.03899920712024
190.9875245871863,5.025002739831073
126.30017270958038,188.78608983200837
38.192994600876425,55.88879056505167
68.96841985713948,92.80260904062948
145.67508953750692,127.17152008815404
47.8324818738398,15.16920302268116
93.08596230854859,148.88182156229027
17.698838549839508,54.05019709538051
134.42981693244042,81.31343771363004
85.47177796241732,148.7833073279544
7.07089318373807,70.68855756281025
148.98688082800368,82.05834962774013
160.46239185369205,80.26972671200164
16.595426977043005,154.6808079810655
142.32909083656781,6.41834593942936
130.81020984350852,101.45754643869422
181.75085409303475,105.27370213845778
7.511275996982566,186.97024261120808
65.8622769506083,125.59044540313931
71.44598667709057,192.27027522790723
17.04395644165052,135.0095080092925
149.6365800290729,133.6869582476365
70.31680375114627,158.9736177871057
60.197091057888144,67.56777672591116
186.6457343028274,81.63923260777743
28.314784142309403,38.77701505839696
10.295300764838414,180.0711375695489
23.582128400255634,34.767496636136116
66.85932463079993,97.56589200406704
187.6173296144608,165.81331297854572
152.11575852044228,166.62652653388707
75.69977921469348,23.505569241482352
167.4091811217376,159.50983171505712
36.69893463983221,75.45751982274845
61.77642850632476,177.59590956776688
162.71058454163915,177.67275645117056
187.90721072299394,116.76802510069504
6.37219353792133,156.58601737283993
14.867448847363505,107.1327365881818
180.79520044480023,103.29311772330588
136.29827868336253,58.37888085089085
25.88460209059243,9.526717627492213
6.642278274855415,191.50779458680043
165.9960716619343,111.48186113303358
88.098796283576,150.08737124740549
143.54763933696626,74.4374751638323
180.43944135080986,38.229306559470544
194.527375600745,46.01786900270255
163.7632077744434,11.595989195271347
8.553523917426189,103.68894374368114
173.78885044783178,51.018690050517584
30.608256921884667,163.83927643184384
29.075517398588048,133.38320606109414
52.775542354220455,162.1454031602281
145.10867569027522,191.50464682216025
191.8102758050598,24.130220978840818
169.11367054940266,16.56215515092273
39.02248034200673,119.87928568198814
71.39197529221995,152.24199236143085
160.80761345044272,115.21293518346233
137.14448616010824,67.29740983829868
163.9979638968239,86.49681124944765
5.322707129619674,126.94672371549608
58.951156572999245,162.35029130856168
68.6782260599742,95.4139895689357
145.3837264122305,22.850004555364873
196.00403759723253,17.087695971773396
166.5978351301552,78.89485964082708
164.83572142532907,131.2090120801131
175.15226226143687,118.04145623012761
140.73617573760947,60.475385231176126
10.817711713209128,31.48616746840998
62.4080453416764,131.0323998979705
185.52964583085802,196.29703872615053
141.41350129426655,135.80173230574488
86.98338452636469,151.99866104425712
171.11406011957527,146.75991421810545
9.11163861533139,65.0187678636051
140.80818224663673,16.25536997555337
146.40302150154085,108.32614382234114
185.71066171333345,48.01108268149635
25.758407820687022,145.118391799766
35.7244145667679,96.49431171691359
36.32776420703517,143.16297814588108
129.20865446895155,33.642598077276055
111.3816917194192,152.2391132872853
63.892018722329624,81.29893047555312
163.36967428880163,156.2075029563738
24.260582986220484,74.73013551512108
71.35922949884527,99.61041167864882
154.95821013211582,70.0185333842345
24.266500732586586,43.01568266077508
39.98143274367752,66.25315707949456
14.868200591113549,21.636111357873673
151.9280313271937,15.394898708639634
175.2920942741401,8.949027979149605
30.60880418757315,144.173603858979
71.71436645655488,106.86667359942415
136.76772712094802,79.43143588594036
180.95412908762233,67.0834893223822
135.08194358994723,76.20231883507579
64.5829851431071,54.98595062527348
73.50942943555607,162.77889587576868
68.75512028435278,81.08756808000307
73.55482040880081,121.87426421723029
158.89910703125616,7.990899724079887
150.85565719083465,73.99698210676102
70.47337933977246,77.00570962942537
32.446470103203204,163.5059602014768
31.061364906575548,54.67907875546817
165.11833798889634,6.027158140245229
13.979791807732575,43.15164414830672
171.02786885742154,118.90335347633403
32.43833568695783,128.58819057444177
30.577889615199915,28.461476186871927
180.83611311338973,193.5188127685003
29.559382297771986,11.68316725758468
162.0771678182073,102.47563942437311
188.44605823092954,101.15194547603198
38.136486384673894,46.786115655651614
64.68405775976152,62.08011397198104
35.15933970759221,138.8495252201632
160.71029674126535,9.788188058711944
20.511466799837155,23.838787007748195
20.434314792200283,143.78473360902586
140.87483042670542,5.750458160279326
134.9356249549235,6.547371306041482
17.89532020802803,84.88622494312523
145.2405720851549,146.9216765156633
19.14812024254811,93.84275098310593
144.4600685083975,109.58806587447224
171.10452428884525,114.17005978275624
101.23509027957967,145.40729026599055
142.64812196164914,112.1495205098945
38.398881911714625,112.13300323590454
147.57325649936996,34.5476950394622
52.08987800004995,34.13393926685897
67.44629404339075,121.83423498747638
58.925164841061786,39.7637562693242
153.02050456848096,101.64517573335884
28.610856406161002,105.40379187420477
74.03616002562744,173.1869249969088
28.41635493062182,161.33270868928204
175.46696643396757,144.81694659022884
94.12450055576065,152.3040120619232
193.66707023052348,64.91690827992332
63.13704359294191,93.50943027108382
176.86808504966106,178.1117131708528
71.92530833880485,105.82896610632228
155.3780932721449,119.0221188082851
41.01060944021982,43.71778529549093
164.16471576787197,51.48233787582612
140.52738000539364,144.3017155692851
13.76051416273636,150.33013312908744
131.249239913364,176.84620338680833
34.22677485889044,82.19359020431878
65.27692272364646,187.85169941429442
145.76882759221823,164.52247030252192
173.8056449351361,17.841483307001415
154.3043072996212,164.41381181937695
51.345834691327035,113.97837347747445
149.44218649425676,177.24029254843137
196.8092958644197,68.5098449904441
65.90188132524247,61.759714025110846
178.95912498360968,140.01224348091384
16.759842410910206,178.3516185268029
39.38239278277711,80.81469513533295
91.44829375432265,150.18459483999996
193.54417150144343,26.99597823461473
9.58726762686321,96.25010936107152
175.2297526879167,193.3450551413554
142.8624154488268,145.09834872532156
14.098100004484662,6.649612262455541
137.5801774370597,154.19027822934257
43.51611419883739,129.23365696811172
152.56907574146163,132.0787867396711
27.21421079692036,122.46273230882204
12.226817114922577,131.30322022961576
192.25850868651216,14.450428022291305
140.44201980655015,63.730659924764325
14.098532769374584,154.0699021122134
175.3116303594133,169.39431510893078
47.2498397080808,76.34628095209037
18.60625286530324,126.17372829824173
63.05789002678861,166.47879383953398
54.718435534143524,81.42215999133765
186.08370900271527,33.261299244495575
62.67051558218291,140.38534838487666
147.35072921519546,152.98949903683186
196.9434666337494,106.72881686938399
59.42056952107157,7.6296100282217
157.40113043017945,42.42753814698494
165.81939734581803,57.2498078876918
142.07213535029234,93.02150643008869
26.492132131370873,92.94857084244049
13.742470910535436,28.32007683105045
30.39168044010004,167.90901903256204
26.618582115500615,164.54981778948581
167.635647168956,46.27914930871378
24.19116175064181,62.800787459429834
20.757404821960314,95.19832889755284
145.05606018150277,108.70428187615637
55.89399024205903,96.89892034448431
137.88305566600536,185.09375470972475
91.78071618964304,153.28625765633026
188.47308920719388,30.40344167624142
59.45775326974153,117.58462610041201
142.47970247146228,117.26031461991022
20.688192932944705,88.8341883883928
11.243296224942355,185.65039155101084
65.85037810914875,27.9025575796868
88.98823618117238,149.49423171963267
72.16071612832043,65.15483995361572
152.9858647970728,107.4539611663492
155.89054747014598,185.29930627274928
51.113116919793065,73.48315821403952
160.6970074907468,126.74891338981597
163.0907458213277,147.78949183487933
155.55850114544475,111.90002441170182
156.91711007777326,39.80434078750026
64.68640471576497,160.28705947785474
168.13619990099264,115.85043711214402
12.778161387320834,87.5800147777789
136.54637020082586,134.33861419631134
42.87365574853323,126.69256734284431
35.50276584712995,29.226501564071896
188.5530816534535,29.666522803021447
7.969702966819167,193.98301716454665
141.67016535701478,76.11031341704835
14.98683063241519,186.67150851300136
56.12386377517354,75.4054324291031
129.3963032096789,28.674216889340506
169.57681205997585,80.5847172397286
138.21020737297584,100.10202592984228
28.552232712102914,193.88935616144448
171.08175777975168,178.00134661539252
163.92982649850433,162.3887076559001
51.356486480650204,166.12238092587467
152.40668312286783,111.56176244631014
5.905658586890063,140.33954858613703
143.2725928662455,7.575958719937298
162.8306803735082,188.67835687832533
67.30586134052562,23.156860131835227
185.20017480781283,190.29118750653151
191.83630354161767,61.68673199891787
40.72541734436115,65.19973690860127
153.52828940963857,53.213354452517244
68.42941888684958,174.81999797093664
27.937521422791733,111.75989156452569
22.78156113327019,177.8295666583489
141.73275018584036,105.70854127822636
144.6865637266517,54.74956202484811
180.8936355495113,95.43893057254083
185.87516565482667,42.6805093700171
138.80872380458754,12.010759366680944
132.1906801367361,83.89014568444392
178.31861610598438,95.90369529896763
70.90728932706224,87.94163043542392
68.58230440945366,12.754504839793427
29.034280277330836,49.83621752887044
133.61149241225678,43.0346685145287
179.49278547742784,181.29112838744237
176.59031545427646,130.42200484726567
58.272457452944934,24.948953740867122
188.13225020759202,89.61375759175752
140.6044056908433,25.96318917907562
41.31435301420211,76.35185611729109
26.374825643398413,122.68172692728525
8.284121280772275,57.512950475291156
20.49594145712667,117.12284149799727
189.7901868421543,98.89425973664261
138.909428214504,13.664296250655726
185.48965029524638,154.99019290182065
41.417849231666516,22.870114938141263
52.288297290440845,127.4246872033947
38.685462542218666,31.246368060375477
150.56037708748178,148.44239781579836
6.074882332812667,48.11653534679721
126.245539877833,39.06247303890835
65.53569402638476,108.96954510046484
186.98267490994053,130.256051514896
152.41292672563117,91.37228185067238
144.5379194890589,129.3448725887206
33.2142852164916,102.23393200730725
10.171567644226482,51.717191138332275
151.68603868036027,119.16499481163312
21.468531076959707,95.33352350588763
138.7354754399464,144.79593600280432
23.911079956892912,93.74240778807412
167.4243519014556,120.72138077313052
17.255720729990173,166.2242192795287
21.5994085911445,158.52060249669336
55.46688591376126,171.67375395220574
189.96351211549012,62.39733215082764
154.91736581406226,39.489123172752144
8.904376770292654,111.52957149728637
182.58053072643685,160.76521412584054
39.42982910039114,62.34208267939104
31.266293842443734,87.73914639218076
49.65244080816896,114.52504246204435
29.934895293212634,146.67666685354047
153.2881096584775,89.32786843240746
15.653587611573462,14.31520227321344
6.406415322121273,76.16125596362393
47.55321048131245,88.28499472796487
26.617033250215858,113.60569394895882
154.50063060172198,130.16426595629764
150.81392335768658,31.156205647410154
53.21388826360296,61.545269335571
41.92433701900988,157.91476697355048
104.07748034448248,153.1835709353741
127.36638998465767,52.48089496779514
193.40697209578985,151.93708392962202
15.562014421537002,97.94730790361274
151.09002456729297,41.329407746631944
161.2659682569371,13.90454905671761
160.84090709884606,32.44258818517847
6.675511196760647,119.97348527708849
38.96704570353354,144.7242072633809
164.09250254123904,46.81976780835726
19.7397847096103,171.93408471421196
185.10594191655812,172.50052036442813
14.372445622866799,148.2636991853819
36.484820202794424,55.02803788824875
23.34518491361167,116.94049591447984
13.452970687144205,31.45486408260526
75.54445387844723,181.4237716195676
139.37654474423684,37.89288391283067
189.6441016754098,152.6032637427185
144.47799255949275,142.5616316881786
164.01675775390905,157.3717840533799
38.41136274370689,35.371730712305094
7.862316618213458,69.71198139442632
183.1322172789936,150.8512585894571
28.893593947140623,187.2512905596769
157.5234859126313,111.46815218278772
186.9413562459157,173.5481914570613
140.24976618716371,161.39485771625726
133.72954427745222,112.37398229622576
173.22290887221857,172.78583854662412
30.623861444628893,70.54564858035825
57.58023451617556,145.88234047252908
136.34751484714224,88.68453499034642
167.60844098185817,165.67566016712198
68.96157874523875,13.789017442590097
194.39563588271363,128.83684950720252
18.290033508833094,90.60876354587917
147.4199768644536,186.5381016462934
5.626107600123609,76.9350578673662
72.83295696055245,196.565698242226
162.2454507751633,39.3102631281061
177.4204678946751,150.0089077380339
129.1935597316493,79.96513463535373
187.64114733583295,156.2696137109761
15.04545069336326,9.230833945018711
48.9182844965389,123.39388023853229
101.43125774429161,150.90593404874357
72.93814007387036,59.44250777649186
65.83775473113245,75.55872437269308
150.38344547214126,94.10978131999121
34.57590133459965,81.77808735973382
75.07709328262865,58.5189027175701
177.91156378821736,181.5231961176371
168.5027033705447,165.36216565351575
187.44478191693804,36.57620575333521
165.69988337942445,189.17373972264588
158.3011202145028,123.4082799620408
46.592419741670035,188.06344779271058
70.81791702105774,144.5877474462974
76.13664477974962,157.6883672597894
114.65229270190736,146.18021085967706
187.6961269164635,98.33220196683952
7.452543179750216,66.63156655544115
27.825037946130266,144.12655960313413
132.04662385947913,52.99819013996994
138.4938926526279,29.587821632299132
17.633694989650852,71.73390783798564
167.64870321816335,24.41322259268183
145.9474340425456,152.18601569162388
20.32978817049149,178.27590130775096
130.84888365898342,85.26242058693516
5.185069559830684,30.709407962413604
176.83519550847643,109.16055480943675
58.646951457762526,157.75615580133262
127.54639420861065,82.91948360944237
193.7594963262329,146.12762890781997
30.497378104405957,58.62476245838552
154.02606544854825,137.56020743758998
172.18980360922527,76.86582217489357
127.13341191647285,56.718217774925
13.303232993545212,43.519900049147054
19.347385620731032,134.95512360883697
102.09987615458824,145.1239506746781
11.485426922356975,191.63170181646515
81.33757604046897,145.1002657825461
101.88838675422558,145.7843450547324
15.127638611747102,127.41898968588237
137.33670869040455,9.371365314170149
16.21311412089426,27.50962057085166
152.34962772768773,186.65280309958652
56.44040131128675,131.13394568016875
9.962790038722304,131.36688327456116
66.27430995232308,101.23039999793288
72.31385346233473,183.1402584012886
187.20840345262334,147.33202905160383
176.2527373117212,27.227791233015314
157.4561566265242,172.34355201761167
32.12059057410043,14.187707321128098
53.94009345036601,45.656851106620586
30.911334482580145,36.60435402524038
177.98582987831688,95.06231848478573
153.86021402207575,54.024254990768675
181.0894296856314,124.988555493505
145.93119899746094,89.6743104328659
38.07914965330442,196.91719458797732
169.1453729791244,107.15776551893438
140.22808448208977,17.23144028061048
69.90006441549082,158.7112170000012
50.94295530272633,19.98733741200545
10.850477670270749,171.5190457496572
65.65296428221316,150.31746364960142
185.6646373749872,5.092579858054156
5.036332745055164,171.40614497138503
176.5450489991566,8.76543189074088
188.36859277677206,64.96422705264898
10.935538873163003,63.57894115855384
10.978724126122794,123.29269396231724
175.9903294807328,27.240791009949668
179.18487164354818,67.35090282410653
60.41262789510025,84.77687725318314
51.34822027731117,129.19161891214534
147.4126159031937,173.44161980848736
155.50655509098388,37.26564647349428
127.56126065236631,142.13498071746494
68.70026876060793,26.821975471809154
46.097141431022834,40.942787080368376
63.643632942484565,127.92012008168318
48.15910110852825,142.91425600350144
134.25534072565029,114.82723906281598
167.990480025773,114.21847948038052
65.91174741777273,193.1846313988041
114.87784575526862,149.91088210549387
74.22614152246493,128.52717414654958
159.09034991215051,76.70071852572346
62.586533760014895,186.19226443427888
49.0397682192129,192.25275798243817
137.18580137398897,24.10048817016888
162.07715287295693,35.26024759449878
64.33862933881026,85.0741748757984
152.65684484007556,163.90735369130368
157.0472834129692,170.38179027439023
67.82264749053421,25.369662781351668
160.7152606230515,40.91194083663907
137.19139407671057,146.30165043685835
151.780652460334,132.29898870734561
7.291642406352261,142.99549495392802
154.9677849587805,112.46713282225919
175.67870582578314,89.43325649664085
68.17556743305433,7.228809830584678
150.68769899692185,69.50401171385592
26.032514401186187,52.91567867484512
158.8437347330023,151.86620225594027
30.725290996653303,196.7142675134173
51.17054310134697,24.860068886960523
9.058301338619412,175.71794362632002
168.84268020173496,181.97990319741257
133.14862391553544,114.71312215953812
166.88134112183926,101.10678947532296
64.76000467952784,97.80503844172027
55.66726942839347,169.22209433379544
17.391180871625778,166.63535750917305
65.14262131297392,46.53868808501887
24.41321130541345,190.33543984765345
53.430564325647616,106.62178093363855
8.848882526644998,66.58572864304276
66.88401088336872,156.73550120093785
51.25330233483323,141.59311917149662
186.36891853508516,137.1186170578756
162.15883848393582,165.5270313392211
185.73713350249875,152.0000660664051
143.2501699083477,163.62086616070093
181.58444495634916,114.77487101843319
182.84271652088987,148.1764243218617
48.06331200719818,142.34533443975386
51.225284336200595,170.19781846788237
168.87296641727485,13.262854816321013
36.20086786200705,43.92253024423717
146.552345696188,188.5766788718351
130.53084362487238,150.3949690232833
75.90360153777826,25.77097415446641
39.765988471314564,77.52986001174108
192.00251776919762,112.28094545357489
8.238466620062297,167.65505005896486
157.83613584554158,129.6101863367305
128.5935762280263,140.05580792895546
148.96262114405442,43.21798000644807
5.794477870391195,152.22142252798892
156.91456823423727,7.210407752037433
165.00274154295442,22.788096627205704
71.37739973241713,169.70096483428102
27.50047192843314,111.4391339579794
64.57793506673333,54.543988161484585
61.470988825941085,112.90414857391295
167.5662412450692,57.64840126349432
187.12638411262157,175.9356298887739
54.822146171601865,79.70499206970578
136.6892519606231,19.903877938457047
43.7075904190865,155.47484953813955
25.8813966236118,10.308815674441218
190.15886228769716,41.981214996347376
51.275832412466286,128.9791046295938
65.9258719290909,127.90373764227196
192.96715886574938,136.8265842013191
11.55699081504372,114.18674815902439
43.84290728052154,108.26262978936754
192.79301606072673,178.70339946647726
146.46193905611742,93.30034622049858
129.00391245662425,35.353916531813965
36.55552507570459,195.72938593655127
12.807660596256575,156.74867143684773
134.53830922500194,5.067317588636937
147.37425324671014,59.33871985348629
181.27702138779836,81.74865970256297
157.79037467931283,90.15020068531126
196.5094140721186,80.00752370135623
92.3340527429728,149.81307363610938
166.90146434151688,32.14256779281364
131.3905918125134,97.97509330123474
42.38133234067366,83.37563848633718
69.85946648995096,114.65140853956345
17.76346777069895,93.14494728604458
126.25598646422465,9.547468158464426
52.709746604891635,106.64776395333791
59.087912807653346,46.228881930236504
12.297380821614215,21.84324825724273
36.62888329502555,176.29883600363067
189.3839245068194,59.86507745450787
61.10470383394251,169.51216862185234
36.35728405912936,36.0927695196025
30.49505527610984,14.878608848997102
126.04041078068192,95.04594350086573
153.942418422462,22.132352905480012
42.78019926692441,148.59600921604306
66.29609501134588,77.05571788226106
35.560409601105114,103.77601587190227
10.78457380532837,159.5499600263301
190.63297395164415,95.0168461820456
138.82651224145107,14.71776751620498
165.25914898896067,71.44774829476626
28.824495008810107,19.331207370450407
130.39886249557,61.22709274992796
37.99791279756043,32.11481333690508
27.273861735900123,94.73768904306948
70.38116267098046,24.83793788043008
142.87206211380877,135.18211134349355
40.67193883688053,74.49639520222658
35.68830020600878,57.6405149926985
168.74572954670126,97.19422587295178
55.86607831447594,63.42827878616752
153.47676548345387,135.66963404649644
185.91990189335573,6.428746433694726
69.10200607428192,135.407946167906
13.881015304689868,70.26128326892564
71.31612051347297,84.02385385943782
177.1133458742636,143.8218166905567
147.3645539443059,145.6768937148707
129.58767600138285,186.17178136119048
10.350462715617361,120.40251481000737
162.02973976881066,53.54142642840884
44.380397967287315,130.31278216043154
154.29590090880137,134.54085193985756
73.26288122243241,148.03385469823093
127.91758278564473,76.26990395469436
11.699128251690109,164.9010707098475
5.892938821758607,70.50223064645935
196.95264177445952,67.17666751846711
135.36127155336828,79.78182184020972
131.49002392439175,71.63074698274234
153.63338103888447,105.61226440035256
194.83045888131807,11.891869537259861
46.054217406218896,41.864824715887806
143.84981969492395,147.78991756127684
66.77558401411233,164.40623398741963
140.06541746090002,141.67241823566766
155.0633554052491,90.00012555637583
178.07871840999533,133.93149671919733
55.37340984395217,193.0197852193503
67.80994895251656,104.88217764222286
58.636576451691965,60.37763326189269
13.820684761758258,84.72042380877748
135.64309978218373,163.05841254249594
188.96739395061996,173.29032588124332
48.725179378663846,14.14306339977546
11.334020153694873,117.55339971723895
79.7881358588656,152.86740470411047
19.1449223949814,63.38852324876006
181.93080572889457,160.32305347807332
127.5622057414014,78.52400615640695
189.90602688723553,7.568606366450351
180.74644929682253,153.3920768141498
171.74318852367247,127.75988807001062
150.28732338267895,75.5678815774997
182.32945886535393,121.92675850732115
14.087991235919958,15.58553472671087
39.3423361765333,38.872821289872704
6.758764319161202,135.0565078588803
12.120150200927343,77.35067770252489
38.04810857319947,69.3386162047749
183.43362247899873,75.31357725703872
11.015170829067221,63.298937293580046
146.17829913575895,175.4401240645891
40.52014217155528,65.17434320776333
13.94747079111664,99.744087702818
185.19722253911067,60.769910878889114
177.73793708698688,95.03852530383267
126.9303093445919,56.46968270883029
15.33482201333144,126.77323026120955
179.6196094387422,95.17901131909544
42.88113985607482,85.47140948272076
7.953281179936793,176.57754490049788
9.373163928590158,13.372938340529231
187.15469815911467,181.72061846843283
148.55843804129836,117.41073664512594
44.2926703026168,173.45685254428727
141.7365671332084,140.27004567085757
23.62587044764873,112.77291549151988
45.555069297406476,106.6055983294986
10.443834786235987,163.12135223082305
69.17575994648905,5.336428059437079
53.43440535592983,11.715815830155833
189.60878393939342,118.79111386848724
39.30927500532941,192.50467957689676
51.4651060106631,168.96164242611303
43.33512411830052,113.51848800017744
175.63758941692785,129.76238007226993
126.85104227759071,29.221183425701938
16.768044709201433,135.8718586314768
34.6285870677629,128.8492160876343
177.954319126793,22.292564807679685
27.303184634160893,169.67800660106462
8.23862656157381,38.273827682694055
32.41703499244632,175.6715897998718
47.79295359983089,70.534817500165
169.9916784658011,98.05789789139337
5.002424125712723,94.16195908090339
143.60908955788756,127.23686725344122
181.92481636892705,93.57382696098708
58.225039477149,193.8323817357237
144.94880477155365,64.45469200967212
127.94963231123708,38.691532487237815
7.381148832404979,164.49256840902936
75.72179295020644,154.0820158486164
160.9970954000386,115.37499928967549
146.53013534475434,59.22195982464108
14.559022274493246,23.431021915428378
33.47480100365208,79.68325819393823
15.49046170909339,83.12423614278174
193.05742573372382,92.35228205904018
37.71863760150805,66.6538072105436
65.55834045100418,49.960140859887154
64.7328998830566,51.93585204866385
20.583378184283934,31.9505283321186
41.103628241506435,77.74620144178404
55.795488245420096,185.95541445134714
29.34130742879893,60.672025058862765
24.299286638020252,96.6824432336635
16.45899546591214,190.16577330905687
54.47525511718739,161.4916222274647
11.436482393170543,61.780382536132116
172.151009750822,127.92295557099645
53.84632701605974,48.8153194816713
52.59376740272201,196.24997492774892
177.69649386457127,58.21985532063439
38.988054148750976,32.1570592757051
151.9134029241751,78.69785797009855
166.68900550665478,130.68978430694966
34.874918196630645,111.71901466702909
162.68924177721516,117.74021400289858
6.4988998058561185,106.91007089622757
171.1583540326244,184.82238906264553
136.83655219500173,77.71249826690908
194.09095425851044,169.06151284222736
131.89732538372698,166.92328303447215
8.359061744073927,39.14758731764565
167.78001688803596,114.44381518429206
143.74321952920687,64.35580179719719
43.2994421715569,98.01960154396903
40.850499522878465,158.87931562756145
36.53901855843956,12.86350714306656
146.11768684621833,44.38797375798312
24.699051959575794,111.69474955032446
35.836947542322726,59.636192794980964
170.51535498247904,65.98904103134896
168.35971973250358,151.3733943126553
175.0832184854792,167.97376131140936
144.8536991641366,56.11551877146372
159.73899712779757,73.33537366283821
59.82008813398936,170.35247240298722
40.47315994075825,8.705558834231857
148.86989893986834,118.52927532768436
15.011429173516396,26.92708375066224
162.53244523774327,105.41648017946396
138.35116065328,45.137166883034446
193.76142196734259,134.57388181466
168.70242111046645,92.91214902346438
186.33538261367366,151.98015629179042
41.2340732606975,35.87003852204374
185.08468650607261,27.465364373126786
129.31975596217944,121.87190483708048
14.050367226524722,155.94451785452944
178.60277661589922,47.657477860908735
22.971494173900236,152.30421711114363
68.68160403328505,180.70008241356066
35.528369732607295,32.17207569514797
56.0466417309699,17.02266832337546
130.6932380354616,82.78401431536965
66.91138332237256,35.51188739484003
62.623542751160635,29.859796217511143
39.56188810535648,41.719786224081005
22.314753548849634,24.208163709270018
72.19300861020648,118.39035994852158
44.01390291420803,50.055853179419174
182.12990558800018,196.6531878122469
34.928161313691476,103.4728091752783
60.45569664042213,181.39899448327296
179.967986334352,57.66473877683011
69.80282765293111,133.99437061395415
194.4272467990338,145.33662920775458
35.96484329960908,84.24204898052284
70.13038679326944,28.784607899855096
164.97242886648039,143.48741777173186
62.56345184181236,32.54486438237073
25.188372960173027,11.994188775928555
58.810397379831485,96.79488852087958
134.6472112114663,147.1427208551938
178.8346568988952,8.549765733423161
131.9491495159116,83.6816172060966
139.3221128996871,8.35493094249189
167.98996721847496,98.41711224294345
153.46422229184662,141.14078215934472
5.647839909278967,83.3514337711104
194.28700829035546,79.43358296228011
27.313024254333968,131.68606637887666
169.20783648197605,115.09774296659516
9.228601580279445,189.558323024098
67.71185568685104,135.99480821375272
72.29011177732626,146.5139208392119
185.14426253793877,77.71438929053926
193.8637778680326,181.74420736107228
35.72822481579903,96.5266130984951
157.20875320001755,50.38211301917571
45.9346646706656,162.77064070037233
12.646865827854684,29.019082690028114
21.501456124513485,18.519315908166554
139.21437196620596,144.89758751036203
160.58912173207898,24.69603718423289
63.004485774079555,12.08067230379823
64.49462613433946,47.729645482099635
193.30707779184095,106.66988777486365
196.64025201310088,39.787652887520174
67.87550085440562,89.9100910062842
178.41670028458256,70.04266780466318
66.71052721526745,117.45215060787848
31.94060649708788,18.56923302890946
12.50598395900295,35.21682707394392
146.34116252890757,81.49974539186135
188.4349320917851,89.53940455851259
11.536146223982762,144.05258368705705
166.6841790900248,16.489357883287095
36.163367414100534,112.4948479841795
193.7688903165347,48.04383200912285
35.956309046659,136.02064111122925
67.33442044782272,25.36218134967777
55.445209454593055,27.624270314250765
42.03928992580637,118.4871790235058
172.47146234376757,62.24506053931701
173.031233478214,93.71555035356037
143.7613484343553,141.09538730068778
128.08400150750026,159.35789232537132
188.557377814202,84.00795423981705
188.97158977136758,109.70661942697797
24.699716707710262,40.9624226335769
75.83039343027774,125.98717302885115
20.50529588290542,186.82892635802438
150.14996567633847,89.36157501163228
25.204723657468012,179.99215766667783
175.45301218996997,6.700294986625902
74.6226122625102,123.11180628626228
131.31157112847046,36.10767109805265
127.96028765261579,109.90688280668562
187.26389091035955,109.51316803134739
51.42266163017504,118.48023426455686
171.80325053987602,183.29637318577653
50.17149043605348,111.85432202785641
153.4750135937031,168.05806120229283
68.5220285229777,129.95228983623846
64.5711049552422,164.17587495005938
40.44496064428694,8.714002233287564
114.13889329788665,149.9280427907176
126.38337667755022,37.94739443628177
192.9495582847427,144.45839388970964
24.684148797539976,19.787160735726058
51.391828101973815,177.8541769626943
158.75415254023335,114.07139201229307
45.172645322523195,120.7938587322652
141.08515612038178,184.29483321213934
176.81437453728904,18.688262410983576
166.67052740546026,28.90102022144849
143.3290577197964,12.856237896768157
41.80123438462547,124.27079324769166
142.4980481381844,180.1975775633656
58.38252270745207,151.5053551542471
10.0,25.0
180.0,180.0