29.736435308768833,122.35881617394736
110.79218874168303,144.92186905247874
53.90631209309967,17.741766913677274
117.57727112778399,143.7958818644415
170.36904567903406,79.75497444933853
60.231480843289006,92.46984104119376
16.803948095071142,152.1890841586404
194.6754546636318,21.200008717006256
106.38780905429806,57.31953681896775
47.76162440823123,50.497886974787455
125.34466295596259,193.50154603158236
38.51602205281578,84.44144614270974
25.78332358514782,182.74203487691258
111.95739649277239,184.0264588739715
26.114545936799487,171.4301522139791
50.83001525290251,78.62385107789466
11.51910873840121,177.32796315970563
149.9445894724458,156.0661001898613
40.863308448833656,15.767220537340803
81.2089402668622,16.366594170582058
22.767881276695373,182.26150472994235
184.29541920400433,103.60147120971081
32.44468487283532,54.76982558138982
149.6922106481435,157.21531949598383
54.47368130302145,134.83415446861068
101.05056513724368,95.70691162644543
75.00480630500412,139.9145977022086
125.29568467094471,58.176887901158786
195.9735246665565,172.99683045321754
96.55919990046806,153.38629379755204
58.62458321207025,46.25539496272378
19.594151804109277,41.78265969323477
169.6479590837577,38.152989656237565
47.90858636129867,147.95413994880417
150.80860648944108,65.69252114976248
164.19474073212342,33.70332411523902
190.89012869853255,183.1532462888637
32.23972728465072,7.593286580168644
89.29452189093108,87.06441393609254
33.73163442935882,51.314107664905976
81.48249859850678,75.14032947846279
176.57796911751294,114.38068277390077
30.836158628721613,173.0877070775465
88.73151135648206,15.810670730445352
57.1848585656922,18.387983703668674
87.07013977404429,155.99868506421208
190.67121667773364,12.648320759737643
159.95343462542195,133.67600898293227
179.5063809809934,113.30779677897182
21.55152085759944,112.15276834788231
188.72878603398308,62.326974482200654
78.68963085070094,81.54610278112766
56.03086141699609,141.980262663081
126.00361235465385,73.11315223837639
14.413857316889665,129.7539807086436
164.95876537189497,188.7269337465189
77.50195913418857,143.380108478992
11.624736503807279,196.21760551611894
39.03580932920875,56.966351702356334
113.06943572489266,55.54339062797874
26.105799628030535,28.012093350054517
19.883627245564966,123.494354866219
152.69919099388176,188.06871310046867
38.61247402417209,188.90624801879582
148.76147835050705,187.5662836359055
6.889859317681614,192.47847937653495
24.9895863518486,185.62165920294214
166.36492710769386,66.79842654789661
21.482699438957255,173.20964911868884
177.23932701055037,46.70101164969612
111.21775212340962,94.8634487998397
98.98428531320646,127.88123571736983
154.69878533941724,102.55785191197204
122.20538990279665,109.02509250984863
196.3467677006706,12.684185967514935
78.19437418272966,134.7383752837165
189.9624886819783,79.08886701474431
155.50613700374387,22.40456021252178
83.6228230241631,152.97726120936895
155.21958612844404,195.62038981647694
90.09056699917697,5.075346666917924
9.137260143772254,95.18356573891462
96.77222056063458,166.88259196419804
52.626921149917194,9.380936600587557
194.95390573446483,21.22211934935845
6.436351288563652,108.3562634112557
111.2778324178113,146.17971747620368
38.32792056269044,137.1355280127802
93.556546974285,167.18338861555358
112.6827834637532,84.28903127765534
84.01272403683441,56.31057531626454
102.08929849690789,164.78175907644356
111.81352623633677,66.92226921406098
145.09990657445374,181.11613745451155
27.0039395292007,102.36896629583092
165.42759110342527,150.2756738987716
27.30201832568081,165.9482217239476
15.036236558555858,41.647838153744786
162.02439388454275,140.63018182387836
59.47220552748088,107.73971382917401
19.445955264558915,161.9252427630828
11.591902544216012,163.70936621739892
42.11288332650147,5.2794504857251665
75.68887934060957,34.959328095737845
51.240712974496475,150.46408581464448
185.3922587156972,105.79460930546844
126.74404501639401,108.6316583287315
195.3691796425816,132.60566155445497
84.833798042517,7.424481550655116
102.51742877927228,78.47581493820225
182.5969091706835,23.77325025241732
52.88025946377358,192.2682160670651
185.71517893006575,6.360938109812473
191.78552462514622,164.86799882525702
112.8690982543434,18.3235168182867
16.58560635864967,155.3237496632499
99.53732190348595,78.76784462490616
157.8039415715563,85.6485763064456
51.03313287000142,136.06996875493283
10.285221427354706,125.12236091966993
60.52168646490939,14.934250849142398
151.4759446848582,146.24524542256407
29.5494875280713,59.799059657312704
34.27624508633251,152.02920506743246
118.69944618481303,58.24479488136526
109.72267875318641,193.554796020643
13.589569903612526,147.5400921567751
167.71511876959033,56.689706770843664
100.79186727327115,126.85039019809363
170.89512982312294,27.780628125988873
142.79119164653832,9.392195904712349
36.395418929990946,8.14003571446035
171.27613440517425,73.06440689396378
60.55982807121253,14.853465465375415
93.63701933419115,155.35299048772328
17.187771230934583,40.946640585579296
190.0443477320023,19.610471935947896
57.29418816249436,41.032248055352966
45.998349373265135,110.02007373010731
157.41384214159228,16.98951109822994
195.48770098475526,54.441981396536725
34.835414211699195,94.05071897225649
15.209428305739108,135.24072485275613
84.07359312544038,186.96555125892507
170.35557719180036,174.23148090608728
180.69023509203635,152.7825056441928
117.39629652204054,194.43971886801597
70.02375332977674,58.11843936025201
32.769691615626144,126.46940509096486
47.061566374743336,152.71751059540924
118.16419940706815,171.0649716480009
148.11874198665825,81.44429253853654
194.38650918194665,16.929356255884205
120.38324617976306,147.06861124891512
168.35915494357593,108.13382297753469
84.74015531348248,35.55608754977183
187.05043643991618,54.64678926774041
47.44551940065539,173.56706381477636
110.99955480533906,192.75590585246113
19.490494489620065,130.06690636594865
31.773156620335357,129.6937297069592
92.23399494300998,30.04684522621769
96.6019366632925,142.72364925868135
192.39742582220902,20.87401398576707
47.531005814385495,186.83568215803334
163.51547998575307,54.11483038761216
179.74894451149333,102.58026344276534
17.56023289144246,104.28047107036079
100.59852747689887,13.182538373915014
93.01822585552664,189.22215509152193
111.29972640675578,74.81126135825203
38.78319893898383,48.16244263705
143.8532544377312,101.86888420930264
187.2075145315293,27.106611076235254
92.99563608638769,144.88749281336422
9.842487702484421,182.289006167536
7.022442050371627,99.22292013586562
9.046184730566825,56.27868756589785
162.37239134641942,178.30484238859685
11.210090258387082,145.90497359217372
112.18955508906537,54.42710808043968
189.88740601392502,118.74427578960699
145.29364361293932,139.0877262056933
48.980294299312945,47.17753257947427
169.38709087789348,108.85670672290249
90.64542756526697,7.712425439705857
75.36306334803129,141.9425821305097
165.398958517643,41.694887828096604
165.06509576023038,179.25864637957184
21.173262585335692,112.61740307288171
40.97384364929682,178.23141597865586
36.51851547786737,163.39372591239615
56.05671060958584,97.83424509586295
54.98839432101566,139.11197668945996
155.0710311727662,132.7220015075491
77.86568493046882,100.17425612786992
44.419580472177536,32.51327777021159
164.153644532978,24.04674905683556
142.03270584838586,185.1704998363574
31.876294069864485,47.005194563174335
194.70402766396623,113.07689738288427
103.454070592704,53.02266540519642
191.24719609804737,46.11549203761563
194.9962998004204,116.1671436099375
106.11831512838206,15.443582556559981
102.6980360035108,68.21440593141504
31.888641857430546,36.86033576775707
54.46796722564793,6.523778710749443
120.47706172349372,191.17886127504858
30.502893046415487,130.76315816863638
123.87787091988007,107.55235338533112
85.206282517059,176.52194288149042
38.48374103990648,95.13663606345071
53.46278074137433,78.64462010155908
82.18780603302652,132.38300478133237
155.25733686860934,25.682326178619434
173.3178075314894,195.01917814580762
83.49712335648319,131.67343239938208
11.598667696040083,158.4122962063672
185.6067940395074,74.98228660016814
110.46029777416014,53.082732591863355
141.68358410820142,53.77946377875227
12.894790922039771,39.82218215152711
121.14959584177669,145.18017526008384
10.489837999204877,158.50562205080064
51.15880679033008,84.5157644319534
150.98963131838525,51.36987924241051
32.53256846420348,158.95217784680466
161.49012835609054,29.03034349250882
112.52057191781121,24.801759515673538
57.43720255403237,133.55725476016536
155.5057911456694,28.297337922692055
35.20674090200426,30.790366742993363
119.99273420121864,168.0977980425393
154.74511507859583,75.0129013955362
176.30815911316182,113.03727845958997
11.604212569237257,60.65738734432476
114.05040941111034,77.83220412087316
185.23181690578218,170.1142930312014
82.38055719191533,167.20927526684275
18.78580226402449,6.104308080280688
190.1635408407891,122.5213373580281
146.59482915123345,191.88262858567444
168.50032821862604,31.735374940588457
81.45105309558124,21.67020977285784
155.57895642354694,67.31312954159195
25.055642578496247,8.796174551248779
27.468913382075467,27.581918673670916
10.293446271532588,96.30351277085543
144.14489839280955,170.94956075968233
161.24572149946113,148.5509657302683
97.00082042644335,183.11267113695692
173.66067435342939,31.960656726173376
174.06128289751476,86.62822696303422
41.62165600973326,106.97887994251779
81.26690578881559,155.06002467977308
96.58207885478033,9.54636643836908
115.16696190215247,170.21389088722637
125.11879173987076,126.08972426051544
84.24861444302518,102.54060840249396
86.39312390782383,61.86149610320489
88.03578541210074,149.00192902784332
141.82493612369046,51.405894576033596
162.78670007180477,54.85325861131264
21.673390659053094,142.84263533181522
153.8058265185593,162.25524971321133
87.26642055852282,192.44604099859274
179.14261142876816,193.2758426319342
156.4898052336672,52.56626292704285
146.11286185704063,179.16857489051756
165.72106030630724,112.97639013299077
194.69778299935805,135.19409290421487
50.7202303570484,82.2078521719048
149.55895821463483,45.798799256768476
142.5569918361685,156.7963270174163
169.5921053432011,31.652272213121233
120.05214225668941,188.71189158965225
28.605877433441673,40.43340994388753
103.31645645511823,55.261988507107574
22.982455791165815,81.32414247630767
180.5070549077691,13.499070583463915
113.91046825140512,106.18195942823742
102.58650956656793,57.5406859661121
36.22939732642778,30.143404234955792
47.883407645647935,45.76116596062292
39.49031139067467,183.51779596966705
26.165192965951377,33.524398975846594
182.48893599221134,47.283839263293636
104.30543596897014,85.43442579907051
162.0460300153896,36.16123834649495
84.95692720717102,8.18926060306367
99.41640544021851,22.976283167793188
109.02605276894104,138.10818915629523
168.17403567016277,182.04090311358595
83.26696909353639,135.70926384881858
76.23001617727152,29.65033351641918
8.672866279445193,133.9817823694536
77.38600856814602,91.33465946475712
123.99801096308414,189.1779165684611
33.09731144284209,77.52927684962263
36.37331029689193,37.633382983287305
83.21688965496982,87.56407816309444
114.53352879111593,181.6906151261314
161.78574013675865,183.11287100710473
108.32707217649083,141.34862340161732
42.07083881376193,86.06677234492837
148.21050133974416,47.37475294741441
123.09932043583234,193.98444545277647
150.19092952754966,54.162435147300265
125.1729379274747,192.6466026546768
93.87764200005293,79.23396683496478
80.68369907894893,19.73820002019607
79.33173713945892,15.883262786648535
90.34422380672716,23.036276250426567
52.41205865716712,80.10300916854989
12.39460788562237,94.64106843524289
192.3066655261697,155.554300642391
25.038166918806485,12.03215345507338
160.64595612888684,174.1047307868281
34.06548093225477,142.93724739119244
107.00141507882115,182.40750935492684
89.1201429190505,30.127895104189523
13.087865051290578,36.62235416041529
46.51995524434692,119.12391861992958
125.39911897662525,83.56026331848203
160.50943917638642,82.08769581883512
174.87823596346928,21.50340427365198
184.66153390894436,172.336441433826
94.78006300482718,176.72081380908904
18.378379879335288,102.70114193700641
47.05786324395583,152.46444644587143
19.027677446918563,113.39894200123214
102.57602241114292,125.23069471106534
190.42089150118179,85.83902064521732
24.654358082734298,148.1749302259273
155.5809324067526,64.62510641551077
25.591760029012946,84.78338947986032
149.4888852653874,119.97615652448034
124.43350099612559,90.52934072870856
33.70804515112192,96.49373377654986
190.11831117703562,157.44296441165935
106.47588845304496,156.07555382070245
193.93345830643366,195.4906934556749
163.23267285455663,155.93940743122016
37.3038353374203,23.871872022054024
13.95363036689442,176.32452322033456
160.74053747528558,6.468804509929961
92.43200704470146,67.9776079939074
46.18873576067889,142.20456744198702
167.42335084994744,14.085644752651332
193.23636093593706,130.41800575293922
109.67400328617332,151.87655719742258
171.11585923321587,133.8779599359037
18.625347719981978,101.7617596075271
57.33295773605807,50.67226339834682
149.57295269459675,109.10668282647372
132.02486027628214,108.00725096681519
90.9850148644254,97.90082300373487
161.80179602859755,108.40775767126206
92.04772344822105,71.68098029331442
30.45170334934961,183.74964414410118
60.91728119676856,11.838943971914546
89.71098252460536,130.5131490380744
148.99237136212972,194.511085312071
171.99668456818765,167.41689967757196
7.957005268523405,147.2485138720151
49.9630979925771,45.52538146759782
27.21251762374911,163.63347038165287
30.726588310456766,81.5890520485322
94.49989032114455,80.98959413623508
22.51962677430332,80.67343223886431
56.06367805206709,101.29062643964834
121.28480876000722,60.5317489884159
131.28652823357123,101.3468085430973
11.370671646359874,144.35696444864578
177.47798616139607,130.75542770128223
17.39237305347995,17.387409162240292
51.436447957434865,30.0138997446278
56.83826952332026,84.00698965069365
149.80688927517053,41.4261873906783
14.835258521834664,7.4242034944390465
168.0159966387808,45.395041775121534
186.61289422109368,159.18885413888174
93.88658889657371,86.54377176021481
36.38726103817079,107.88384676462157
54.55797053923649,8.370537330530135
86.79514127340506,165.36751211619662
44.53247191740162,84.1578278055
41.21713848729324,107.35024343437661
101.13905432909728,53.92295793294695
27.207634263097294,160.28333732986562
125.13636736546198,99.64730740510046
141.979762334237,8.618657819690572
16.025224233855013,48.86753284212441
44.28833521375113,123.82432448228234
120.44084548133958,166.61911794425328
156.1471609962583,78.26425393477928
161.45534148666422,22.630576235289613
145.1946304353442,101.3741320306135
55.34879833848716,124.79613263255102
188.00029215845603,104.0174157476316
44.13835041629713,37.103253449452275
125.69368381903166,33.12901801674083
82.62346233984509,193.45610327135745
153.90331302516364,131.36686350214697
110.78144880158611,126.29177725237254
164.8379513971694,131.61837137047655
33.29247160314974,167.23664221081987
101.41330202840336,178.5055044850456
164.3410349528982,108.36764539009638
149.1560409091422,144.16881495448018
100.07157207348077,180.5033279570009
180.95998658586353,76.89079429611841
52.77606251636961,36.28287505345629
28.8694620997048,129.0413382199212
143.09261832378698,33.47558744053139
10.076988265330376,139.4638869210382
163.96163382736066,133.08428941058978
53.640278110298375,113.69746958674462
179.31134597827008,43.97619066240926
72.60675751819295,60.21737802849408
75.4626595600059,68.97305584428612
163.03450484668167,177.98037802387117
143.46417364735404,134.12604569765767
29.13362536526711,191.42990665335225
54.09167981678352,113.65942129805016
167.01287951915347,153.36582016050738
194.4361815948996,41.115330483261744
119.49049417645023,93.43052520143355
7.460239817228163,94.24711946122508
17.032370511265785,16.443743728866707
166.8239252012785,184.04473599569155
14.270368069093923,32.68864214016939
54.08695630845148,196.58735208824325
147.62423272631244,69.2797469309343
15.557672615418145,175.28077024534795
173.964063993806,167.80150507311393
155.65463254672798,172.1076482507153
105.61351342777003,186.21678731938968
46.77819325027152,163.34021342660378
171.18934265819988,80.28524491974692
195.1212897740033,28.203973705839974
159.45325895923847,130.9446876923614
100.94531022845825,181.55665232387787
112.79131670344857,61.062183964071785
155.5862887417648,119.46249035673702
103.44195696186036,142.6534596017167
43.21788802581745,56.807049169320784
25.084517725061005,114.41839557653701
94.17523336030277,88.32978409760109
87.98106631153203,195.46845420501427
109.06855725930856,181.97311922811602
60.9479346515175,83.34947376415072
10.746617248721371,58.809431712197686
60.912237170899466,52.51564929711678
11.34500277732084,121.19775637017257
183.39396566077139,146.65629116546802
116.98560104908053,20.582727790170743
108.44534566799156,28.285253339905115
167.9533518331879,190.363198000888
96.08923532921143,56.57327946727277
81.256262614858,89.3371164816869
80.39071470873893,159.7101083424235
83.96269920589522,174.90780003236853
11.199109085623029,118.09123429946102
21.016373590606054,79.91383011863782
121.22979665729987,162.21426432461485
90.62502395566457,191.69408086619592
174.41020372606798,131.66991066286027
16.287432062808918,19.739481601580373
56.373093128395396,118.02773569258409
57.84634379828897,160.2210299003863
133.07247754573058,108.70977515424512
159.98677016174872,117.91887114877962
145.2724898045119,157.77880912155126
59.78217425308232,37.16429552124205
76.11632160481288,135.63529817112587
81.32194555240012,128.77637799782795
97.75448029951447,179.90004168919248
115.74864519767394,19.347159632230994
20.591882347789156,128.51069190725738
19.682775387829054,78.5877144581172
188.48369421712053,164.42939247592687
38.868335680970944,139.76410751438726
189.5337983821182,22.575676907907855
164.6118255428588,50.96337154043236
21.829293067389436,170.54177865663718
176.26897996818516,84.22638272958037
122.5096658099147,54.85099683267635
26.855701373913753,101.35246880187431
115.47846030472279,67.97283928012503
76.04843626227692,102.5840254246837
182.90293746996568,169.3368302881985
60.943327737206744,118.65555381946774
25.957527064195325,195.84268779883595
48.430886218672775,13.53724029609419
21.701304711868648,39.06789713475584
51.260960022022346,150.4812330431183
15.744472787159797,45.22157642760603
82.90686934165679,26.788344290317855
52.54442223211405,122.41528527402697
153.71273400894114,57.2639691086093
93.08188864590956,8.527402460250865
9.206501884825778,34.78466083937125
145.24128230859216,168.52251313114837
122.69104783129146,29.063287155685778
190.41821989217541,19.360442118316122
18.17402784643017,5.986382457248312
162.25904488047388,145.38472348111895
172.32822589262386,134.372476919176
76.62910869690299,160.78007646848457
88.77056488676237,196.963221941409
165.35757612090512,191.28554727773553
19.978858112158065,23.62048462056088
155.9157650308567,191.57725871529712
24.308597206133776,11.869744027169274
94.29654869138949,153.16259452826333
88.7772734257125,6.13484287241826
46.266399518095234,163.6141502601715
103.96280162970221,134.03449977334006
12.909314711446077,193.4382494510845
93.02675321677069,28.19556658579521
23.455898657824466,61.32848957686674
57.82099924076282,101.5285380172044
162.7827394825012,48.5380360585651
81.10273157060374,163.4744101390522
14.678757042801635,26.54183407278933
145.7552638524848,181.5098202229251
122.80330099447724,57.39076524778521
11.01098067533337,51.46671994410178
151.48064684755315,184.17570482035788
192.65268581084067,6.87521363954482
185.87710948149567,160.33130537854134
27.443288523975607,182.81025590904517
100.60879775703401,30.099872488317416
22.06219042083727,9.494492397882278
183.04476104061374,159.67880548377508
23.7992686518927,107.03455120993395
118.30764398449938,52.775107943846024
153.0690404416982,180.07862723305308
58.69823020552972,88.5166537145486
98.71694019084437,170.4280508325695
114.29582125928982,10.660555903671954
32.11888949041856,22.15761399645416
113.2845402348963,140.59461710510936
86.27155268282404,159.553127333048
177.4862579497927,164.1815938547885
190.27557444373065,22.101595212672493
44.30334389775568,194.9370098478303
158.37483379639684,67.04904139834201
183.07856620652225,64.15053529467593
175.36310813255545,151.94874842523726
76.52409653844086,82.64777222088249
92.87646033783149,100.14447236202524
110.09815800014194,164.87993764678546
48.21584970667468,13.420260000597514
121.55597399783878,129.4620107050225
99.15852824722509,103.57151914785467
57.09290691117475,87.00216786018892
164.90692771145132,52.66471242269483
126.0771911215941,141.96769077141974
97.27346294855934,154.48941553911393
93.98948559221581,57.69996322178137
147.5802085078452,22.63542298802812
182.48826431938326,115.91054717744225
188.1840296072616,25.85207692210966
27.358569961566026,41.54327937807562
188.32615016944735,186.50417745859855
51.16740985968263,52.034627470142524
12.741828388947557,107.00591323038776
84.89036100166126,141.64907665412855
125.1516672094319,108.15324082542759
19.049172607756272,11.837300021433837
177.87894847541398,108.06034550032292
37.66628098536221,17.39517339021634
56.93340185401574,31.95084822033329
113.55760167575059,102.78331428815002
92.40920078380468,110.12843770543357
152.83486078153797,45.91222535635214
121.97748025046403,89.96112250956543
34.17940690505861,10.731585653318865
190.68141226188217,19.159250439872487
7.806611777767646,152.15963711839925
101.88074583316163,164.77747733112275
195.9356194246703,10.39117802871117
39.463520652832855,155.2541654760773
173.58332469201142,11.698848432120913
19.12566769273006,170.40503009503945
37.07912166175241,58.60490577354361
36.228954529010835,166.5520814940739
89.91241547708785,149.0001907885108
118.62895076820168,149.1233967196544
78.742749708164,64.31738176171477
76.14156786008456,160.03672614364154
12.643203893571984,94.23028843193993
178.55300343186747,22.99895285379649
152.54358170102384,19.997447522904242
160.2858711782277,63.28001264164749
103.39016566496159,72.41838532509539
178.64163297307817,111.69921587076944
102.30644998205612,77.6694312561869
151.89020121041835,195.60699594753518
38.47507652138567,7.872450378550998
126.28266356917233,181.68817986029052
46.88942741192593,143.18110463855336
6.571713049541456,166.60006230649404
56.76208797852895,134.29156091948175
181.03241099872983,169.78316150164073
187.92932357613,26.074396468978055
35.34758187219514,26.380428745647762
181.0997091542492,175.238128690574
53.0443443094602,145.13914630573115
114.29215883319883,75.37981716247377
150.40989533184307,51.14303971008642
154.77074494018842,168.3850345207916
95.68443004298186,153.40675908603833
121.52720206807926,108.87798664283363
161.25009566651352,26.305848058267532
7.866218335340513,26.370931060314373
91.731475873637,23.751349693304384
147.23181319713348,31.262025921940015
33.61129592444921,156.09542020276595
143.017131087829,183.3666842696009
171.49193639459193,111.18326187480943
126.10824300114191,5.116559114451697
100.16720632408344,187.68345725956777
17.329527396250135,32.19661048406189
150.92607807995128,58.80377489504385
170.3246730633456,63.409993642124746
108.69046282315527,105.84780913794025
142.00900438819272,62.62579817272381
95.54229444915424,86.3743275510615
101.11831726042304,145.00984355954577
180.60366981271537,161.29380731492978
182.72967197165474,51.90729858482694
12.286175976375562,183.81503111899323
76.9582418217356,131.00909530196745
29.0597800818834,104.51132439961285
85.26737291969324,178.11535141078323
77.14053009087318,183.97140953622917
108.42282891961953,18.38974256961754
94.95291107173988,8.519072271969609
28.247700540510536,89.86180340062029
26.14149266887105,118.70464726161221
58.73871568514445,10.092609536055217
44.58329850942835,91.66437097030968
146.63647326799338,119.22759980019025
107.18281612953407,140.2806826301337
177.36605029916993,142.37132842599038
75.46206634969965,152.87737448427802
11.357180987977172,139.90115802110373
53.5523302980701,36.398527639355926
164.09635227377717,84.15286055361072
174.8648995174824,80.92971254507368
90.05224925220213,8.585491313697457
114.19290521969539,109.12308314541914
45.633593463279595,13.123026092198046
8.376449340039786,5.247335971026862
22.28307799940609,38.76453833527919
86.84190361691948,126.28817039609082
55.7292135911227,107.66215417411705
30.38763665045512,51.91509075595815
31.86934016356289,114.99938689811567
11.664415961677502,29.781695182090413
27.595797626269285,150.20724614436506
51.070748841821754,31.270003442360778
41.735570060921454,162.1889097554128
31.54885058711906,87.90983561968872
109.06236386220901,153.83623104635748
85.16332203759887,36.788563893198024
150.3428121078691,10.184301464038723
99.9026004604259,136.32744371700755
60.34671244644213,58.833242768060394
173.92557426857388,131.1708986418372
158.21784261769918,179.76377497662386
14.17005088771204,52.69648735689448
123.24726582480778,103.49121319199433
168.18063953532518,193.52045736923455
146.15987741238766,74.2685894872572
50.53217650981267,57.72663605507863
100.65914309603922,33.87758586100893
29.164602483261092,177.58251107790372
180.756031358329,145.8915591470329
5.098784888141854,39.646026796879646
53.60652244495249,191.85404719762371
155.4639787101944,58.489992898400025
50.652188659579274,48.47134672528649
151.7592142562362,5.178117228181116
143.4686893133534,42.76674515856212
129.01172219344815,108.55683830999644
87.87705298219217,100.43461848283125
20.649618432599215,26.789494263982107
180.97513252491723,24.77540079563493
52.01446788504012,155.12945559569306
114.37809643869008,98.55904485558463
47.941946153548,95.46678395541181
92.42834601679812,36.75964819559535
58.10933092278708,22.757402335816383
183.946489182753,40.82715631401561
18.02299351582167,134.11750422610157
91.88301164066799,187.14169667411588
21.005685353715364,119.22338936923961
110.83034034583379,145.18012813665297
187.28237905795478,149.80527423743445
186.73730066114567,20.22946839457259
120.93800255404562,61.040370350329454
89.45915991648423,33.06250561828243
5.3312735656482015,56.056320881063996
104.51774114020036,132.68003223198514
159.16968132168074,67.95997087082921
162.12156333037893,152.5108258750793
196.7410567195889,70.75029078491
58.73607315204701,186.6560409440099
55.89076430735813,6.907274737399343
118.33521931184417,25.159996568257547
193.45696011156906,135.5448979754034
126.21723123838544,64.26189685586203
27.751868714984397,106.69840626407564
5.982761674593407,194.11567420871523
180.41576257923285,52.81935030799473
181.98781103889763,119.47063716238928
24.148724531992492,110.63915280463675
18.4629751185429,181.68923269379835
169.806558573168,33.188633948824084
6.516472595438646,29.280087912475583
195.45979181754805,166.55706409071576
47.949721862177036,11.899303507955874
175.04565580243863,72.50095134791529
167.30028662787203,121.06229072101291
148.70012172869417,84.89764113240044
109.3420043386922,67.26776335210049
57.02093254256387,14.715707176225918
92.12276692301216,75.53410079192147
132.31170996853126,108.89208853642967
14.563600686810524,122.07409238009002
175.61992442434993,155.90665262888677
149.5246103675427,68.4353468968006
127.63452061968765,103.93259956029726
53.503732952559076,53.84162892610462
180.27995116557852,172.97024580916403
29.83431623847224,195.32388947232215
60.12317508705099,156.57701472217977
155.16963738210424,44.83401218803985
90.95567711677751,194.68872031455123
18.605132706087815,154.27137920982264
43.44785013906231,59.009578020914184
182.89118209333097,152.34257546642206
19.34123529969335,148.4188548493152
37.064793519154804,195.02795113670976
34.06680060964406,53.496370632887896
16.074232403673108,49.870554747806885
129.5762394709764,107.41959730111056
154.07556672148334,53.47712243030064
18.325225394587967,141.33991998464015
169.94247526456738,143.89893947489193
187.40230920295278,18.624335370414062
189.17901313745602,146.13984792201086
76.5310002055418,107.3235316814177
158.36054069914573,56.99731570088789
166.94732642558438,145.7118134243558
41.333875873899494,18.406762349835528
190.40619980116549,25.189718315237506
44.30704569104963,175.4720533764896
124.40566674851217,32.97050041834064
163.30059876977575,195.79591527849138
34.673285925331896,137.01783649513308
118.33735795607939,80.9980440717594
35.56134153922241,131.36079574877078
121.13618458728273,32.71352510395209
119.84838668724471,54.76399470977249
37.636857760236246,116.33705213186835
187.35264501181572,67.18791895964749
85.71316767452532,167.40713399972256
178.22768104233907,36.261413964966174
165.31036396464555,11.198339322466024
81.02651370464359,13.072358862391827
178.85828356687134,162.7305416763344
20.02522452411856,174.16504738739593
52.389433662702395,40.78118684289467
10.408801047063449,10.973181431089591
52.88599972567758,96.99626481322844
119.6142949290451,125.25547909551906
16.017785618763412,180.0387505886427
181.6833561884365,175.63795398530118
21.60801075347221,166.34322447762668
178.47688290033116,11.294089299406917
30.061797721542174,193.7853355877398
19.069619103489483,170.1604251564563
39.6669674512888,174.8051030158361
31.358245112504417,166.61813445497992
119.96326594651215,181.55371995234532
115.48334704569912,56.96116589009484
148.24393325532344,159.61939210195416
190.23483500532544,162.12430868336932
183.32904260936652,11.817391830599743
153.92199238303024,169.60724794264692
185.08103825003403,54.74302662078464
54.034967080421204,57.47106786748082
173.79300462305,185.07063240650635
82.94743655724591,98.89239722150577
17.20876427115176,8.888377204212942
171.05335280985219,21.82485518396695
77.99877275674567,25.967243939596997
103.13424146443829,108.52731141058831
101.02194875308791,54.82816063001069
76.41008762716388,149.61655383765574
41.20614886728113,83.10272299900592
76.23858546533612,82.04038637310249
114.3323177820019,96.39729588212042
45.36277009898521,173.77538281347157
122.6137455882844,179.13240821547527
115.47053949583417,194.2586321278678
49.30976754648176,183.59721174692362
79.196794342207,172.62599194126176
174.15899732599445,115.09752547132655
21.00156578093117,164.21224823741682
117.18693149370884,68.26417014653411
17.54444523266118,151.02612122067958
171.05335543414824,22.859620943260055
117.70325952818715,173.20698512656648
30.63436504871847,112.39859156997694
121.16405117735417,183.2553462753196
92.14803581953136,37.546393304718244
155.3589006910601,83.96069128453426
192.98233961713834,193.99554356500107
44.66788499811002,154.05405423485246
152.96695976708992,52.098465586504844
12.66593827003879,182.97417295796316
29.350559708575407,17.870277593480026
25.108441427848483,125.2219861299658
187.6868150099142,77.35773471953321
94.71236446015641,27.545494015763797
9.72579816367772,91.13149252530059
54.39533668419127,156.97364087226853
185.47482046410914,78.98565323135843
118.03681334357964,131.88212025413955
149.7790267519574,44.27127223722255
119.68474341380995,66.09342497947472
180.30423751810073,136.08397406181993
43.43413678834745,44.90312313467156
187.24914116826835,112.67512601222495
187.69333749568173,137.47371895820146
180.0522604120615,40.48993645590719
181.15598547485124,176.19854544080115
31.877534559096283,159.68000431999928
90.39228844581892,177.5624867905934
142.22490462897136,127.06977057379306
7.852946551246369,185.67857473782965
10.361874766471512,132.8884754197845
54.00551794238085,148.04907710259448
102.91522600153473,162.16934272268384
19.12770695187139,48.50902383357438
104.01311899249501,194.60805956579418
43.6327023713001,58.0930105261574
45.61195883440509,86.74162288778551
77.15622990158803,81.67004844565616
196.7320667335999,77.42513671038841
12.12231037211181,7.508152327325889
38.59147841029719,27.426398513182903
27.375978093257014,87.10000858055706
157.98095929689157,131.32693896308692
154.5444349606569,45.59888748629655
76.72604628020547,181.3400404974831
144.48694461014182,12.079886188614914
168.7201887846313,112.12490521676874
28.045255512169007,168.46129779769512
147.499259178053,157.51155433806971
7.361758835429249,172.7599113857122
24.458409776502307,33.09404744687893
34.15848825093561,146.7590941265394
14.52167000535826,81.71589786556656
15.75374028622928,56.10814016283707
14.239758175051097,105.6831191247194
6.0536284795898805,163.00225926013442
45.565892400556905,129.6512159648364
100.00877406918022,177.9997010770794
54.663581136365806,191.20031349033135
90.74914186715424,182.48391455838708
104.43310770474308,196.71900201849974
113.07883716960754,28.00605906544232
18.237373853817186,95.06020325971356
65.43841843305584,57.084000346207695
86.13207706367429,106.27641937403448
103.73305199665626,32.824409181477684
144.227070513023,129.42576382721103
87.71949196075438,101.79856987132092
160.3332608848233,149.61534232071955
59.17880100817928,10.528906178747791
89.14923584476901,65.02232852279693
85.14002772242422,143.00708322824562
182.983360407488,131.46234088864202
38.91461456856931,162.03642863186323
161.03481403157434,40.82729854459512
78.9641133194844,157.00855724874305
123.30822188584833,136.841805403896
181.10976750026336,154.56262173311805
165.39588187814337,158.7900936359594
82.47038544504939,25.853977606013693
77.48206661319647,101.08083700640319
23.284865192783727,140.5531842106661
125.21631313957103,191.70333164791052
96.35652117195774,96.60799734591673
153.8442177700481,130.14681227310876
76.39620723961502,70.81813428524208
124.4668956584642,173.09396731437576
93.05051230116699,95.05341595506117
141.2577323575992,171.77416667077978
181.0788451504388,151.02527727226052
86.43063744559046,141.89974414844804
126.89547401269047,74.3333950491798
52.50916488403866,53.76528090596974
112.81364656637362,177.47384009351362
121.50123158302056,138.75443393356585
95.40428509238296,62.7740004831903
45.168139111388825,125.25078562480397
52.94076963793926,185.95709767899763
194.35039116647394,135.3439718035328
30.99463389963399,34.76094967109953
142.96720745411562,35.885390687316225
111.38176740948188,60.20389777130549
162.7260960534288,114.99474559435635
105.49990045362317,145.45917081621556
24.728791093692006,56.52115507330146
75.13402573971726,190.14605172177303
17.519541091262504,39.6147027293375
56.634016933031894,195.99127062395252
93.35065735913787,34.26871388628505
114.78221884682276,128.67292038491806
175.83816263126798,171.1959318994661
144.43071171684724,192.07836795407326
174.88020026805918,68.68455820785479
122.83774723509869,14.80491305706126
179.16254750878224,44.98083857990688
8.790521932493553,120.34043146459364
162.48474318419176,44.838955915415035
184.18628000716055,183.61120245826686
31.803472014449945,114.05848406323634
25.55898523364842,172.84239668554798
160.42043463499593,172.32809773384994
186.2935901443508,57.60342329703606
123.65142284643348,140.19716975302234
100.75623834695584,90.88391645643891
173.67880511950472,13.543337601220044
17.972798033564292,109.80194209671728
125.62791711255855,99.13102944817088
12.97585378934511,21.03800972451841
172.0673423035955,86.89177416837367
51.083840204349535,161.74000534849662
12.093319609145048,76.27699622971704
90.6478150709325,59.17453856254432
19.411965060458694,19.834468313274005
41.93660267197658,195.3861037569476
154.9206189541249,13.4583318521055
36.41910900574011,179.1919694970629
195.33291493870829,26.289495944733055
86.6197742962278,173.25895928964607
114.58984008636526,28.81629935496018
192.0684933831524,157.56178648081925
153.18804379639798,118.11319019953515
115.19613037868457,57.931488677249625
109.65951600739874,12.926634267804458
29.661691059355405,128.52277922653846
45.799655550415004,31.493162106774896
113.83148821599188,78.30714920632653
124.71857800101697,196.91355178873536
89.70109725414824,191.3027653264809
143.67821529597956,162.7372902899573
56.424063420306574,23.55518354709064
190.46455423109063,173.44218606648369
148.0337841255128,103.06130823001041
189.21527728971628,82.36621160451516
49.44221314970618,121.37486079592959
16.513649384382653,186.71231185406896
101.07960296928043,19.24409330944318
167.1850572237459,154.58654065179132
51.58941094742027,59.88764131024597
181.81386186569583,20.650608587050954
186.10030548783303,21.49815418758353
9.732176586700136,144.2240064500584
187.97386308050554,75.25145269032394
33.255913167404465,131.54862045009418
84.82898624811482,98.5716445178248
154.85478233817594,135.58256942432374
109.91237925871695,155.68830714605022
193.08200973669156,103.18616997685191
31.0710889021733,86.45331102619846
176.8281164395558,159.8018481076612
15.709738947080092,125.38739195273459
28.327195356693274,127.69270890885821
46.08890146393736,121.50898006004665
117.5761353323738,34.392142235184984
77.49497952555407,77.7747846271189
195.59530325838844,181.15494056868593
91.55929272809337,25.96373340657739
152.08108735612643,176.7796117569676
95.48226258474936,104.46036302166735
52.53556033048959,94.71802799715337
170.96182905823326,156.42476384788182
172.45058604553736,120.04222780353209
145.742003598279,81.10688509307268
6.014199309659272,53.320648893679575
83.745047115294,56.85539814094231
58.76756814932421,19.247959085512036
196.02833299970894,62.484836597191
126.43232102044746,81.86007288794717
95.74579556810815,58.22656247734684
13.364500089182727,145.39910780905186
90.60972456127048,16.470969831588985
190.5252490356382,162.84984256992013
102.79239374988425,106.9816204886258
10.95580538986436,54.17795275131794
155.6285533297927,73.83458179509475
50.94167802432094,58.01033319011216
18.19391974961187,107.55508091293966
185.95468183662163,62.81574905884722
96.20739550935778,83.69084113068689
8.622944900785914,30.628232464706315
41.15042365476409,99.5830778395351
176.05563740587203,140.80519655640327
177.78259224616664,37.42202958089459
84.87808395883721,148.36096937034677
123.15745446471557,144.17514899657132
156.26293425436887,127.79880987860581
42.82104887942379,79.93011942670644
99.35274098058744,185.76854447619726
178.63665523692814,118.10843319567532
56.852664529547496,82.55917738457637
39.685845016469536,18.15309436207698
174.42921709212223,52.21514601347897
31.011078177181158,85.45195497004323
120.23410046659126,136.60642441288658
5.386528702184684,114.62140283519132
173.6754439147242,64.78389507487302
11.085503355565235,155.11125710923807
149.60509164132125,128.99548906932984
59.52747167204205,88.26978599958163
102.40859399143744,144.95504537354785
81.26542612750879,106.23912312189177
154.35440442886417,146.62025799288278
49.69393685845669,156.46781806436678
73.65555046042974,59.14907022460359
116.36058879028293,90.95489491299868
113.75030058706227,58.469530810031166
34.893582541563106,133.71807183924184
98.41070737266847,69.68808893390018
30.702437127393004,86.39932671250008
94.27766258699107,192.86541672137648
167.7196835931994,36.7338756381666
161.66326016747067,47.10006851834092
120.7051250604348,132.37880237912898
160.1904531318144,33.98481081116272
120.75721999918495,30.265269114989113
77.95835291374571,85.81835078827345
163.25321899656635,172.85273827489152
60.84137338153173,175.79751962491312
184.47187213349406,65.78277167583313
96.29553918415918,175.95379131162778
36.47707255327271,122.18855917469332
172.13698268800727,36.8480060712555
157.37426938410508,115.90623114666079
45.030234248063806,127.98401808688789
83.83707294581647,33.97877644956039
171.80064014446927,56.106603918021115
149.7147811472914,105.6980785047349
106.30036978759478,136.39180273352812
149.72479124088002,126.41275888212228
119.66749051379148,53.538673215063284
11.985070632497987,37.55326218826284
77.60052787477971,72.16624285448701
10.628316117842765,110.75235199107384
121.16152850222451,177.04742724002247
115.0343489650975,161.58668253699375
176.35971162290093,111.85248870054826
173.61372138398232,65.85399392588283
24.822261717415405,110.35859196123486
193.43716407491752,170.99807269813897
42.73097496015046,57.812454252950545
190.40239355705532,67.01335411088893
37.70792287734362,77.1498703615312
118.89677661830542,84.89617114383597
142.03116543674784,52.859563227049016
97.65313029785183,85.99697558514681
158.96980079814674,86.38923984208962
40.21485817638957,150.37550679117106
192.102678984557,34.88947146963649
157.47603688973396,14.725071544839771
168.49024462206566,108.1929430547382
141.489208601645,20.99043350704397
184.59616554405318,182.784185703955
188.3059700941755,155.57163780699452
92.24978712622314,181.05805401652876
147.48580674886273,103.60727016012068
175.02707662774694,131.15023433848438
167.6028133530687,33.88587815058551
107.55550164009433,193.4048079174763
55.70467106999299,87.21115718766823
164.06499745925598,134.7777248502213
142.97692009757478,62.02847440244495
85.49279519527992,58.930972383518416
43.58288308375588,130.4848790213079
166.8908705028984,44.41696363442821
50.81624843986929,60.39691086862516
11.993797075101758,80.63525032993766
87.46347218921085,169.43981036097537
56.68399837772233,13.265843843567268
11.594413194239126,97.17496996123982
124.72344243114115,163.8442604573597
186.82676777761648,121.93337838477777
154.93562011469248,50.81601179675112
144.79718765479126,7.909670666712212
49.788111329911075,169.17847126618932
157.40253047445097,73.0868361781299
149.39900912294766,63.97949571277904
105.03114130284357,105.2857611025388
46.5464656920773,18.344045697681718
196.11106297974257,74.51735348876537
110.08968605211723,18.333843364729923
147.90450072211507,185.9499888248948
23.10338209599291,139.23653755037472
42.52548193221631,95.82513007314839
77.11690724283591,89.16159125889764
102.45742780334598,176.97431873339465
146.81467197597027,25.128187829804236
8.542953241580015,43.56924618899451
61.309315726440765,53.469916526941034
104.6401678612196,192.03988018997939
174.8349006635696,122.74844534533423
50.83555498429209,182.9140594011767
53.91861988322051,36.99478839497173
156.16252277683708,132.4573104653056
160.8775957084096,34.04160219225406
172.57564737440794,73.64641482645216
168.27970221074457,74.6361037466514
49.8174737014403,192.42744658138653
138.60916101236313,107.52984731000305
38.320854785008095,154.59462867045013
87.96426062603501,91.73351858172269
155.33349744589745,134.04761696649052
166.956686708837,160.65254315115178
187.71261700005144,163.43099460937998
179.18385769172554,184.09766387729528
57.260197670021604,36.112011622811494
53.26974197306397,179.51743514089395
106.82742905981735,168.14684955715268
15.283615782642126,89.99033386193175
150.80874643465492,49.566720223463776
45.73330472708254,108.99284773747527
28.12544008407929,92.45573920335399
23.30805348979025,23.4135228598791
75.97929579999297,98.456166798673
113.08973660306178,108.98467969840682
27.748121954073188,108.00325988707873
32.85400567187465,166.8591630658438
60.163076333750226,40.47986745305548
76.34515785835794,30.936838996560656
80.9323458132556,165.71550659403488
126.63904638077165,13.478990447804073
194.28738534310656,121.96833183710763
92.03210019992764,172.84681517019987
166.2652068018903,21.199060363510796
100.91118919279818,127.85405573940027
53.03946946399255,116.73532021064729
121.63908964063148,85.40152400984255
72.05528316401448,53.64875571675828
103.00873108203943,64.35189604949309
80.75757811868347,61.561265874619416
196.1403471707947,86.82446682826654
6.715230882214554,86.78494663090457
80.55791105506373,192.2301259367241
163.33391836393415,184.042166970466
72.5979862421454,60.59991806599169
88.48953191817482,90.3882050333351
28.523409933369738,169.6294428627073
102.85119709954633,24.644899392697564
53.45985587546199,193.73398904822812
178.70709663848078,190.82009340905788
151.68798779112637,17.032833763700918
144.5036488180046,37.363203584952686
163.6148084459673,140.14902572598902
189.110956373491,61.97911415190632
179.74863765977395,32.3336690165403
33.51364882671626,143.23430783620213
112.0446248476032,189.78413934852642
78.83354305483036,82.18929178723619
182.87669939498673,135.99419598617501
124.9482142648384,133.75659119758345
172.26017637330025,109.11522875447785
12.697945040022343,59.01503997194079
34.31974773804239,17.396793511077973
57.30789262974003,12.020158233389832
53.41078204069528,122.03334236109735
164.70707313948833,60.72611751312034
177.79940692641506,167.45288886982104
108.88265755918388,141.0794926304211
36.502334713670294,186.7163616477986
93.2179828397369,36.448771072703174
28.227493720627404,89.40403150748566
107.0517214920884,95.8609702576192
180.13743171251036,57.099802790774355
53.87447638457058,129.02709962982388
185.26023166623176,176.4577233114456
48.19355545472402,103.32297330645903
86.19688609033915,150.77599756039626
22.313024033785098,118.25821762812492
21.55414608830968,78.45446468181582
44.694597985972024,131.5039005227994
9.30867977527304,24.328473842460216
60.34095344037215,103.64792982030295
20.42911837520264,88.39917172119353
158.55016374075,22.370301814400893
120.30518998815734,78.23918378127173
162.0778265112071,68.69808194127668
106.19373774794725,182.03998608638076
7.327657315500003,101.59686668502542
115.29544842740833,16.40537208205849
108.40914987135149,157.59650496672296
109.63348807616794,182.00271378904444
149.29012515561706,165.2513031910413
97.53061427793071,71.53614391923982
112.92892381156462,6.777684911765881
153.47694580104135,120.53152555282401
179.02498893879752,163.42486641172795
36.69900055494797,132.13783867034056
43.7707641234122,87.26622050008375
148.8404022592324,190.30166600901683
143.24172061122758,13.342432657442709
77.15381408440982,136.05277477060002
24.123333309039253,42.71266476114318
194.7154545663685,15.596458551069304
168.87733847706878,155.53317367346926
90.47443520633219,146.08959883676064
83.27672010204142,192.051775347594
20.88955824333504,19.179624431584617
28.03722555289744,13.921020796388198
119.44964102680765,126.98414545359108
189.48857061426187,176.9815291576334
28.017803932148922,175.02388670596235
78.88636811640006,36.14868870204194
194.51991620530302,149.92715394006436
110.13405839602773,104.90295041310496
12.458171248707535,159.17968150193371
178.26277878519434,64.73160786766813
37.3248421901297,169.15059818080562
112.80124875604699,79.2425398025514
75.4198049316462,82.9327517307904
30.870086990110906,29.46158128998329
146.1771920222211,26.358462389815134
80.48916008502518,92.1109241021236
165.71047654944306,59.32302471730787
180.26136936702338,120.62397845214657
29.32673337268997,115.94560527423516
170.8714268254508,180.43470961477206
142.3920603395083,48.869225470615305
150.89374254338722,194.32895340155025
119.87065299469603,93.6024402922473
96.0859258392672,17.979275309512953
162.28593857861614,169.49562078664337
49.967548735350746,126.90409346905159
58.40085793623448,174.47745881225956
156.9388623053535,58.845791586276235
8.220003981670033,128.79435043960538
39.24731473964815,125.54168916222679
185.15930670159912,43.82515871505771
6.8024276210993095,175.41941750832837
59.04411858199341,23.497158249186747
28.926777993019385,153.3919453695947
148.44870462397165,120.43610206090324
28.321442191481403,76.96667216622902
153.38164178075698,124.68871063878017
151.16908879116588,78.4673597824484
46.87104347426958,112.11379470339317
188.0371742898295,23.791049558271688
172.26142665907133,146.6150285565281
115.94065146994096,55.232115061833674
145.59895875456098,34.42023671187133
170.98994012518656,38.92438771321706
90.40951630650211,137.48315869333513
156.6690438471732,171.41107964893217
125.58384139643216,194.0775774842088
36.094950256645156,129.28625940000938
179.1706878769792,74.86809356779942
162.49620329017117,45.92942004281035
162.7552316721571,161.32501338296032
84.74606047373557,82.28639217776936
168.7253404530781,179.44853575336742
159.52880331379959,54.6503696764896
53.8020137310083,189.7123814830829
85.96214886669853,145.1011986435198
195.1025383239357,37.07017068282521
109.08467986802545,128.9790517602573
104.68079111832087,6.5677797796959805
109.68875764898972,16.86292385912099
79.89029634652353,178.41669094229547
124.33417952447644,193.72403758088626
89.5842942766695,71.10386802589086
124.55523552294908,152.9255287299363
19.546707779895645,60.55110411473657
173.33739277932716,70.3068068391581
60.07942348252975,8.166993507812933
37.04089653992332,39.14367581419276
187.93012832270958,158.4730706854863
185.31068936708894,73.48819921815544
104.67013082902974,176.75280879641255
25.927297639034837,8.545352243935518
147.8118558676706,51.498686190882104
50.62610918970592,88.39665201254387
173.04478170064291,16.1891143048561
57.1833635474639,99.014753247776
158.61162419722984,111.2073297728711
122.09952598499709,195.40927567707715
161.02992050767523,15.692424676803997
84.59112721050613,88.5055234431898
104.65142617847775,69.0337366423919
84.49720836962064,86.86075391135844
118.78888293118523,192.70043946114762
163.8579144676723,129.8401105736385
20.434277246031723,103.87373213756094
180.25302836886064,6.5200852831627945
22.792469152940615,134.4766895669205
183.82771121608818,40.7904814738009
195.89047918322512,78.31028421232011
115.94034425180836,103.07363293416033
31.491259393520817,27.55773113786744
182.1973626874076,10.325688989774322
147.02281130165687,194.89237319041513
174.97054466784556,46.10248440537177
182.0603588063871,55.11250912897441
175.63310318353066,51.57480997093589
142.30712930465643,20.53409493492493
23.456784887260174,130.68902101813762
182.15832914205808,152.89263820541564
118.66513377472292,102.39497353970259
97.24360949943488,181.68201187524107
38.55968415522359,140.71878768359042
38.585264667245205,139.5931280065886
5.615204170041694,139.07649289608008
20.359301822101827,47.033050097426596
176.36819995902906,114.86163542444997
7.168381288471354,176.92607449374347
150.71422620846548,102.11894069601995
122.59770565634328,195.21782340878053
25.3004497708653,61.85865390003612
186.2043840465095,19.360505412050834
91.02314952969786,24.794830399490916
103.79412317257938,59.804024628274874
146.61336650534898,9.385270039684515
55.93566375228833,88.53469296491177
9.598642480365504,159.59080808353224
160.003353999736,175.0193072754481
106.92445938150091,37.14093635654818
102.41180917408802,183.33606772836566
98.46190654116563,36.52602960984916
125.97079198224445,178.9596944442272
102.59499500605372,128.50801555751093
169.78405778198857,43.75447264807189
52.40448657701064,49.40084451241574
141.6749725602282,164.9011387931115
135.0360330973554,102.95708752693334
93.5599772284503,16.407318546713412
167.87986339040722,24.19426843925089
109.32058380506855,148.650040373933
45.35998199172203,186.4571062254302
189.36920549969065,195.0099378403076
112.33777000707929,169.60844753731897
26.82484496326577,96.56923425923489
30.79725259267799,29.005133143611737
15.41494417512914,117.50285309471629
30.907874820128153,19.24588727403846
103.41512591338393,61.970032090485056
76.85499114388098,167.41289901117136
35.14367420796513,131.62250478728507
47.712453925738856,164.15452824944333
170.90551588952383,72.68835154537723
32.151271499000366,119.1318841918949
79.8113559519595,53.892446986164394
100.0834844780928,29.04885765758035
46.368660332881845,118.81292253286178
82.50420546809444,85.67227379639048
44.05580977523075,42.36818698488523
89.7236527840981,126.43350223593194
185.9165043449209,189.5107997327054
166.4247316551651,111.0353806824291
12.77944426220856,105.97882765362478
27.22502361750725,113.26359356010352
112.26855685326439,12.665703957234479
85.4656528089594,10.205296311480698
101.80064019569242,62.57148571031569
37.244346259249426,149.55810796325505
28.41862800727641,103.35719046250152
15.75842117441034,43.040554446043025
22.889246511889052,156.63921799544116
50.305957443742756,26.649643760074703
55.3938811381242,45.39168545301883
106.84350502528545,108.31666246020322
84.78260120560998,23.157847440814866
76.54548396101113,32.32545690933283
54.38534890024598,129.3358070752253
117.94509770328403,18.57405075692309
111.27310757407726,7.9517411981143855
83.15075307831066,165.38337785507153
176.528983158024,122.5121688445111
154.97630764309383,136.8039920723255
72.32501752340119,55.8028161587563
94.3275581732338,64.48455576561197
115.55812540581336,146.89441276217843
13.50853245215694,140.59260710562546
114.36222557874349,132.31647895413843
98.60829484382054,99.07243509388209
9.068183672054175,41.723982640491236
57.72826740901608,133.1640593022385
40.693103470238064,50.57926762237225
112.25060474919435,145.79064156029514
102.46808451850309,175.80701379713588
144.37769806429762,122.06215411181213
55.961584966434415,95.0580264455253
19.15496804479496,38.402840102286355
90.75675000755848,55.7683142383414
40.17312735919189,172.43955218878463
76.4522607986211,185.29378148648414
152.14936770098734,9.808004039975517
21.314719988034476,6.895792875070924
30.6534626592422,32.73062345695064
41.38525451216885,124.77207867086068
195.77356587157624,55.22483029688264
160.76107384606814,81.35215385539499
159.6422386790693,30.57998990938078
54.487801117929756,51.69321129115609
9.141703724521877,129.03121543394755
42.977691496329996,184.0155148775057
149.84102999331617,58.60427626616884
164.23540897570177,21.279943740275613
164.58373112846562,6.52288924424297
49.180859389660384,82.62815018286665
171.53630430005887,184.477044743543
106.2716083582341,29.840084360775485
49.45340147485386,185.06449999015112
153.8618885063155,66.91017066258696
76.55866493146904,86.93013717509356
105.75210082816868,92.10337741152411
151.55770062938967,192.5058117697654
40.432801849554856,50.97282212284857
51.006672572105096,103.13257101559714
76.04529605574362,158.87198163400373
15.003404268436713,87.45857092327674
192.57666074181068,63.921667364352224
12.161963203543865,38.71247125266599
126.52443259386712,96.8321973993465
95.88627310547413,182.36441953019917
196.33631071689072,30.891559547260023
83.15949512449122,182.35408837411583
26.644501006824957,127.61965442812054
52.242786231083656,173.94958781644831
51.42575650149003,88.96104474335849
173.46286771879457,19.702952957111403
49.693035154241976,183.20107641742192
111.8798646833772,147.58418720595162
122.20494443363279,103.89074361498491
60.592409302450356,33.036533718793585
148.70506316612827,5.2306134867575995
148.09324500710844,19.566563293140085
39.39001496170548,40.70902023819749
93.99435598897666,191.72164184442812
91.06389603634838,87.95099698426257
76.41421198753058,84.83343222899252
37.326776848424664,91.4366864802444
113.44646184954361,16.499176366347204
19.31451868965582,168.84014534285183
106.04988427706417,136.1925955274397
174.02057721790644,104.10245809755259
13.611850614975129,165.38715391310063
55.68328515637274,17.557703114314307
27.5741902445527,92.56179836835533
17.740582165815123,160.90290677491876
150.25694288988737,34.38260090849407
176.6540239900255,26.169646806570366
26.599344710762985,162.5340824277164
78.15237740074717,108.74294289602447
116.65593907168002,80.78295676336181
83.08948048078047,178.9748938324468
121.77638121654601,109.88730850187233
36.07722661462693,9.721994347124404
91.61713463546738,78.6184885194094
88.15828574809919,190.33625499527935
152.87991330182848,39.78983106181007
103.54703441186983,68.30088458404843
77.73549672517332,18.022776570228004
47.872954717206255,149.60068690262304
47.695626368092796,194.5980156332187
101.0416270254854,165.57565919367562
166.7526954115182,21.425022876100645
88.54406602048752,64.75730094790357
49.573382602723115,95.4247016758514
179.46915083842256,9.43272730731218
5.758415632993158,146.63714112360964
123.89763238381191,37.79145832599308
9.232600153798305,129.18746030887445
7.175501143765295,87.74035728390508
44.75632010829883,94.57313591127031
37.66326114067109,120.3796068353038
171.42063640873366,24.051772412071152
6.027360042027637,157.90840234723885
88.2258744634039,29.5530278950363
14.941516112579166,118.20218946376022
22.87072204638872,46.48572030493697
45.20384003452,33.96471579128252
44.72621961739997,178.07523647497138
17.59172764752986,108.64641617481895
52.9594891431216,27.345906135491596
124.96840940710737,84.68657772702338
142.62540918047134,51.48636061095639
143.5480712336836,12.96298539616903
126.66907638926878,70.69414820422563
25.944034996445957,137.95355686314696
78.35370811018711,21.912482781042968
124.2550926964549,74.83387867249547
31.919846460449445,187.3445975051675
94.693185027219,152.99513587194286
153.0503770792861,110.55903534093291
31.062790507764692,172.80045933549474
49.93744692091592,92.29645032975465
55.320048945254534,5.528834113472037
152.96038676521667,192.83793737566668
156.5829810361065,46.692504745694805
32.997588602289774,175.8857026754118
75.43434415914344,66.45476595153421
85.69654243569563,173.95337916935046
19.789365025763754,53.436055301981625
101.84640914454768,127.39036162125598
15.752140732022538,40.48062132808604
84.57180653885598,35.02042593355797
85.03945574437952,98.00849800029438
51.097711997763795,142.5517055429799
103.44219722990637,175.82207950615106
44.626633310117654,44.66890177738986
35.8566442997613,101.21441211772176
99.40961299543179,82.64119280578262
25.95376193078078,120.99260528803688
91.71403664401439,150.88511793523335
195.50991884500377,190.17992837671983
112.92264299652376,87.78813632527118
84.73319645414206,71.4823248477157
99.15075981965146,184.07535937936896
42.693435941429605,81.84577189677968
184.70071525967072,184.1236703060874
150.76905460056395,166.4586275905465
169.9362370716815,60.01637702751583
98.7092509695752,76.83260512430422
99.8463983056652,137.81302627844934
166.4893262026939,75.89030461625738
196.45097845764096,14.147201436261943
12.787561743578657,30.198621948599097
184.78643534929012,158.42868213625215
17.326399655518486,137.76998425853643
80.55927025050917,176.20939671086634
94.13004325223166,10.482562455305963
123.65939873543556,91.99924400133659
27.145041819166188,83.74340934377564
25.898802542664303,48.926632712974154
92.28582908107167,148.6659978666058
187.31374014627613,17.373906762746493
184.16313801949522,107.37577437103215
90.4266332361739,100.29969191034421
184.40247143524556,181.10544459703837
171.6924458391636,55.64752012759047
89.110709982562,139.096205133576
96.01377756628531,174.9639100722334
148.4156948593226,170.64009795622007
167.09394114796578,137.53101045165542
55.14680744652075,25.25149910232352
189.91417984864117,36.29697778892326
41.77512133287232,132.24092668531935
75.50860144075928,17.824233569675908
60.067798860229,103.24720571720508
43.38860018775545,196.5311973065626
91.73926762610648,108.906938305479
167.05206830600335,37.67260723893353
45.21445620575138,28.359799519864364
170.6083893680072,70.66274027667332
56.96708864591557,181.2392316483201
189.04457410112053,124.73475104796329
87.39985516385131,128.11889853639042
122.51039122316043,192.65595424121904
181.0542113504502,147.28061195443757
10.305833890425477,6.162023950504199
20.867323757729032,40.12730509468137
53.83641414921631,13.40235469112945
8.974705392094013,47.52774728934161
194.14582362459063,144.30684365355413
190.83107964244593,5.14940487724
166.79324514059016,173.21158889743776
87.32317949330324,108.90361956786832
19.75468981477426,59.88111593335008
28.85932126216651,10.371726595803285
122.50474191293064,5.854671283252639
6.566921805945397,29.82798540340145
106.38599897819638,107.38560270900958
8.238416662651936,172.22823410118718
108.00105148825205,110.50600756840161
84.05486186901531,26.893862167690767
92.55122213998992,22.705384073323064
96.128903175988,21.71010682915364
108.20528575070675,28.764022688189694
92.50795488919874,62.682951815901255
100.01895311088141,185.37879167295145
33.74357447438759,143.39825300031833
174.11487345642303,127.48962664637656
141.3353915786709,140.99096268271447
41.37258519669236,185.9307994126702
151.4314113779341,63.725420257504055
40.27809339422205,77.74979889596794
192.20612777181563,194.6109397405843
149.03504759249662,142.0021126564244
117.96654847749501,14.483760197797256
181.73610912024154,190.69498291057462
142.09302723611654,176.00097221475713
187.77318491294818,12.660491040911285
144.07301041346986,142.50027802895406
92.12664172709316,191.93334643174933
99.16818829222038,25.850014660542982
42.49091004603085,23.501422481129968
159.74280738787405,193.09391272747158
162.9491171138191,106.87881904546902
183.98579290285087,175.96997898564933
121.07341397582651,143.44975221817802
87.21375943714533,81.86352292632166
192.7530421126046,51.617047034191614
124.70620733958314,174.90223934760223
75.9715830521485,128.28345110336272
120.74763717837277,186.91746704338988
84.33577735321195,70.30891695730381
193.7892166877733,131.40772803478058
152.82526198164675,74.56969967190712
180.47305187241363,30.53984843576067
99.04544909361502,72.4730384676195
157.93288853927794,177.02035404374593
185.6920309694752,107.1181067922927
111.81793899448736,134.34798877371
51.79158668622517,134.94049655291386
164.68551664646162,9.549208917882883
91.33047699101992,81.61333807231192
148.83012392338225,104.3434712229765
194.51393933805625,132.33676185797506
98.79747164123596,162.52507509423293
117.37076146613452,104.15639611983666
102.31881101077069,165.41411162128384
151.86349728208887,45.91284392098584
120.11036051563887,153.8978105810463
97.55897430758061,139.3323726678883
151.2381070961384,52.546520510056375
194.26950239726128,164.1887565026152
53.877140674647485,34.90061659605851
194.71415125017919,133.47051267459514
24.853726060958397,107.29133807868863
169.79829288074737,85.8481869979196
17.472612121889973,18.088089033522383
38.74349199344671,91.92557014130675
5.088554828405488,141.83454291603718
173.14877117708184,68.9273830486802
121.76357364114455,100.19441814797862
90.85765585181913,97.62006545948508
44.16492312649448,147.68788541475848
18.858664874803196,150.31506331207854
101.8149987035946,97.37014725007518
121.56273751008884,168.8064032793176
6.755143875983033,6.955428737729004
143.9125705274489,181.85346809175232
181.18752232650033,69.26589378069598
95.07933110644692,148.26154389092835
86.46096936668444,179.79231539610063
108.59415465817294,182.27387502067728
34.75245134081174,174.43353565976045
47.66414363863943,115.85838570930113
5.293304520883374,141.50032504553735
185.68589793741123,33.28610471043051
156.1336270487,151.88733021952248
58.72478222705248,29.858798929458327
126.48449985520813,195.0039771357373
91.65338315929264,146.628281988693
45.79068403175135,8.725069190663996
125.36358299339231,71.65006197203293
91.8005166798527,93.13918938903394
11.684314450048193,56.118900064304974
176.92376519227545,53.7079265224634
7.691507605948207,152.9978138957367
97.80373508209973,172.6562595307052
24.861233190871488,79.82186602717827
31.641185246805133,7.94073680154593
196.04384875930586,176.4056436180313
85.12465236901622,193.83192008462623
173.5533022011585,42.83306645583728
160.82721796462133,127.71931202970151
59.4060098076282,108.28056869790639
187.5245818927774,178.67947626006597
105.55728041058596,128.6527016055438
94.68926700380867,6.839604637872918
191.8591609847632,140.07997689630918
184.5821666117358,21.20256743802683
25.477917284743675,169.4075442233402
122.70209072679438,93.56822626880034
50.829445029045125,77.21619875759983
150.74807345070178,47.59972923849931
121.86894995132496,145.18284121841657
116.4881221264988,87.37667387388109
168.82505057823292,28.177382451377376
113.46859321094502,86.22001246462199
161.3813552171782,77.80605198052389
114.81137683258574,24.93921261360258
81.99348921920101,64.22324066951779
19.709797954759495,29.92115774696594
29.539698392451886,87.76471671623504
148.23773644426456,147.5838896497987
58.58094614991049,86.85189560633938
192.65136328141688,29.479098757768693
153.4818032780503,36.31308267575977
187.83981897533184,39.79913250949938
179.5989140821683,67.91874847650331
31.81809438872938,34.291614409738706
142.97163835031407,171.42882031278913
37.001650031094,170.34086320688192
104.3098221381288,87.6553206595644
46.843580619264934,124.41911271394147
18.83077151186721,95.11917900221223
155.3005549199955,67.56337453900181
81.11781703472201,31.103953617367043
145.54303103822238,61.24199449413416
155.44169926909777,47.32907684816769
159.55945436465586,8.713068560060364
158.4542233371592,120.52215617177878
148.4102897351286,11.85402683041036
142.48612175413095,183.97537970972968
56.20063367983466,5.766794242121007
79.48123261736352,6.969765863108193
33.76470545883899,32.51676530393086
145.5457438192592,184.97879387362383
180.75535487424906,171.13924377591962
47.686966334937416,43.34656264187539
175.37519100762935,117.17098642366888
39.673589178054684,37.80639397161754
159.8785602867915,54.28578957213795
78.02946495517727,105.67411832337976
54.27972167361355,147.2752482601022
114.71121038792145,176.76396105961098
170.12837711057603,187.21266780325323
115.72197590917708,188.48851145756893
196.93497968175774,10.076066443695872
150.85509214190748,103.28585231019
149.66088002225078,138.07135023580796
46.110568009701836,188.78150307761314
99.85260499368454,14.459149511300843
82.24017178919993,71.99718154816483
34.09256174469591,118.28967432548005
154.00330238277957,157.47870515580038
40.48933651550519,48.28843672713631
152.3919372128639,185.3210648820825
12.565156554797984,77.00591159920535
151.89063997263472,68.56553094210331
182.07911079188892,31.31219606203991
152.28785558335338,27.359952481028923
20.57823022632219,10.84793396744839
101.15883884342782,9.347811324758219
116.13787036830871,164.31470442503507
115.15442099039377,86.76875350003002
113.08253876241626,7.53725752976979
110.61615435121908,7.185473892592826
180.05773827414222,171.74367112524368
38.3890692174388,5.670093483858629
39.227370400435866,32.1739760130372
91.3486105873905,14.058279487974785
175.91727881612258,80.00796010935886
59.13762078732211,19.129876456065958
169.55572837955128,56.7563071110746
23.056794865718434,87.93210188361506
171.3405174316941,85.65446053858517
9.064097334435958,112.42508451068831
145.21374490159272,120.46301128100944
162.51314189166322,65.49049573800708
84.13385304572066,190.51533376924334
21.914304772959312,23.681318883883993
113.12181045607564,184.38302251647542
21.45354072550453,177.70733995182349
41.45925014531763,8.054438610169809
191.9032961623042,144.66541214899956
11.504645513110155,174.29794903189105
14.868756391620295,53.91930317227993
15.869526984527802,176.32561519550416
107.42446747420182,100.65093501192285
195.77566701995553,170.7236830317359
22.553395340825798,15.47451465294747
149.05311066138856,113.76857132062813
92.77208623127554,57.861233058717865
19.755649227272652,184.1124421009341
147.95044818790683,72.54769763816759
182.02147714481313,22.62460584487025
86.33215340122983,192.9251714968723
188.1739698174793,193.46906382620205
185.39887470731446,11.273824853006225
115.44173486343013,175.46703741096442
173.22462479118255,18.654608137530854
178.6139009756445,18.283426160771413
79.44338992934235,8.14061578884593
142.80506132979488,130.4344497552473
78.2717894242362,196.01489231573916
180.91085936247822,177.94266692177985
47.746948629424985,138.4985654445867
190.74872935327903,83.60409139098759
160.8667365432153,179.7848276127829
28.38003991952081,114.20866747252872
97.37531390820564,32.29508267569686
79.03932381779386,105.20072735172366
38.07304672398025,140.38491573768457
195.7228456405952,7.301520340839037
101.09244708805228,87.62147496714341
75.8698867288823,73.88210456697557
157.5613793754503,129.45274880469535
157.382460074529,57.39084322103593
96.44337296598798,162.42939809779165
164.33958099552333,61.79535150610124
111.79518933322817,13.94666376537762
179.33603758049276,165.2196081172586
182.96545991670808,86.99840897293726
34.025046924858486,133.09110593768239
114.96454219741452,15.274488062900273
33.932577804604364,5.361416655579836
42.483538399343004,167.3398646877491
172.85174520600248,41.93419350941389
147.36306319129298,71.93058945058692
31.451656278842947,83.47512344494326
105.3167152856344,78.99166753999981
124.12763198598314,99.73935217126838
190.374395862304,67.75930211552254
82.57170395715255,62.92844019142196
192.26124631256087,140.5666523737531
159.6411554154501,66.90477847618574
90.44326644131245,81.40822894904437
13.422695866222096,172.18466752135316
37.55847486832917,80.03220828297934
177.6549088379002,17.42706080565053
120.60110671916775,151.86562480609462
141.37122489988752,168.70184445491176
177.6076037811261,58.26993260434724
167.36949671212457,60.60941067515374
26.978149518716524,142.54408336731015
142.96499599434728,71.37184140477262
136.71358278382672,107.16372746843525
8.814966736912123,58.557713365062966
153.8725128772488,128.53348906292345
112.45747495054998,30.46885186663301
166.2952882082593,132.9967157052555
84.5423004955123,134.59279115463897
191.9087197797432,195.27017168198688
36.809112476001474,47.41897077884626
113.88946276044949,130.05724974183536
108.66625998297613,82.92344717999225
175.31612658346057,85.02201306889111
171.57491590589953,131.2799759446181
111.44263288778635,147.0678011876227
98.77274065654048,107.21808909973319
108.63676724709255,87.01394787647183
80.07310772195731,18.72181113256411
54.13785927332082,128.7627265188051
194.00982613477527,186.56604647669397
180.06824155748393,176.86423964608906
46.44272448262933,170.4393353587497
58.265835719649466,149.43039013124948
30.43394645205944,154.84768568644722
121.00720087313431,6.662156463073808
181.6102067868714,104.66257596735056
123.85895587792051,24.18816666169118
143.35439765314982,28.343792364415474
119.77058810890125,93.95768903360849
35.23886632392155,118.48399895738056
173.39376482614847,46.47954910053335
107.87750823790779,151.8588759189577
104.25545067840442,128.11348234455423
36.32209258001509,79.08736309924409
13.202108458977442,94.09700660381051
150.51552755350602,123.27949771984706
78.17054546380254,68.00957738797689
98.87606534330774,82.7861926638879
111.14720635349471,183.87707440540845
176.2750006651828,110.52470925973631
31.115707303844296,84.54890487175254
46.190688924550486,189.14970975424876
166.53966362078316,163.1078814989959
48.04395429672692,118.16979445846968
52.35085026477101,50.316285097078705
102.55479606317793,156.73626034663639
89.71435135695118,193.8729561401131
145.39340044950117,143.22710030515617
34.97825547517922,42.53303846310109
153.45604020828267,41.27426481781812
193.0205967034102,30.310108293125648
7.306585764025498,52.47030941490535
196.45247410599464,107.32165123734408
55.35805604030528,97.21429458430786
168.3139806766047,186.5094598146521
173.54616374422275,187.9524833034037
114.85357613305021,162.94739745956588
142.2324190270275,148.2578821194804
196.9012192710023,157.19018894763016
167.63982935820925,167.88952880650177
13.355508640760016,190.8717475251072
148.97624343265096,176.66609322766107
50.347522374254915,30.90376522654409
8.623272671975345,21.47591211207267
29.382428217705364,8.561315619939377
163.62492721066246,183.95357037349655
163.22042709917935,40.26640903032125
55.363642672212464,109.44154707230454
112.5408880644272,66.93641640951894
71.94442074588996,58.9125022640155
182.16985152333825,143.9161892794343
166.66972408907634,60.83562884600841
104.97946475924292,180.63536212208655
15.805333071591335,158.29483711162732
158.67671594077825,55.34046610074714
13.960292295501834,164.28025275044007
35.735659395495986,189.35831299002484
94.31413796825213,76.21981154836529
82.64753760775646,73.9297570140586
187.06044652466954,131.66688514510335
60.06552985660147,163.40727351096217
56.1170454992069,137.397559357143
130.39664572967803,104.62206835290257
46.03160621995203,122.77286642663614
50.65343211315914,162.7572813694746
33.48462351169816,54.94623669969504
188.30822757677265,25.853390686504802
167.53973420758666,80.71111123875403
42.339686758848465,30.678905478642644
183.2306416589192,72.82968438478157
46.389849350840926,88.23244934839424
29.399185939705692,121.4527667537789
186.06631687383256,195.47071589934654
19.364623391510154,92.00089298518742
157.1225513407299,69.79977830458402
194.553842970207,51.15961455137574
45.98232003324113,167.29253080348073
38.99083737205772,124.05605876680877
41.77144548444024,96.4252085305258
84.08926896726496,100.11086554901107
33.556190929810064,150.5383542738811
27.99286689836268,102.54957497451787
50.42475590984791,51.31841210362532
170.56389964217433,175.11550812327016
92.181337399298,147.35074349474647
31.57865387649891,102.27088847288233
39.69340402846418,36.203906726641875
24.691580837177032,147.62747456060913
55.449959890004834,194.27395073675552
101.7132619274693,52.44982661652036
35.33179670431017,11.027259377386521
47.467991896335484,125.65709220644824
85.16436650817035,80.6958774573181
11.275246481293143,150.3845850954413
163.88756119310216,127.43822053211636
179.43696540498615,81.40673301972912
114.71725232633875,28.970181575156072
174.19078512685468,151.3557409786763
38.649366327495684,184.2791480040906
106.86489169932828,158.5382465877198
123.51145280441077,185.68706097534786
110.58243744464514,61.04440030720939
27.03277675227696,112.49966567690743
179.33226092464687,140.29949155263293
82.37425215934623,12.689504414328033
97.961641094104,80.5371197908004
39.50289241896335,182.63332732286636
169.61440194693884,130.1600959378127
186.06780713342314,110.96721913865717
184.1641427866938,20.605891367256845
114.32542261745485,162.00544888756914
84.94751133685064,102.4072597607405
86.65981932034015,16.006433212310867
95.42252978127001,8.861237589665816
9.857692449054952,6.8660801248611065
117.03068620840045,98.03932269506629
179.95393854356453,72.19594874962351
154.31883534111347,72.54350732111837
17.232778853560216,91.74950895091807
143.94741971074254,63.79917563981893
23.434120810825146,177.65330340278354
36.950994509480836,113.291883734692
195.81806995922165,148.1709376737943
25.690568022908966,153.22921767020003
193.42718400316915,18.290740270410804
52.736708763909895,157.35089051141782
143.10528102743692,55.0323517707253
77.66150026748129,64.59640131502908
13.552836866606414,141.08310358526626
74.26106602477391,54.06325257278956
36.35137974276335,92.4932142436962
25.21440970125777,24.045006290741956
97.93635113946945,132.16696927146882
98.23460703774256,177.99731944716174
162.0739271155043,54.20471487853749
83.87959748366643,58.11809700200989
106.43075509387339,173.20663120461288
53.119508323027134,180.5616338282
116.37180898937335,97.31782104714775
111.24671045395772,175.72014959251132
10.0,25.0
180.0,180.0