187.47582776337907,77.61977900239042
85.46908537943347,69.3423501930042
182.21019827798392,138.98507518374308
88.98069775099275,132.7123642130567
99.65677580485634,83.75054898679423
110.01711131397639,54.19644366537636
153.55242393792923,30.175102653947
95.94800496136018,71.18578379236561
165.5046131195537,71.16935697701498
119.71322546619132,98.05408826850949
23.883705008669626,185.15380828463645
121.73036792753518,162.7695153014418
85.63485454114432,112.99194618630592
171.09658986037448,75.48018966576612
147.3307923429533,180.22201319026595
94.12026180982312,146.6859720130364
29.417439954617155,64.38974723818883
35.379423379502065,145.4168285718786
161.81104768503798,9.859919585098265
151.61582159879885,9.830763345626595
155.01287685835808,114.37117316945428
6.092583206504367,174.22851382999553
43.291087226317956,193.31725682381392
18.20081553191861,51.123365363963714
67.03057229993419,38.362707430407866
11.410790177248337,19.04542835217792
115.62962101409441,37.85042544780486
23.583051366253493,6.07067630356716
74.02956005235112,186.95807268995512
33.93407888475506,142.7196083073431
14.065355390554632,139.83356048762892
34.16443166736604,129.51939983093263
81.08229527332733,6.144386581863312
132.36813497269443,177.7096807383591
51.64072379055465,129.43999882281742
77.3074428706318,179.018997548879
141.1207319202994,17.707516102835772
20.605872457842434,49.22273429117255
187.26807686613589,24.455004790366267
7.252212399029094,29.052420460614254
132.26059507405822,74.65127022791
125.57464699083499,61.36725352508127
79.8179128304457,45.67111610032464
129.60794742104767,78.52559644176787
18.92338313157266,14.494782658417542
151.62464504881572,22.51975269748441
49.75891357073601,126.00439142698902
42.71364803189761,186.62174091753116
137.29085416670128,85.6854131827253
52.10982020415008,99.05736733037143
83.8951173822159,149.64243742359446
108.99113382515547,108.17304846252483
59.951091942306505,22.443535855597542
68.10045488510515,136.29447369156938
67.92682341570165,177.6752859038856
92.75746023540368,93.48123936191355
117.68877015486198,33.01778577936726
142.4845276660484,111.66349074933012
84.72481249584519,54.97824973761702
56.35449448209,193.972231849245
182.2693288211412,195.16061555042828
157.26408476863384,70.17393159679358
89.55449465298022,28.80527901166486
99.85613351237494,188.38515952823352
65.36971922005392,196.46777158017218
161.32372793140416,183.9384114819452
19.325583655551288,36.924405028689236
90.8137279698194,165.43160608275392
102.05968703590415,51.26254143579092
101.64682408984272,65.68063226627858
10.315850855128975,140.61909883672524
114.87211051201936,11.673364935319716
133.58204931761725,20.306295356332818
105.01692383125861,21.495185675271422
17.08413720490447,33.978931291041874
39.55102229471509,133.48288772902532
147.1713267723937,44.33749644548035
60.192117664482836,169.9200976393077
45.48933384707658,40.0045795828343
92.01985655723962,126.07922593098041
131.79856822054253,78.79245218264884
189.82753245749524,185.82217594520762
127.67520130038274,72.96612090182705
92.43439804509623,143.75844875074787
29.55393278217321,13.786021925693353
184.44158778143654,177.53471433674503
183.65015618774723,71.6916119813978
26.507750799599684,16.64713115990103
34.70328932594331,13.920004943104919
12.948975403404116,173.56697741803464
42.86735797549522,40.705548570124044
89.99631017529136,83.7772623415491
135.4965982556742,44.40654955997252
124.12189527419613,17.900817049227747
171.92928483441014,10.634858171790942
118.20689399953649,13.896900211173962
70.03845612555247,30.787901653930557
113.69678329358855,57.24455088678568
103.9467782153758,34.0336386345645
88.18975794351225,49.67236624763344
164.82393750486236,41.376055057242155
163.5877674535855,41.84663001094198
119.27360387919092,90.05844672711649
96.24168376477633,59.19918328120035
149.2299121997032,77.25942808694336
73.57457177471368,8.572226969609071
143.52411053198594,5.899088994815736
174.49421027551574,158.73658537401445
182.2062738799674,11.924988491579501
28.86989270307149,183.43517679240395
67.32945878088238,111.9266728436425
165.04280632641277,39.95767595058926
184.70356393752402,77.09331560401857
166.341493229069,18.513989554264036
43.53404419315167,172.7128902428876
119.10421628636021,41.15663096848395
162.49083917208833,191.140347778007
99.83144265592263,182.06132409528803
165.92996274767458,192.83039450278872
61.05105654175517,133.07727860498534
148.11689301604872,105.3656082692228
64.50177883781802,7.74544475558272
48.96019268673319,57.63486881991592
115.85822256324366,31.623177455213135
88.68748882555842,151.17658958203188
61.642275864011346,127.45515268631421
170.50405940369268,32.02968729725073
87.10366550594587,153.61597965642977
66.28674590142191,25.15049895712761
178.32027467686814,167.01877027030557
13.675754582294166,14.916019693748472
59.52767983015696,140.72324905738077
86.17111821339513,98.14611006705735
94.08771409427547,122.31183703811094
85.80811629945747,72.70186335667313
141.2962949418957,97.94908804492803
147.37841321746174,43.48044571672863
190.65134140171088,32.93677970888145
118.5756102038805,49.00108409842104
17.11613018601362,79.73685380124898
143.7072586249528,25.916685135796534
60.89930738585723,34.98000032076427
92.75669108897425,8.965468877828014
86.67001099617262,47.0763532844986
159.5209100214146,22.479658647632938
144.58589548184685,84.19415566938392
192.72679047061487,121.1787247743922
62.97783392094147,176.34553177506186
189.28305916243104,43.10681894850969
107.57477244779132,151.58277589547404
70.46704024422259,25.08279587112631
166.11141754662856,21.116196521663475
67.21470674640906,31.276946633248343
29.12492947754095,137.84161502398686
123.58396404467635,176.96039246002127
94.12718213507175,103.43440308633099
28.38069597500721,171.01415314220003
48.04445375090164,114.85615313564644
30.86714232877683,173.65065666760557
98.76550980017997,165.25798412309913
39.48685402608586,174.5296465315934
145.865778055407,37.295620130796856
64.09818360874802,137.38527603993234
91.75490966122683,33.80814816795039
11.647924126538053,180.7375231398977
175.18523533527983,15.639481646024006
131.1870076327376,36.6347820136548
74.32752921362295,133.82394989717707
107.58134482034554,81.80641964816475
19.38375460716151,10.974945368971483
41.52596882266379,126.75321225925458
80.13339526092068,164.22550716311943
160.81702890107994,184.7249946256491
10.531205272366007,128.89013597019684
76.41663452874336,172.9247957929243
193.62141989166958,177.19865516712105
114.30930520192604,71.00051825462486
109.02171859101215,156.83605297362078
110.96674690713706,176.19075188118822
12.366571066491481,13.974897269962803
7.386617103226973,31.18005926252871
46.33368615907729,171.4573702453045
78.03708684085998,126.70576230037673
166.1661162033145,193.0111060896791
91.86377500907908,84.18072199788372
31.692287548827224,175.9859809840833
195.54986228367025,74.59120648901828
111.91314563409087,102.19531228928687
179.89404969271996,186.80064081401179
43.168245447867115,52.74067787454902
66.39344247118758,45.80899133762389
81.54689923677756,68.58989824661782
40.52483848249789,187.36880337193895
88.79947977210198,60.399126613463245
77.53166578627106,38.228980628775545
189.18977829173093,173.3306713216601
110.2137861645585,31.79525441318495
181.64125224164863,77.68252314973391
91.09036945131847,18.178862511034037
49.89052471162624,21.899775007389355
75.50184683122588,189.9657069446254
106.69702981540851,9.783930874514386
56.88315858175406,28.768473015924894
102.60734475256216,73.25978762969433
47.67931155402469,24.38523313824731
129.1313330224795,42.11035733396451
162.43141982008984,14.732730880317487
18.922827780859482,72.36780521311874
188.47675328431976,145.6123776895764
170.7493363918071,186.83589286445644
95.48403511916217,90.92022063582216
37.41941671498777,137.98760792547952
72.35420643616858,178.3636014349759
111.35962079750914,71.11917513442708
78.23224837498046,179.2288917335997
117.047613038264,162.36720563491798
97.78111531009448,158.3395468677162
101.46162976655536,63.04160166603375
43.703398982090675,42.10404052280393
91.10508001445537,97.87002792027842
85.07079443721263,173.18698723652668
107.16446936630881,30.639237921474344
188.76668465049735,36.2577136729713
140.2779485076742,177.11108210767065
29.2655068287365,60.330835643232014
28.344281114453647,173.49021612380326
67.69865409145937,125.37623128968808
27.828679548318775,14.373095575752876
63.057263477381234,130.423193636913
131.61237642832774,189.75929200625197
43.86577275148875,59.17275472963028
41.51897748092569,13.407460399348453
54.64300372374566,19.221944529747326
101.68845979951129,6.528936935718862
43.64432780666892,114.19610573525962
65.86839379379015,177.1123222413556
175.04711372599849,167.80576662185283
108.57221279908484,37.18894007232508
61.931033141484704,28.625770938918063
187.57649436631357,68.4710405522685
88.86056139416634,157.83708841512086
85.53933868388702,47.798639731950985
91.59178921117608,105.38435076567616
81.25155302011171,138.70424421974417
170.69613071101432,70.84762422779818
181.41906444461802,18.011091130709207
79.34371240068025,174.70755705995535
91.8112427251103,12.84437196446225
112.80263297176045,88.78503051990553
123.38598127738624,162.48035646484686
87.74491426295009,145.2866520631084
121.79704155781494,51.649333900634446
99.67317787034123,43.39849938616149
74.24226477121792,187.57300327923613
144.55753114997503,109.67389859700108
131.22216390737267,29.4416248201585
186.81656669575136,29.270631318750763
176.32748556351268,173.7928442527503
67.24152762290883,145.75695531519824
98.35990636989033,113.43474103616757
27.165750347236287,21.46985884090597
148.07852711814178,184.72561629087838
72.84056411676748,184.92621237581545
77.67352101019986,143.5104155297389
36.44644433644755,143.32799258909463
37.142081485892,47.093141344717274
6.5259284095208185,14.285466942579433
154.17598738385007,173.57831705654382
28.853104442444746,39.152369891529005
141.5241504406981,87.0827980160249
111.77055014394897,74.12910278002363
29.81934316113356,126.10329627368915
88.97600516450476,48.13757916345177
178.44870109660351,36.536468832564275
76.28555971198203,145.4196588582768
75.12470972404996,39.063260033653854
140.94804499935313,30.39187711390141
10.989818145279276,135.7071445876973
123.10525877838876,157.57784135707823
88.13990674281756,43.75550209410483
43.38932078763832,111.6061200832766
41.76834306516792,195.85626227328925
145.96904410474053,76.50228903714142
80.85305636897934,95.17710686584954
196.5710041189113,36.63280750963898
177.04293801622956,23.06759515419482
41.0060892422466,107.92120563560266
130.81452759508937,99.60396655528349
71.89315572575917,196.72518719827116
113.90156825998717,65.29839487709934
87.58511596136886,70.52508236884194
162.63207738651187,136.49613714348962
99.60056150076072,6.581070459367763
89.4132497394779,70.16141933612552
84.80087751284253,57.937752732628724
105.81008412167837,162.76851912346217
126.82240242515353,76.67944206046332
61.78583353902625,193.86810781576273
48.654947684307494,175.64515730509598
94.08311297228373,124.74295427219029
60.46190589503502,145.1656405275244
15.999348039887908,193.20670391057746
40.946444331326546,123.68826610757046
35.77441031745225,44.983944872773435
131.53026918970033,20.745758120154697
48.28027469365732,70.68691185064041
81.80157508307019,148.3623927513566
24.93265322802285,30.684327104280165
130.16715896170402,43.42000124615737
15.070476611485418,172.88178957822288
104.83171832726312,10.460761560319536
96.98397521166677,17.778390874344794
192.71114607548273,150.5619476444707
37.189885222837816,10.837565223400102
27.255462330125614,55.6144994603149
48.385888345203746,167.98238560864868
97.29301375603036,85.32115026940576
168.06472477569312,135.49929259271974
49.85080009521309,35.100524403219694
78.75541977447759,190.2652295242519
192.7756401376187,141.82062971941858
170.85833255637547,45.09836958920878
75.00353744183934,136.2655860014222
36.785146878907476,30.736308699134398
112.90299364093228,66.8702011238631
171.90404329039646,37.82788827151445
59.385030726323635,38.12344273117963
139.57209117949145,31.66140234178886
116.49168248933381,159.74240268213492
5.9735566795164114,50.453950605091734
94.94270080922556,194.84012560667787
71.80371824771888,106.50372706583398
170.20702625830123,37.76299009379128
74.39193357987618,27.254003387040015
82.3231209085265,152.58679135830565
120.81320369716009,79.80063623141237
64.85326326231989,41.75255291495854
42.989734009210586,185.77644003018696
56.81811365093021,35.20774059626569
36.12303905231304,42.702758623528425
154.98595763400286,172.8743958896767
7.958373709948287,52.805590101514284
115.64328654019988,42.935813092182975
152.91630818594317,13.110702334579045
67.35710796614214,113.11964267344491
104.46604057410566,177.49922369608018
52.987494535226915,134.00121506120496
77.22744231410415,120.73394552558553
163.6648106792202,172.6680090376629
105.20960346958147,19.24175874678731
98.80368847415933,165.4091357523917
87.15799241407409,189.71610903770508
132.20334998539386,33.164063071635375
91.93319766710255,186.62877013822626
45.234988949520556,144.15177767355237
86.28123917429198,142.93113036741642
38.07503128021871,30.564545168253947
134.46982005151358,98.82588193894884
87.52540677421491,153.55230689357387
38.06198651922219,62.7063413026743
49.41949766246522,101.20225666011719
153.54978084584076,66.26931603440006
104.60510561732555,65.74771834845497
6.034371110333277,42.74568037250549
21.1621771663813,59.7584437307845
83.84968883518283,27.44412594691269
181.02487684735632,170.29774077162972
196.17012008579994,117.80837882842711
124.07661107644788,100.16159728960896
118.30418454768669,18.17854259881944
71.49728410707219,43.661651499507336
159.26276333997384,41.90324891316267
128.18520625954977,173.79796297711766
82.40324299156279,123.40509414982478
64.69483658592198,136.73047441003726
90.42792915814297,69.98124625886514
21.63347218310692,25.599464547566217
172.68621112986253,29.13388987726338
193.76887236243306,117.77400928851624
108.5034102744989,51.34521766811443
109.238549274017,41.811968880937
14.331693986137676,51.8735354753956
128.980617765987,27.33345422507335
28.47231017869708,118.93485179937637
187.6346203590452,161.96093941017645
113.22209250803851,165.98492060215185
105.45006395053055,179.32968980309067
105.18966651866593,78.37496491228856
164.71291337950166,142.1191449944419
99.54797326678487,159.58903568249312
102.2941992507931,60.16823776427776
136.96341863635743,176.4985099767133
113.4075872133243,30.106770778795877
174.05707843309617,140.88041850795395
196.24051310026854,76.1816066582447
134.0090828127077,175.9160478451223
193.4011619630213,33.20556216560045
192.04245232957345,167.58927895452175
30.087280169815447,193.6549576214521
102.6008259991935,29.050926759368714
62.92309374172636,182.10748804682294
163.2669434423494,190.3019163943737
139.15663785699945,14.322732982529587
20.901195343304128,118.47874667142608
38.100756899701736,5.102439231398305
41.25150382128071,51.16570619651553
76.06951699781713,192.89007732240213
60.19862635776196,167.2685795484944
190.22790489347082,193.11561416429993
145.9474858822234,19.081309770482232
71.02545323339864,112.244505381841
170.79602729368378,66.2673146416238
108.73142366959793,46.631706654649285
105.41463700291827,76.14642532817506
60.995625307828085,23.660271786119424
32.88971907562611,170.19323907310272
47.161755496838396,18.537796607185385
195.83702783771517,67.25443990053341
47.238947422910385,32.64484642597395
91.10418328513722,125.8803862944815
47.73274053635294,31.567253821118285
78.4156847062771,8.427113356755923
121.69167102881053,72.63317366894597
148.9711141668425,33.155573852139426
175.77085045722745,180.99695771427915
100.63725451099275,25.20624659465101
96.0635991628246,71.70820291597826
90.49542148371907,49.85615423888838
180.19441855713654,195.2536865245293
74.79269623356677,174.39466152620707
126.486337809762,157.7315902097879
63.44726049307201,111.27942330818486
149.96817173242164,17.790145442751356
99.07597112456635,150.02689190722805
46.092050180650965,24.06633513685478
126.52010347854699,155.14901861035705
84.21668164895328,91.07940615566307
60.988176903157296,29.510043219307995
37.049965647496364,175.1793972107372
95.65047181524719,71.02752075762149
61.08776963153149,23.992653280599885
187.28785404993874,5.381614316833431
171.296972779116,72.15624256935355
29.091153234762665,178.19264457454776
19.205891711840117,191.15316415494286
141.42067614951546,85.2691187597326
57.4468608061843,171.19582842041947
15.819576342988514,34.87963833677722
77.9212120346748,141.20819096995112
84.52874858914946,99.69791934227186
9.537250307990949,119.90702930918938
158.3924325362637,184.4023459037869
72.09442117038628,187.28549191912597
76.4920440423885,13.525635172856987
31.170635169993933,38.39150834961783
185.39780146730433,186.25661876069378
122.48546284589935,180.36611904089867
120.7698231811374,185.2105494650866
175.11587136934523,42.394557337565644
166.99050625585056,16.574249967780727
141.00411398076076,22.65176789248965
41.22652071906005,22.411320257452058
178.44154872427094,193.01212992770294
18.852210824214012,64.41928321874715
87.44752652511504,191.74846326483572
98.44127002156398,106.44539354917846
36.00470905364923,29.165819791953144
85.73532882235449,36.180088019643534
47.41853137750744,46.17691597744739
190.29798369668768,128.97397871568916
51.736989340700866,194.43288609063157
134.26501211259202,6.057931680234122
35.75788983764443,188.15337872872917
35.14117059543372,15.955101051655928
9.175288011901625,128.70265956897086
135.69707057759584,196.34587809112406
175.28443820480922,77.62899732831386
88.35633756171713,48.119865797870936
55.280784560319766,172.31625965266616
127.04627396195397,174.57754574083847
21.14318391301457,117.52168720948333
49.59413080908904,145.03341404812647
100.20210309666304,66.5957731646339
119.55649387776246,44.69058957652994
61.25034567685246,31.525580340764755
176.54448940757126,39.94627147790366
129.37899465103067,165.30979348877318
7.6136325018146085,37.04921827693081
55.52357192591479,38.386343696717475
115.47499536646384,16.097794475380386
55.924259766316354,185.5304826598895
81.38142238634778,41.46904771426165
166.2218868072573,19.09406729222118
87.25451376656004,156.74906924194667
141.07480875107763,101.87216949661854
161.90195349217723,184.6530946952171
29.32451943303058,20.850390583830595
110.24010190083779,87.08039488605387
161.32674632593395,174.52123677707283
61.56564020062513,99.87035693301358
176.43496775187435,138.75059055824255
107.79160309730844,74.25221635925061
189.4239877927974,180.53675191376786
36.42899902660984,24.647375626029035
125.32206826610945,156.18047204490236
81.49494226906296,56.34022048126956
119.25527809925664,180.31088529104576
46.92491174003418,126.38321201339784
13.811637801993058,121.6558525337034
149.52652361229943,15.242764186473671
114.41997450123543,153.22037634377963
41.77415808785747,48.82944559212398
14.895015643061292,20.51477556129271
168.68846358357237,138.79519544085662
22.990740903548883,188.83966589729326
194.91516426813683,66.31358419473163
28.87712784694201,31.6216836888384
12.147298444845505,190.56729428793207
163.2547622613904,15.113563782187175
93.34865683543009,26.41503246164764
82.59749878494866,103.30340836112293
92.71474345355415,98.94107047121489
53.022644652992184,174.15699254006546
166.1699503653198,161.58222267620906
13.164179370216996,80.68649916538844
155.5219955676539,34.39614602693743
103.01581347468223,27.767575863381207
145.53509745250827,188.24339830865304
148.3903825791467,177.41835641663363
12.569800145168598,29.42033300531139
9.487313680519684,140.1633339898138
21.518932110519863,139.78629385069047
53.80505134234565,196.9534710671952
180.54695811665115,69.82847771077412
83.69932521086575,183.67119676252776
159.71457831744172,70.49262723232866
26.305461036445198,17.502342842162992
196.36616356849672,135.8381656302134
31.87515563983732,16.734106290570598
109.19506108046289,103.17132101087584
79.47878178071356,30.66444534652051
122.04400741023123,90.57239406858909
159.25749459892901,45.286986483355946
68.02238457052248,110.3017827969891
104.48648056026279,58.93589108784332
172.962109863198,137.69159982097102
58.84419087417009,186.80080739876993
30.902840807929646,70.92756203663119
133.006085986513,67.31399197900792
61.34995326652772,193.64070274005314
48.37476317903331,58.637106702980326
195.81055417409098,127.34951553314406
151.00233752258396,191.5126434989583
42.78505588012863,34.00543478845552
153.8181008610767,184.50942337633188
172.57418618637269,10.271089341602059
106.74000215543889,162.00410246713403
11.052398853424794,70.80290787283496
18.254249067150628,14.461540197227164
109.32814594795036,167.61796651349198
113.78954365388802,169.6127433608257
28.22562436704498,52.84825720814824
125.66341286440257,32.00478713315915
50.73053890085164,46.22187578003116
36.57663534970923,172.52956665230047
110.37411802756188,37.3823542396194
194.08622527238788,150.13010777812138
19.78919971819397,183.53114562635454
121.46912869439049,55.81282482670736
5.7542365409885186,137.955526890768
7.083398601328794,31.618731792437483
42.305739975442464,177.25614902412605
163.64129566551495,69.4185015463369
24.827320939292047,142.7509788860508
176.959957498837,179.77374708029942
90.20499484675734,92.00531163074854
156.7435163349124,12.04888928992738
68.23860169114849,136.63307551143598
143.83841175491932,13.544341431345618
130.85533907437713,14.09981238869607
190.7797922132777,19.924627331451227
141.91493139053742,35.521898006670206
165.6818443618185,12.723755597842656
5.407476667717415,19.940137012377456
113.78385431214635,59.417543326639915
49.42563358279807,34.7965290543975
24.401746195007753,129.17403447800328
172.60342053306613,135.4085361470735
8.201732063260847,22.03345331205897
47.90496478880618,5.994585392342438
5.712391554554071,25.917392189998985
145.91732590404052,32.16234935182117
166.7383714210426,6.096267443492855
168.68224896603246,19.52575219952093
22.931667271215897,28.38862022613274
160.5057216736758,21.94573702352081
13.369770017994808,74.30104169167373
15.126701929742147,22.93468314671951
161.17257601532162,20.45007291258163
195.99561090619824,133.27109948821084
95.12100470078148,158.4859081901594
66.68084300371166,106.1941899094401
97.8081792710129,72.65030149817501
46.9627150768855,168.7083057300817
141.6714528173129,79.15526149398993
196.4193511255182,153.20297586084388
95.86849712696952,107.79479727597045
61.96122998437999,37.47938117083704
67.5837095949619,15.693994285570987
143.17447359433828,77.29410753731281
64.0316889049619,39.675494865216514
154.89190865141094,8.903073772127222
94.72657059001462,69.13270280687237
100.29369645217041,168.59373704893275
61.10933905121373,196.00568055251918
125.47759535597412,176.95489285010842
120.36632481644203,37.41030796227556
35.16842997938689,181.71608661355137
131.22035625360712,34.43985870678371
128.7238326005483,85.65186074918805
43.236307023516865,120.29936600810859
112.28432922547637,20.313118124093062
171.45729911817696,21.141274178124256
57.263430010157904,16.46260795700908
91.65608052435933,175.17183010214458
60.449967372793886,25.187910816664903
6.793153758950334,195.46827608765224
78.29299528469339,168.0216612818206
107.95388610882817,188.2679697456514
163.3168390465525,29.68237251331915
157.30263170946637,191.58885552722322
121.85254224233047,33.10628785579533
106.85420544797681,43.71757422695036
182.14431652112094,183.82802309338655
113.61729682612544,187.52675987940705
116.26458198151995,100.28041629468929
42.15374884799952,44.177993821881174
83.44125936232719,94.57749486726435
92.66505887759917,37.098733509657094
20.92180235478366,143.91228478126547
65.89796324032943,41.60321825650065
98.48636305576902,25.602516039444357
72.15500620860502,143.94191374371346
185.11407424302263,173.25850885230346
84.72591206675764,18.90007252538685
189.595963886982,18.256324515133166
122.77707772239302,61.645593295804254
117.90741912442523,174.2938035439663
27.026917422067054,21.703249187861935
6.233250182640866,128.0833325649953
139.7297427613101,100.75868256616516
116.17902460821789,42.356511973490115
142.05316072704196,42.12560211203289
141.09668527382905,90.14940604173
142.49780416671194,96.73464572190382
105.20206783373641,64.42505139425053
76.5414638593759,16.957621362686446
164.8579277445287,74.97854681141878
182.74876687876153,133.90504873635763
115.16838694153864,73.3282153301597
107.28353027977141,176.13721731358754
109.95603389752337,151.34107391910632
144.23448341425558,183.20333316860453
170.5276347940941,45.11487523567851
9.607116518993502,170.3704071824598
17.72118769830266,123.74913161769265
85.75646244718963,64.69358080808715
193.13605960666533,27.97936481318828
83.19257283843179,43.22901881166589
71.99175003676463,140.05520004266506
15.421692669183866,132.84989389944076
7.585439780952246,187.9279338324064
7.428766559468322,168.988147789802
94.78392701594964,25.202801158551225
121.32132739999898,6.360474147199962
62.09359187397137,101.25287533576305
62.74925722226736,194.50235210828197
61.85563261132801,134.24329522775665
92.73984966121535,32.12342056427698
118.83854476073543,150.33272055956786
115.27473262452101,10.941888785188999
169.0593479589998,8.23105035757223
107.94534162361629,57.78093323764581
88.7676246678218,15.068268040153216
193.06803602374092,182.47505814802352
143.58746649018474,18.190807228666188
126.46368785639754,190.2595135265806
74.99071004738376,11.20009859577435
33.73324369750425,175.2194914507914
86.68674847667963,67.81000410383872
113.98034123212564,99.35410543600955
53.197699913761255,109.78186229486384
72.85497595320152,19.429081288795846
63.78583807204489,109.5023899255618
5.28376560596169,100.67098607473882
9.080309280428741,34.37481915243777
30.00618903616208,48.518814267667224
134.16512609061996,5.918073186783831
137.68699541763291,19.779144917432713
99.20353886348356,80.0089564559573
44.37966018891358,23.88900036614197
89.51266823595809,110.09157016189329
128.42100046283363,77.12221145226113
152.60430799071955,9.439149489122101
12.845118135530102,188.62005282958825
181.9745281093263,69.26665075216248
196.5345468123412,106.50831383067403
80.59036221972057,139.7137137059379
26.838940890955524,139.21110800277268
71.30780245327296,179.5267869152395
165.71047125180698,26.627007134095976
128.93719840643112,180.9089473194638
145.9514392504366,8.018039073304504
173.09990424926303,148.16068837602973
154.18104004366725,192.908891863424
119.69884222426211,180.6310259639941
41.492974446035994,119.32537927464298
93.54448619764207,99.4294741096551
158.58680613639416,38.521186681157964
99.36577562534643,157.8192813490893
152.00280176394403,19.353409265698495
89.57484198619802,162.78052466370093
6.778884639043957,145.3889732146148
99.09663166468339,53.98646853599426
181.41580990195797,66.8648579936108
24.700063341339792,119.41108368714298
86.64938939992577,5.659847986635528
98.75958215451818,40.79331732366862
147.28924297678446,102.93867752539269
80.50002351524694,24.330012881399014
138.42304670929065,75.48452502176261
88.05585505726225,56.95679366761409
42.8997278129476,16.837455136463543
38.17931327065187,34.755410496037165
148.4727597957,44.56274312262081
43.160662254731534,132.33694522862487
11.330606148594125,31.52672520502775
151.3072620063258,69.82421885526469
105.49835656244015,67.2626163832116
104.57236534199399,39.98945898584446
23.21780213401033,20.748404336974595
77.35954317081108,35.56571204965542
170.8961451425252,177.33402378583347
186.3454652867506,38.159809624019765
137.29420044386697,182.76847216359403
155.44917043972197,33.92722546008423
82.29097814687523,57.74234964447634
73.81124381456824,23.787470415858582
107.71403515424991,172.1302097161356
30.432773424158622,16.281596142015758
129.74192342579173,76.71648206210945
48.9028245441671,178.9376317634268
105.68422990921997,99.54286991459702
27.607098854403446,42.405092692939824
71.44531801941538,180.72259485927404
94.21808746268107,109.75819643107505
190.78716319698486,191.05812896644264
15.664404130546753,68.42337804766366
65.60835063681168,27.041218067624563
109.2921040099029,70.34074997015483
184.9409732607244,181.80215043000706
23.15610966315754,54.41688885725602
172.2935575084671,176.33246519063988
32.68867596023952,44.39077892256184
62.98227026748218,191.022722514879
101.90094589164663,6.876897864493617
94.8028841785092,155.42498473244314
116.54445471421808,166.64185734882196
55.417493445042794,166.27094039839656
122.01273391826085,37.51099002792432
191.77719262031277,13.965817976622743
106.35972839608198,148.78373732731737
114.0895819600685,188.27225519029335
81.52224231328584,165.66278265614898
179.82619893480364,14.90880720943521
140.3250078848397,183.5129758693179
6.43889603719602,196.3000027521824
51.0233635445807,46.788916153275075
191.9718486175661,194.1485325606908
164.26403694020527,9.853290170111768
112.25609761392963,7.3698713284456225
11.077627276885167,26.149374244359596
96.96668132208161,90.90229068626181
50.57528287793089,171.30782044687496
28.45203894011779,169.86913066325198
126.71238687375298,178.3007384622191
96.56128742221597,68.52517053931552
53.929214310655226,107.73063374478033
6.409088987340445,114.41841268573089
179.30506845739805,135.07818004667848
184.07804252816257,69.28086583382974
187.70813098197695,11.168526184691551
16.323023171756187,190.67336560896175
88.93585353927531,185.66309808618013
84.92901600774954,32.996889266791676
168.15628961606564,158.47709061949976
18.48180145625535,42.96950762214024
120.85342486054769,179.49649715456255
52.8373436857661,168.17139404497127
70.36814329265286,185.34471223766414
56.55300095726348,131.92102640334178
126.54080125700719,157.49071974854752
42.668712179743224,26.446143297610313
96.44454093403644,69.9465454422915
54.90012105443394,189.64935584245399
98.46219676153775,150.63110172279679
82.9345665792976,34.93957445431051
87.03850998166003,23.3130912977906
116.19366593815406,158.11683228356486
68.7209761914343,174.2260859174271
106.0235647888542,155.8481989276178
129.02223830675769,96.27692397320247
150.7299092469053,25.463312591303747
98.57263472429004,53.37403499027358
148.32019661099037,11.63339003988915
114.73552967181627,102.69414794511293
179.22016531499744,185.50346330722127
58.161729165422635,183.48338196800944
89.56252810787625,75.25018053690341
23.913640613617915,10.796756574518218
61.46302727633263,121.78776963585838
83.11638898658566,137.4258822063986
81.06798704770796,131.1568627357952
179.07481485011144,44.429056951833964
190.43820954452855,20.20688141291532
70.9047910933159,9.118759547655099
78.98733400917494,102.5330392177215
113.74144739119865,68.16751095399356
32.06980898905038,177.36635311150297
148.79015209807207,18.49777048461956
107.10618503517732,47.74437351653878
84.5911583653325,185.47205544841802
147.677270895134,13.553903425153601
80.88238930651733,130.44685734466233
128.39951098090933,80.09601598267447
92.62818772783851,131.23954251014257
165.89662635781804,194.58348856831887
49.1008469154158,12.01322872000983
64.36009401302319,10.053658263808025
118.79692298383084,147.32601574067522
134.79954352937327,188.8280273219888
158.87667082948386,184.94469441665672
39.47770112752089,31.950371537618796
110.46616065363065,190.39592562654792
153.67107969788162,37.98370184985755
181.8255244590533,157.48609000806647
179.41127554558864,24.062626750491585
151.93438844968318,27.784581972220032
139.91532796524794,96.24281247952511
164.1721321927658,29.780063397988563
81.83796698043135,163.41771092842365
12.506820332467727,117.83523517559252
115.73202250591723,22.795228427245068
17.574053850129484,73.40214346738298
81.17277924691244,161.31506713584812
98.19678909100286,192.53496196247067
68.7626111637441,112.13580459124124
145.84145793692997,74.79815953014659
64.653768033892,114.39440563921534
111.54420529551165,180.9379723432535
35.760807591226204,29.454822321211932
169.9970797130161,140.58942602629182
18.67051121611553,139.1080872293855
131.3802967569226,36.933879138468896
88.05334554475047,62.09727825247649
187.45322760234356,13.22134626715173
93.15165615225709,54.5314763278438
122.21891445733738,174.39285101975452
186.44367708544,159.71352321875796
125.51472902694124,164.07770830635667
81.04503833071988,176.4965864571791
30.105569396780567,9.109715417406345
108.12360838407814,171.83803257150802
28.03862887478568,143.17079112139464
129.4280294940063,20.836916165031298
36.73457754173536,43.872706343892304
40.499221100543636,67.01564647871865
118.4639501675497,179.91581182837174
160.44594916348007,174.96832759211668
101.96894759842986,19.27310756432308
152.81224434358782,68.49898450493981
51.991325469257156,173.60762062569358
45.1602346034665,54.12625483247666
125.12005865022604,162.8294436008606
12.54158083225402,30.83978674914282
17.358943407235696,46.976898008109764
83.52597676067955,20.663650176257484
136.87425445251495,178.037919649391
38.131502886280686,16.86273230052663
138.45383031679197,44.39648514681824
53.729813947975074,143.46143813599005
170.6852364178239,195.0038417544798
105.962479628497,65.82558830535451
23.10511161993534,196.78899722359682
196.56725168210255,181.8628147361873
115.09684009944787,190.03261335372963
95.12782439064777,111.01470622440466
96.40487768403896,148.98325918212518
58.98391383682145,126.32701933322832
168.50313302954032,13.789073509520613
97.70712428243736,54.08423244556944
113.05140542116303,149.20206442731933
190.35557324033206,72.72728128541155
172.96796902969047,194.64006470714486
11.620351176295944,138.4731951580407
29.28633653329838,58.03951013968327
195.79154470177218,133.79593705600823
154.47853947987062,21.050582549649043
40.55909523868426,185.5192341764525
143.36328287911368,81.34545530019857
95.01647589929199,24.834021829889036
9.333173541863395,62.22557213300767
119.76974779646827,44.990305606204736
104.32204823690674,27.647062444802586
121.5571641078766,185.10797093931296
141.01623506495486,78.521298922086
144.0465014479897,170.71542297304126
18.999171976036227,178.97380479796095
50.65974356135322,145.96231348088384
167.17322431059807,20.028804175225936
44.224742674474356,179.75918557895832
163.32264485065843,188.77862062472306
177.5482267703244,175.86679979106373
48.096402344762595,129.73796130940116
138.2999216914047,89.25574628202554
28.98332904449742,170.53038152850723
14.153439934324137,13.23674349381362
8.749850289655187,29.206649921759123
51.338164509554495,193.2706631859838
142.71852535347037,93.37995780010225
94.35556441950138,36.60313413890807
187.87552613136117,146.03807926984686
49.85785936528806,193.42671264450925
155.30579921268443,73.17974852043083
21.285469142901018,24.05891290228739
30.98308563643534,64.04467761756273
114.78905362706354,92.62453894459227
71.86140049831309,196.4085851026217
146.926074444514,67.372644140779
186.68137379452085,21.210057475292807
81.33067339987282,127.75733555999854
28.742773291874784,71.81862355136889
95.99250359788546,165.12167972743597
19.96445203395052,41.68333846879715
174.00100860561608,134.5772379729635
163.14119555845255,192.84882724567268
62.80061645160166,133.48538487899205
92.9179748811984,111.89220782631048
51.49842976835625,111.3189561886017
159.48649147187677,75.4552157269911
32.193073452888946,182.6164751494971
97.53749621490978,40.082462001071974
163.0495481174766,134.71551843793435
136.7674099032912,43.59137940038404
123.04384750457703,163.60551273895246
65.87558505340093,173.3755457325173
189.6486974125316,26.659221272707214
142.27869086444636,175.05356240262867
196.6387608413348,15.425314460820935
73.07398470079373,16.613079294195195
44.49444377082665,122.51097180512487
104.28403328089573,81.13089744002428
86.09918818861668,56.93564197165772
37.28740170209216,63.204614804289236
131.631310130691,153.68580502537716
60.168121998681016,16.283547446890296
35.58559007998047,182.25064286605584
175.0744764897823,170.51248196141003
44.544520295046105,171.35381239951062
31.349405650770283,21.210993520439043
100.23829659286638,46.65038914728011
176.16351123392178,142.71221363816818
72.04391802210668,8.334281628540914
55.58511057242814,124.65343381703913
68.50037155574466,133.47043501125432
148.35072701690314,13.573464885438124
34.63899732811403,11.982402169993327
86.98621018536168,143.01028075483688
108.28611593419433,153.20848295347156
43.00692733499363,28.977199429383873
138.47353705302757,7.505150801846721
196.3472129579652,106.35899335623452
101.50545937417604,86.21648457271823
193.4025843254632,127.87400140500687
17.69869310175844,7.109991746790939
90.53790754442916,158.6901470377657
25.855336892743413,14.319127937590917
163.1198554574674,173.91772127862967
168.87978238067916,17.876692651832627
25.07808912203624,53.65534346518749
89.26148185528783,196.38447807001555
22.257678453340702,138.76194678184274
121.69394792428506,196.68701696884912
128.5949791165381,15.516065606379636
38.88445683417419,176.00052424305315
81.94632095444115,118.95915610293522
98.95968813308657,67.0379817620728
17.233637759622304,73.57513844186612
98.13405442514711,73.03111398487411
78.60131035430766,26.201425516542724
66.41875585055632,100.98983823583524
86.02768619636747,160.96232982379286
6.136656802124748,69.02651182146516
85.53559684144616,167.57182520995272
148.8066505793784,31.980301145973467
192.33213476357471,121.96429071057547
125.66090052575312,37.60040797753637
162.07969223771602,74.88086892493645
142.6826186153433,103.27834969688408
151.85790416740943,22.455161451753952
85.00845010140286,71.5934313592417
15.013783722363048,178.44085972190524
121.1844286407021,34.98554080330512
42.37177771804058,47.299690961517754
92.16899272991361,171.2808656750898
53.81044157839409,104.69448038193303
33.6595209814788,179.67806894388494
108.68789796533414,90.79455014822561
119.57048516609274,47.544737735370184
67.4086371311954,119.78059099792829
26.84518558200917,169.47548386465948
49.800933032441485,183.89000412922445
90.17290237663006,72.92261631097661
155.41509920970492,40.7848416618675
137.9638825916003,180.33302519277197
151.51280327477133,174.1600418616374
74.58372990691234,136.16364890697696
131.5829092030327,76.40777287893692
12.164659359288967,166.01966768032514
181.1877276577602,145.73141331393253
102.12923190656443,84.1813284822884
15.748951027952078,86.55679805493308
118.47145372832699,177.8421551684244
46.7217711273937,16.5046985605648
33.73598150297597,46.463890465251126
38.86540540800218,112.92358530756354
128.12164908577844,73.3713662740917
189.0214148783414,159.051871616193
71.4103117722695,130.50586836414806
18.762218980789065,12.050876321749183
98.53966664030845,64.67127838308443
88.36037640966526,185.3014034410277
173.57561911934485,144.4109510149264
91.74801949386197,165.91475886136794
179.29389962802787,70.0019880504411
191.44126230936732,42.704051944147956
121.04173392500077,29.995099872100578
96.3381749517824,65.76478717174167
46.82042278506236,49.35009294703355
118.2139400561797,82.57181845190763
6.048370093786313,88.87886074706931
158.92450806233495,173.56934532219012
54.678042558358946,36.84943518737059
87.73070217281146,160.16774331601627
192.6507144146324,132.70842909567668
5.9990648833237055,54.68168092134
17.663350436749482,13.50964627124203
124.23561623776395,49.82914283938152
98.89218690344077,163.03885393488335
186.76787259594929,153.0967755599622
107.82330793855903,103.04090690468894
118.64253339786522,15.114095273731623
38.0214972077,52.365441861610876
22.39031797557677,25.544205944928844
87.36940586601636,120.2352732481777
105.93575216948331,113.83769393999067
36.450292125894684,123.50401706257915
111.3974715216543,55.12394039510457
17.735391632858814,119.82329716724898
20.75466044314741,9.707485516101732
25.256999761759705,144.61705984914815
172.8684411511273,157.634081989474
96.28809081484073,65.54902256409211
8.836227339635416,46.49359569962662
146.4578011483109,175.4304743104409
111.10197218077244,158.73174620042403
90.6678403869174,185.74083690694061
146.0224473739172,91.86808287984773
185.53902118646684,151.99145499767098
114.81680089955307,96.65210346713371
43.343878559946795,173.47413335444534
101.12966163187357,93.29638138529596
88.83117978896058,32.575536722526984
107.62590780415145,54.026948064560756
41.19691323888462,38.98127618868983
96.72188543387054,11.579180215713112
113.6284347720162,183.5400119488235
86.14190028746748,110.81194991329193
12.359598948763622,37.4847417226902
135.8152581260109,101.1776166767982
30.83522629756824,141.87303524384848
26.254918237179506,178.691259285676
111.6260466536234,172.97963906096464
155.6419328432934,178.66636038819956
191.22451471787306,68.16139014744786
39.299333858953005,6.714052326771371
84.39866538671205,60.38928556673484
105.04956263792646,151.27029725578333
185.75237161387045,156.78316157691307
111.3855583844764,51.91962867415797
39.07811341141622,63.00167740782079
13.767146564865516,5.946607046179688
110.79960134870312,178.123432163239
121.8724917515323,44.18949112333382
171.7677635172439,185.31522005113317
166.02595614690551,148.69433619650206
68.90549780467238,101.49039201568462
187.51807096747422,181.9509910770629
108.51346620029615,59.46441250607262
147.05292308836852,37.405516733517466
107.30952721425024,6.373739684790169
178.86234615127285,149.77509631196642
103.71614231804175,83.19281536125776
64.32422173001929,7.318101527291762
196.5497788967135,97.87184292838961
87.01600807408113,36.619375773424515
108.6523545626092,61.67033663399357
103.30385710936247,76.84177424912653
69.53508862076465,98.78064756708311
116.67800800805315,91.99017565572167
147.81184334407214,39.851434099541834
70.63215919653254,183.83135213185062
52.12365984990711,40.895312975413525
98.75885763893614,169.88584430496886
102.08047141310782,17.29715540352965
66.4770223967994,144.44117821674143
44.44172245456772,32.09985114029927
10.567466580221087,20.82466043909124
157.69959841427524,30.586985069432608
179.19482934125946,159.42760096781706
154.80209790509312,27.546713121936712
74.51077379213143,117.07411615565412
123.12301842089403,149.35902764136029
194.562101970021,26.12749076909211
45.31335396810962,121.71037416911143
140.90184974086458,95.04210117109926
22.65659005357833,182.55610009027637
65.82406598284594,107.04192985860101
79.52796185486326,171.2706299298994
173.51078252706253,165.69658552323804
119.1212009109276,46.34066642453996
94.289432818137,28.45259063225292
48.861054291289534,107.89841662559111
34.54605643004085,29.691545381215445
163.54780389134456,135.41709456673414
83.8131101598066,85.4686246635695
27.54504925310125,132.02140388824026
65.11826534581114,135.8973801677635
137.0198248514326,193.91172707198984
8.687539534477487,173.95828456919352
173.2986486868835,158.68798306239114
145.9009797659844,99.97201102488845
64.7416667305021,143.02037442607758
106.77030218111736,113.56729778488318
82.92427021401943,26.399769746080622
50.7576044933588,188.91424525125504
17.3742540495267,140.87100903076188
125.60677419694768,43.82564051052712
82.79610561310375,76.6650436524936
135.62961146983102,91.03001731552779
24.402907325901733,48.29418517708454
99.31548440966063,68.02434100393855
165.43015855035438,68.56236710062399
53.997344411244995,30.334523635354408
87.31184279043639,97.62068730920497
89.1556024205848,94.84591118384566
170.14578356444702,10.758104940303106
94.0890805062772,64.37850686498612
96.66845485032985,181.4013816879163
55.55914925862279,179.49513245491792
147.1688629320871,30.8775494304849
168.71967457368052,70.10837363716062
122.15766896990246,178.53749169725347
129.06202271939807,65.84674993150365
107.90905137160392,37.125364441898704
5.973950500264399,17.7854197765941
43.91842464486018,67.17849011357494
101.2723893005142,14.448795817780619
147.83081884350764,82.6493515665264
30.736679259719935,62.104440607010865
107.67914748054541,88.7766214736192
181.60064253048108,35.71979253937474
129.63005671039917,66.89779486184449
174.00393524830238,40.74476897092835
111.00844574092226,61.128485428583474
134.8605240214789,88.90351495454249
10.726845782979927,193.72770035824436
131.44604001960832,22.587588197152527
54.81700122490428,26.416317507512762
119.4394383996425,19.55376886800586
52.02536068705718,141.80455879528617
109.5040450249679,59.71424150065711
92.96119341117497,40.182587131966045
117.56012869067304,37.01589320573598
148.34169850034257,17.303483301348276
55.97012954819156,37.24977384160341
71.34668132783047,22.810810694984482
178.983126736512,155.13092621785856
64.0742097345892,106.73199720775617
95.86186797756713,179.19910009283583
6.394729141598791,118.8771951787837
102.32435168966649,170.5768977065477
63.22442683502786,142.75420417745366
102.84785987339232,86.49515137593016
66.64789138767702,103.07517046222534
106.27525073276846,190.21522445304254
184.3983650687682,167.8106354203819
78.06366175188045,21.29552965708814
91.75980045180302,51.49591595038734
85.22185414715206,54.483705142756094
37.214187789515215,188.12263889258767
72.74336932752476,127.99013877738446
55.320360697745265,38.0381849532409
62.67235158905604,173.51725372304483
140.1729075945647,171.39734135941862
145.25465682613032,71.96896301561168
132.19778542848104,154.33478503548284
192.48976513953576,182.3883388681701
179.59551592768685,162.69970275827555
95.82573680582726,85.08441913660054
145.389241800047,191.50355460168035
176.21487612428058,168.11302579309293
175.0297892517547,190.60826674488757
31.378060480631582,50.80537714941304
95.97042094558758,78.2534985068103
187.4841037331838,191.40910549910882
60.72879159061899,16.433421275495963
158.32306014898614,193.01589739916312
141.03760314833508,29.253565951865482
108.45444401223736,78.80225149217387
195.47758351970174,17.22941267356795
86.40900991581145,98.83608127731773
118.30903834576239,36.71382089693567
147.4286202254035,196.21604385257245
72.3316300024677,173.24551688827557
111.26594925290082,24.21727666113319
97.57424708603102,192.3349411297508
20.92602286585042,177.92723748090575
79.39719363895799,194.51286862593403
52.2329963282309,193.14935159677287
55.803527901381024,40.91817635412838
189.68932001759734,187.77283093197477
25.202669711397213,122.32854766788681
54.080718726961756,6.151308199232542
79.97104633720419,104.08921237597511
191.97020072914734,120.69008421869825
23.843239592438,70.5100430379834
56.11173622081242,137.22138309057675
79.76792389155804,37.10131625140892
183.10412155402196,182.4449693736029
41.90685092197117,133.72646697005305
5.342065533725017,105.58486090210243
183.29467468037177,44.566126375892274
38.480618948826084,145.70693512025986
11.9578052445265,32.0423713692528
177.05386774737556,36.127454977454455
66.7613876651207,45.883938469831506
85.04485465490579,61.77313485212879
13.22994184191844,27.738761341180663
141.31477247572246,172.8453226001416
73.65209894511833,135.82192321836652
7.350642654356272,117.97162507358122
182.02813819383496,5.813274675810753
6.601039300285976,68.59606117510465
174.9875072937178,68.07733444481568
64.98047226046789,179.56586214228153
15.7455169603983,84.12270793829059
159.53753287605696,170.0601111611058
88.33630389309819,195.6279348758151
92.55483870064995,127.85352966054295
61.166461045253605,127.01796015360792
90.26986601554266,190.7221928923649
121.10640722419437,49.234748824903605
72.9870809916736,27.842646143781213
180.79209152221145,11.131405533435597
132.65039481229692,180.14073682878873
84.90746898438708,108.09691516410327
171.7880823244533,151.41122246154796
111.53374354198885,69.90706832418546
194.88574582744735,122.68037839867876
23.247188675905736,170.56728426033064
112.16062219396983,166.53046473548577
95.02011914371893,131.71484864937497
20.978456978141477,123.62992913467015
121.20231367979768,12.033348477065193
188.90621176772416,34.47230576135293
41.98825150751834,137.79006089157195
80.58303460534118,109.85801417910683
22.372480020805384,61.10260146093839
105.64832257605345,193.68771053504327
58.146280199271665,106.7544021306426
155.46257318820685,71.58583304129175
39.30553896988917,123.65440822549546
70.51630673763793,98.3078882619648
45.488979163088125,139.87375425538227
129.7387585592185,189.0626514642761
81.73557884184756,102.03489869740879
174.32989550467158,150.57507166930208
102.90317732348694,57.27247151453838
81.6768571649492,19.72173222456778
85.4174656094191,36.69186721495969
154.04087094449923,44.57085614931052
32.09672950861189,127.27821767150515
79.17129187085565,132.04271163486328
84.68547671743808,132.78836877692257
136.3223220630645,175.12480509039221
162.64191084065905,10.052640582594837
126.60340799895337,32.1713417645794
178.24105303746194,40.78811625543956
97.7748061063111,58.57546030178714
118.89814873906228,71.34068483450557
182.1001326607266,176.8702605414623
187.18660046144421,9.439366495115662
30.067946789921084,175.06288840627815
71.74817132827721,175.92707801042096
125.30512418591958,53.317668207147115
134.4033320572084,19.441219167052324
125.70428903117778,38.08153088774623
133.5944091464348,164.12036246193597
115.49525524989423,70.6530515762176
121.58726472696024,38.42685616223906
107.36256417140382,96.37833142733245
105.95046647308575,149.43129400527383
10.063565672909592,17.184422836669427
46.046756560795224,53.75481990795147
15.210611007012943,64.85646504072325
5.271587452426585,73.23326361542786
132.66992240768053,97.66328808435584
86.3611244262533,67.84948709671984
192.75986096011232,122.99279819080893
20.72031299095704,59.510054057595255
151.11948656996307,30.570940359067542
44.46623484381999,5.597362613271725
29.641442243130406,60.94831319350024
63.849876065897824,136.60679185972052
82.9064812603389,88.99353028633458
94.25888249755424,166.22356718815325
141.72614762395227,181.62400152601273
33.484506554827476,48.58366244012165
96.16203968705909,38.7791865799371
63.04496702784142,22.39806233251362
44.95104098410571,22.37997417348241
120.8223476164065,5.294673428922643
17.492546631992813,196.01679967654212
82.90961588093032,141.8110620066612
147.58029650999535,176.64446246984303
12.146050759384325,34.76493724068807
68.46470442959884,172.45149142421764
53.18209616146528,26.366422097181577
154.7759915601257,8.782152311747856
33.22705634646167,35.37115898501851
172.77878171311804,132.79031042177877
149.4778909105612,195.3424202654731
90.34571914083897,75.5817455566834
91.16250014102465,80.24051447721884
60.37860172134012,130.6442557859984
181.34766079444873,66.74363511614699
19.477973822540054,195.13544844933287
27.41694034112869,59.85123146684964
191.48015119813198,190.00928887328843
7.590161556993151,133.55933111988423
160.2768302221862,178.97171024782295
131.24621906795753,33.85465268507053
27.719505028244853,25.661302208838165
177.51885710264466,26.809120376743984
79.85286996314144,118.1870637188489
186.09789986318677,74.47619420906959
184.5472912866743,21.347020237601015
75.23295065682673,98.6638351431898
191.44059048561704,175.78504986713259
13.207116437339092,145.68638042173936
70.08375655592067,174.81533811926596
168.3383600047198,29.876101657081747
129.89032472557582,20.201520076904448
11.378540797570876,119.9970156154435
49.59532223155782,103.70666827291242
107.89373704701335,38.209122870987215
133.46897935100424,81.87770267992059
77.76000840500333,191.37510175921707
189.2861566853891,144.50068231819193
184.08080510330984,161.77660013122647
181.86557460539964,21.016571493913876
192.22227322652515,18.926277881113904
99.61459395949288,158.55833238598524
50.8307202527972,145.22113792967224
76.77410607672894,163.18930788656303
32.03925322008427,173.93522315916024
90.46211284400472,148.28734192223996
98.33179814894385,68.91100484783414
157.71766668263496,176.5819377603845
15.370249501934087,76.26529433490252
66.32563276441392,119.07612970483194
59.95909572401903,175.34418396856583
27.31702826309021,130.55425798865815
6.0881042333393065,57.18665700660377
122.80129215824,149.82668899982963
11.161287395389106,129.6640765132392
68.19318959761809,121.76690553984605
179.67145862864504,145.29680871531968
184.23477396440816,175.66994386065355
73.17690056691829,45.01105103893398
79.97867882447731,182.60701127945546
143.72122518840095,17.44980500836767
118.47804511537498,155.12715308361211
46.32566105109107,15.696837226011299
82.7731916942286,195.2141389697932
25.929195238562194,52.22745050223571
36.11351241268958,189.21232556989338
191.43804270821119,166.10116538688825
11.281657356013758,58.762183408758865
76.85272963649867,108.2958129306346
104.22625323259675,167.71572278822333
71.9286605634781,107.53689074203854
77.66905059557061,12.560339060974524
61.25716387013751,140.54934039894144
114.49224934926751,43.408917013949754
68.50320351414827,109.48590683125278
158.94197809843192,75.26197100634487
41.94041907917723,65.35115393884574
66.03905557325304,104.81046629690468
10.115684103105378,34.400971876857135
95.46574722550432,85.30764920781365
112.12304446905961,89.34259694391385
41.1990301311978,182.27729902087447
84.5741260137024,155.69440177385826
35.261742861868065,26.2965587716509
94.99743161114993,194.75859734985673
60.84260414323443,120.2666243917365
113.22863321725393,101.88397158919422
104.51340965451946,195.45681517522203
192.49272989518386,171.34404114957573
119.53053564680964,90.75519796558392
108.24502325622949,179.39187943533034
88.38106147521005,55.333591207826295
70.02858821342684,25.529738887037418
25.699547104565177,177.43254973480435
28.023590271084384,185.02434335367528
15.601767087477999,178.30106717209318
173.81206798755653,172.64445792747924
8.307683971327547,80.012383408114
121.37360454727572,186.50751764441907
139.9474971856672,173.53349112414298
36.24191299803002,69.73662094784754
5.699547170363919,132.34419962151088
56.96478601554297,8.577387377732784
192.731896419236,176.99510028146784
10.626134439829189,118.73831224968815
147.5639189339692,42.06263279325375
56.367707018064934,173.3156342138536
65.94034837146934,15.68755357403369
26.997607676606627,124.50853241970324
139.52615810215215,36.266584848684936
95.53172604021533,49.22415397876265
8.648160777782707,73.15031023611556
172.96595410753994,41.66279738990875
143.7798179573425,80.13835318834225
87.27536093306452,12.811940167001096
182.8889204844126,193.181735922439
78.28803371514125,148.9922713848605
146.31728522910382,22.03508198099159
97.42792161281446,53.92008935592612
100.9773452891176,186.67874845460534
158.69565502190466,175.91192415530298
103.33335858210212,27.528954051554866
181.14602751165955,147.84971529183227
13.169747218711723,70.88961072624801
24.054337332074486,40.31530292298491
190.8720972350553,159.04488122193055
41.52349879053434,6.068114506096893
191.15873945312504,153.0122550538415
43.693832607835,172.42695805280434
173.38632883511488,158.1285117398671
68.86695705796292,42.23142960555039
90.49131477052178,184.19338141536292
136.4952605174547,11.737262302873651
99.05362623119893,84.88607498486574
100.74985576912651,172.60768074222176
139.396712884528,33.915573917737625
163.79971559872783,190.29497424294905
151.9374813192587,170.02073610128335
191.16933488123865,14.13920175443296
78.75702945841564,104.77729170688984
15.213033361604777,67.86223158144526
184.55609249575187,167.27404868247856
142.08097197995545,39.965302166664934
161.0859462209492,40.35910454097119
73.35552690088305,19.74417801922599
42.69446195497084,42.07079726697474
26.02801729566545,53.850235794392155
22.461556084458827,16.819981305390012
57.669045631105924,120.48066647135165
67.93664983492465,178.40808585131023
25.308541722743794,42.200998222208156
134.19355353728048,152.23609881184115
16.3252576956953,184.39100558836438
44.288356661381286,46.42393540877059
140.44650382078703,70.73834649569233
119.3574935130931,21.93889099541529
173.23376944265425,75.56091304563162
40.300709840612136,143.77916085000646
57.5293479799826,110.68444350307074
48.310833041466765,189.25940662945516
147.44313013326484,82.81412850597434
33.821436681068874,195.87803287384193
104.94150855217785,64.70470895095418
5.441127781595235,32.251567015638095
62.572034282010264,114.41645862314715
64.70133245075047,138.82052388111694
100.44481793747288,44.59212033616146
166.8066014485765,13.509378590694922
58.36135949521809,109.68242151523593
82.89570590748218,10.315445317066946
61.240248023574985,22.478194020428834
43.03498175976297,8.39715596873265
171.2173014920157,14.075622721619352
137.80960068432216,72.20341018967144
30.678558520058843,11.436032485561984
118.12505905608654,95.48603044643487
59.27343760589074,132.15098071270762
120.53726189088019,43.94146665792707
179.45193694045756,162.1509974398695
167.070550589877,171.4343292342237
17.771663798674695,195.50552695588195
125.52360281428155,180.12580659555985
74.17147814357615,7.346275019681146
195.95540704852036,161.43902184141595
163.0536793863531,185.1041773422232
193.6227299822582,73.63352621576139
74.52529800790535,30.881207948422965
41.756610519840606,114.08012438042589
175.9219704795481,151.59564033120364
109.7383685506422,40.42012403288082
46.82644700309483,5.316193835442357
106.83334312182248,107.78748439842269
123.64219521150653,55.329212888856944
188.2013024042588,5.058796602234126
169.0165746514161,152.55213995015987
7.36761949114065,81.92247125554496
154.9146862558407,6.9394914349021075
45.222518764423235,27.344507142413637
97.92946397490489,45.59265503670954
104.1257785973057,192.81648632880197
72.23101172229926,39.74681521830968
93.2933098242751,18.40431680758207
135.66328384475972,41.67356137278255
191.35868690360775,178.74774021401475
68.96511000087214,193.81538886420554
76.21897765581264,16.432728437028295
81.97699412511953,134.7381108035511
121.54725511882295,176.53767211206662
59.32404947332946,17.893853804262573
108.78236854624205,10.685384365682172
99.09570053028007,193.0567441310255
164.11866366136047,70.44868981274776
88.32445920858041,86.742965772539
93.39036979735666,166.48830392503768
96.14234619789282,101.32127985662659
94.00293530082102,110.3245854041293
13.407185464634166,178.72890533978597
80.9029794760699,82.5445041481461
9.098225548458892,117.20508617413005
117.00543932656375,155.49164266056212
89.36396252393433,28.52240822834211
77.72862514251472,179.80289484183663
110.52621720370364,18.45369147697803
150.93934288623583,191.1022336923647
54.1495106505826,185.7133117981288
151.29118466280795,180.26677062916963
165.9712636037262,41.710327344491525
79.08449637867912,91.75731821667797
93.4359350611786,74.26740895452704
61.79644844413926,128.24008431056174
137.60465755419597,6.7912052257378015
9.609140022191879,36.30916168690556
17.577420751139538,188.64135894995658
144.37934972855135,10.367910993933785
87.17632943469398,168.7991376231917
18.25659676156643,34.30942713421149
16.927077993812755,33.830892896763984
94.79164755722171,154.14554186347488
157.54897400984999,78.55424997904706
85.48852662199478,37.25189221804082
124.54705447826727,166.14202185178158
14.497095197669427,83.6984656318179
19.56694412185884,125.52108301257297
108.37518881351386,87.29192674902262
81.65353868998326,14.762129379298095
57.92796428195098,184.7441643445571
59.14547306010479,105.67559888648802
36.04157324364154,51.40556979971029
40.673753127253235,62.37169151127939
54.693095373644844,28.618306013736394
12.89146255392862,81.9465288017237
20.11884942883171,194.28722164847147
49.62188272520892,190.88147701907025
14.491879766388546,177.77065507423669
130.26853525861318,182.25924367866622
91.7786944279883,168.8880970630136
104.28573632649118,164.4848888237368
117.04005796254458,102.03035297027948
66.48260094758152,119.71813152503198
192.96171835177435,143.11494761609586
125.01728217900117,63.83536060080999
189.82453915282542,183.10847951364005
17.38597229057172,126.50937614865322
96.56643306230202,23.085850993624877
11.138211051663308,58.54904954996227
169.00418918252373,136.0094799087533
132.4220824599795,16.45218389182449
156.02377285379706,30.79534431717058
10.016383300574613,189.87204076599193
16.469130456685175,38.601806948105725
148.71133561647423,174.49136879713626
105.2353932154068,8.811121621464899
79.2086431948644,178.27513664961856
187.2948469973032,137.4382830922587
70.15363916497476,17.382586295069316
70.93478608127589,34.307216562947744
117.6039990354777,50.21891934080002
173.52366700142272,39.86360271769331
143.4114321395475,11.176033826792914
20.82187745694487,143.38041312775366
38.399918838907894,37.99502008436969
25.779201198208458,11.591637902394433
21.47546903643652,69.55224574626129
21.281684326896993,119.92286976440317
194.61458324700803,185.65718414783268
53.96210520937927,9.538728289360584
152.44528367073016,177.49575527143753
91.38189338934944,185.83877519381707
145.92647117488096,16.001146514336785
154.88301341336677,112.73085533895392
177.03179167605418,178.405857433308
150.67910856088244,13.365065289572518
195.5429906079232,150.60099785532736
169.848795454385,20.50774597590519
124.65361271265606,40.494451382664245
44.780768933026366,56.92299595249198
37.51620328833685,115.62404411954856
190.4606040538778,25.107129916776625
79.03417840955744,128.56758581826008
192.6682479996189,174.79328981016462
145.75828220717594,175.32188840196582
94.8899143382763,14.764744915233683
8.259105482028644,33.00262598557181
142.02605833693818,27.078380458012123
172.31633233957075,22.988532329497666
93.73660697787003,191.83844050677098
17.810563382175104,24.774080801164228
140.740249748274,102.40630797680228
54.211371665630374,120.3867284212458
109.33868701122454,23.568245982568573
49.42646606096965,176.20520310188076
81.42963099898229,154.58385302707296
42.08382384811221,25.135877297685827
98.27699047254971,161.00968925080767
26.83290293543292,63.2657804060785
94.63986149097788,107.2378192119253
177.0589189811886,186.02484327377428
124.77634589556521,89.36335657650679
85.13125922915437,135.43383588513584
93.07008365539811,114.97281843816403
181.55399859339437,44.919220319212656
114.92526647815524,174.40365784141937
35.382678289145225,72.02584812048038
150.29794861690354,115.11799622853283
79.98980857329482,138.35333206823788
110.07169010115025,105.12788722726998
117.51852448799148,39.34775862682059
21.980050953289034,136.89313738233696
45.50423881247134,130.00969678440885
104.87602814164664,95.19707718199471
85.11431944636927,155.40445919345845
68.36108158856365,140.83870321736558
165.75624056892198,143.51740512788615
183.89184607804913,45.115490865294184
104.04992022964693,149.76489451633412
120.9323462893663,82.78932772318814
103.4128040462575,116.76133952604089
105.63310306593638,88.8657499637654
154.26241312232443,40.39043131533008
111.21704531590606,12.102551388667141
88.88538282903592,82.40852113900422
28.513014135179958,26.907296040872275
57.95706191892195,113.5937769293518
36.52898154079786,108.26227148400754
5.349142109531392,55.71162045020314
89.32600169062204,186.14142792795147
190.20373872679292,24.192831146458527
106.44254005955163,96.42116908445053
50.50072912101403,16.810317059141184
68.65691335787741,184.5372620234132
87.71957771658049,161.983234643718
14.771924080714246,126.22383475324273
18.252333049780898,184.0127488869242
75.52704815451987,164.28634273425084
79.3298132410915,168.8627314356509
104.01664996297404,179.1716751423633
78.63825676182293,139.0161296456211
152.55895332957047,174.12462869379183
120.98908891591464,160.31302071762502
22.462771993731018,143.9944429449478
86.68916758689393,26.35123916681756
189.21271969504156,17.868330603811334
195.95933598250116,131.39875722723332
133.2611691056849,156.95477244569472
121.66616308783281,30.33208920084224
128.93546628078195,172.76528740053453
111.07387007107553,9.231053399302553
173.744667719567,31.044091004073753
28.651433721295987,192.5695145850414
66.38375618303053,24.210594519504173
91.69311277255026,83.99779628561167
76.05408896810918,144.97591815814593
53.581657767097376,131.5774089692558
143.93022091213751,15.844941157005563
96.13710131140559,8.029468059607403
123.44966678667066,55.74330910919343
112.40797298873711,71.27656149229671
19.568589255378328,33.8640081818062
124.28547072845157,98.29516520157881
65.75993177375813,6.686206556987422
146.4595791010975,188.47361865557818
38.26667634844397,14.869988726212227
66.4237984397082,16.350407949876825
90.28367265465879,79.48405584756313
157.57986043435648,35.58985474185083
79.98130921739318,99.8187183810092
120.87062150611264,45.52291672824786
45.564421146437,135.35191575449355
96.59793250854212,178.79601180141108
162.90633249502477,69.34084059066423
102.22419447399878,6.70978563239919
105.13162024016162,70.33482565280448
186.5514363760808,13.625308196942825
157.50553133570475,170.45339045254715
22.402648339659113,34.326984672974454
91.56228171094611,28.819930992108365
42.91497000057934,60.375293260215095
74.45448012465076,128.20689312161136
48.245877277363064,53.98840520898743
95.14365288610708,98.1060713319369
138.94460504003064,183.38383279353218
101.17870260462567,27.48987307797341
144.18840778511208,30.110606511515233
96.36770116863917,63.96934429202507
145.2489227546769,175.54747167050766
190.60143624795208,26.8736444997191
115.81409407189261,169.10486767305528
38.289365639885894,6.692553540610798
54.6781727715707,138.38946190914794
87.43098069437626,161.65578453503218
68.27550954431288,40.963004291826714
27.956193004705714,49.906391392591395
145.8905389127907,81.51570086099417
171.93061762539722,175.49298253507968
72.35095417897838,30.006039427481767
97.01403225548144,10.833159750177405
177.11136713967522,177.29935959230193
87.87280499679268,144.48459273668595
196.8470965221741,35.95808507018768
83.11335199543065,61.935332548355625
25.05733569935188,168.82874814022506
114.42902346224503,11.840260712310792
73.40149081074831,40.51021599232299
92.10185476558779,38.80964346756016
30.536114041368798,42.8690682589134
52.27971261792546,22.187194390218277
57.32391894066716,171.34132415427962
14.759495892322569,25.316309858564658
51.285972336878714,11.742172522451032
189.95017544912204,10.643829918111633
58.60475957817412,107.12859355774326
27.645954142691505,122.49478655507508
80.72937594539668,83.40687988937745
98.65108219609142,155.37973372699503
58.22490710037013,105.11360073890175
87.43513788511353,181.62982624653762
138.53703835037246,82.71957686548122
19.26239184734682,84.225279442456
42.54789822438076,21.79976981983671
113.82294588199734,41.67676249081096
29.357510877689762,176.373727804417
5.374962762032277,51.94293821914224
80.09560902639689,176.1299536594623
52.2268552732669,28.110709292476407
51.550203857487425,30.689652508725953
38.09831959721914,59.83742459012096
16.791459548858864,58.42494197584785
188.80703922170744,190.00855562892917
139.99061192381797,38.6282997768548
11.429484642171241,195.33599671506678
106.0187957531628,41.5635432080212
165.66389558501706,188.6137704083766
125.99699033373317,183.1515469821517
18.585002481664446,71.16508237762824
103.5899487518466,100.2257333668378
47.639793605849285,129.93694016592355
159.4834072928906,9.147841790146693
21.793169108384745,188.37525667396426
26.54258872045102,187.8948466339177
90.68731208800389,150.15486654787804
136.41833222888903,94.65336765647608
91.58642936713142,24.485916242170347
27.188837424609854,122.77604029562362
91.87088832328233,152.03007324701645
115.61259276003823,47.04746332656306
186.17843110532914,76.0119090943345
152.908726883049,43.560177434033115
113.63374966332836,87.20486471591481
152.84834301370734,74.13066754465767
103.96171145209122,33.01794980208123
117.78318759035525,149.34974902815256
88.40171549123687,171.79830306153207
188.0416709202139,5.139885562199158
69.30604638426152,43.58353846551194
89.80240668289218,17.25000429360595
196.17416520392172,69.94788363507413
54.0932703798505,24.18602157924577
74.43692421822904,166.93322156119834
103.4383501820189,170.3551884725705
120.99287875348456,102.81899022768005
144.4436899286713,73.82307342190646
61.755970143993366,191.4736246046385
98.78395343188325,174.20399763434443
95.67352063570962,40.68975996979516
42.152579348422044,24.534944416792616
116.36943363089802,102.67350795739871
115.16875673735296,10.97598032798983
100.02273257143774,150.53390779458124
115.43664562788062,69.45937482095333
65.7539198446283,14.464690589349479
109.63585161571524,190.01081075175424
115.24606269448654,50.55583524081769
12.952542552510096,123.87007499225072
36.11629942704714,17.320450628017955
18.993728123593613,80.77824526174196
181.87763050477395,180.56188202931634
186.82937610856936,168.8704787871066
29.04560238775743,186.04015676450285
16.57137865187589,59.50458890496019
82.21728476268876,173.05604904578564
39.45508513385445,137.31165731778452
74.34290842852512,115.321571640617
35.912943241214066,58.5839328493247
152.80861041877236,29.331138874865665
17.649431302129678,15.85747157037692
83.05181483707815,74.97701761710445
40.02957821860769,180.80881143730397
92.85252802691821,187.73687611706836
189.95125186812186,20.430097183004737
125.24890433024984,158.45468957982047
123.04868642723403,28.09710388326065
174.41186054518263,145.48892532559714
118.84390370897832,68.48976271265144
106.80838718850929,29.20277788283012
34.29536597046027,62.74642631747443
19.22376680813621,173.65355438058504
55.772075459406,139.1762789576398
138.69657803647632,95.7831672539193
172.0686402558075,75.83442788272366
75.06960056800337,164.79338673389017
79.90201410497896,57.64697380752825
42.05939350201907,170.03368452106366
189.10893144764108,70.4901243864057
126.62719607842789,166.10277676260722
107.36593080457975,180.35398209036876
78.62101190740104,83.93867339175289
55.79641436732349,115.21172785714336
141.91116865222588,179.3620298599044
51.98733264958352,45.921616172530776
18.364388371734602,33.03355338700291
185.68708514606834,29.585823664607908
150.25080255301825,17.946956525570602
109.53132569712493,148.55103460594378
18.02648516221399,179.04104161019112
156.58627499745438,194.75516612217785
118.23230016005576,71.849245096385
131.430996412463,29.085476036168057
36.36473227935166,142.07856397871967
190.67661631336972,76.35123266012367
189.55746801424814,32.23847234150167
64.11419906013106,166.67192935554328
11.942312809938894,117.6168058891982
39.73246027042423,32.70770448386777
74.76880515857926,112.42977705314294
187.02389268340897,45.55218453972726
86.02858260974371,108.22159358582547
8.623019523223904,13.812993154708332
6.6832952790498235,69.14266412722587
128.52282717488322,102.81155740770258
17.249332851103357,33.51662513703687
98.99479083728654,147.4600032825933
141.8847791810654,12.497644198678596
152.60099198180916,182.82344578533227
65.39869502888928,45.57710683087022
169.83486938449283,18.076105773526155
159.97896282755505,66.38931651222768
159.38253820861704,68.5285427163849
44.070736310325884,12.218101726797597
28.352988319561202,195.20320384709885
40.28548934894342,104.88845921966598
176.99606543722683,72.05655434828819
175.4425078756463,167.3678098098923
101.43868787175109,76.49418371672489
194.50058967736737,42.13615564061453
63.802360018052845,167.52707709896444
141.572777373345,89.27846726930599
89.68287788429164,111.95637613780221
24.33847950002805,29.24789523202103
32.05399389262452,191.3509136045395
123.05556927820696,188.64874112240946
194.78629306377468,178.19358983717407
127.17081773555472,97.66772139309845
133.67710958091322,177.10667640809814
20.73656320544413,41.18861314913916
9.500885260731327,6.440186303032805
123.19870249321112,29.353120453372707
122.91254258306307,23.306751331331075
5.1272815870210735,125.25490568343545
184.75564799441221,75.22471682304732
48.699407823384604,179.35688047256428
120.54232115158476,149.88775781899216
82.8812013016156,195.15436649186316
146.54138378718287,169.6294342608554
21.819422728045698,50.391180421105915
33.64081508455358,182.54291225326202
133.78293084596808,69.69261955704316
181.99809178287535,175.08254571479006
70.18798314337097,193.50417482044546
88.42505139776306,135.02505436388827
176.06216156847455,169.80272813386688
82.49130004867145,131.82275564506654
172.50187655604563,73.79852060050008
34.11465305367609,51.607736272401475
115.45544929329644,58.40813737540064
175.97842017404918,173.28453048522644
16.879115718536394,124.03058842564057
146.40762985102407,179.25574216983202
116.27620816633221,101.1157701928894
77.73871941649253,183.26449889808586
179.692741927081,157.66363125664338
167.69106359178798,171.73517969180224
110.00586643494306,178.90185312072683
138.00822331979347,15.918765654898902
87.07703944898597,116.26154784906525
62.235534904176156,193.55183233037326
187.5324606901094,14.967720563119347
58.2161641446599,122.54938981153286
76.53551971870165,97.52024373480823
13.366780183430143,56.90575227178842
180.00575751078748,75.62833560723637
96.75822468543542,64.97441234972541
79.62875034255026,167.19176982663757
31.954209042810927,69.67106565916754
188.2148256341418,177.72077169973278
89.90013662046373,87.58223494546607
29.658574578208096,192.98161667690607
96.43747991266326,62.346825933096774
54.97866016754166,35.06832157452132
160.12534790792114,181.18202961379407
31.456456112388032,44.62079266312305
105.22783769563351,90.91984639853584
69.43020675997177,186.8590541212205
96.95895012748112,179.26404127589709
118.90258604911203,21.978509575521503
113.96395413493046,184.25347303277556
119.27678004482897,165.37633220372507
82.41305460360245,195.7939879804076
77.52247362955437,6.936544866574015
65.24298195908746,107.90525000175867
173.03951910339566,132.34914043933506
106.10733291390072,54.946470139200926
63.48107537642384,179.89394026496112
61.3518275831136,171.54981255762743
159.94613288993176,177.97151077801232
122.49631734128243,72.07466179760357
107.47975015219181,190.3780941331971
94.66310541252925,86.3709690690421
72.2217350630645,189.5056765787259
190.39104719695743,164.15592867538618
5.054427866837177,185.40660608877167
146.5954235664302,44.14097842465575
182.82584631169672,38.73928001701481
18.62704798663703,191.66823534384898
75.65551420601425,143.67288619985143
42.05325793292664,34.331157305179644
147.77213669783606,96.27186369592623
106.64950570479883,195.24087722804964
101.63715222835685,157.40347850455717
54.40434966992535,106.7262935580615
135.1898793057746,31.84006200153611
148.14208292992816,191.6649915333576
68.10238624527443,114.86055085111455
61.25630028407486,113.90628310760017
191.41648722583844,187.82269474303206
177.0174427037888,40.00424618775061
193.88491080856147,15.394461964942654
6.5919369048007965,181.4458486240265
119.03013472583689,21.750165347174924
162.21677981843854,69.64532097926308
10.0,25.0
180.0,180.0