50.00233499014112,133.4787338899448
175.02035272433685,152.91376021174895
49.050858269767176,26.29149573310648
57.30713562495111,106.87687032692305
38.392947871287824,189.85088934537285
24.33103808747257,99.88411432076474
173.24992807010963,164.02344367524816
168.2761681808841,56.77836865479713
191.45489308452673,191.97046488739835
8.130251564254364,156.7193585240803
15.54563027699551,29.012453613567132
39.55009089927988,38.174988581542465
11.13606301462794,10.34554424332452
25.12833033803705,75.10713627407588
56.35325952211054,93.93606270436743
127.52496786021464,75.26103687564004
34.88420578399558,161.52107095129864
142.64041939356756,173.38457341709483
187.02813927792735,136.32360695825858
126.35202840969558,91.93191244115837
184.30493810257673,62.29469605426049
182.80902389128957,109.83745136307756
15.092866820538704,163.22886637645837
56.77069161875815,65.95403988700834
153.90183167000168,24.964226182678384
182.92134081771664,176.52135640934398
27.62704671852858,194.1720915972691
175.5104066007929,78.21626036741415
171.79807049557377,149.64122907836946
172.70280850779514,48.10134610730196
156.94897140228932,62.283132083057275
156.09220606148722,101.97554779633948
169.28315019547952,131.98889973336895
67.46786557439417,54.08524284741844
173.28747726027464,124.79503441400112
57.39020088761495,96.38607871835329
126.92863075399094,153.02451699106135
62.46091577865196,159.7698948506724
39.423269706793846,189.33859038723523
126.55080116259654,99.2620522609282
137.23608541428024,97.09447416274548
39.10513520475751,185.6632685165334
37.99772936423403,140.9358616605822
14.348095879625461,182.75134314922778
8.570156448092142,92.48957500363848
11.233360444107586,36.10498191814913
10.307552028102721,101.54163879929533
185.70757876955653,155.90952256109523
13.167626412364971,14.842843024308793
23.0645681755253,39.79855212529618
188.75171482463918,97.90423710854257
72.37451109959873,113.73786827603729
133.14257965066403,13.88272143761132
135.8760832664918,94.14201317120684
10.22748720594775,167.94538072920426
71.314922768492,160.44456736961502
150.64583260211518,19.801400939235045
176.1118535201345,162.89871062625025
183.74092260491614,193.19301952061176
164.81179647469438,105.03455568034107
21.276922455798495,75.07948230092336
29.901760000949405,24.297516584390028
44.90006337898391,127.92156050721658
127.42559380493563,33.4400086556874
14.161989253950278,60.250599463780155
163.98791086339364,112.4556451404313
71.3730024116205,72.83932570595483
129.29334859770077,196.24554491665887
72.03642127724864,72.47417143635157
34.74026945111851,188.43630548812055
50.74697357953312,101.38372363094004
160.42113393484215,71.63681384037845
192.10904221845746,136.98128924827645
192.31370332834337,169.87917754413138
138.39338935078592,12.656701818862363
142.67891047431647,137.55912925834383
69.55412330030343,164.44830311840232
196.8098164130811,51.8418312554427
149.62091701038017,158.00357764926574
133.9687207549391,172.0735831261395
161.7342836474497,184.97396967337198
30.64018118400203,64.54756370641314
182.79269652599518,171.8389321896596
172.21173481425586,67.38487100336627
131.4658386809554,57.083157825738525
176.81759062360595,42.22682259663372
115.40361291773378,164.1747790255527
177.7630172794319,122.68881551360778
28.34551971943666,7.104468534897629
180.80095653716572,166.6558508988613
56.530132722398164,159.5593319377534
48.25177665986158,106.18683771875892
75.65058256277248,84.94081755713782
13.684819037292655,44.81110992201261
173.9778939354106,131.04157818419907
5.906883253194665,31.431756684595296
13.206101912260579,162.48091051379512
22.828528834072397,28.709692551358227
150.76678688795474,100.60203881481786
143.6760677470688,72.38332837748902
33.45990377202861,147.87748397424042
181.12589534408042,21.355391311148875
190.76065382100776,25.78040674196809
20.557892088026957,173.33368777422487
42.639809402669556,80.94671050496538
26.32468781440458,37.4886636846163
136.51873919942997,9.761265582572896
171.36719466242693,117.67857493320132
63.99181582131154,100.35065802898588
58.509014886098605,184.4625932465202
186.41131067615498,22.6665958374112
142.42872443143503,147.4241404722948
192.14768239696235,173.70735555091838
179.99126755554255,42.54852607126112
161.05361453437382,12.760679829365483
129.95484934460484,40.45909417396424
148.31057238908627,116.32194812329274
141.66683132663005,141.6299504548035
139.21834797329012,154.66391174238044
194.16822971123165,87.09364186891105
177.76998435184544,165.8405200294316
57.54998420022936,47.79992085963282
157.3666320144367,75.18287825875052
57.230975345076494,89.7312327861594
144.8572961607071,148.29610100488495
51.424668794985024,132.33732368539123
134.26059008381435,60.988510716548525
55.23247281170613,162.83824795649429
13.596547084020031,6.343182529862927
58.30084840448686,131.96400824143683
142.12195019103902,190.88760189694497
183.47685885886034,190.89490300096182
63.51460492523471,172.32007421612758
195.55618072807016,39.885304532215585
24.235341212691925,11.227238124726503
185.97500510989678,93.70562878943285
72.09332333638275,140.36461079190028
45.02204788412587,81.55240781675214
51.557929876118955,41.87948432734734
136.2651887257977,40.615547730267444
144.74070908570502,165.67004623269108
55.65308565514775,56.85879237886796
51.99985505923189,20.69891476850302
27.810742701722436,185.38504206974935
12.301465539383193,85.50831364017493
71.61582347247456,98.1664164831999
56.26503688404429,194.7652343391989
86.41786230124647,164.12418241084333
9.194322786545978,33.16541689609841
188.0194520832045,131.7151264934449
70.76511173283774,187.98231255294476
174.83468877282084,195.94627195379167
27.962814961852423,34.61343048155466
16.696532846998462,71.76053121831298
19.461139963618812,107.52220306111116
11.973210583265352,42.072161142461574
182.0493956753494,66.77438536796667
154.32622472876798,108.24187921086357
149.63228196262907,18.530533797632582
174.95971538754196,103.16557702787044
65.74945058255396,13.9596284328962
130.252916031603,63.673267113441796
28.50300917236666,76.83931292710709
27.63331105496099,158.60833071394416
185.34274532539686,151.75976401887326
18.601626983685016,87.35053685941054
35.78559561053057,22.274335039686427
24.116970422692326,72.22912027763063
25.075897840629175,91.93701339319033
169.42373521933845,43.29337509954233
193.9649800883207,56.40922134027135
178.64248900321192,55.471682311661546
158.57704603244636,52.50276384490814
48.6889352999616,160.3133443343447
136.74876058738292,31.083618328363137
163.3822984889733,183.08314962840828
24.904745427664103,186.30980182564969
73.21151753540921,80.16350163019989
22.968826374224367,73.07109433204731
178.10907836897638,94.92047871889415
51.13425904149886,78.58578595107552
183.6437212996957,97.05027339918647
78.18330544621514,167.23517049087013
139.25534534009157,156.33480992386495
51.5759332529016,101.73622536274351
32.60833390515448,17.232342733447368
31.960232675566104,28.503050964328207
144.9745364876744,85.40218103038093
183.85428307733545,20.525687860498994
144.7090076842163,105.4103520523526
89.99271858432927,163.8136924924555
176.49769396940616,41.539744072962094
140.9541544907813,151.1484253385724
176.6486288990351,102.72751667953257
130.84131475597374,184.69864372438934
64.03561827869378,142.78631537108532
137.7366835361422,24.63751635282248
171.09205625122027,165.7870519490721
169.06984111549943,121.64263340973406
57.31335088003076,158.82296347216953
24.60891828096878,32.18984484086268
195.92296453145374,171.39292084501162
153.76501996235154,37.99446555858684
141.59464048564314,134.849785141441
185.33947637227604,151.19579324641808
12.18439413251589,57.90972935884099
64.38405498180661,29.540301007054296
133.37738547442208,112.4453745854855
32.57956525186254,59.219790867694684
140.9125577370507,141.47139867076652
134.10962382231057,142.4527590031902
148.21754625751439,120.98284557335839
67.3812893345871,25.45887580968857
19.132164552287836,101.5312368406154
46.93120965287957,117.22982043819806
193.2592225678655,9.820921013971539
50.96361815517719,81.59691286478167
181.16967164525303,68.27452035444637
130.6766774861673,171.80176723155998
60.55907541665643,12.235221193910286
135.34066916719593,141.88197348327853
138.9336187740178,121.02713097647415
54.44315327426036,106.83823175313515
12.514197126077267,139.7693275031179
133.28008246706906,166.905176417005
176.48975065017626,26.887185480724074
156.9324371643684,79.93634545326448
185.3623743473182,97.07116106294895
163.80971401870895,29.88360481771965
41.59623860508631,39.33629639871784
144.64647438395556,64.6990860818659
50.2137593747365,121.46409849512523
64.00474060873188,53.76988073394364
43.9213146731759,117.2894000027027
24.081533751310563,59.35644063551832
66.97090171263687,40.025143980681605
70.15268928741284,97.10368461633291
40.89039570245638,128.15983978661563
190.55497879316377,117.69866963926704
65.82775729699716,59.182668011015366
148.1280893892603,48.547318239464715
182.77221118341842,19.250859336604538
63.22237176049619,37.3161606266977
168.39630003648887,94.85347155112787
196.75112631045434,183.56294572087228
183.0881229368587,35.76879902634967
133.5214589228505,87.5717457627737
135.27078508587465,12.179149138918591
145.00746843380108,65.27382771544478
139.4680050692953,138.76725796190857
18.420442678877155,20.35803843921547
12.49848667560734,164.70020886088716
72.76910787900061,144.99785209903777
196.33585126825324,39.38008364910698
173.8288579891784,133.78060560123274
10.225547107203978,183.0757441913867
33.72489377767634,184.67538588006002
14.905399807126178,33.72572509345247
186.01570369881773,50.1043210091822
153.05328991366227,91.22692465961946
58.441760472379194,18.217890998053754
36.11474710791596,11.860337625219687
138.07425906907815,51.61847859184982
164.67759653210692,68.1702917676402
165.72460434744784,116.84665535658438
45.269306056509954,163.8782106667365
17.452115293480507,148.137216859608
154.45635699068276,81.87963676784732
161.51674709682786,39.9790737876716
44.082172066538135,105.56959207014957
145.32301605454794,164.73152473536183
156.72694965928764,20.116641465016595
46.746340867708994,31.55469734174775
194.05887816981678,52.58902516247457
45.27437828097389,58.325075931899995
150.36170273567714,176.7512086724101
191.65779109523973,194.7988929941458
70.07275353785529,141.19856684055162
160.80121162805602,14.09780843602152
17.806929093849362,181.14456279372132
6.8634432139012205,143.22549559929104
22.038760871432434,95.2673202934927
27.47335242393383,65.94176111495331
21.911780873415296,59.77721926069522
127.00249222135396,5.5165102148044465
41.187265814257984,188.38630166283187
146.8752700593841,155.82660101701865
60.795870120155904,46.73037918376602
48.29913146601415,173.05374980413714
53.687545082390606,34.460276032796116
71.38988839607721,170.2469168889319
71.83651491268913,131.81899760725477
169.33389392619372,127.84393703969175
191.87158026251166,49.52351845532716
192.32278488303245,31.729612749903747
19.54533380966195,89.82467863996038
168.86380918305645,127.66442427055408
72.6620775580068,28.642963462510572
176.80346739265843,112.47796559111771
5.761029303962401,157.12381104257182
152.43282414735407,94.33815527021976
137.8699719804844,8.94672577413001
161.95977870058266,24.48039453891604
179.85066501598067,166.84358730627918
39.94346305155774,90.28222305401184
44.934471115057654,33.89444773547943
71.09922191236005,100.03784052115213
46.453395154669074,160.26157685591983
39.24883183784412,179.6373998759594
179.722827901057,8.103623943185989
157.73740175439443,79.70152680179392
160.1908850650502,157.91630943398553
159.48626125115598,188.2611938168065
40.29073704407334,114.40327176842942
47.6690253651801,33.84197590467827
195.04115372409643,86.27305014296122
61.420055820737446,122.45234938461756
75.94936650670036,147.8691539144229
62.94891358980585,190.03153265020325
14.069394445945868,166.2128679865557
137.6731882231067,141.3821045282678
30.465998258669213,9.401749266420484
43.54381118056571,9.088708341457567
182.37648014385547,148.49485046290806
127.79425077337375,5.961763894373423
16.301138032899996,143.6624798003644
164.74416863786774,137.9832440749585
142.8528861849866,33.87916714104588
37.58639175071829,21.265878336068198
29.385087940957458,115.80202057365615
7.757150995562633,39.92852847086666
76.90515152434179,162.73888261065235
195.70810597632448,166.6252075108486
184.63049451014683,147.07579216561157
12.231373319828503,111.35702685013352
177.62837458762596,5.993024563336451
18.11760753633253,43.94281508194406
146.3647100763281,159.09672533086166
145.95665903892046,68.34398191923127
190.6961202166362,86.76206040771602
174.42483384086455,18.28222516165098
55.69643900140326,30.374386341870775
148.3266321176563,178.73072311404894
38.45158610205691,56.37826949196185
181.70225714205893,17.006743451259688
48.57860656756622,187.73192882219624
196.57972865047597,171.75439214982967
129.742594170972,41.768381822179684
29.131481345354196,18.487954271453702
66.46988503759937,189.53940767693393
25.569570532161766,129.00992011260075
126.82772892422483,168.49371117986962
23.772824291424985,153.23847817018094
43.91529484029948,71.53496687077026
35.01721137732768,69.60931405805569
43.59135046812015,14.127747057675066
179.5023150111393,85.89416895564791
151.54358909874261,45.7266822788069
173.98741479470425,37.43251644976148
185.0796721874312,165.8872585271857
34.67380987195682,106.58993084554889
64.42333262564048,156.9503973103272
167.74196863520726,87.82283772042187
5.062485875407834,105.38827676565687
63.658549837295105,126.13314015163402
58.99179690558485,38.63614124621924
9.501615701700715,118.13159854521702
36.81163347932149,162.7977488151252
54.354027434556876,172.14705176327075
32.618724113233895,82.1561236420294
191.9810000933403,169.13640465086698
36.640911835166825,187.26485198568238
176.6236503860245,131.43629147918668
25.979240006497534,81.84527500786288
145.2072027602311,166.38968182186147
146.1875982142768,45.18158835138444
57.15015195051813,92.01620995842748
187.2203907472536,11.551951374672448
183.42958023597058,105.93993444228877
38.751244348816606,178.2399116977918
18.62321722423795,54.19828553677039
68.6318456214401,139.29757637091342
159.79532793811362,25.571540850341407
168.28281587910098,80.30909697523268
27.05734364029997,8.582158072266648
174.58986090567558,183.39149067223724
92.96026261721468,163.3152261742582
169.66191733934002,117.90357724432869
147.15801049377242,182.44778195665793
51.66308776504662,160.17786406817686
191.00798863108196,194.53067065127476
30.146248460698068,112.63274216361621
14.823888123847672,81.4411470104122
47.3664187902681,103.41994650220028
68.32337271900728,95.82842021886746
153.08593442863085,139.6101123336089
135.47680583581197,105.32977953419663
164.25407368288913,127.55244087224554
25.24104023035884,120.27017819592677
55.49365329990423,17.096161139154738
173.88471615862065,171.11522078625214
185.6259238448855,5.156558069218228
189.3706872404233,32.07342221880004
75.05285661022836,96.19427155524667
40.73438048947989,133.9834775081041
49.2739909154745,64.58557821073202
55.818253359721545,101.3078950789317
166.20848093039055,140.84536943303988
66.79356593853875,194.207400808007
171.31563616549371,194.4384585695424
48.10097658472618,145.65519910564822
52.391825923334856,19.69685044266614
180.5784568193567,124.92156019853341
126.52124592656122,109.72360637819583
144.69581092699318,29.09280458101191
45.42030165558546,119.70972294012394
54.991609475905406,100.8578124471859
175.9626197632806,177.68102992159595
186.28204479962076,24.5093935850858
25.29269292463752,132.47425760851308
36.047259441723206,87.77770466621978
131.08264743910388,111.99853767981847
56.36280174552526,151.83917738973017
171.69442803507482,56.35526990124444
179.33274399745142,172.2167686768312
185.30797669117817,26.430000629428193
174.9640324145155,162.20153692775278
131.79820100613702,77.18388059665799
26.931878109209705,32.09035234991496
180.21566693890077,76.17274933679886
17.840505480024,181.13156098148278
54.53167805642007,145.30821033874162
146.09029997785186,92.8002150521824
35.28212381540429,38.80138006468756
51.20622810359233,121.05299598953731
24.301547792933967,176.02860134885947
129.43332224730577,74.89728734463213
44.83354008743682,171.54997843625736
14.237262067364895,60.10060969676696
132.25657758327935,144.79964694260343
41.5480757350343,86.51509596383143
194.6474442223386,52.78408134330629
177.99494473427998,132.19501227123308
152.1188712676622,7.330435716676285
166.8680566062152,55.46523723657112
26.376337744741917,130.89102045523595
158.00197398189997,64.81395610888045
23.46956530408079,156.59850704668875
16.494509353876538,50.01838608448729
52.688058433357845,55.41311169058682
39.32054622032892,59.36391359101969
181.8978973771262,171.73829337513416
10.38364597051116,146.70208348367026
6.040517068162078,111.4476601710934
59.96638331336048,120.97957823632555
32.46720549769129,167.79041664573833
144.4528063142085,138.3148297464427
43.62066326350758,191.24677171515992
177.76955871568262,14.072158182688597
135.63501329119987,191.96137932231912
170.89690702057774,139.81194598384303
139.64613490235533,138.57941090409227
181.6863150982829,124.92318375510695
147.20968864051005,116.32494159508369
13.073580224586582,108.293564161406
62.82283943504474,163.23597732794676
194.92736398684073,156.76363516614978
189.5871938367852,62.19826240018911
76.25876992835244,163.3625112941843
7.573195598768608,189.50330854623337
138.5893903273076,87.16442699395957
191.84438003803658,178.81093490999095
149.3907558102589,22.964387503651913
69.67923664217,184.9915451079411
70.31248459506227,171.55442166920585
41.23838537707556,75.19672474391824
10.100151991896938,161.457320720462
153.46962053047872,191.4290467179221
57.160693538275645,15.196526198932565
32.40754870683767,12.450139905176288
162.21900462549877,53.0486982425711
163.15361147693193,123.71144801011657
16.497790798762498,74.09599271412107
67.57367946087518,164.12319346188946
167.33267245324546,127.21118264152932
134.81643154990562,166.31624505132382
194.87735987629893,126.63380436230146
172.53149071926006,186.29497892295413
172.84273948146543,76.05316838994018
60.37959033001353,168.56064549580782
181.69721263348254,32.74841452592993
142.48320238793335,105.36122305597743
22.853294832893692,174.35324620974492
68.12162119332307,85.26541508472405
185.09509610133406,145.87994579606448
152.26726698776383,129.37698343847254
176.63189417583604,104.81627647620144
194.4215968022767,184.95495809032195
45.93724115172069,74.84367545308007
158.94681726560393,26.909459745623668
44.58763548860554,111.90882918772989
162.074342543601,30.241602307674107
11.836339124008768,136.17813072757593
142.5908737540213,11.233484863581173
12.823348713874488,105.16132843634348
30.266056752538024,59.084993984616105
148.5362634206655,33.62178928559049
59.976838391204964,38.36139432304824
132.6588380901564,120.806824574776
65.86083157243544,70.74054889666209
162.09356019077262,111.63286731335283
6.404536414005046,34.472874326471654
51.24246017140714,16.42092886286421
175.11545008462724,150.35322749806977
15.336679305620248,19.129388421464
173.870763070971,23.821161979231654
148.40095336881276,94.31370014843772
190.58519568323345,57.23698078705607
164.51890710426488,118.56675524830844
191.0677263363828,193.76504664429117
41.25693604325803,20.915717769059007
16.291457201325688,85.3615999803247
191.45910222685794,59.65994702010187
61.960013280740625,97.32065167103003
68.54215269700526,196.8938114898176
165.99261442327509,22.53645123189929
42.552664637287286,74.0689036897588
174.9342545403765,126.35764557673262
140.48297248156754,79.10257907285688
152.71148130053044,28.13001039756874
174.39938701772934,82.49124779476739
74.29458919157874,24.535948797669512
69.69619651244591,131.5189762606356
159.30792644889735,68.90759358144487
163.60102358107528,171.1254214539769
146.6588040959209,87.83547810248182
62.76894411819932,129.24713704608072
167.14959755742345,76.27489943603854
47.70749219539491,20.254339215738252
131.42847214595747,174.87103971891852
38.8184261704975,89.35688319022914
162.7622116327538,62.374729062821125
35.87526906247934,11.009983799142447
62.90400399858045,109.19454231236219
188.37798124193333,138.0864715271923
192.7374679999697,87.62258993346093
132.97156293055002,129.01290060269028
167.16716471723774,7.1523205129089895
173.2385890334396,130.05908565000772
174.56909583337784,141.725684231831
27.961658991713392,103.20773434806962
175.4568314903234,24.76362078560576
149.5421081793629,75.01973705794273
169.72187630045104,45.56152719091799
183.10740726164028,149.3403016393633
48.54523437812165,60.593766968734876
177.4868707946446,146.3959531110873
45.138051340134695,124.55977858087631
71.61522149759799,181.2651971381396
168.36375104436712,68.2760556440285
29.409953783291154,107.7744027646637
43.6787265720335,164.15421252335514
25.29438531331076,113.28512118470472
173.3542106068035,157.63601909050172
53.46852604713221,50.620810406130765
45.206538373266156,68.81549626899485
27.863540385693582,98.46115449663124
45.25341100069324,85.62214515579069
193.43800020587562,13.01135920288759
162.37509456166285,66.53088317785866
41.38035550313196,181.46447723532543
178.8219524303037,15.906857316942022
71.07991625716295,123.87516906976397
127.2732597029645,29.02865792022657
170.0283668519338,27.34118381767327
33.01595072455946,114.37982978510507
159.13758247247748,151.5450541323568
155.75643704624537,190.36190623414873
135.19286157006772,41.44722590281635
177.22359807959307,173.47456617332062
17.527943832329257,68.26385056808546
140.330602555516,192.0228517183953
184.55744394206465,111.72092044692747
132.97365031583178,46.87255613864991
51.7155940516419,5.0328645105776095
66.6695865200306,56.57338515075398
130.41466695927085,31.64768221818256
190.61760123668694,98.10460756965121
128.19185124509727,42.745434870527745
137.8337131408818,37.639707801915876
62.18677502636877,34.82452593191073
188.6955403569514,64.25877657598237
165.80677291683241,142.16863416136533
179.18005223204725,118.32045131085377
8.0381087527257,154.77299751131636
170.40278833714245,153.69021139843622
137.0506617765688,52.414561726545415
176.84517326010138,40.1820390853248
150.17620784674855,152.07474626056614
61.20038815360837,147.93391325478856
69.96182367844041,66.52540746986153
11.103414169106978,190.75149620337493
135.35561668965317,74.81346235186184
188.35512376137194,98.67897356804039
146.73712800170105,90.83283234602538
180.16437046360227,147.0781778977806
66.78745751878061,46.17842002653554
8.614539865472642,33.910407174305796
140.88866770832485,193.62218335588062
192.07267849500857,165.32832087279562
54.2145528560407,144.11711732849
8.987082078716284,170.57418236700485
21.105058845605072,7.416683460850919
74.87621643125527,90.3734624985579
179.54475336654318,176.73677098483054
145.70948365921672,186.6798934548477
29.84299117217771,104.48353286286945
134.68241244441833,27.877307967823256
185.33324739744103,123.09411704620146
176.93379012593243,138.98082977689836
48.65911378687747,89.77411511142888
60.26725266434709,100.22391070779847
59.01896318250564,124.014438027805
26.440778955360475,94.18134626755358
147.66311789372037,150.830809057508
196.17901068345552,110.38610754377527
163.4496770415081,155.7591748027398
194.95630937301615,30.097873753333214
193.59225546937472,144.5411894864202
39.681645450368364,139.4810503039356
184.59652283130376,104.47226067671241
137.8599081228895,171.71037382451112
27.532941164899658,149.4141142764062
29.399181663928267,76.72011943610815
133.468035016217,30.791285970531124
17.301098539293303,131.36933365578147
160.60564938579407,190.90934361947103
148.56702147984666,131.18324392303637
175.9273410097968,194.89461443181528
170.68953493095918,91.96930380579401
13.631460495739187,150.84392566502834
133.11006479782344,141.5592550671325
103.0289574453664,164.86944482415868
156.14793412437652,48.961139371276396
48.94701280240644,80.56975801914272
160.74727566900532,24.94184307361521
59.15004459057722,27.70115356244972
54.8281595972964,44.85357308265476
169.63211155618256,29.241443648435432
37.175355496008855,7.099927615387352
5.572655544252308,114.00568663458546
149.74248139009669,91.51653383802196
134.75321014752924,154.87199133599015
182.11579494934716,116.17591303235376
167.4610629487915,132.49275162063026
26.218364065142055,162.56435947141935
194.84290537191038,113.1359815326281
69.96201933248749,74.75744838945594
100.23905111420211,166.34954311050942
154.92659490367438,57.35579237517314
30.09463253763403,120.89385746275397
55.39410776462846,164.34925206380936
148.89666763826415,120.77477587988871
18.128989399575996,23.318330770055905
184.4487913597479,188.67648705585722
55.09143817527324,29.223029084376435
149.73220500727462,172.45119923683347
131.89061928714557,128.7930751588481
182.4585142597545,95.2117022317373
170.6541247739699,15.7463291841607
52.672657646925856,178.6940714951673
21.49238393220328,143.68850285890355
56.05856693589748,32.96821599317048
165.52898394108976,184.66267767483657
69.7095768629648,51.2568001621458
159.05136114035193,45.439370819606765
22.39390209582241,29.20073841386237
35.54293532839102,122.40464217950475
18.67588269206864,52.67256255329234
157.44389599151438,81.43040983787725
18.014180056264895,24.777800201815314
185.1275026509734,40.77939168566173
160.73152698147382,8.06729226150187
19.507286294704787,152.76454198614235
49.742385535706966,175.68306216153493
30.02695760173564,144.56579742560837
175.8618090260251,31.38111698735906
132.6020322818767,13.476130218088116
165.16086073051406,108.75346491955732
140.11276833436426,38.168007805708065
51.518228103613545,146.5137386229054
17.77833877878424,61.03928206741886
144.41295137956328,12.070249006847366
33.10742635179022,65.32752542694784
52.26125455311382,157.8357425755388
148.80205610260873,175.72653626552417
145.6747773191128,134.50340970965055
171.45170623370413,102.89788725805059
9.60232030313662,44.981123136434064
59.888432444130444,111.15520446756244
46.6398705967803,99.74457453701876
9.477901316535611,129.79606074958244
30.639161266999498,44.94136188695452
11.262939839392004,116.79974569668678
37.370700616777874,135.54160024627453
168.3876242221141,167.63507410369832
157.46152582587948,56.99294990111106
49.017534925902446,97.84400463861601
28.105253208538677,147.14706746268868
53.8717804425123,39.04040031973039
99.60659128198581,162.5295118937202
150.90931897788101,153.1767838573469
165.6858697660855,15.796268021339733
152.80976853387315,150.40565353980588
140.15541683091783,38.3177807418299
137.04742148749952,47.45657900794157
51.77559452894563,187.57694665192383
65.65651046576535,79.0735759705525
152.73696449638848,29.012655544816983
67.87552735955379,5.042139212569239
39.889388132459366,180.2993852387854
22.587544878027728,18.13951981017411
151.38331987996295,98.2658709759878
53.24503529472055,94.39660321332349
15.593614740970457,42.276740530942675
188.99440681331868,85.6610167555651
167.5101876364958,93.91053148018138
156.55214372059115,185.21363102588126
48.34016112566249,103.1317375281284
57.08979154769141,196.387947160938
193.00258515209728,177.6542381771121
74.66907009292572,71.6424017557227
44.61955509467978,81.88832995825152
148.3113747549329,153.03525974622005
40.48993530932741,184.27734601738467
65.49084165376492,68.921855610988
51.83689239765369,15.893613805585598
176.8964992110127,96.90809013234347
67.81861410727184,26.735584263518284
36.76434031154592,133.30033770984383
126.51817739990929,39.29756505676377
12.930607710773474,53.41011077594411
69.46992728144714,72.78125344729055
66.48811458533443,22.81233773503736
74.81103746813064,32.49725671216633
74.50588695257811,111.17224568382655
70.41052591434772,75.40842106917229
134.76523214911006,83.4476149111812
176.77527240716262,48.96837279160801
148.41866942035801,85.76906519408985
19.175153670686036,25.52695778714385
162.09609433003757,124.4344579263918
195.57545078805762,150.83011112161282
134.2875759899588,46.0731574823813
63.81924458832406,18.416108952436517
51.76040432969942,60.433876902283856
164.38058879825525,46.46078281984384
172.8013102126525,137.78817865975248
65.51498833466476,187.641180492513
181.86067427881918,88.60093432736485
5.77699166468729,191.151730057811
135.8137084824187,176.50821781327056
21.1334551495824,165.61226090339474
70.53779643856363,104.31079082495684
157.98303591195872,147.48370132002188
32.36606916510353,154.12584858924063
180.23930122112188,171.14052520093955
186.03096441155566,91.4599791946661
154.23169828944984,39.084359617456755
181.25585095958968,196.91613310224625
26.106241791616693,154.99799327506554
64.90537870535626,64.20604812554303
196.3810403338672,97.44958676547212
94.11679104089451,159.81489025820792
68.23037021236242,155.0371397411462
191.0376288699609,54.76130823325402
8.533884110099507,77.02541414571279
153.11829859951933,25.6786006981689
173.5271565057198,71.49624283877039
57.95601632417803,40.29350451734778
135.5189471611103,54.19816085837246
35.008209812133344,166.38949697063086
55.825260849893596,48.25450898908358
163.99833018293748,10.013530429517765
47.54017140073108,183.14888342201894
54.45074219694655,10.776244024632156
39.79286831947815,145.79343425924878
16.404628604418946,84.76746331135485
152.04021166678535,82.64294073523445
72.79228958809476,21.61719289047764
185.07063118809387,69.57223572692634
42.37259076754448,29.949192114609513
183.7716055097135,58.94546870924883
55.994476210274605,56.29208664566493
22.40001660277592,149.1709256421079
70.78542517138885,65.58255999122898
17.218015220839558,196.99053787335927
39.18581343552301,33.55484435192228
65.71442296779121,158.70863718925224
27.03838601685274,26.792692311173056
64.89737176405791,99.51744432832754
33.24583476481286,63.194619010577824
67.00568429466232,145.1671041447681
52.68558687992536,7.19418675231258
133.19003966926138,124.8817983761239
55.733606799024095,175.99322530923726
190.81030593781267,177.38886645962396
181.58658347287422,181.5890534499736
125.99366166889533,156.00258061256076
147.1786405871289,25.902559946771174
50.406182504513986,52.70157747464096
26.81668523860874,139.63383109678773
143.69919574866393,116.92870494364308
166.26406228991587,111.50305935079493
17.708678059329912,107.87363430751107
26.905463169366406,182.8242096090798
146.42164550318046,147.654470995368
158.0831678172476,116.05107424573106
20.917619029922204,67.31412960644744
62.713734603295656,178.6957302974076
155.14793430188894,150.16649387018012
127.36170787006743,10.086133015142147
55.795441953758925,12.48796557111427
9.167225985110022,154.85966798547406
34.80029696342408,150.910657612961
195.70436371704108,24.946936232708115
127.7303879894047,5.65325246905652
133.18150248545555,127.25885369661283
30.600401184647055,69.44762660886194
70.68902170825893,107.70903398880198
19.535828961733174,27.24127460283719
148.35783157382366,156.90241457630015
52.256917258864036,55.11504787003354
23.06821886080978,123.49296371261791
46.26037165020334,90.47472029143077
13.256345834681753,43.62863212325628
64.73899123535438,36.01486292435017
49.66021304978367,33.420654533070284
14.748430340148158,112.35106006873488
156.15935920320916,28.969310968337542
140.20707255803538,73.32325471737218
177.72249232590616,85.56645771659505
22.093186625650013,104.36576436295091
175.11506013005322,43.44521491372717
149.59304427197196,23.315298665260766
10.618395105620223,89.16613614087102
64.24124249078896,28.3346426261389
32.923569966183365,77.88005295336191
122.97772582230189,160.13416859440034
171.15502114389417,108.06074492290217
72.68940868992269,135.87558805173373
34.208914063298415,16.220106965851237
183.20382695566028,129.10732789778822
165.59132383715732,23.399830940665346
194.7181339905938,103.0421141396523
137.09114437127414,194.7793019860105
42.11096249183304,49.744878934549575
195.57267352356996,94.3489172134525
42.59973166237019,22.651554554345886
72.04731529433066,63.86243557458913
189.71728255314613,166.33836031713727
185.93039623174906,139.46003425876538
187.43435483566446,196.23530711899033
139.5036608545426,103.25442678822759
136.77837139269042,99.39635601541256
171.442044616669,73.90370521580994
26.06118386019244,132.95172653606093
24.039639026403254,37.5803871516791
58.47986355739577,76.23637160742912
127.86479974101407,87.96593141805198
45.09970729742968,53.848841754714634
193.9983605477446,104.33433109199864
39.3304352497358,8.710842099423234
50.76920715172605,8.523003091946695
19.303269092811014,49.54873280072151
39.92189138491213,185.8369623991657
59.88490504609029,5.936268447494656
195.7712193945817,66.62556998753008
62.90833512205128,176.8808878016308
189.4745015228795,116.1698176254996
37.56382627092995,27.144051689386366
169.54791673315415,124.04477985987282
70.75841906293803,137.34810949508204
23.949753256520825,40.20985391363168
153.72112326903306,124.5566766659873
19.60196584431988,123.46580017613174
15.0029833553154,189.48488562864082
36.410713269661635,43.656120762799226
139.2216176276748,36.406331287154785
70.12389398188174,193.319112578062
28.07154562378698,165.46876130233647
176.15051163121123,100.27516077039647
30.44307773061925,170.87816760793672
140.42594168698673,10.863953148156972
25.538535874330954,59.23335077222214
154.763829243871,82.64034956906173
68.87366660239377,64.36640540504894
36.34875060498377,82.87835378850372
35.440073855423556,164.01766576119172
54.293076276150394,162.1592191285023
58.67880426866894,185.4832763468382
183.600292486714,133.95487443407947
39.25219896375334,139.8248851968046
170.89956983842742,161.22333665942722
129.93111708153936,56.01344775063698
44.57209672770075,67.68114499916199
134.85390232521388,63.84454595368157
175.77354834119546,191.9890874507641
188.29971238417872,166.86874392607083
185.10576380656883,46.38971277837833
143.51969327496002,76.06213677150701
164.2446292145262,57.02203906428012
148.34545270081978,165.2329524497929
171.0103807349917,150.79695161113082
174.3464819827437,161.26798285789417
10.211230568495335,33.623980005978765
189.20998052960576,91.62808206814853
151.44612786440757,86.51710771757206
68.7102654053477,17.45632610540072
72.68087502471366,116.35217873012711
147.74989609845255,94.52309793564014
16.93299449640022,77.04923268714315
162.1170183139606,67.88099232143708
8.130324232960648,46.02824530592802
151.30798797794964,156.72067098358576
25.91575094156316,193.9586759201132
159.83506916829913,102.18738802207189
185.5975339004369,81.94700235059292
51.71694686300394,122.63882944981427
35.74235660171826,111.22466747694692
164.55427655619968,84.90228300435962
188.54824155514197,98.50221589693103
188.38311049101756,127.05270180217934
152.9649673280307,77.00315755408947
185.43865539196693,189.25788602072154
20.407386540812762,19.85532242841492
23.86051752533555,87.78224072601118
43.87383394886804,8.500434720674042
140.6423847631597,35.90657999661881
47.59247307500357,65.32881886702963
54.8070746881447,73.89677166173752
154.331720163143,183.75954186097366
179.72599452545964,147.49017421587226
193.6750118707024,106.25280071587068
177.00694975161923,79.09519814968638
127.42250014960979,166.7040021230392
38.57879958851909,107.93181751964704
49.48077289631487,180.76324526037024
150.68004029464188,89.82835685692095
142.32168107467788,100.45790590442616
134.40271430394253,188.6511706941568
11.068234387983011,66.87032115752957
23.18229922646774,180.91090112981897
39.54183581642852,92.57773610530032
160.95528003435254,180.82078496666196
54.092884778391245,179.13726058357923
78.38324701353346,159.27826339373502
180.03022332041724,185.0451979536328
147.24690993861705,6.454741113832629
54.18042193998838,104.562586567109
64.09888608272081,92.64258629275947
140.1070960336655,19.02374755197466
6.673210262870383,195.93536895202945
151.7397954100538,6.944874503010859
17.642737024244386,152.77421065294897
167.34939728376878,129.7764544507895
129.5234818810475,62.57926024362663
54.28791087418297,101.43304679331862
40.63595577040161,149.39772663990937
195.76451849906016,112.89871617861508
20.924736544842027,58.73182308597167
66.59758667670249,102.69738260547716
50.57805903839866,132.59745994475261
59.37057764023293,16.648487195448958
47.34446710619866,73.47695491755971
32.670833184394546,175.04817833154533
190.8394487874093,135.8791169871273
129.1537700082367,27.224756783053042
36.70158200701863,131.65396061199357
55.084320591055985,142.82696449736306
64.06790087704744,34.70092299369983
189.5517159807513,149.5869392067733
86.39737035634569,160.38216419348439
157.43565486684557,189.46336549884808
148.5091577985253,82.85478805465321
7.285167383407551,137.8841244154258
182.9172493387129,86.54113620633987
64.10167779574596,167.83372461500113
131.1119447124997,33.90172214357275
30.06906550593343,41.50779654522041
12.056659580021797,173.17619564199248
20.409093238263395,151.75985914646793
123.86698665472224,158.9838887931489
109.80784301320409,164.44268991635997
175.33212729769636,184.87943234925083
31.7404561558517,117.94542252558844
165.9720676764034,112.93655223623949
25.756853007735923,85.1857026588667
50.24988216094137,152.4337507409581
164.17280081920865,43.42550361814331
177.70610084171003,84.37590684504748
65.47863366992388,93.06644670038273
13.600946515836492,19.184859969276093
182.47144933298654,36.96724672873585
62.967391838581605,177.4414609366205
136.841464121111,95.12715315575025
41.00185453394758,41.525681799150476
11.938519277894184,17.464514503582127
165.6761211566315,17.140436064990865
157.2376063659708,69.80088010185949
37.57043475613338,85.65226894473373
183.48634678111935,168.19706075420746
175.9326229199391,178.7923792229028
163.6601412393352,20.016824065961817
8.861940459971176,113.86443435638814
127.8561382779739,121.60614533386651
148.37159863130734,60.348169747738304
131.86575692929273,183.3490996343041
167.2082183926124,178.978223449647
143.01509663853383,76.28767787918102
134.35913950912405,66.76365002459129
12.262301149106051,60.52287586300989
60.18164249403297,71.13369976990685
142.7320266814177,135.48790571015232
174.8639931270442,48.080413207196
162.0053987416301,42.124916616450804
166.98208358118225,98.22388695176465
127.28962805244315,16.498177210767142
45.92949767749828,153.01322613588795
127.47375301427456,134.49294993669562
14.481561480493708,189.3678227764742
75.85354067875471,128.25345930725163
151.97183014238018,151.44443401293785
68.8434635664226,87.39439247484574
63.5886211139714,6.706023350324838
20.217440362447963,6.681822807539927
177.8808850911149,53.54198862104732
9.766559395792946,119.87750962047593
194.56286082324905,48.87052381636604
31.238362677200733,50.32585052621839
70.19752306292527,140.57630422262014
25.513353534016023,127.79617396579624
67.60703743435342,44.38729469096574
143.56049355035302,11.981768335135566
179.7991415752927,70.20761009710544
185.55917931794195,164.19848761174285
74.12000146957777,56.476964305306666
132.903685134821,115.49116085779669
188.94853100362542,42.57672560229648
28.587216225566873,151.4758033005924
9.634167922993225,7.2971376048418755
46.1290201069045,182.25630228596467
131.01161506877827,93.19593977698365
37.96255617814935,114.54018051705621
51.64052499656504,95.94238388783437
126.5834881617527,64.58756410115797
138.54034667131398,146.3878839552215
5.383005432697508,113.29843404047263
15.34335137325703,160.31644267982165
75.05395878667359,107.61101294978664
177.70668289786832,146.961242252038
169.93681098607732,121.44881124915766
192.66155768461957,63.3499715062126
143.70360286023563,34.90132222725329
174.30891327278968,104.48514131790387
148.02540673331896,192.4831069691073
65.46517674201705,64.37858705549965
150.98099379088742,85.93000301156218
15.531312453736978,151.09785643771002
187.55934802858513,85.38965262409238
144.24589142087873,148.33069931033324
13.146858679160726,69.51439003115752
191.28603733273417,8.508591842414187
68.84777839679307,97.8843438629242
35.85063530934809,118.51226100841498
156.78694512529472,90.70278745654754
11.975925113515624,58.50313262746023
74.9891619424407,105.07751265915891
5.373224268231069,109.90097246628882
129.18353731889104,193.80030896559074
135.8642090223612,88.31131962613985
190.21781543840729,87.45385432324025
52.97791666449033,171.0253915778454
6.114628112436359,193.12130441284128
168.3803657833492,75.69406503654393
65.8332636439674,167.12329014838824
23.85010355487199,43.39597055252343
186.2006264853475,131.63261484628723
49.56444242249892,69.55137803037474
195.15907297925412,133.78615563736196
159.89682416554461,33.42879626769777
66.11482336898735,28.36728154304808
186.09090318590006,162.47566313792836
26.45500335163472,142.68291640911468
183.26496783084028,26.938685354824507
9.291305400513881,58.12880516426243
134.93672474900063,136.6795723370776
46.75697240499295,72.46545803981054
72.64722676521642,119.64811906742386
6.020424569739539,51.2936847870654
131.94486825873057,148.7565285827577
127.14746220770192,32.04515801239921
65.6252774993554,51.48943551857373
171.13104509227776,16.877626155970884
7.741846996288017,130.2027389372282
185.28234728005788,6.870840765398185
35.100499350108166,149.9234437943633
144.55632334518128,181.29764260133257
17.235973761508582,59.45165306977627
132.38686199916108,82.23234423532098
16.902588612031597,63.91356574438605
137.31165609461377,99.96115720935475
171.35586038120712,156.27869465508996
161.58296063533228,85.43615488392771
69.47642850963528,150.6227752728812
55.74230546443001,96.53583238891652
184.51099146002977,129.71718279483696
22.303738430752496,123.37752239957248
34.25093127666294,151.06643631359958
184.8726566525299,187.01664583074108
54.323787522594,58.47978284885134
55.3056244164586,100.24612955801312
15.919043747384618,49.06157067790599
191.79949166809212,179.44210837156828
181.67014207955208,120.61733590007728
171.17621135747842,13.764907257076953
23.110944491631138,72.84921822888701
146.34041870466055,142.2754155963627
147.1219317763609,25.741168993965662
157.43120064638057,147.73356821061674
150.33621631468492,26.726043543904115
128.72103763286313,194.199074178312
64.79110703981976,181.167823434618
193.94933501739578,174.3289083426876
153.01062206849775,161.8559333408013
146.56805068440184,180.46177818285508
191.64223877347249,129.372396039243
181.39285623375525,10.015381316108044
185.53353239278152,27.697630162194667
31.6548180637351,96.85710439253053
6.010557882099768,65.44536188816214
154.04504656310277,93.34138856185706
194.06972039256948,183.32522007831042
170.71729553378412,21.154173264690964
174.9559911061361,51.14906289856567
171.29124738668273,86.35805587837034
30.31496847308457,103.155790460402
42.672083397855666,134.03444249023877
155.50120298181224,130.5873322073202
35.87020795905996,104.44794597371722
141.6199772580258,180.45211199936963
74.89894846322075,80.11463869053907
11.976965533617365,63.01508480027104
131.94559005299467,46.72185674487219
164.51228371637046,195.90334549792823
130.15791172761004,191.7823253756493
28.78559227591282,47.48675581195007
45.57708734458375,126.81820996588029
175.00355071772807,186.83031236960184
153.44201319663625,78.00284238596657
174.31485168132906,181.18073116867123
133.62511951182825,91.86569301989431
66.40900437516802,173.06884564184696
195.17522031736002,57.37677824880705
160.84536534799136,194.37383541516593
152.07524781772943,162.5999162020602
150.23724298049018,76.166949689502
172.08152762467256,193.68913148242314
54.467640976993664,150.74784334656863
58.07238020534012,72.82411583109446
159.5420890806053,111.09400571906743
57.46176714411563,153.544435095497
183.56645976401433,125.35190143623993
26.958999495563056,62.5747929242345
101.35065538402918,163.2466966402411
140.20111809520085,76.06591433457545
6.676785680185038,51.22964800162128
177.19078989187247,17.943696457091537
20.60458392513469,20.930290647442952
25.955578108854045,14.944093387066873
58.54450831089984,104.04934625508798
187.59584932061856,11.4445991929059
139.7624079461043,44.64025484305961
170.65233276115197,194.15032914005886
7.467871339937547,42.09254095474689
184.48379901765728,144.70536056784567
70.60700625990683,191.44267016596956
36.461772919157184,141.65326442682567
183.41867577947045,77.09467930981913
174.20613791428096,135.59058588035268
144.82346390210265,113.71801299314536
187.72651823660118,179.6023989772953
154.1132487022307,175.25732322669106
43.46156848512644,10.644326346114733
12.824708447569208,22.963377179677785
15.872227792521155,129.04865156339048
132.35915517148572,19.080949189524972
149.31945851660404,119.87361172736479
58.82602343976647,72.98675332107244
181.43755355520608,176.8404105009377
81.64414931966019,164.6772541491846
16.08436164651373,68.87580036298593
175.37877350203078,163.25889106795188
164.6735729379754,32.409837186611995
152.28926971481386,137.23105904207378
174.9731072280127,76.388180010567
74.17389159663983,87.05260871674027
172.49291213566573,179.28586367209442
62.49333276723459,111.08662222540306
152.15872606570406,109.09440471662033
30.451264350447065,163.53502415704645
140.68414313102014,85.9036343130242
135.11505958008584,65.0218545729664
134.0345309155732,10.05683642572332
129.70715942923937,108.99846412826233
46.52416426245924,30.386182615453
78.93039685046529,163.51689551292193
65.57574139245037,165.51144631460872
71.06131263134654,141.5092593117849
177.5983637667438,160.89227707494447
60.046356743540805,169.317585040462
145.96131709908616,174.4320724044873
130.712376948738,60.47306262567536
47.79431237944231,95.94199349718122
40.51504377341831,128.14148723838153
20.753217579324435,53.56590571998643
146.77815531683905,179.37243832832326
58.00121882049344,38.16805947295906
135.9990433943765,196.23569501690946
163.40538366142948,56.58656234636499
73.62825627139958,6.60664357246384
69.6425949209607,190.01527201922843
25.010874578431615,28.99407688485453
195.9260302455822,156.5996632945785
63.878016675526624,62.623267085835664
168.66094316705463,27.207498357153305
55.19834344392337,155.7972192219159
9.5774661881095,43.55014928424086
54.84470427339266,80.35856631584996
34.9715640898339,19.078164766138375
137.38521884411102,11.970194399170111
133.28870483285837,177.88276303171162
173.73883430963247,176.8952001236031
194.9968537686712,72.73490952625161
190.41986294369036,186.60602678133105
18.054351670308797,8.134587378409512
52.456717706427945,160.67670243396893
193.9011722729076,137.22917482997866
142.5397670498406,125.75885255033876
36.589524645083486,174.78858204115394
8.3994545892216,183.7150040151272
6.672700379951305,133.45858298102476
189.968677089525,53.5559248145601
50.56937906148078,119.53739222240762
81.72373062439206,165.85727388269652
49.59237038035775,50.42194852427416
47.97019074139241,80.99569239809885
44.003334678164734,153.17615339430077
25.589297132377006,31.54133645106773
35.77380122882071,113.40587402733537
65.11464610142602,117.36098735716438
140.17032311917484,104.47953493473877
57.33141220793599,141.34866861648442
10.938186499425774,133.5655516379287
13.32792630034249,77.68728181547704
140.69799128094164,59.04874217098653
67.21232093992487,148.29252281367954
193.25579569894262,175.4631159326253
49.1401312274635,122.75372226265232
24.79459766248319,127.17900010721414
41.54643228049544,77.1050512056912
29.450608372504213,116.48749232784694
54.86694459543734,8.34004157504466
118.35703970166212,167.38468312988581
183.802455733398,168.99385162121482
46.99406981763079,89.33314108257977
186.9524384187774,133.04767260654094
193.68829118375956,166.63167675821475
15.992149933495579,195.17298131610275
9.078120905614501,141.24645439588002
180.02952955023952,196.66331763585006
155.30570086310104,37.67949228463221
6.2494259848255584,15.545008406973396
64.26261971993497,109.29161569943444
15.150485954206687,184.48114107988263
33.577837245351134,104.89535505626644
130.5582536425118,95.70031124204046
168.7692130384278,110.00493730462989
156.29567608467315,22.35303379923076
28.461242097912372,117.71247144215572
10.395465382460493,108.6327438979428
161.7955206721964,34.64322669278929
50.533677272461304,67.17335556551862
138.33883135545383,102.39584545917816
17.372959973272295,74.42458116582694
179.43995010107906,181.87704536664685
52.229886618895236,154.3943845309995
57.490891547847085,95.68623681358427
111.06805875105069,167.66741536705848
39.646916560697164,63.21643656108018
62.002797611495396,8.130276028806215
191.53408021223092,20.511810404695023
178.57829587600102,92.43602666508174
74.74767113665439,187.3038818092447
49.775096222376845,116.94748568635636
68.5170678573584,114.47158165522997
180.4934827472826,134.14014295909365
163.88049715176913,58.511543679327005
57.38182272718693,163.25428017235978
155.07011053972792,32.866015179772695
46.618391947931514,135.04715293324656
61.72274886728688,157.5200713540035
105.93128251525118,159.43911239177174
61.258976348336724,71.91310643495524
69.96000054575156,136.23967838638913
175.39031229616214,37.660711912215895
59.76977237863394,73.43279605611271
121.60257980422237,160.1272341803795
164.62835190012038,179.21634384277633
11.201065705177975,166.80649957664758
29.201772235350255,54.64112423082635
195.11130865671802,12.399192310126125
186.35409254728262,101.60765673033482
68.30633249219406,51.50420204947702
186.50535279180363,177.1844466602612
190.68592699969403,22.719122969532293
164.81709216828045,95.88186139164304
29.08360383480847,148.33985742750167
175.02630616008574,157.10874619088307
28.795760006729633,119.46894865594744
60.4965117957603,187.2389485562312
142.62953168081629,38.70155136646745
36.08603067820745,40.6032439272159
150.3828258491143,85.79502646747143
194.5795800243552,96.2138238670283
139.20556749301045,69.09831785356593
30.491715507381997,34.35536636519694
128.48156240253257,9.426154410096702
14.787787662909412,60.46985056860886
65.37744099912186,68.77413515658151
13.348821802007421,17.038420847697537
156.73898184924204,52.41061966234352
136.61858658068428,109.91728499353755
188.1159396919312,137.29135856647622
191.3485444881931,64.86972004462936
175.09149109051086,84.82349157196353
20.157354040801412,163.65215973047748
12.488298429274435,31.467578427864268
71.57745881238863,71.77741191404048
193.42653163108204,145.98118775231
144.5589826563146,6.33444960596505
160.0164185777251,37.80869920747472
78.574059386434,164.56700426037185
14.102939935746544,160.40152448999586
33.05502756562398,155.6272507505294
27.55781742607493,6.7632846868477525
34.815085204290945,189.8280732920714
53.28777784793222,128.12497155245373
12.110788768692075,95.40095961718329
26.92245836643625,77.99663789758097
18.135018368405817,92.94430422721058
177.33637799423846,12.855304561782104
61.88833304335095,157.87868283527783
20.518976540757468,193.93192224654868
196.2160564237557,83.46004020429825
143.36394543295324,55.68061189633557
163.96607919157006,43.66933116064214
127.5112573271027,40.70448655509937
68.83374378544318,56.64484472256138
183.87699196570506,38.922486973687846
65.8639298570257,110.75597141840376
23.905602298041583,28.928931292315717
178.1150871719308,143.19169524634646
32.83603189893621,180.1356761675976
41.32666660105342,23.408320560332875
21.128744580849585,127.84789082300352
185.11941317975112,149.4020484763266
43.86260615651181,143.48593088505484
139.56057424421857,107.05762906577492
50.7146346703344,171.8801552411212
30.62362333994444,175.05317901717007
57.7175419137841,113.18667111140789
60.67147319111191,185.58459732001685
72.36321592239685,41.56312780334458
132.27052923023902,50.879279734557976
169.65921809639443,92.92549891652624
45.18864376735904,63.929958605984375
129.26500502337487,174.68332527744784
181.55047490058828,190.75244577381986
189.52066607327248,152.28320863164248
175.06702037588454,106.13082786200707
55.4509892034176,148.08512521330383
9.36015375781727,34.96913198141842
177.8112118095304,75.5615652483616
41.72161826090774,155.51199848438864
41.29173117421866,159.54148154208536
19.75134823135429,33.548555417291894
11.75310028086486,122.08956666320663
158.49406405192255,111.6017702363255
22.15097688942694,155.21089683396107
132.67413039899503,166.79839048213765
163.50308024240445,186.56781115119398
8.581517338271068,18.948277582983863
21.703571444730702,84.5546621944293
29.9388337927694,69.46005159621666
169.3757963187204,71.28925947686147
159.82876268959782,144.41459685037745
34.56979623844613,157.23334822597386
162.9981820133659,168.2310495860915
134.69807235114095,154.10289510068762
73.64425425293742,130.573177845596
88.61538849909796,162.48649476031812
68.88289357482171,144.33099951977815
162.7938846443616,49.1491705417371
59.60605574677115,165.57951806351454
27.767081702813247,8.397105326531467
21.219822610534887,91.56282826892784
195.03459857950247,152.0271086992783
44.50882840543805,32.80420719822951
194.15717672546145,167.59694036160994
70.69935973777997,147.51972080258176
20.171688871353325,40.198700110697814
149.9657201720832,25.34524690544672
11.97356171926162,45.348689664373666
191.02097025826404,25.737633309711956
158.3382049044341,133.40308125824976
193.33610567844198,117.01751466706438
167.07212722543963,115.4400452779016
175.74168818341218,79.87717535996228
164.92964282232344,115.3796429096817
178.10970340385035,137.03298688145946
176.54664664050503,132.17529804337616
73.05481515401574,155.156290853675
11.497020297814043,65.33717191221902
158.38792509439872,13.932952562194636
145.3736218798415,113.19660788642439
32.15501556297915,126.01427739784872
175.13684776738006,137.89709207759518
137.74813868273648,98.38600649737354
196.679187339986,29.86768589373043
41.62669261533046,194.68054948031752
159.01850702855177,92.83697006262923
181.09521835869268,37.62792609112217
28.028149457505982,137.58039690820004
16.633313236248448,74.78387085234385
47.58937996494658,56.06392300436112
182.43999354515856,189.57605851623944
47.549673103401524,184.00874833888398
29.442007430687866,174.11367454488058
167.33891419888621,121.53921415456665
56.782089236501285,174.85305220570024
191.78721115147175,99.56881170117643
105.09389758190481,159.82433789830932
148.82697440291454,73.5770806126714
140.09881537935973,146.08594243633033
35.20579974383534,61.05105140922304
142.36921092321236,119.66228011538959
36.77469381651055,65.39664272072268
27.420191839376695,107.80171009630476
126.23756617989655,135.5384612295949
73.43729816683846,90.46490392485522
73.7540823324167,59.07203995707952
29.1260805131134,188.3546731948203
182.03818740827518,180.84379968254078
193.42087963627387,79.6740107353535
164.7512932147963,116.8661016245205
41.2213522883248,128.10563466221103
37.99358221319431,48.81714719322729
158.14691065773073,86.43104992300458
39.34278912377362,162.8889239249156
69.83324973572876,71.45297469240352
16.266279506118256,182.43721212573172
72.36271504762983,67.5874143431832
103.76446108418301,163.18412203029652
167.92155937458242,146.67155033996997
62.63950359703476,104.29191560105
17.186733596507377,85.95654618751858
52.70584110118624,117.51924279596909
58.02941656138062,41.733172440199084
149.2233989481575,31.640677967309532
19.342037212733654,162.13177175873355
148.0953481769749,39.91675725485718
185.07239695679434,77.83695868600309
75.93667145291936,124.76388304365602
67.91631032677155,94.79392505883762
135.80861490465128,180.5055997236666
47.05797736417597,158.3393020519081
16.960762314110596,121.2324411281935
187.18130223794077,42.77293135099338
142.13631119012686,67.2134668953347
134.99544636671712,49.44970186990942
154.05041399386175,24.313250161901074
22.492121960088465,79.48756090395514
131.91481456198673,166.75783362227884
37.29226630257808,10.616903324758647
161.33593250080318,38.40893572422368
45.30256183888695,107.43746099683862
167.90999459434101,136.58966907433597
169.65357430282737,26.508918252039848
19.679081314049213,48.80138770026272
42.21830833480686,170.87570135478117
20.509706665816005,125.57040480474097
70.81603343953375,84.67513247119169
104.78403282205957,163.98817541507643
13.162756594506112,71.7871421096005
145.38150111694006,107.65368493890054
191.40494878673093,192.0880678057619
44.623195175620815,8.764164614263406
16.04451215155369,101.52795044915798
178.1209363675383,6.284269763366501
188.30265248161518,20.102443728887447
157.01375644069375,173.68865333308165
26.82111850089953,103.89026316716313
61.78555731773071,105.02236940117719
7.668726083863975,189.02541880135593
173.41004911328275,54.06268289252659
104.42251235717562,164.9273619228291
187.91035450497992,167.23849308515872
31.094120993983786,179.1520993523498
54.79947605486763,144.3752628296229
19.307879333354602,102.97467439417746
43.05149881761394,131.1362190261281
177.35388545324952,40.510156808237355
128.85013237179712,51.17431611793504
178.9592602813602,176.7835718456309
37.90548838409644,39.407068748736485
172.9948885181563,97.62204269027595
11.73095454519775,105.12664287132827
148.86473687551302,35.647087824968025
35.273684456201394,24.237119702245938
5.9175812579275835,144.42784716434107
23.05921425312612,52.924449467764646
27.502342206230026,143.9348198244451
156.60589563473184,113.80973934197225
47.36435603678756,119.7107191994367
136.09710881581273,144.29045717228394
7.337751961518243,153.68930377260966
73.24036493475872,129.47548340607287
146.9602526501553,105.71925402494023
171.0857510205383,106.00226538670488
38.16710928944394,25.461198232507936
174.09069401058954,40.66670301757862
129.72436472764414,88.14680197796187
126.66942985703501,116.62249892302023
43.844420963441024,16.90232876517604
147.21700325443274,99.03588976891784
173.76881311163032,144.40578694476105
19.529880148975376,137.41835080882385
191.36408454883292,114.62545418700483
167.9810761985966,175.20781087728534
145.5270423072717,88.84933723290229
64.9206536898067,109.92361160587382
55.06025373137292,72.28164487599848
14.75094035988253,159.93489110167124
162.56380961277384,5.646589017381449
65.06290555575526,73.36957390180076
154.80722266403987,115.5648800387019
34.13581824284269,6.564902780231123
26.801413622571584,109.35469875185835
176.89295823609336,16.083099277529175
182.6639793738864,158.58983951164214
22.267413554735707,148.4762491227528
41.437191955219596,143.9009450346886
130.27043931217298,163.5849215636409
75.31182086757518,139.50636304919163
42.48508522044165,170.66514964798466
14.244666762499179,134.82827362202892
176.154870163392,19.44900048488587
42.10416416172316,180.0516666771155
126.05646144384839,147.57565611132821
56.342452034940365,138.41009955442925
153.4090307637042,114.28812842273057
155.88952645098877,84.30770375319854
60.49214116099107,17.574789276553116
34.598045824387874,99.84024388024054
68.00799351343922,17.66684713272901
135.6708967559942,160.93353087417464
68.47568853818052,169.83723847854313
12.207669215132789,165.04807563235462
173.33672941734494,63.24445501935326
174.99434079619257,83.90690179450606
138.01052122328116,17.231121571513007
34.92394826467678,21.686329884651425
179.0835054268562,96.96998303737433
53.92905023729778,59.962432708618984
7.466291982343517,127.88275854178279
133.69475062276175,158.75736297066715
32.53171229897385,145.23828816271373
41.67775302342215,86.71835467684609
139.47115529385115,187.7713069746016
174.02756537745853,163.19006467985662
32.18685772295164,39.07897850373003
65.39306165942001,167.2830926271979
126.76387759208771,94.70120835020789
153.9254511876289,48.175600965086254
56.4443801988947,122.82294615825708
167.42994730189452,24.596395780332138
168.39484961042555,68.56466555060781
47.702661299316716,148.63812059403293
141.56145259888913,75.95412172654194
57.27048045576196,158.8747591709894
193.24760178622873,177.3673233281326
73.00409951352732,27.17271045729872
172.39913130551466,174.57179294386972
127.63079064574046,188.57564241185818
187.92151950191115,190.50715742388778
46.59856503134797,149.40895936746304
144.08372076931937,49.8504348245341
174.63366523081208,187.1044858310978
136.55288138820782,53.6601127143397
37.853977078942734,174.38813703074288
146.2581192186029,195.83949714037007
191.01117692621116,171.2350165385874
61.89725124270779,27.243204149436508
181.2540504576767,125.36457495003553
68.89126793582854,36.24421015101336
171.59196967209124,62.61718721718503
128.57132185639762,160.68660411922244
74.60689533474188,182.4939599366741
52.28996526392292,150.29988478566537
114.09303608287243,161.27223023118827
142.34470293644281,13.852593389748426
73.0551555265385,150.96225575979568
156.13249276942375,117.2734515530826
155.6575296062385,68.81252765696712
166.7822067166333,112.81005245427133
25.411014291559727,42.66235260913868
51.207164143864595,106.22561250857825
58.058342840765675,162.00667838102814
22.544748844262497,71.04537678201241
44.38504415407048,195.69751734543013
190.7010446506242,130.23329701562582
159.63437267819396,154.41139731606293
66.84777684507192,134.90472464911366
132.9155257315415,110.36069225273657
174.5644675328604,46.034240522010364
12.563813566399068,145.1042172467066
66.40113054785188,107.60503390633453
151.9539620730876,34.54282832155737
43.58054920243863,57.26337928279967
172.21137289914756,59.25638444947036
143.71059098529008,95.4846778699948
126.23054508694739,98.11778190473308
37.65646732307675,74.29521380459308
170.0311306070906,149.57887405982063
124.50037203923596,167.47378299750727
70.85361230894516,7.555265816093991
24.175127615428863,138.92154961769393
130.81210335047305,93.95106332572429
135.57863565365454,64.41540823514023
68.55364914332937,190.74906404705595
140.48185283820246,177.5088701924095
183.60613851924245,99.84624217685247
131.3812425624663,182.33715454925334
43.567413665439304,75.08715252552697
195.41982384069152,47.246400458354294
15.93574300197923,108.47761367528585
154.04671360898686,195.0872394987499
40.33570837666982,135.8671730562971
146.1631249886101,181.57527374406615
178.8582703670852,17.917105519634244
185.85415633499957,159.66539072545388
126.65986386211686,24.470079802285493
5.378489135812705,54.553373051232725
61.29575572994803,54.50455260881649
67.39640647973556,162.30111254318876
143.36581393362314,30.68124396823659
179.99159390277453,186.09046419398865
27.87692217279285,11.15799165229323
144.99404137403533,27.769720365516594
21.29869474081935,53.6460159607568
167.01439817552952,183.26341634105094
159.27672206641026,154.7566880724139
138.01698087253624,124.27686878505847
163.0185576781024,178.21235413204397
19.66253581437548,84.39616618719256
53.51264523620695,183.01759572056437
188.70329223367173,24.29594677245884
61.81179436525274,105.2095985581578
142.62222407268686,21.738523315908996
193.36440966888077,173.8172160638845
196.20389867092902,84.1238656287612
142.54525813636573,125.27618762975614
31.17963492179221,21.813271544300978
132.52165557823426,158.7106766115502
60.6834792874068,181.7128681577329
154.44126306351689,154.48181577778615
45.208117244063224,186.18928858202466
147.10093985128884,39.12278268122779
173.10649087658112,6.67736407640022
145.25309705163795,12.18688800350091
184.09144309712937,85.66058146877734
72.28366906862897,162.6199620953842
139.21062374515853,5.051740078421149
131.74711211488594,86.10898121795726
170.7036433579024,64.41365095174476
143.58363909046105,151.46134777683102
152.48824997351778,158.0190499979894
19.309115483629856,148.3469754932359
168.5983567379605,190.52377801545774
21.587235377445214,124.15639458970918
46.66795090204842,82.50371512999088
172.6602544494295,110.7042422926026
53.14479662149506,92.21670982236937
187.95834262647045,150.49942299494575
45.78511014549211,24.923615984347848
70.9012749588066,93.02886504776772
162.91480261614103,62.79221481114195
66.32850941337979,158.95137237805503
127.43682062713351,57.22063736217476
56.67778604718465,133.84760767456737
138.21809536213962,74.32713235642059
52.64182217903348,138.62936334561326
58.394152898228164,191.59513364006972
157.7914493457026,151.78807187392385
151.0167461493717,121.4769351780495
131.66278683344908,103.42661448596925
187.6426200379375,150.40707852757225
145.9696391565257,91.24941855420461
136.11954174444992,127.54960299521709
31.38588933069218,161.36027861011576
176.9052786135097,73.15526330762525
140.59266369415272,116.01003256701767
6.692209907260166,17.80853090710631
69.28471018112047,104.10912324202238
174.75156087541674,183.08794138046161
178.50665156896244,88.79341497917612
181.49053188611322,77.8556552754425
23.407262712805753,184.1334490640926
30.305946566384918,20.075198121636785
30.949525576924657,150.70297560875613
141.45937277480476,135.68240924206407
20.772787159613912,70.3756997039003
135.0778460271109,26.700459343036762
171.3681954214595,75.56336901300563
72.46051931370252,8.692233343556648
156.04492195300188,6.092699748324599
125.27090924257384,165.918715730067
176.948625318982,112.35210654069691
135.60263080072713,106.78792812058654
42.22981600219739,189.01431964140093
12.175694547130801,87.13875594797551
34.46565450374921,181.2217787366385
151.9900090826471,167.20298225962162
68.10250724225966,144.47034099351612
186.7973647995561,163.5155559077666
166.900982212553,86.59171432430671
26.306433359506233,127.11658809314639
90.31992599264083,162.9241108511196
170.13612852905655,78.96804502984781
57.679291204327676,6.395382552805217
30.495164932171008,78.5526854277279
7.418822630790552,93.55443422395261
190.93740932179782,103.22325756587682
37.90686523409854,38.094666534989194
127.68704119381105,165.48978728473313
20.97554719435453,124.93521488972694
68.85493586779248,152.96588956874743
69.49122881432776,132.9251723656895
169.7539213376117,82.89360256508999
195.03437348684974,17.326978298721343
132.56244771765253,58.73807164395019
141.09971808433136,39.13353066470165
43.383632603517874,98.85378150750192
175.54204361394835,88.92786742138944
75.78826906277588,120.00625104484949
192.25348095856913,87.00969300002137
178.23952021488358,50.1623863148434
158.77889865740477,60.323883409153304
181.5677739012055,6.2883322963920065
27.360390267602952,75.60593506086418
27.689895227869073,15.373655620204195
178.29234228457508,86.19943797884399
43.9299748511011,157.26555951194598
159.7794039329535,67.9248079213606
159.9656278425867,155.3341101842516
30.53783866652948,9.285082773705513
178.00993132419126,38.327175524247814
126.14365363413708,88.27137496813896
16.97311658258162,175.51595814501204
138.61819624968828,135.48723882456835
16.384890658177497,183.64230267148747
29.62478754217464,178.40633753137493
24.195938881995353,94.56475027862984
39.049587351306315,68.73356861714608
196.38333170318464,130.99823460532136
159.13894207632222,13.75802973786407
16.694557207004877,156.57304050685187
72.78109371129936,150.26741643068053
75.73635610010095,160.8426787424765
182.23667096724614,133.9378480061354
16.010143902602664,184.0623142236581
54.81214501076514,70.27518378152988
140.63568764284673,105.48623538033432
192.36891722334008,157.47486681486194
147.85925851610912,112.67053103112283
183.35977199739165,182.6623907746
42.87100883647849,141.95165122948816
151.09719165007817,106.189982879285
157.64157426577052,68.6153294870544
70.47533132361411,68.13019942930922
54.33629365687176,125.3945937629038
7.992183860316072,106.3839989569324
152.68044557063797,8.385083823446372
16.73847576474872,188.77930985116666
20.98894241724546,96.39382039515075
140.87287012504433,125.40666153510124
150.10816205189923,91.29950908243566
190.2308640851053,14.211413930278539
23.140513234032568,96.05532357476609
152.58101964167463,158.70394634932256
31.995926482355596,47.529039910109624
43.03354995181995,157.87955700776342
55.00231569047099,133.47271346581928
53.04458358372753,72.0942012005728
43.98940351186372,9.850198405780697
25.175281502887273,74.60072849657155
189.39762428087514,160.4950411214595
166.44046335767914,8.22537082914802
173.28168582343844,15.290463335243535
45.5808827622293,194.73395690682895
195.85159780966117,166.3105532516403
157.79099574861314,139.77849149645567
29.62146275709631,165.29848824693698
164.81613815666822,49.15512241076587
58.85548507658071,152.33173858110604
186.89399220512377,130.6364000980245
67.86939576014434,94.59578318011843
43.73726536437817,53.21575871010379
166.3367346917405,11.996627948463829
47.867317784712085,28.85616423718955
192.7313655000595,80.10775544255767
54.18678439888542,12.99005701833096
15.783312549183018,82.1195173689676
27.908402186722324,49.402259202214864
19.067540301176688,20.3863865113933
66.32338804599824,67.16868772355356
154.31307513572526,75.56830597389028
145.1666334063766,42.09168418422064
24.79613260160956,177.4740186374208
143.73281840043953,56.77530771293793
49.970338614614285,111.09368115274894
126.71790977289963,71.21540347529024
182.15632965668712,98.85955762570715
46.18748720904851,81.7936694773511
130.85465094785897,152.7133103907269
145.57395364253546,130.44662639528036
14.983020858706611,74.4735142299455
18.62116730055107,159.79574407541895
134.1057669841837,68.38447886144702
141.50766763430758,134.24970798356355
63.37864519654068,119.49722928737594
72.93775931774317,152.35390499634457
20.992869170704754,139.16714115870332
130.19440467546485,30.4834952760494
175.91186745759032,56.75596513539887
182.9060773025919,134.7194990788965
126.43805021212029,150.62094649504925
190.66389033070143,153.03248439606492
132.25906462283382,78.54825552807164
72.70239445501898,163.82906497797728
73.41736732648624,24.95595641673015
172.7572833341188,179.27592282351765
169.34403058948718,185.71633192871738
12.188109066363113,49.28990967439015
196.85393324958318,85.11032862800658
147.04448916666328,6.302682203517118
40.95026974579768,143.36367694733448
75.87020084385821,94.51878340248417
57.64769663274197,33.4583491667919
41.41595082739995,94.30868923199246
65.17715939295923,32.94495921413765
14.206823603341405,53.49748425658614
55.81314924200148,49.47554121997908
88.48249348992668,168.58966038224034
140.0654369983147,59.33568623887791
63.3103894181584,70.089016675412
35.4403137516753,125.58455202324797
184.34499566846847,78.96197937534748
139.7178731816144,125.96539253744942
67.62706037227584,125.1823902871694
70.63921400912197,63.15854257209191
22.604517229362713,66.16921926343242
42.969187872391636,83.39586069176612
21.304420056460188,37.74244166995136
56.43100642853485,167.36611313648197
35.877860932603376,19.50702185311115
32.80166303000894,170.96117987163314
33.27200625397697,72.13337948858279
69.74042483766102,94.60687228425328
21.176781691634034,28.851406007613722
69.03747840868175,139.94902104141337
5.942610009058755,173.40886175824622
73.06203498508327,86.57957500442956
29.51085467213975,41.795810627613584
148.98904172896312,173.73102393227856
143.95272158539476,181.93794410513328
65.99945417193918,82.34879816271904
143.83135465700852,8.620906387314063
69.52467395850057,67.76999447987039
6.743465941589527,52.43570556259177
180.55764358374472,137.0738284217524
33.826410955878266,154.88201894548456
36.01571159877746,39.914639775446666
36.707486386831654,151.7547302059281
25.84924154897587,111.45603731781617
62.790023589212,69.95358295683455
171.97676956166472,11.315741982520695
179.00133329263733,46.64938627610721
11.223384296006609,77.0466602291622
148.62251386215104,121.02210470081297
195.77634853611903,46.00536212554654
12.277569232627101,150.19691119001587
52.92205211120071,57.12344273942836
131.43800549100192,181.2883499189663
28.242592216535115,6.610205820194021
151.4240759187148,180.5888261444386
146.9202385404286,67.55673622211596
52.684086536857194,167.32686283444662
16.566358281003097,175.83215570690297
55.03332589741868,41.92871706652461
143.64444128159795,134.35004939530953
176.01739828574378,33.14415427771349
74.01889373635096,158.2967001461321
65.45723820016919,124.82623956695139
5.3039552823137415,168.89089356870707
148.0007149910558,52.13707586009734
53.81025642379728,71.57293948418881
74.97567705632906,122.20681236011062
17.571911369487644,186.7722601665937
64.29539191917549,136.53379714266316
181.8597741024934,164.65393499741023
142.22634714810678,116.15252027777007
18.911973903390297,23.03202305619099
43.8546076547433,61.28009483685348
137.32817483880012,146.63819621495
12.118018332041267,26.385260346980022
34.34907842012785,21.68493342753189
68.74838399614877,178.4874425138242
194.90845386911388,172.83714509712104
24.08847970614719,88.54914389347854
184.24550346082933,196.33318834272436
157.99295430904195,41.80419264531681
85.8749110075761,160.33498537224804
192.07016126854958,195.7494011206153
31.113890176341705,80.61711333264503
74.52172440816639,15.861583602998023
34.45925411508418,148.33928596471048
137.75212681183118,147.74761978046882
38.60478476216097,134.37409864380857
158.07745511732773,124.03272729672733
28.54883414628522,63.50102197722936
74.54247822754115,149.31036819305788
172.4130529461198,52.204740085158036
163.82336636723173,33.65244298816745
148.45036173170323,159.68120341815543
126.03913466027785,51.16459495459573
11.093239798172847,19.286119281268306
37.487550305421095,46.204144359531455
18.600757830464094,137.7297147737276
165.50416809485782,62.58862986686758
175.90950582730443,105.41072545428193
5.0827434386042665,112.90942134418869
30.40710467680455,16.6078913939022
138.10191822787422,158.44394265390724
42.755322597146915,43.10638113174647
17.920859855718206,144.5839812481621
29.43900631869642,134.1485396759057
17.238053401623063,102.45787509663214
42.44620153552351,125.44391218859847
176.01716261885935,46.54543136366487
35.04120572844772,141.51344364360935
185.01591838656773,108.157551242281
67.16320805058416,37.49788651229623
148.83850589072995,22.82075376130444
6.511963268118627,24.746925664462058
46.76369916280688,81.05837076071407
147.78935929723298,161.29971526260732
7.254509829693722,51.645668219321095
58.650918041376634,12.659490845702408
19.175350543026987,18.672362013303463
42.21925865263625,180.1031787792596
179.1978814266383,117.98276684741845
65.48622696447154,82.04965001271837
139.0063962994623,48.29687641375711
59.55114603163779,29.50341808137394
37.96124212989565,164.97680877713756
7.440576432375835,143.02626902768046
188.61109769182036,68.12095894501701
162.38517913271124,31.333298417152534
183.86453416786375,121.88475747094859
64.07284255611785,158.8348881304987
194.6283393236682,190.80868963841888
23.95832392934135,52.35191476739586
140.10744931353375,28.356452546871814
49.24278934632626,58.968964776881194
193.7105716832542,49.86299153112594
131.04693433326992,180.52580395067326
40.20431976638012,9.006798371454433
145.72705934813,142.1378515634751
8.247383558348684,145.65183558584303
10.0,25.0
180.0,180.0