188.83697725483634,59.915519540627585
105.49758157301962,167.14979758052868
184.90396091090577,161.19804710192378
36.426630404154785,73.93589068635839
166.75540028127952,80.62984625804557
184.7985463355921,64.89420820557021
21.80868679116034,16.25483628788083
91.95134661097468,42.40458912002257
190.93595621851932,178.36916883110456
25.541611472307885,145.80650690732867
102.98979515525117,9.714258998591848
179.4167525793459,147.24645627625455
88.76545278854003,69.11139536101209
102.44266676390242,135.76003393380785
186.5103023555881,29.596455324626966
174.75860124451606,187.29208882771312
95.65158200886196,150.21848937829864
94.4872914044011,103.74887932940668
113.99710153958769,175.42341886966398
84.64645548964928,91.88167910742906
163.6977878262163,33.149762556643836
25.56133798832564,93.64167058169879
88.21780076652165,186.96269622176084
165.7522344290734,101.37684371530551
22.824103509018464,94.65253296218629
110.38360432869659,159.72435053510057
85.68997146746248,99.85290240255567
30.27095653048323,58.46383221966354
180.17077085792988,71.06246397284214
7.039317403087817,99.74144591816726
172.79967059027723,56.41518859181931
185.77966071901216,8.78817857796549
107.86676019633826,110.66187083588453
13.414688023792975,160.14755563901417
195.88250444108118,149.29262210662628
175.46726060945116,149.84121786184147
179.24124388508125,147.32386174709364
167.9476094819664,35.311277632891716
25.002687328668234,25.717472279234844
35.14611567411268,92.19711650843453
183.20029200725233,24.772602444692836
21.21739592172821,104.26018641286528
184.05610506374785,12.815585290017154
102.38850205699869,10.840825936366915
86.59330749342625,102.42009289958929
164.86289844844174,11.234121470582773
118.81032544164854,163.46791045147856
25.741463370852205,46.34152239864001
68.07690742144538,168.41417608375272
18.328668852913463,194.6331071231705
103.69409998561764,131.99356048060073
194.59138418746284,146.00363747754744
93.82459903664909,75.38593352539658
49.14597563221756,168.01679237491666
102.00846239091113,90.50642542042853
27.05380890932339,45.79273282244157
81.82278331250201,76.03513516029577
99.86969494290238,183.80353570263853
186.9253500787201,61.00008702959024
39.62470712150288,84.15758236442682
105.38874010447456,5.410992093023198
110.88606853321313,152.77403074731004
193.22306334072388,8.286757505190526
5.5663473654691895,26.81416620850942
13.647507871416785,21.910902851247826
113.52754633225678,147.9155503379513
192.25129026546503,162.23711378301823
150.96642829097652,41.68366543722118
31.697506274233536,118.15002195742767
87.3367121795033,6.04797401155998
105.29105881498738,73.99194132842784
104.07916236518957,189.30116486003442
22.351261477393702,57.302317560223955
84.67325146008955,102.13830072735774
166.35197850826523,15.45122329436153
112.74316895419487,32.238588514867565
44.674301266894545,170.63995489249743
191.55850030100027,193.12790948354387
104.0276952156012,105.4841312422946
195.42092473693776,150.23959983456885
19.3169151251376,118.53280402145768
52.60583668054451,161.95959599205773
9.80857334445297,63.23263451289355
91.80238053458412,144.26671156257905
115.43269070452226,178.6377055584291
20.624271137852766,186.4008902713193
16.749939116896705,105.30652716541395
95.59871068336679,178.03285832309302
187.5716495609535,156.13251207587348
188.0021863617787,147.45927213814596
12.03088390503129,99.17337017177876
29.65185509372419,62.84548962849261
28.862275983549345,153.31842721373107
88.59545841742619,180.00492585461996
27.474761616408486,29.621172009967786
27.314647966105866,189.72248809665984
92.30107187084464,104.65510835502764
19.392220048963257,120.85152917317374
26.79127470089908,47.554105179450374
6.478873369845889,83.8939914622724
21.597232806482666,29.16557733675985
29.34447401999474,13.479327460633534
166.49551254348356,108.2471275208095
26.302865275053076,142.3024613180914
120.54230446067967,27.257676731457998
36.829721544005565,86.82225770063017
97.81242768488755,187.4670378286447
166.6423476437256,105.4382605693906
23.654713557891327,168.11958689662285
36.95599160548084,176.8659627102732
17.392357176067986,50.55009591287943
29.69026615534815,38.31091057666892
44.66419842850846,169.60364473860668
105.97064398331847,172.886691832056
180.94748932417806,23.191712808322542
119.35364218431494,21.75414175021133
11.205748415242603,30.13489288573247
20.367037022628466,73.12478877555199
22.621372574184534,78.52769216464786
96.8297524982224,125.13591004301288
29.482259821133255,137.20607362511498
194.59317848654598,138.28442084336075
39.5322341448633,37.23474445785527
10.087691381429739,111.12679450528165
180.6656384743679,18.59606161641369
110.84070599788734,21.0881596215204
28.457016018631748,29.47182893249151
26.520821182673526,47.95281624412346
34.48623967211818,173.59528897296963
26.51599852012225,107.59581725087082
118.71642327166882,91.64008185637925
110.01238925976983,87.47347020449664
103.8471103651622,149.8246020916642
20.287722730953043,7.047856184342741
32.49419476458897,143.2250695490285
82.4798794609252,53.93979981916646
39.55277503553765,186.03012514558063
113.2463220254326,186.18579169824434
106.00846358749148,68.81952373769067
170.4340226469683,81.62007608237758
87.31394861127846,142.7623302838421
30.512831433122752,77.48730983988852
174.89604779177876,87.07212615914666
22.129828576971093,155.05032021309398
26.678975444119516,148.05325285524438
120.05765416865097,150.5899985034743
23.748347438231104,160.99307759654621
166.14968130746283,58.29880915551472
93.54077129159333,193.53689020750917
171.7984182804557,182.0636810326764
111.1580886057034,124.87498436661147
165.685620872213,189.50070362019417
38.99655053284473,59.41373655397496
106.92730184166595,180.6951994913364
28.706640832314527,24.42530070282093
20.50665092707206,165.79012043721815
175.5016915434042,181.12275321649676
27.124471971572675,148.42184811247165
29.129840636127355,169.5751700786406
26.902468646206984,141.46320246254498
89.79095564511707,61.75006312807717
32.032503773668026,63.29879671535997
186.33078892299525,21.252364481839813
152.75930217057143,39.98983528531382
191.26029032020972,15.079475364621958
96.93688463110979,67.02647247351099
104.29321560207005,167.51812203702175
26.916226011227977,61.02221181330754
188.75423941348018,174.2994107467028
194.90490942345554,43.86268062121037
189.0759847114558,11.033453761100407
8.013400093786807,73.93666866585802
98.22396264672962,188.53757451636307
179.34851252981673,62.98004738889707
44.39582630871119,170.8385247273313
189.87753799355255,56.33002460845839
97.7599822775355,172.98604501851779
84.26488862943668,157.71767320593153
21.102347433464416,128.34772107106465
35.48322098992057,11.833804972964735
82.28834351251415,193.32770080054692
194.1893238910136,20.85918959564364
14.37323431269763,6.970736998835482
17.996172453167603,54.452896281935615
107.46952073763416,121.46832636684115
39.00563133031752,195.0613384996694
28.13541849306819,28.630131870808682
185.7461426844982,24.43310417278963
15.020746072657559,31.18186213523937
104.69763790265881,168.2862485801593
91.93943070312403,14.174705777079536
34.60286653390204,167.16479480003895
186.0426828705958,146.52888933758834
111.08441578675261,97.02594549263824
91.8582294913871,180.75530340229508
26.574889871452232,177.12126332987575
18.626507001782016,79.81433107138984
168.50724764158304,83.22437245786833
118.45929064881179,182.21937713605664
28.69850723235406,81.92747369866436
111.59683056548567,182.20092668193809
32.28838441104663,133.39343472777702
190.93315925482534,196.23680918313022
102.06802668820778,11.263716504916042
32.19381579778781,64.28174340988681
29.330131182408877,119.65188925315204
89.06060534403673,69.12865744131646
196.8230531068658,170.05332795550925
118.9773526285655,9.32892174777387
84.23304436142604,108.87929971219464
167.4014087990929,34.84107445777501
117.49702905342345,78.01178517380531
23.11980096884054,141.5567211457411
13.288478026539444,97.12779362176472
94.72533673953775,127.98044528454822
174.86576945814886,77.38878117763149
18.53205218027109,113.41982911876782
111.51580416146972,14.333585840933178
161.26394655449252,150.41167154488332
161.70869562045107,60.66825762583822
8.09779350529972,157.17573145824207
167.0566319556467,14.256056917000768
101.99073566643526,118.0909236964979
23.192612322668715,68.46091356685618
17.947970301282837,8.39281336062174
16.37703659103876,77.29813791271562
195.82895990033188,176.0202635498055
93.5419099060321,88.06517160733831
148.79437122504166,38.74944927576248
192.39191677439933,74.00151966797493
21.00753367177292,82.73882344312723
97.61994302693186,192.54387683450645
32.809449577938366,124.60016919041176
95.18069421218401,63.97300098083677
11.58385297937902,81.24229302689702
39.14172550692555,50.88810403567922
107.0212904129911,140.09547251874685
163.1820689408118,84.68366535682004
38.18298743746312,155.70556238213175
31.010461953415756,24.426582787724833
193.72930237766943,69.95794047024246
161.11511056645293,104.01042443969995
162.84121936671391,102.86220372318772
13.718110311200014,191.47064260099717
184.72040494122302,22.14011752341775
13.003627927985818,96.05994883752605
89.79335131082833,21.581964924512903
104.06723656628537,83.98612520366451
164.2434427162963,69.43299519195718
176.8506358338433,43.94675254080639
188.98347323242325,172.65035396460758
102.23662915292566,76.0122562982553
168.3228390071554,31.03081000959071
37.26991136520586,49.758883842875996
18.051222328345744,16.564047062100578
94.11816424576635,166.6877737816221
175.2131059314373,6.102295142110252
20.35771598715775,140.78341670448557
92.07090885584952,121.09891098944414
91.60656123615207,109.62560907769175
108.27581820190184,116.79418812345182
36.84077008617066,55.96726750889362
181.50111618778345,63.66659969184352
24.355105265920262,20.446780892324732
27.39544867669095,108.0648861448572
39.923404384149876,54.35720978941919
194.03493502741034,27.12152823490074
108.81827269697638,7.488913050409012
101.54786439153057,128.20889474747855
188.40362948703293,15.34608896814869
82.01443816860105,91.48005798288467
156.66969499025714,44.268315624638085
30.10698954863236,22.293064169743456
158.7847904297291,39.494799256227225
167.9295471823764,10.782820422397563
17.489931571512116,81.99418978793815
180.05144527092114,66.32385916087085
174.0854208674168,45.52561268601724
29.287460618076818,128.0100062024957
162.26609400401745,59.013799908336516
27.30722523185594,131.4152186141403
27.689891431067593,19.842784451720195
117.48111811659538,25.06766155091384
190.43596976019344,61.518313455062675
40.46991630860604,148.20795116383204
26.884235350429208,156.81369027159923
88.21239098683856,185.67717665731425
102.35284073604336,98.37469556215946
88.56163302755085,62.05939835894277
109.82746217231907,97.6986096140077
165.66040998548468,188.46162937352975
35.059432207165145,83.39424671531185
152.48047067569055,42.76689865636195
95.9830423648438,81.81076572652388
184.4467958503655,152.93698608377414
23.40364247623089,194.26306956291396
192.4818989305953,38.15472254487293
185.66364296738186,68.55095048755952
193.03503268556508,20.41372880892879
181.07031570799734,20.152374809067926
107.10859358470421,85.75876820726677
165.36594019131027,33.97500114180554
96.98069190298388,10.783686868859839
116.40665654550602,88.5081818075696
195.65215287707167,51.849784305649
190.69759089222217,73.12303941785004
85.28922949144267,43.869934105309795
23.881470130582674,69.5496473978898
105.76456790338801,125.78724260389576
94.49853428813167,167.40943317990119
94.17466183024875,126.96799964576562
11.977408465438055,15.6662904426282
165.03921483407242,100.15082013917234
180.62412857517566,56.91755387021874
28.57902757079609,37.77908136424966
188.21971642938578,46.560543654274625
189.10102384056395,17.886461055790438
99.01814520943506,100.03548576663617
99.64325402420822,141.58580321708496
192.92459189833127,21.403817402421375
112.80493200634909,167.69286800711342
169.6595849807852,29.50449445588884
11.014285530246614,74.15659474152308
96.00362710067348,162.66475811601399
71.6499187469448,167.3519722787706
90.58486613046678,54.72081169680641
18.778707835050024,50.74845480422449
182.69388891909367,160.38785928243306
180.8842644982074,29.929626527622016
173.18377756650364,181.80571268514026
23.457527551338327,6.787587371437929
93.17608011943038,20.254896359579533
190.0874672509323,15.328708955499184
118.43444917737524,13.441516598424952
87.99473984664107,85.49672387913131
183.6562447400279,149.5338353950568
163.97346188257777,74.78430984674264
105.39343448051663,67.23633623239823
162.33909586841833,43.66121921534204
90.21609563195922,49.614922915688545
102.79852873963603,169.96723970101831
183.5127722453669,167.23624931406385
91.57394962384849,111.0466895487048
28.26197174871747,12.733558397093121
31.202254091776744,194.74943452150814
14.40345256721227,92.0631893152986
119.58112228471494,7.783272939350843
196.84631724260046,144.63367534057983
100.62685028525148,123.11393638436896
90.48942027642727,35.56915547363149
103.92192249672215,158.3282681307751
103.93468667299989,117.43305804252296
104.73517395991612,69.86185055334049
28.956792946687287,57.59558228035691
92.48511083043132,72.34764670279303
175.25846110112428,71.13842444130336
26.01895772608177,94.84747183727544
186.23743147286453,16.836875088097216
179.2930047635986,62.74083365710076
37.09590428725685,100.26890545533958
167.10998826214163,12.580852500426905
82.89680619618363,105.54567277878245
20.134218472799347,128.93058581926462
179.38477270256485,35.156784244580706
162.99357578191396,5.681977493254487
172.48264614850558,26.076544544234153
182.7438067673956,24.726360148386107
111.65982408138306,168.14501193631668
23.97521964939079,156.33566420320997
36.924187507835796,127.36158524818762
38.859871418199056,126.01028497127886
20.444583747836727,106.40176339636812
119.32126477330502,185.28830654331128
81.65649017670138,76.2199445932466
40.52069436835878,120.66796429135016
174.5962004308516,30.312169130159578
40.73969227206758,174.9064344893298
179.83941582745825,34.01847219488855
20.11176839305866,189.46210613135634
187.6192831536555,15.780945335029733
37.64009459122503,179.9804840021266
81.87130780118996,180.25902162894292
120.7532607014242,143.03480426475255
37.561054354060055,188.97283736831187
103.75542181103398,145.2815495974515
181.04698565283823,79.48012103474241
104.40360315001628,68.95042236814385
114.6857773525079,152.34387338430875
34.81364849569917,23.1322822176472
15.77804727679599,9.446740367102853
119.54313722325199,28.00304648329127
182.72654516221598,59.800592062987164
93.35028232424648,32.18583087348371
100.30834444651796,192.5844830380195
91.24092233491882,82.0983249405858
62.840773214216604,167.52424556471695
91.65478202220112,87.92600003724871
162.38438073465178,49.199358477872394
107.53023612749193,92.84615741070218
102.61159772540148,72.80318662015904
34.20771882286435,15.703520069612196
172.64021551804043,149.73730634547834
37.84887382867344,150.43110231457283
100.68220570858956,28.51393231431866
86.62409931046628,63.06792663060157
96.03191798821511,152.91773831591877
182.95755367387045,61.64442866347325
88.36836825029162,63.621514925270446
19.764959387626924,61.2043318622769
20.308210051406967,110.65731741521051
98.46779605255296,162.26566867891339
187.65068262356425,49.617821180047635
178.09932118441412,71.03372442343104
35.84815095860327,151.69333415033987
53.652349230822345,165.97217345625853
196.97334012417343,22.87397805075147
190.7584349933958,194.48629313191165
26.298773875288067,143.3301577328241
176.0209924846435,178.45840502899426
29.002214332174567,62.293683617587625
82.28962931814229,160.5692965534654
38.864211220629265,150.00493662422744
48.1216261733576,167.21593901364878
173.2233957838372,51.11100918981858
161.9105744979012,47.10594508047367
173.49914686011996,96.58598603117653
27.486178076383197,117.8593922826271
82.48359602160919,97.90965271503167
89.39396733715884,175.75448464320942
28.72668495672316,10.94930014773767
174.8238504816086,92.46852367586379
30.902925836462146,14.042581581114442
94.74967227220458,51.8964329468689
88.28191953550896,86.78165163411936
110.34952979865331,178.41532783788475
33.196523668365415,97.5478683176261
32.495437904645826,30.16962057481234
113.80505234860895,71.85846756973747
169.4105939874727,28.589924750698405
109.33090765188689,183.06180747957748
181.33325551140194,19.23166972021992
100.43624018844068,135.15132289570735
26.93331644759277,33.9978777875043
192.48992237563925,162.61711315908872
151.7038993570671,44.386273870318554
195.97917182126463,24.60149697704854
90.40250333789574,101.03366178395284
102.6014440776903,179.33442693637713
172.41280612104325,73.20405468246898
104.67000446240681,123.00057487068686
39.298278529311034,124.53896551997514
21.503621428519857,123.56911742265925
105.065898073239,33.51818775687058
24.300841873145014,48.9735867068626
115.15054278053945,148.2551208672183
100.03952275786274,104.63231717865527
21.03689211403712,157.7586146826547
99.86868699376377,84.49630407848417
105.04418167551269,10.31213927765085
74.74394150451107,166.71054122301047
83.42350128750957,40.636499181678815
89.4842909467375,189.7871479486275
20.88638084791384,8.587392165706289
184.99649713334108,49.41538397388479
31.335048189625997,167.9437022570561
161.30627145848996,101.3877712787755
22.05693194146633,37.52484807073126
28.6171924772779,36.86891494914725
13.348697053076275,25.74987647945618
110.26671739290374,30.794102076160264
11.010118026744788,114.49166406072271
26.620359185069372,118.07622866565848
104.11961214721352,80.09418057413487
97.93311053235969,27.89003810629385
7.029678481370971,10.659473862409332
164.0935574913151,102.86443919166793
100.17646205574002,123.51522218078125
180.37035428079105,80.91819842535776
11.841612932658396,90.61694104383783
82.63383181179455,191.8598471117387
190.05160878144392,173.9146200198678
104.61140502935908,148.73862626105915
111.64239803539155,36.52605543545417
5.69691408302331,71.50877015437271
8.958546315908528,71.99467065609232
83.43408961986918,44.827806344260935
13.233496282158155,110.41142902570144
29.10148706112585,116.09298777163693
35.9482945956517,137.68860816495368
108.27401563824873,191.14748700586418
39.73494634017051,107.91411126840502
114.43129772439072,81.905401568054
96.65940239780358,192.05634990075166
37.6421025242052,151.0040472318986
27.347712062072315,113.71695198573276
192.67734104150747,163.1068615133239
159.1355794605311,37.60987954235206
164.01217118421852,12.500649171956988
26.4260576290211,60.50238343791135
107.7223319456976,148.84034517308302
15.912881300406562,158.55718939075126
14.71596520202558,160.43422879817487
180.43097759995783,5.694765138321998
23.297536975111946,77.08239171461892
37.89178143949452,184.20566059252252
26.845278384041553,87.77971229397048
192.7054890237215,170.6287063626661
96.33626046867752,10.75827887335156
98.55263043870869,175.33740184976753
29.202532030967543,54.0090314593094
22.17825814302307,100.59740861091477
30.677834377989065,192.60424419542667
189.43259174604236,69.62802245272177
107.55338788765154,121.05670695945936
24.891723368823943,108.34766468992234
38.27469948354944,94.6357576341805
40.593005077384575,141.90969730021192
163.09085134894227,33.5161249398649
106.872637330527,102.34190211486657
109.57572686816677,170.81363479507954
105.63889710255849,94.52082031753935
67.08801999331222,169.5204753110711
23.709430762968086,59.72249823229019
12.092385940218804,80.9877704931729
189.33039823772975,173.64923024743857
189.7550346318764,44.62037946530502
182.60870670004303,158.5076719112428
114.28320205472912,30.589542318346215
108.28952184882155,142.4916967368974
22.59711106069686,180.03865868537216
168.84938258670365,194.27650650272727
33.52605655092307,127.25466450369397
28.11049310645721,82.18398239780575
108.06717303223708,183.33700389568784
5.149131868452544,86.12028630887707
43.805804449983754,169.2226011680026
37.03674928604284,151.13434553013656
182.56664364955896,184.33439532089878
15.30920705829543,156.17060941232157
156.95400958810043,39.121644940924334
89.17798489543503,69.86987171616488
161.0920329013944,104.62509416219736
191.03118409934103,158.9608173036187
108.12094818099628,36.32586975012971
60.4583674124021,161.05684900117197
36.352930444043416,161.61953419025164
145.96850839887813,41.3053009698951
35.12337671339575,30.275666610761967
38.28142274295887,14.1626879503139
26.913701022616454,84.1088307587285
25.121881939982362,67.3773628220294
35.57180315534104,154.72629622334148
98.94234442450963,140.07400584702387
83.2886421396503,143.8935765274095
82.95389760127428,148.080909869295
88.53128995428622,99.22445538176099
38.88493354922492,152.92931314207297
112.97358663328878,95.86628426851107
21.814542125595473,27.010347820690527
191.9574571904898,188.0186239477845
104.28222647987968,7.819437366142809
35.932225009015575,13.2665143123756
118.2511438232751,142.81370988917155
104.33755489170521,139.37714082961529
164.97780196159866,99.53699310870337
31.689603395475864,192.94646672048867
190.48030455417896,148.64246013148758
176.84287714440336,68.29581956331319
171.64781866082396,47.59214794355434
13.695082473431569,30.45814549637413
161.21215411297584,111.70762931024139
191.4903886043369,169.00481871001537
20.22833801021044,161.40266869635894
24.057521542933657,58.84256155623926
88.01467765004953,5.30266717424467
94.13125509768213,5.564984058826962
97.49209161457892,113.28418559204839
102.2447688408759,111.5331192536538
5.873184049467056,5.65430547572539
32.26993686678939,66.19680084417959
169.07086182448182,46.34740310548886
103.60223979956285,32.365830761981144
85.49428700912398,162.36271005370972
171.3264848063959,193.10254946724908
120.63624226896438,182.40416326781022
17.39922895326753,113.56948894023085
169.02616932464986,18.50736500493451
90.95802530317764,12.138454191031526
114.64086859123032,95.26796160488522
97.74168249697371,161.01651165620083
22.595666530586957,195.58135234600363
172.49772193168553,49.56264881513168
92.10479987150345,150.53493855829097
116.99825893774592,175.1948096926803
72.33241672567046,165.49023866619657
116.46504729789947,149.6893792133784
37.5801298645455,163.39633858381265
84.882508917048,188.023175880266
191.00063043429458,171.3252162145035
103.77601486172254,111.21174252283825
91.85141032362816,103.17790804639958
37.72562509122279,89.33409457817197
164.5890002736108,71.92688857851819
24.391128144946908,52.02712203238213
28.509487417391405,69.90739726702483
119.18454376855016,69.6580866930756
168.85636384011318,54.7051216864452
13.808622834038433,159.83708547254486
6.006886187897048,108.92393331946595
194.0876378551395,172.2351978969218
29.194129479148938,81.93685770956193
94.6067436810774,129.34433905762532
19.52128016710062,8.267689450510812
8.432736637517081,16.738188952680346
115.34467958892758,175.49729174327885
95.16258589681023,33.810783210044505
194.02113184080144,48.78025113462269
13.957307707871276,13.19185019802002
103.70187516156672,143.81770486921366
172.70402681288397,187.43976311928097
38.56174036052932,107.570652898628
175.38220553448997,61.43559145550969
179.27066505955784,67.68221207551792
28.908638418835853,70.53470780545253
173.27277521428678,45.782391714686106
165.4215547755356,88.41299992765191
27.143016326716086,155.9705578709887
94.59094607304395,33.29384047169977
176.12329257354733,83.59784342382403
91.91900516205658,48.709319870353
98.67278174913416,180.3831571705878
176.9494151175939,18.05511864990665
91.34783713284506,180.32241913065093
116.4761929785396,179.955976018502
13.420826224243157,156.57174236639307
95.09724751578612,77.80827905555854
99.67947983438943,119.61073603117055
190.6797461232273,42.33345438473099
31.004627168166007,26.62468746045147
189.15654971901967,180.71387767847332
196.2029115595995,9.384341407822813
119.66245828029042,195.16357026336968
163.1416010036013,52.114482958140485
26.37833355181159,103.44526958760261
107.01927863764232,28.34108970525131
172.4526577774708,56.562789536852414
8.545042180961923,111.86946184129026
84.7498847549067,58.10014680621253
33.77240303208697,87.80716258617196
24.544740221491224,170.6061674190943
108.65752923111329,183.92406709925723
33.574210338571,42.6981035201643
120.76448506912038,80.75359025305285
175.69979191600814,189.9185734448711
86.77612876388353,191.4546316283712
90.12635980430365,144.60664389225118
107.0475839379134,172.84987299863687
9.799417434363463,191.37887790093086
114.1341755468999,22.425076618418885
27.447327655659436,22.575326097531455
96.65612684845843,115.217947355246
101.99023698960835,190.9783896180947
39.98024393701647,163.84978255261356
21.222758981355156,12.895560413785626
87.81631894131117,64.15873893847768
35.18140144473111,158.93193685133778
180.00334774111676,36.52660061562932
87.83312066299744,176.42641397375428
159.43176390827855,39.79506702169106
196.97182487809332,159.47705719408842
96.57765831918222,184.3857190601936
106.59011115053849,190.1225146495296
94.3367984109667,19.97282799089911
85.95500197081411,54.46255050744027
24.342982359979253,146.90734089859575
161.82298376517127,39.89452353901717
88.49549190998661,73.40921661800411
116.44616456257765,163.22712699106432
114.3590799936343,83.0587769901401
162.47060997111134,68.48837035897921
111.99730134524033,88.33991594909112
176.39128323506333,89.23956616113647
99.97470567366196,147.62974697426796
108.22128378820376,95.83635756990742
40.465330856123,98.11452812005508
99.26393337498385,190.07211905956112
181.11915352310075,159.80780856553574
170.59686296335033,48.50045331643713
98.13405356914181,32.90731219012908
120.3815556934981,174.44011889576353
6.999906499522601,8.583280773372266
84.28075062677989,196.49277311519657
115.64792902353769,192.06484470749763
29.828963086668026,173.55669280668963
168.99068128599018,149.99667305413803
87.19011648563927,95.92982114436083
191.19758235167507,46.412635195773795
96.05270736914389,173.04901588430224
10.678479901422875,105.20936189936653
35.61425486515341,82.53348579345169
97.41520291288325,111.80903132449612
182.8359736774282,69.65629478711587
89.88917821965813,84.7587484754985
26.920275016455737,41.84961715664697
32.48950331662889,162.63503700329107
15.684395864672295,98.73564721227714
116.31685939693457,82.25897338697786
16.89136121194607,73.5880807348161
86.4833718805379,5.171385416361642
94.64942395629652,94.73965208396561
35.841393456104655,91.93367051313881
167.74556505080747,75.05291152303981
36.60898807705572,74.81952165107322
192.5558781867113,30.056766264791644
92.16771588570018,82.10660448579404
26.430218317425428,27.092138708313417
37.3587741387979,159.35272726769182
87.07112467623217,105.44216633447753
166.25853018555617,98.46999927445874
176.69722739235854,79.58354393653825
177.03125022410254,47.678632274694955
40.20106162521805,139.90501344765426
173.08730754132625,148.71702049119443
187.76326557347699,71.97237462890902
99.07858490018306,155.6794435104798
171.96739849752245,149.63676494735802
17.248566320635405,110.45445099656524
172.66729261652398,56.65106608331383
82.20439667926966,5.873174723250416
25.456342954137394,53.47878192923342
100.5128914012996,7.8020967026776304
118.4979511379827,150.90794761901097
17.416958737164396,40.133991273823575
58.15203477401284,169.476240720128
161.85568851807548,49.26919821057746
113.83117479327738,143.03247291168034
182.84122790236074,152.7855237060383
104.56813952174184,128.81298257035144
99.8885721240896,128.4885739215574
18.52827455167552,117.76522598960692
161.7418457178757,141.161996949642
94.19057769957551,130.96118936359792
23.81990928300644,180.60454397514133
166.35032592840068,150.41655517078303
8.57223310724807,100.35933260409247
5.593782735808297,156.12568507066717
52.809241335318575,161.22068059349223
30.110955870586366,171.97970186400053
38.54072504549693,125.55972438549556
11.013327354497429,155.5092482955024
175.91590379510723,58.95467477969558
10.504943926321324,69.05323415157928
21.337456723605992,33.65763202683235
43.164251073730036,168.75862431789798
83.02395077046423,155.16682614431497
114.98252498087028,22.544202160158687
22.622502846976726,153.31905667058004
75.52456310244149,161.79082335474234
82.25250332878423,99.57329369024357
195.6502356917991,45.60452763770483
168.12900340137438,41.104629158735634
108.51081718172878,130.85165334393486
193.4344468235569,170.78203823865846
151.96686672003852,45.075489709729176
89.16443293112496,152.7531565911671
109.54748409825046,162.1712633081394
179.87320307642645,47.0554204230805
31.032484308091743,30.060133420782943
9.939645012008658,112.11770269700726
88.48531232702204,6.728761645838839
116.42976760295998,152.5610191086669
109.4035932053691,173.532553165799
29.43286320779737,135.8505171169417
29.21311037532892,164.46283554272162
193.47753196519204,144.97750869894284
189.82735691683658,171.00701885255384
29.376909925619994,65.00217670777846
85.41987331072484,46.29281068630309
10.415708759748723,154.54040997011222
86.1255987847441,47.56339072386056
6.335568872311787,87.96967835651742
177.60846625367225,21.731610036517996
92.87363663537501,165.87146523269465
83.61444985426824,154.61586982152508
103.437381728356,188.12335810268698
171.7364477076055,40.24204375151019
97.0639201938644,162.06213501680313
86.05847504222731,105.6987368796472
57.29530772463217,161.45970395625014
162.26424455846436,8.024471479964983
32.84062017055554,106.18910324638509
36.88081045246793,45.424595421869675
35.415926797823616,117.36661998235664
74.57288392514225,161.0707735651845
16.507532853367756,10.54671303233294
166.10585605713365,20.3856379688675
24.543467690744425,83.6715077246458
169.34864366608286,40.94286428467889
13.161807500791044,116.0054551133555
85.43291709570454,188.311779655596
64.93110796879454,162.12939677530602
117.9920903112218,133.65673852253607
90.8622826927887,70.31900355886015
95.30000246004475,32.79859534949857
39.620652624373136,185.73555600344847
7.044101591433787,105.22063541479484
15.661465116056942,101.13054502971033
92.28384732440796,51.516949695060724
39.526578889533184,193.97660769165043
83.3973188560417,100.95950464149315
193.61830046222516,179.22511447986585
193.9905753178546,190.35597586944255
8.855830703895958,122.84806164138621
17.23369298548752,59.129899428024665
99.76983759149158,135.621747071439
95.1242384532218,86.28961177065037
168.24179963170707,79.17175364658638
187.5795990419874,18.944328665354725
15.676051598749186,5.648919546492277
163.6413406700473,80.58042227198982
23.710327223601116,16.571806242254624
107.10339563281684,75.48502795506954
101.89590636030859,177.63964499153246
195.20550545105488,56.62790084030368
114.89401182326414,92.65673548399312
176.43815622148227,179.66045184330457
28.66223984151712,187.2041959612951
22.380734717731805,135.36943581034427
181.36327242802287,161.2133186888148
166.46995088952988,66.74050368921782
90.93195121848944,40.741419350452915
180.10224759861885,14.136301588171788
99.79786124840679,100.69200064692484
150.9411656483359,40.78265819724126
6.824311882275028,116.126752051908
15.06768102411867,27.856696212921612
32.29961182411986,63.98692913677443
118.0838945181774,158.75743544168571
179.11891404568027,83.0345976282847
105.69436376826404,27.276024623050326
105.911988197836,153.72015103937576
183.765633403435,40.808748348396854
21.650192234134828,145.11338931601733
96.60514290805357,82.69054479394921
46.76437228300699,170.19063609041953
28.103742056200144,62.006092757849444
36.55312271816065,117.5586833603386
104.69259375419136,137.32837072439304
104.05296623136145,186.77876713756993
190.43220279736423,40.37807177351
22.00651087586658,98.92216802620435
26.24586241139287,132.54640768170228
193.47039450121645,150.61517918883814
193.71322754802895,15.03214145543465
193.40833863485676,189.64961159605028
11.276398581925957,117.25560374564876
34.725993285601376,189.7794681594266
120.49677066156687,148.44198351249594
14.563529299988426,81.35643531734108
116.49848434269767,76.30620471736319
193.40805973617708,184.26747261929268
29.90820434234331,62.44139792686074
24.396694794778128,182.4031612595431
28.78004587495107,61.6179817717677
179.41991712869284,43.49144184624046
193.93582895817636,171.28804355752433
99.18900807278264,25.61640264009812
23.56941167257907,37.40019557906339
182.89108171975377,23.823664271173197
23.592286435737492,98.45719129217231
88.99857362681504,62.44302911067244
30.446859257084267,10.145283734103817
28.137416356776907,119.56603453940447
82.15814074623732,98.4884232494596
38.83107628197844,95.56782049716047
84.330757838381,148.64625113845133
12.117649462135589,156.1307723419547
188.21028278943257,44.43149824737881
6.654012995208579,104.44136418836253
155.55745305564196,42.50081717532985
179.0013242390926,151.18015930143005
81.12866672732102,42.21643115250258
29.455245465300084,77.1349981268948
38.894213570687015,110.0993924794518
81.42811379078957,101.36078776421137
23.741482948325086,122.04571891231427
190.29187085083942,67.57888619567903
95.69100987604665,151.71052070166394
173.40006180660515,39.508852321279164
187.29155166257945,41.5604810148172
189.2611983479656,173.94474938932586
104.57679640084378,70.89629605533594
106.97475472918832,92.72060847224084
16.024119106998526,106.56750066117127
22.24649767209232,157.09526666512906
108.5803672002531,130.4503987533346
19.531860838238455,28.872780276376492
173.092669624184,20.576442832915582
187.33216246583737,29.56596456982977
195.47142967466246,39.0657727250066
188.9344757470882,15.176535795700769
26.329413841303364,170.3385595134107
118.94308309080803,96.1623894907062
90.60104932839421,89.57118685460493
104.1918868944181,103.56397112473877
111.8495409044996,21.19384913209692
17.60217688223692,87.77359313879286
168.32082099230212,149.0927046807796
84.76416406139309,146.2420600723629
195.4089824855216,138.94745626272524
117.76388481802337,158.78420813708277
23.36533149364253,125.08592158803592
31.795346930607874,146.3830740786637
92.09335823104982,136.28953631075078
93.97771973515891,28.89560890951837
110.3027726979104,19.252636213532217
39.626905761888025,108.9786302958277
22.700132098020863,84.43822094494477
179.02774930437317,49.86711519637499
17.10638955256964,62.23638966106003
163.88703614339667,101.32166473744486
115.9879363228517,182.32279636959936
75.87270227975226,167.57026474767247
102.59569220638285,175.20295323763784
145.45032049882312,43.82938296827039
174.98183144113997,7.256911554348542
33.92353914600621,146.3850977037523
29.910813052264153,180.5672795470327
81.95828711508135,47.79293054603648
18.353846104521487,110.18680326292676
92.01729240600518,129.42500798082742
195.38585482404383,36.906005233438584
102.92540093883316,163.11707290480135
94.49613466461481,22.096484014072963
86.89695007705532,67.91954189701904
23.971911718134784,44.41288713292944
85.46991979325799,103.23074317278653
190.0874730996937,194.4617302941674
16.84650555037359,29.768062755379308
167.19315115098894,89.82838681650493
93.31828368671184,48.86864232249126
113.00550980547203,25.16906148895502
38.69957199681547,42.760646117859395
100.79556969192788,193.96243151975534
9.588471058123993,196.95173855370513
20.55520579182472,163.292188625849
73.41029507725254,169.34213705945982
36.66360393131206,192.4880751736274
182.0353290079727,18.487479516949058
111.44254144672854,83.46987474200621
32.49116247560946,194.55658147667646
193.36698259159056,47.43311551115476
96.59175559763601,151.4289166104937
28.997713256950856,99.84917133577913
113.07912708163872,162.58737740636735
94.0803580135859,178.44058841593906
27.6240787011674,23.666846031558325
96.41131775281953,9.954311116702279
171.8019893029661,40.227504370232054
39.081384140916654,172.29435584725857
161.0468031861195,37.980551707866326
35.99845579522428,52.15191600627052
112.23997851031181,193.82732360861522
164.0271801136019,28.930325598264968
193.96727511786338,49.85985276774537
28.28097902697941,178.96745945738607
18.713632663291644,104.22649660372262
177.90222375897838,90.59613764624412
103.09376656401481,138.91949917092933
100.45863087035445,184.29361464289371
117.13237035196642,147.53469152392807
64.13101077793029,165.0100162539291
99.24636078732084,78.02084740745516
19.576855801424923,97.84533180432464
113.55919497319285,191.7140022807015
86.59017297389046,83.37479140951402
96.66658600894223,23.808544051057563
106.14991533493745,76.24962156991496
15.197115594009814,100.19357003159777
92.69622697441909,19.389726751471606
15.106792767218696,193.65722587576445
100.2172143264457,9.247328311838665
105.40849984277524,106.08822717753637
32.489296526946596,176.57529545091904
80.7691747663654,167.15153318238265
173.99333128086363,86.96192785077812
191.93776159221218,151.64023169303022
195.83540345204693,149.71016975350713
107.208824519648,159.66488563092364
28.75413742618243,14.991644595461178
171.3638457558981,51.06589266035395
104.05364810863655,138.01275972913737
98.14187398035111,35.406061744542676
178.80668537389738,148.67144042408566
28.207792641496514,116.41616812807304
30.89666483925955,59.38874541211371
119.74856111036003,131.36841292364878
39.099012762125334,158.53059041196587
37.579871824510995,69.67449861988372
91.29106430415368,87.30800697662458
23.393867204048735,126.41678361971765
24.07547361872321,125.40964792754453
178.91072022600576,21.006839062867456
35.73228440354032,132.6539070228531
23.873274404486164,122.95965853814073
35.822860836676945,179.72154220258
162.2309019521515,119.2892009917598
82.47603020777791,162.11098440039808
40.723385054244844,159.4122729465287
103.2640257438745,21.235449161464746
16.529113424825756,89.11675466097257
99.73057160592407,79.48206754208385
19.26072228276581,90.0645774221258
116.31261676339133,79.9059472151438
175.29881595618704,189.5394291836072
26.99412314527537,164.7731897172319
95.28722614667349,82.32267343221051
104.33751687591104,25.311105814075898
115.67704581205984,168.36598123289758
109.9051424755171,86.98317914802324
10.021698879063901,105.68238095695342
167.0211078034409,16.470376123335264
107.4722333041145,86.1332503208355
87.9384554958013,92.02516311025471
104.97704230472569,71.96751104548073
188.78508794342977,22.49805661442349
40.32100279547436,126.5518241140252
8.602537177461567,103.9477687602871
91.41934310490272,145.15998031790028
193.70041964208468,173.1115235221002
12.25391131111537,8.734632393142236
111.49544463161497,93.9072450914377
117.88549436081348,189.83624022114444
114.69175163887715,161.82491929318817
90.16461652738965,141.70227136072455
37.987042530762835,85.0068507818582
112.4504142807855,150.39655238522312
110.02061215980679,129.59060949835867
10.624635354924468,123.76259414006309
112.78077117674184,94.789725040187
163.43479396285062,29.099370178377416
115.03766887956935,93.07074380657136
6.711892373333804,71.76260399943067
172.51630635149206,85.76035377376799
102.01627650959963,83.462677204515
89.17857628338977,105.5375837343424
98.80133666399826,148.39779817831229
176.98906948436758,149.9373273384054
23.120856612355443,187.77731030803886
90.20630665732912,75.61433222244523
101.79457087924857,105.19667866313304
103.84522668893331,193.9578632039296
35.5921292120878,185.37946632390583
81.38950939705151,52.0712027999289
162.46495771434155,13.355737270295561
181.26506652113272,24.164588164800712
116.95997024584724,78.8060569095036
25.507095989490733,126.81332357623764
35.96155001393672,35.3390830398633
21.01286609023942,84.08506205638665
38.96600848265833,83.14760649394323
12.893032794835994,94.70148773393372
95.09564927233163,77.07970540234804
36.456555491741796,183.28240032791857
164.1154084493266,81.03108477071564
194.24734846146197,35.25205143662428
93.44038855659049,149.05416620591964
22.81249897919399,179.98600097844005
19.452622234888494,120.41022370857048
97.21080898266474,24.301391339390083
117.38197209664314,10.371092049936234
107.68165124784096,128.80082831098247
92.31044284092884,25.50832991835665
29.86037570796294,146.1481599672373
116.47973892146447,166.39287593233087
165.51101092018217,182.91579010237507
8.080392165366089,93.07979745226288
191.10388921250563,166.95315824797484
21.315001158344337,164.95113982657648
186.2649747267203,181.81101169533375
82.97371377677523,61.00517272881523
177.48648753721358,78.95908715518105
193.21740766040529,6.805843991650551
7.099600306093459,20.404387143685984
189.98852934401012,181.92778259932587
115.80817681625717,139.3178351550276
83.68694283107709,173.7519723972303
17.547575489413955,123.8034713464738
39.66290653570801,6.717580775246086
26.713037594453173,101.94962053608008
91.59841289392685,150.81623820396524
195.86138800486503,181.08771805042772
188.6980944700958,42.022477796950746
32.0499203592239,15.646545358814393
26.191261438099644,105.41622044331919
20.853845222412385,62.63676753179648
34.02464452094089,116.33644395688407
112.52391669338476,133.13222746731358
90.84160592562525,32.38016733096365
87.70834876783603,74.15947296389251
34.410126557905805,45.761001696457626
29.760032175652796,95.41343465805515
94.5316808065637,27.059016801712897
169.9849373575362,12.136829725164558
175.68762142126687,11.491823181043102
15.758249453870656,31.647560184093063
95.91889556947758,103.71715001347816
30.828895189870337,20.100805013175343
112.86768569405038,28.79318355120382
175.70028096550496,6.279022333929129
25.121074122217944,44.95204407326577
88.32088503450403,178.34366985733485
16.388063489077144,120.82971356056468
21.44153894062797,81.47295603662259
172.57934277690512,65.09218507071533
10.705856553329353,195.79472966800668
17.872629492540035,39.62584361326875
178.88785455714694,69.68271543215633
163.22315555260977,148.8623045756424
185.06486754893996,65.17884460557491
118.42066271188708,89.90175916696532
81.3868694016871,62.51713311794683
191.89676174155886,48.11355678166907
94.53421306558312,49.23201349593002
82.26443609712099,71.61043539243454
116.6517848149048,195.95820081158521
36.46755833267922,42.074945399705555
80.68691940444181,171.82965251052102
96.72997853287386,137.02116571332286
35.62314904943919,24.232853048758532
15.51990788632276,24.886886869057662
168.80525450860623,32.63652249521094
37.96680006842679,84.42005059932158
84.97143099634154,92.81340483670368
98.01801400893535,10.736419441653062
113.83955535889513,159.19229693932297
172.6581047094706,68.56274966949435
103.9229688782412,93.28873603795515
101.42352149402612,29.938619442783665
28.323279625543343,167.9905489762685
39.1644265842994,99.0630723490652
186.55537715389355,166.72691328129412
163.08871222886765,78.36305985558944
22.1389481493383,117.9957068672233
109.96833498474197,167.06776805406108
195.35789696656772,40.94630862070264
102.41429701602056,155.12846596783191
192.74339128934471,172.6349501618308
16.89091279654419,23.55619088683181
176.22838259917825,146.76052363626505
118.90771493031895,90.02869787013627
40.31797795664016,177.93569442532535
188.51173826915277,183.79119607015272
31.193905590036454,68.78874395194151
33.61834730271949,95.727342846028
88.54158571172219,10.023209777413385
115.10395589214168,29.15902566998849
32.07303829850983,68.59369238750763
176.2658333139545,177.5526030712653
24.015252057799152,7.614739775855561
172.8455597699935,151.07975145562955
167.23811090649988,81.42545897288231
36.48268812381171,112.91438781950998
107.46091119709992,100.57654441452945
22.520885574747687,192.7859177878133
181.24604109129203,75.71899043881363
172.51453551380357,65.61063848055768
117.70666106390175,24.14337890647073
195.11806467917896,29.77459042043584
24.90928495532894,89.79441941978338
100.35844501827408,92.54328499063577
84.39879418389748,66.4171579937902
165.85763276111965,56.04449501241752
163.86361223139366,8.296253337558243
27.176532131551696,187.60225380483703
87.65013365169455,58.7336407595053
33.782992878357945,31.281663187157623
5.524404805844695,74.75822537422411
36.084071137326475,192.87079749514845
29.79409668049844,46.03923205084333
168.17204414566504,12.25817075045352
171.64563908264057,14.040737042199986
111.48956980565377,19.934390253565947
85.19243718891765,165.9103369427419
16.92842012529895,84.80301429573048
161.30016999248326,110.95649705058983
169.47549421641386,91.14881424563784
99.16065326566152,96.32272203794969
8.574493024684436,74.5163821320612
178.42161688496492,148.8878289347876
164.01557366008217,23.670242500095394
24.459425113074737,147.98495504227944
5.514846024300287,30.63321439269802
101.08865402073363,68.40125387835978
111.95809870784711,94.06210743854126
162.3282962619769,22.652948143304922
36.1980258335359,21.89876278745691
113.43680752985206,192.4596475187923
179.70792548909435,14.634595616608255
96.96177027261899,35.51081789799013
195.00582411125208,35.26262651131848
88.58906174124911,109.67320011874273
38.440206961855544,192.5858009877088
119.94199541236983,193.11195064991915
21.58176711164965,187.78955691391866
25.635266842648125,86.76382440437958
95.35947497182165,66.22240686266923
175.20272473815754,28.973795932951738
181.64553352925518,154.68647497090134
33.62912853938588,193.6326561698601
116.26090318181647,16.982789591392653
177.12815468654526,152.84656460867745
190.29919709334536,17.133476748564686
180.68270500497061,9.286511376576131
35.770925634283934,143.3102119069765
30.85808362771679,192.77302155477693
164.7018883121299,183.91372287662165
92.53816359498326,93.13976252517145
115.61777554361025,179.55986658001143
101.06939461898065,76.52632316534253
116.58486577225703,22.993180386815585
69.05112544185064,164.89368087269997
31.38301506319717,189.83867380924946
175.38778245647538,23.714349938897747
100.96657154464256,189.59321632854136
154.9151189269239,39.729683651478226
40.13709851373915,48.92834082770785
88.00670372117764,93.03756809241386
21.647484162823922,20.60409737139292
194.56444142020283,180.74468493156215
193.5687456391952,39.81340987955291
167.68265768378564,29.35769737763849
94.6490287152365,75.69074819227964
189.83025256898938,73.22026257555818
103.30492631782889,17.53703960057534
104.12860856041854,9.461695816870627
39.40847777827642,188.8314383356814
35.76794550114592,136.92991672432123
94.90348915894305,83.18223786595644
30.324917531110064,6.80750370005234
22.644785861554457,53.778043396119706
23.752467719325423,161.71757259988863
193.10175264187157,194.80834495627832
118.98177714322202,177.97442161958517
120.71327431127553,92.51779478337446
155.46497400145333,39.654406524997675
88.11308500433405,168.7574276444939
188.1941214825698,59.50322413509328
90.9521525009919,109.62843351689646
114.23127885292256,17.09975307969839
19.312792926618425,115.2112690105904
40.877783831561175,104.02337633687918
9.473395497182326,155.3665868839624
28.83597506901535,169.99821701753777
173.97160494928022,36.45874420678682
91.32619320886553,20.085277601417364
32.52951048235964,174.55518955689095
32.90536816755878,155.0993669446442
167.96212870893302,38.27155580604708
29.58706332739761,139.29043009890256
82.44895920853173,78.47080682096873
176.41554016252013,66.3883931202603
84.1542468536287,5.963600221377222
173.10268158477635,148.0301442647089
111.2478410716925,196.9128609538503
187.64993553053753,72.61439097098263
39.04103783787079,63.2996647616454
20.522416145796875,181.04002902956896
95.07538452501882,167.86814301581518
34.72020313302074,109.53704555038807
22.672792537672656,33.71315129423903
20.610862312786203,7.984741439673423
180.8797352578948,39.78732092855365
98.58020558410301,134.00134663012048
31.842276586268174,36.165942233389295
25.59116719109024,116.05784201956465
86.99615731787874,148.54435033369796
39.50190187720042,168.3455903385249
83.09482524876377,66.51249054915571
37.171069066287025,12.06499348608569
111.32387307970053,19.864966170562592
114.24367046015341,80.39470566748456
167.86285814061728,110.87029161640575
8.769344157362067,20.40388879747611
111.95392929953707,135.47361790214657
114.26602776500128,78.50287244087765
175.58239596132856,80.41060320992108
35.716826262605686,156.70325217745392
15.504826400342896,83.06474740946051
37.30151513329352,68.80372003102984
120.15770651258973,68.64006390087181
13.77267337669955,83.28026211644409
89.49412973833671,50.19447692351107
89.52707040837218,111.94728875802569
164.31336883394968,48.962827692948935
184.0400750160983,11.920348360850742
113.43367488238428,191.4088161986388
5.413083146718886,74.92370531276318
115.39887740020626,8.494667000033338
52.24312193517368,167.41238162116468
107.47157079334141,191.96554604807966
191.46410534965892,22.191089627312962
111.70672806574277,126.96581429930106
37.82831297303254,189.6477327834442
11.170563998171986,116.66599284828857
15.720244723760965,83.20471586081592
196.10938672655126,187.610285859851
35.25284097019082,50.1884465753562
24.31252580428715,165.69370761503222
29.50067803013449,35.89614536575454
28.688321368343352,161.88748842174508
195.00464494903562,176.8670269045562
174.29694937480858,26.332415604400257
37.951065796172486,50.051735158481804
29.017660499777293,195.0819270971749
109.37538910729064,157.89092850983752
170.3723978773842,9.607405866767671
8.541257322967901,81.58306513167041
26.608604083444483,188.25541014535528
95.66629600615599,32.715985034628005
84.16102601296375,65.48106494665724
36.37851185975036,80.60369227887503
167.61180999637938,17.897082321627053
170.92113096230275,63.012587431939075
23.234047896910436,152.52441698387892
179.97691497270753,23.700419907114423
29.129268240899098,58.57092380035168
36.242082437131316,42.0666353590098
29.000880189130434,33.882526004073654
163.99462777773516,70.22937309446596
193.74837613314577,27.019454200162414
175.60886528272226,38.76629257389682
12.195101408453771,118.51635178494787
113.36064001144787,149.85937640662544
30.049475719886225,86.44704339678547
161.9229130724662,131.93911706882554
27.151270483093967,134.5970586598624
32.02701590958446,46.21321805484055
26.971065101562548,80.4539654603768
169.6875758347174,23.79613349842269
84.18686871263395,182.25801874396774
173.84854453706737,29.55332658023588
84.32580463592518,44.9933104053528
162.2309325766208,51.58515685351895
92.03436470413537,166.08489052327755
170.4767370189616,30.481296637429985
92.42390828260294,47.17029760715819
24.038830711019067,85.8325967236379
39.35499089491386,32.9785666103766
113.99671387000855,95.1643825617844
165.16075333206126,8.564903115825743
17.532995983744225,5.208975572756226
110.97082508644007,122.73438142918224
114.07424173677452,90.09350751766596
172.7873702965134,71.35485938399972
49.76176179161772,161.19958669717064
22.706756935311358,37.42329708076165
119.85780316799155,156.49218113216284
91.50566383197923,64.99504507178168
103.18049144711465,101.89592332025859
11.309391123702195,112.24778406333623
175.54587086258246,151.67207500893235
92.86100469591021,185.2626596344351
9.60592652640704,64.42239782312204
116.41846059940256,169.21178781106968
119.39216624475002,10.361343750731452
24.790206137878624,110.7797548634199
21.071858713448876,163.77160335752302
175.86618375588472,25.962310882310888
165.66364356522735,104.55853525982947
33.13681313566634,10.246533731073221
81.87215599135588,183.08849866898706
28.666477803110443,27.624408320127063
96.60430725949696,107.79999158314082
172.67220365714712,50.89215570302732
36.87948096716813,7.413815098465198
94.4864628891583,106.51783857413346
84.7788673694382,105.48601430415458
174.84022323250616,15.534970827336329
189.3030180944029,43.70138624525641
111.62984546621772,189.96535395804247
115.37700268495786,90.35089150162801
92.10436881325853,173.80174375618256
100.12281973098625,36.705284602828335
163.0475898535699,94.43753393970773
39.11928465400057,166.57771465662492
15.545899778161445,71.12111587546181
171.7565519858958,18.419885663003416
37.19466330446764,36.27777774262952
109.03635161118854,22.889316364542957
87.05177344747158,183.13649496176996
33.54927214262113,36.22190168095629
82.18090903930752,184.56081176264414
117.16636667510379,170.46497329987136
96.5546365263428,81.8855089818882
104.31655831986176,75.71732162694221
190.63721375971585,36.49007238846027
112.85404973772374,93.50702368388298
191.78718369004147,13.481807919393065
191.34015269433866,39.49032485612221
37.343147576139714,56.965025744217485
12.676321510945748,68.27036161116911
188.4454318340193,194.6222262014421
111.34166220199032,69.16019695375746
39.798189583637416,69.56104262694664
23.91134470186446,193.61188379136482
24.79484881564058,24.38539472850215
12.666149489332946,25.8892401696635
98.78343144081268,118.90018551767795
114.27272349690193,165.80820805068
173.22373820725278,30.981536004870676
27.600710453843064,83.48161405301677
35.20031198330738,28.843416963929702
177.73186167335894,152.21505820277392
184.96152177015875,195.77377522135052
29.837560049760338,147.05304729327517
98.39231622183466,81.85596488739132
195.19243808520244,34.611543181954936
195.7535851902164,61.91558674515786
33.881718007633054,12.987472365561896
108.03226726413013,34.996564536966865
114.09605909254772,28.484341369489584
17.861458206035472,83.38970093961083
33.03837999304344,6.028490881507315
85.80588996079429,96.31898473842922
95.75563983526006,139.44841685643996
54.555472176763054,161.63045664462695
120.5734029253734,193.27917623886182
40.014043197766135,193.56834848322836
7.732825699971545,27.808598374103966
161.4583335363302,137.63141365597318
110.05082113466585,106.21489229642236
182.79372242915582,11.744205046945465
34.40446568535499,160.68094437214958
109.13006259547626,124.29041928385624
102.93423346516977,89.4648519346206
51.70688695212293,167.33413833515843
194.12983511072872,5.712422119371958
101.5691446578749,11.505678168710126
186.17776029964662,14.302610066310153
31.907489600001767,145.49315197257644
38.77848391695271,93.31104284196407
27.954429759312518,96.91102091690156
162.8688026040176,51.305378371102805
92.53227982836862,149.57012552931536
13.062198569669473,29.046043126741047
22.055499925593345,109.25249575571627
100.78190483141852,161.9801670363314
148.66803383799206,44.27815287377288
18.612308651180264,118.7140634220317
84.74615563638535,182.89690530791228
38.277111450324476,176.2162067322679
29.604380793768236,145.4160518873249
172.34764630184077,7.893936459311887
196.00141577592441,159.0193500632252
31.115622156515304,92.48717731344804
99.20867885665447,15.912896073134009
176.5949307235846,184.3572733319777
109.2070126033324,191.01287862221264
91.63808695083533,148.29037707808664
95.72727723129655,33.27039298468529
84.37991542024791,72.18858742969226
162.33597984350595,24.024204766727483
182.83135108748348,160.2949865322026
110.14341651168293,167.7837715957371
94.34347432512433,130.98473365847744
179.10559657304904,189.88325979272523
83.65290274056483,99.39900673413612
37.65614112517229,139.3363052968212
186.86655668116776,187.52533249119648
11.476011990226542,99.20394936333881
120.46293506754807,86.63173700993056
120.75085028942942,83.80655088530665
40.77192191631618,195.44802494818884
190.58834301598063,26.877274971464278
189.99045357748852,172.23118892185528
178.9962907018804,151.8897831817542
169.48339514719956,46.76281110386066
84.8052842475107,164.1434977306968
163.34730680273807,94.35955155059
35.93342396311861,38.37194408143119
12.572734548711033,12.477415457966838
18.57936431984647,95.69415023548893
20.718104936641044,96.2837283364096
62.115047751083004,170.74375747917142
98.04275595661962,100.77629307104398
23.28638689337031,37.954161060583274
29.77521671043202,196.0240963961192
30.558778537529662,52.25703243952145
27.75776383828222,74.41262816272513
117.50562383434122,180.38847816368232
83.99935056236127,52.9088934892454
118.0747441411767,14.042544107305897
102.42481270594016,112.80706500498937
5.682697086160566,71.80726043808774
165.41902673383024,5.673580378888758
161.12312259067681,196.41708362698046
22.02652746274059,185.19919561862278
18.277284028087138,86.36178379797916
196.47872030092307,23.029472092659436
108.70486512986913,132.2502271828951
93.16225472806764,94.84251797648474
20.76110804020688,40.71417479752415
169.2381797012935,147.72979083442976
192.5898645099441,148.5750606420584
105.67673001462902,85.85291002441781
15.903334254959358,113.54226591975919
192.9732059346304,194.1698349583646
195.61568155407477,71.24181147035354
37.578431967792916,155.0821607625973
184.2104350385218,72.23279916243219
21.06100368931829,70.90195477009253
182.7252489341839,62.89741887419163
27.6887452944844,187.50068648295988
32.55640597832598,196.5819014610161
90.33624956441902,68.2627716297346
163.66211570480067,87.03648268199814
92.07580607274087,172.25318254345396
25.621611068251966,63.21542070509716
180.8193120279696,183.52206921956062
158.27157989734687,44.02892089145665
169.35745472963896,11.773137832012598
110.8863089220215,152.12366452179165
21.972258664233458,50.34966435139197
111.04012014227303,166.11778082961607
176.04804002754707,83.79949616426717
19.954004384786046,9.943958290328105
171.95482056335817,187.677176361191
34.17810193048063,32.578457212530516
104.43634120134796,184.11683712521955
144.61039005447793,40.08208631723772
22.62406272337327,128.00574312723572
163.76905862785483,36.33351646595623
169.98920057919275,184.80497812342995
112.61254464007054,90.58787470317596
21.815805384101676,188.26861561750053
177.5679629861636,89.55451498641162
101.99670333625049,166.06997366044965
107.69620662201888,168.85597809751266
184.16522650691564,44.22810305467346
118.27208487190012,144.65882679429504
190.2730894969715,39.204604097454784
101.84233221607583,125.87927606935392
114.18726887384973,27.50463058375258
109.58768882606032,32.72717802589144
110.88076085381161,171.2166255136376
7.494212723972625,83.13191459126733
102.37014362801949,194.00733483473758
32.1914458957178,60.22456545355948
120.18501737901538,188.30180212966349
119.2414218338973,151.51571296563765
28.07563780648456,128.95361482112486
17.432675125107725,32.54719325327059
180.42695831595285,11.371788512206248
102.9791165132859,7.236813542801277
37.90577889849442,47.379781504678405
103.35683916895708,128.7754178604099
164.40206614908303,195.89983745786736
34.605674137510874,125.9025765091435
56.38812295505122,170.12824637972696
32.56099889058279,45.65451644883581
179.55622836440193,34.44166701509521
28.96633215036637,163.32270093072702
38.16076471105113,33.513054413395494
111.8462000121828,95.10409487867132
176.23301972771398,50.492437704731685
38.84498570052422,173.0913444736222
28.965822652282643,188.4001239539086
37.14022456763567,180.97095179791333
178.73063618913054,63.23998217332715
7.7108009207260855,115.77692899009617
82.63565175996864,49.05177992887031
102.13095937536833,96.3205824624295
189.98273569035928,15.583265949181468
99.83333020476988,116.61654791273091
83.26335084818854,109.52069284780643
82.65235400078171,107.30274716025328
40.03936312217549,101.66723271222723
94.27138466063035,44.54623493790979
61.813434353045736,166.41313237223284
105.49199475178166,10.937841637550138
106.16586575133131,120.01504592800093
99.62394760146094,98.65171641225658
24.88723613414257,164.48531693705223
21.6541411664701,73.64441903560501
193.8520125808481,180.07000005400127
9.497338161876455,192.96747161180943
96.66297928131911,190.71221921363346
38.19705100610433,96.57353990492419
166.8837897031811,27.277652766749956
89.98988334360651,168.07390882652567
115.0746794547581,143.1000420815014
84.4836933787832,142.9320217543182
19.065832994927266,45.59727373114665
81.98715228847271,42.1323680241999
103.19028370876214,121.53161212197564
111.9278510641765,170.8227882297946
31.216000436827507,148.03263036971956
26.518453084201006,165.29365109145576
103.5534740524621,92.41638758343835
119.20862639420392,192.5613748995358
196.3459497975224,21.817143595644332
53.42759399355176,165.18011506631356
92.55459786335268,183.92430846997513
89.55594250900774,160.0938954307128
82.27503051684754,55.9558208705
81.44671536109804,143.35535040811547
83.63253555689472,107.12620128655337
191.45252492533604,36.82188163569906
196.83689753527938,164.77556297963466
111.87229587432029,129.85060973122427
194.34579772002726,18.41212672904512
14.988953589465687,14.832991622061419
7.601598383891087,80.91372920302516
90.53762277968443,146.60466353560375
110.05969927851417,67.28068536083269
102.47369283308824,190.96887796068438
16.91564471730254,116.6746456703107
83.62968177701387,154.1149441164571
169.02388791747188,187.26832213898948
93.32189579136346,176.05173826622934
79.6502569782843,169.77841661817342
21.080251429920732,39.5128543796873
28.78537944538203,37.20602258411058
107.29853784190666,15.896367183006516
155.7320926858854,40.94719648285372
185.90890234382334,164.67519989860355
111.26621011979964,177.3981828144261
168.09021923644394,81.15000132552224
18.44366773505365,190.21602478427337
156.2832983142856,38.1031851836471
40.00430667491761,14.052879465317279
29.894622957301046,192.20611817485948
23.169934181291158,46.66284704100116
178.91898061431417,193.2438875674283
30.642834714037807,82.78565132422308
177.621823132945,156.66062508140593
35.263440554525076,153.35251448798283
104.8828558033657,196.89072280601994
34.88054261745714,193.65954067611744
86.94790313815714,62.794821230948806
189.73075930473803,49.36483092543316
163.93374171082456,76.54980892128576
110.78707864794994,156.31240766558528
176.44125631635032,152.10478004770206
196.4989363527447,155.873744598531
169.46104995997976,190.62606674242215
118.31083313227657,84.32934852315731
29.724627025519528,102.88274157187765
169.5097392506883,195.4052322477587
109.58334545085977,187.2473606134096
119.02657863527631,6.138642810935035
89.70419445679616,29.898477596020197
29.77715995232969,177.9575951064819
120.8248973128471,12.456328436855141
81.20710165142015,192.94679949093026
189.71650790184933,28.88548706957145
154.0138684633656,43.99375583596386
94.69463581938024,74.62239520583765
187.87893147229408,46.22994989977884
88.10355381970446,163.69442723783408
35.58781487044553,138.5699257609844
31.65857145634608,125.92385283406556
21.35709756446673,15.450101337554901
103.68555916748657,143.8855034606322
105.13456127988916,92.79036876565239
30.19585568433598,56.59194484655881
28.987281919201546,79.882872213495
105.2458813827788,173.36571138566575
193.65306597685128,166.31967374060127
195.73088469039558,176.90957183186705
193.04424099560669,178.86806661574593
39.48462078588051,159.51358444381177
16.57079887088975,155.98194255617108
35.51718848635509,60.43481545956126
183.85084822998834,23.250878047017963
108.27299761886059,70.39560421666961
78.79389762269089,162.87628053812065
174.9229883167626,10.623104831141273
92.84706450039266,73.1260955667127
165.5783805014618,26.734477749674337
183.7602777110246,152.10348451216038
180.4150740995963,20.61509131927595
19.13130072820903,27.936462266962156
179.24636642934087,51.41182715454319
20.18529248012774,118.77286819149974
120.421029846311,22.005955930200574
119.05826227505456,24.95281420080507
6.211935480210009,122.53809116489879
109.24121675620533,150.14204111336548
162.50245700033938,104.1242983674178
18.406820057660852,161.5964194023932
165.6902122348436,47.815055053325516
180.01916407212016,170.332585145831
35.415767737644174,161.0151550041143
187.16393536309153,185.63727236105254
22.012994052131653,15.134236158007534
94.93882666542477,98.91627807251689
62.44364602760382,169.0480890673313
171.02347723748287,13.070937674389615
39.43800072772238,104.07634217696716
167.49408001617886,11.074457765193117
106.52021635870294,122.55181433586135
79.98433938834346,164.4309885646158
22.94032673954745,137.8166491428898
104.907939107855,91.57288112060665
38.018834865540924,73.30836645347635
24.475784534387557,124.21026072078179
22.282648313698772,28.347300567970652
163.12602776584257,74.30095690212778
160.47766967175457,36.898547099506835
104.78691933991723,76.78154454402272
21.47129060206385,75.01745378420034
183.903925279872,180.97238067664972
182.5717213774146,58.72644031439722
191.1074265854755,21.4636811668922
104.48431774943124,172.38030617338273
185.14289759545443,60.64960241150515
163.3986909915975,95.19198702907009
186.4513902228136,31.80493934319674
20.076193058041632,193.23068509480424
30.892114193440843,115.40277025827073
25.010600021547177,114.38503289749583
192.0240314626468,195.56404958780254
13.864778801092596,85.41712383045166
85.1032547870987,81.43796264100196
99.65666708201441,104.57009654226148
34.85243290830678,121.73192271441526
25.83027870873367,39.21900051715709
39.79487603203837,179.12618851826053
85.87484175250225,65.123133670861
118.97514636880857,163.93344716494587
24.40648712593126,129.33714807595135
27.764450353392178,93.76901030243303
150.33148696678737,43.00537619237025
8.35810851132034,81.28240608514083
25.181429593546838,137.35126007904233
93.55699007402085,119.4953108366003
34.599337236952664,104.47201653359234
28.071626210762208,181.0031033509177
170.32545618661229,21.98555406822528
85.69866362008504,147.90495924707446
82.95734577556556,102.93321171205176
113.16096417256071,155.1152063574238
110.01494266921378,117.96211058041834
33.14519576720595,113.42421541528059
5.133314503337567,91.44615742190732
178.44166733676755,163.28052243379761
19.461411943028004,80.04787986756953
21.099891373275426,159.16729852928898
187.19083677590314,65.07907033322162
54.71995625213102,168.81794568861596
111.28066077300886,164.05704938700566
101.92495794181666,32.544199335682
34.49246588680861,146.11704139474355
34.35057891815229,93.40996239510034
90.69927724905783,83.93394059915917
113.28211370265782,13.341098893033472
99.58224965776614,6.518057990928202
119.75722635709192,178.7581048006099
101.00625773256161,169.61252509141653
187.75063372291558,68.23072080318568
83.23405066973147,103.76393812632914
193.7969073831574,32.681676093454236
96.42374854376406,188.9196952435967
179.60559812840233,40.12510544117397
110.97101747175289,165.37220352931126
171.4789820770873,23.076454364085908
158.6300072916576,42.692341484410946
29.24456819259533,58.285564760215465
13.817984669964607,15.125141373804087
101.5084131298242,70.87547815427467
23.24706610973433,153.6100350046894
180.47737047454146,81.52298534838339
33.8542303558267,28.944032867726804
155.04743879711063,41.411715431520385
156.92727616236044,41.27637151096672
38.3295728784403,171.44219946438812
6.2455558521670245,13.64716832377664
91.76287644138445,23.6435031748818
180.90656131742443,87.67989010718453
105.54856638704688,128.60041704727348
92.06314391987878,165.73513721573917
17.340312109701305,44.47060968180696
179.48270283992508,158.46204001799998
195.01865885716688,150.9050787006692
27.87421415052084,110.86180146500955
105.82527487373942,27.31396525293492
182.39705423451213,57.322849788567524
165.2681374294768,104.92505826771121
111.3002882102489,80.25259614408586
106.16343521569456,82.6210657400869
24.366334349624367,137.89460955445944
105.84236915788533,167.16094490211177
99.54584795615847,167.06925330854781
79.0227874134873,164.45900520910484
168.12696729280825,55.99774629452152
82.6107983428552,64.2920848673998
38.33004204354638,189.01271708410616
40.453966445771094,189.42372601205264
31.966990611826947,154.50708224364467
181.5786093548524,41.833286660203576
34.97912529606148,184.2075540242482
17.888908820036658,193.19448924876752
27.452383403124532,109.64693940511789
30.406109584447265,157.0918091007032
186.48322150423687,18.822903409064978
7.423906757902695,89.4373621686551
194.98751947084665,55.189726599897575
187.67803000086528,179.42072106277337
177.13445260559496,7.852721145377335
85.3614614453355,187.79538107208054
166.0686968692489,82.32301115588925
196.88982713821494,66.82851060834963
26.485597628124992,86.07968021561227
191.5270637597877,54.078264793906094
91.01468680597716,82.26792246985936
120.0203135218657,135.5636885005529
146.36636837096768,44.22719899556082
90.77685705130406,183.01145861725192
30.993375360761185,108.44574095651309
86.34153241206926,91.66576154240484
97.70899056877967,76.13965311399896
109.53060731439543,173.0758963977071
56.927633868436246,162.80099883066532
177.90561171451884,22.96132585466362
26.50675314306641,10.260380156574225
97.30279267198928,133.55675793696273
39.45499747312417,172.1069920130694
110.26884985500797,160.35429614374038
37.44083295680273,147.74962949081143
169.8395396610927,27.138761384830914
22.20823975737004,11.048153815844666
22.894386153900573,162.1461005892333
27.885188298602216,78.21213735456139
12.09721087709666,115.22659175392202
26.55456906775717,62.08869053921554
168.4400094595891,28.23537621210085
29.900000901170493,62.54395365085572
168.58562819682598,149.9098032610922
66.40104333861424,168.74015884884577
15.330710689195815,32.94491127796131
92.96134531803575,96.57254556352191
101.58216415873574,94.13528403111934
10.367199207175878,7.134231216396964
85.14390218476287,145.84130476890368
172.80384718132248,10.590333008045883
191.87806952320554,168.11205659103456
19.71046167827509,25.199150797637955
114.87026714222705,18.023713963943795
23.589043978002476,21.644136345537685
173.91346387361276,73.69631141690468
94.09954706829113,135.27965154960577
85.47089187905661,85.35280546592732
92.88326972194625,111.60047972460507
101.885600063851,5.822970172702734
114.27238736843923,78.49736063043046
108.07407279632436,81.23267019741643
58.756126712007315,162.0854251710608
40.365876185953056,128.9512441654476
174.0882027429323,33.309981081270706
88.60490511131381,7.013311460926287
175.24792645990317,51.63186349875419
92.543536096897,150.5521591059626
91.93930059653779,74.53637310066111
87.47023119521596,88.66531983474584
28.72045334241075,183.89858455529148
62.897738654962616,162.45443684996613
175.1597773081207,189.61377111634837
12.927083678192773,71.40238607263427
27.449020354429187,41.32181494104222
170.91526908892828,147.78806666974128
163.55808727704908,193.02527096596037
179.9358948942887,53.49462931957636
24.71489923848462,90.78448432190116
27.949680849164494,123.21911287048707
82.76712326103419,83.52135437501961
115.8439944150647,99.093718048374
37.290950337938796,9.403958749843785
7.728931114841937,101.7723076091597
30.14947526841933,61.11028343347238
38.82335442159904,85.3165639619519
93.7165928835916,10.785488690041841
163.77571960330604,105.64347282503334
172.45971491602032,6.01013201104725
34.92676527429291,25.167056300251648
174.08100394393765,185.93618866374584
102.74877285209453,20.753991824030233
172.53424318277376,24.07731661582448
8.955979029626178,26.172211893175987
97.57355408109449,70.06037635071947
162.74917700369343,188.3733159693974
170.68368163416946,8.99198370822221
36.32597835896453,141.5277370382306
6.458331257252582,106.6188179900747
37.46426277406667,87.89378067763872
10.801301535134256,193.36208953437776
19.932316519367436,151.00688950501842
6.144124012592225,63.11912318563258
173.28422500997488,41.7822583636977
180.79969508180687,16.191686832421887
118.84405915966184,26.851756988144878
176.48616351126873,48.792982575379824
39.77055262692765,118.08793455245092
115.85969504726472,86.99977887475019
92.39042716409759,43.066210355221
170.45077741822428,87.74395342734225
8.285419327867466,77.3780831067185
5.468799582093174,104.39588504524289
164.8726317117741,12.159154459506478
7.157706691306989,101.13526543190292
92.60716636154349,175.9262168967683
189.7284587794294,35.859157564526484
120.25953627341202,185.34062416548383
7.6398257714880655,78.01305849152033
106.44935406450244,107.01406774045824
86.79524481270742,87.74682506243555
29.869320975152416,111.8821556881005
184.81397154288948,19.382747536972914
96.75620220484414,87.86141345981522
54.53815356639942,170.15697552871586
22.12277379853963,178.58257327063532
27.596808121226992,91.58318139977125
26.577908086025865,120.53507441612015
104.62094974302586,193.52606021014338
111.28338628390303,86.80191644761331
26.372859539783793,172.52302260268127
88.60193679623454,64.26511674015298
113.84583655460828,153.30181825196794
189.90737128171733,62.05739808029125
102.11535082399924,133.45892546443523
105.38304056163112,29.474265452636065
196.89498352927055,153.0229381988255
97.58264490518101,18.009314715899492
114.51094928368451,29.314197322812653
88.24831951336203,184.43394746693184
29.02647235960721,132.4153368303187
26.630910505920188,110.18563314102344
109.0695517310603,36.8328488075243
106.51162001168318,89.01294394718356
6.180749453378762,92.69241358213209
181.0130303699954,188.1932146439293
186.59394638526723,52.4603990396637
28.37161002331832,193.58960715327382
15.525918726516206,13.484332341611719
16.854517515939868,25.092532630390345
89.92884090823287,48.137360052448265
116.1437437723596,139.9037860585763
37.76428518883008,110.72485784327074
181.1323928798995,43.438718343932536
187.9133621985266,169.87691266232187
116.02752657508611,191.39486550962232
24.2932349385416,36.46425231937684
182.2366268856764,39.169589888516654
174.0116323139972,37.639613359516176
32.262622643420286,15.64616124103539
25.523733185755322,128.73448438942447
196.70563346403878,21.007175905838235
102.67192216228189,150.84270773755568
32.35536141391625,138.73929030959619
112.8509627617123,168.7826304844246
17.990938036186627,42.58164183119349
103.69098939715755,155.1630585593677
29.478079752666588,57.78007857094241
191.92634936654585,25.52035968007159
20.89750150035721,191.37830345783533
32.65387810404704,136.19018181423135
34.234400374878796,11.816549201836292
94.12348479081955,131.81058525573113
196.78769631003763,149.5025750520515
195.95615647547487,180.1245292200636
26.08490276522976,162.9047896749798
102.05759643467563,122.01240617822184
57.097724381748606,163.44010378854958
21.19238615852725,42.51169999304648
114.23333284249073,87.34539792654024
28.1716548638705,138.20206074335306
119.57854509451175,72.37632137987407
37.924296593483426,137.66245747111344
6.833276144639685,191.93650641011362
17.918084059345954,97.87291034407092
183.54406884987807,73.75002941813163
6.499252165027456,103.54817597064599
31.319011862566448,143.0322631672087
10.940078550488405,81.72286863075216
36.73512662749499,187.43616577751357
13.005687693297102,68.63789320548139
176.0217080450712,187.73825101001995
25.521534336795813,101.94899348458041
86.11799401705355,8.072334669468232
25.395429578874047,178.15791083104642
177.49276125139116,18.687866403616937
28.384891540125366,86.12095156518963
19.367337062254705,78.8240102050885
189.11217385432764,165.55218238144158
25.793105205289443,103.91443115316976
38.969640021756916,33.9744503685721
16.188015144414692,70.43369158302977
112.02766669391808,174.47401489030977
37.70774709261966,96.62376307891891
93.49367691240057,107.13268970900542
10.0,25.0
180.0,180.0