25.076850927095787,134.58062645850865
71.30080125943141,52.07269583541145
135.9652449234594,64.28063589707565
23.142371165223732,54.09382629880616
145.76615441374315,12.936506068480282
100.23305310971054,177.01538942126643
145.45000229805967,56.70017503778431
171.94119107217966,170.26549038357334
168.5129423583033,188.74846833295024
149.32652924080568,19.180659924048946
145.11939681214747,189.56259665530638
154.93272568218285,142.65848627775668
23.56523193501734,129.9987351486624
102.91359694228989,81.2774437536121
79.83321203224826,129.57302793708658
190.31912205977721,6.37322569591039
46.91731921374182,29.49279787897441
48.201357853762715,100.37519302830611
190.34688561578295,57.93401855075616
65.40986038866271,156.956714761757
24.92470852136964,44.68667922328946
30.500598146999565,108.69874699445494
176.94772091378502,97.73837147652324
86.45191404344553,129.61173959747117
20.424584802675447,110.71079716409965
150.64899747445088,55.969479208980474
15.402566835404857,37.367064005577525
62.85888981795151,189.86201561216316
113.2578710176039,96.99213019461715
42.98035600726607,153.96482516781907
26.093775384642868,115.4148234688139
155.09573489122332,35.481607061701354
37.67911863956118,66.6775448771827
71.37855737486898,47.81510909742454
23.645371666660957,106.09538191789446
119.69954565952966,10.575286833200938
165.55888534275314,22.852173162320632
36.50823752643948,53.13764770817564
73.75835594262625,49.04249397732475
11.69828976529502,91.88215471681619
143.08253858565743,189.12051346181434
14.721887032816834,54.539881314561434
109.31110311636922,157.8972200806238
109.1152971102486,153.8477884381444
181.40237437520202,126.49128335698349
123.14668600368665,184.8447738134026
11.699648688379966,98.47281077203651
26.538109193502414,48.06411609323162
170.32487830952476,52.301253081544154
168.5035921196835,171.3568244415133
39.78350672888393,68.96006298567022
59.82644331238445,60.22523641042104
173.76153861838276,196.12387808171272
13.76586633070222,168.18124433947116
10.637390202801022,186.96643643535495
22.04774462172527,32.13745832183652
23.121082639748334,117.70462657618812
148.11665281896487,136.89417308595156
160.07656491760932,179.0801601790578
76.66433276005408,102.16201067947956
106.95084081908256,147.42830101439912
156.88901648100278,170.80382139177607
79.26701265991352,98.36520034826398
156.6394687667646,163.31829794805975
52.22006011365171,194.80827607050006
123.00058702782431,26.660657459054445
17.99917553474257,68.92157548451128
165.20812670657867,135.85787518788578
40.011267585118674,42.11249829328861
177.00229836194572,104.91943097961894
110.95846304386629,6.008503008213932
89.08499916959944,82.18395287051459
84.92648564447364,141.45518221424632
159.09877253091554,8.01935080991591
186.7707328940222,33.329966212680375
87.399917092961,190.34266148818884
48.08339320599246,77.85154297005572
146.64887374244185,73.96998930874774
93.0479909191251,196.6220122779814
136.83654296845546,60.153849329274664
84.14031488078244,182.11472127127058
41.92770080887225,35.06771690979401
45.47644532599126,161.7247523358793
151.20679249734798,45.074248185442336
173.78550633585388,71.75732344664377
110.43814774312526,31.53208917336513
171.11812356657057,91.13400896387543
80.01910073041662,89.36147001999275
140.31617658469938,63.296405856246
121.61556122661756,173.21490257094445
33.052020802991464,119.01912659870213
139.80802109208034,34.31559139325499
86.47333247574393,98.02111314969427
97.35978339959883,147.73052660415766
36.046998298498075,8.523464582399969
9.287265878824785,73.30555623039375
29.42112229009511,168.85010642364554
152.61452686574455,183.71869235968964
169.73872929552897,40.82872938842433
18.689731730456543,86.32617395887935
121.66730901906764,39.26403766123527
73.66585879932893,5.804854738486928
104.574314332518,88.80618992128036
171.2153556130798,69.90651474584566
144.35064805971163,196.4542108713634
181.52077103022933,5.044951890309251
194.6834192762239,56.51178226477156
76.45063320358524,136.84293915592633
27.387608063811047,115.53843839213253
179.92650403118319,20.340055474210384
17.098085353088535,160.9569955488116
134.07208893138238,183.98730964819043
135.1223287870822,65.83308008100876
122.1006727890519,193.2528983205974
145.1565090505604,164.1993006485025
116.843394403994,35.544320881524506
78.91737328773645,34.43929756861461
67.50405231547523,51.841450521133474
53.91198050393939,166.1526986735322
145.2527674952416,93.17535239835725
29.337486551500163,21.351973971433075
168.04238161950656,167.9365330797076
24.872088633404786,78.97083027695325
60.675635008231026,178.44321861343252
26.025283224925058,32.17830717514723
73.98731084976981,150.48533440436927
24.288649926647153,32.57622421449388
36.701480136375736,182.6699150069432
14.851414676796903,181.043028642807
37.16423469697863,103.23373937748367
55.29434035433495,167.05782781652627
100.04069875278714,102.247656974701
86.07769942548683,123.4229586422221
23.09381811012601,18.598997609922225
182.52293663647345,10.3890266045843
30.423365180335782,122.02076082418789
152.25965547238664,74.37827158561016
62.415694441890345,54.49442204710905
182.24456426464656,27.922373400588548
50.77547571073388,68.05822923594108
40.87131535901038,10.200205321759027
48.96567580818282,36.28505809269891
10.887579333053838,118.66382999514772
57.319142793303534,55.623190197396504
181.8127771024774,83.37193182258616
106.60173472132948,14.055575295784651
178.01969660536008,45.05441439466592
18.045331225593802,181.9003138889376
43.151531830144,104.19844517201777
187.09396894366847,33.5996332679931
154.54857105781392,164.50502282429719
94.71110538352761,123.02942017491092
29.73305050229793,62.34117484090904
102.09418541514437,24.012085664388323
191.2247289356621,14.307560518477555
16.424128564008207,162.91720242603407
90.76351756468945,100.72009946775063
78.79957514315633,24.297347241473094
142.19488493978886,96.52918331155324
49.94309796069206,20.983415257518722
131.0550781163859,192.33967246577922
158.19910417492054,191.947938214135
41.59166161548185,77.30110488044289
96.64414463631684,51.67967381242197
104.3365630201616,146.69182108583334
34.3478305347897,42.42028637615403
100.60730946803325,133.5577955592047
185.00071567599034,133.79356498658026
91.51619347544641,33.62953380914568
58.433608897046476,169.53585600189191
90.12309447156878,113.14851350500699
113.39865326987022,7.403043002113676
120.85405333297174,6.708444025191132
66.36854715711635,37.08230852978729
180.71784457874983,107.6553839399969
45.00182646469301,122.92807338024488
182.97063466315277,62.919170300295896
92.1684953513331,187.16927270490896
163.05606583027995,69.43318746120102
130.87006147596833,193.99011551424704
118.36899483618991,177.38448970712577
33.91055459079402,180.39520209836724
160.10627050922034,84.59458656308098
182.86956602443163,109.94429175509401
53.590576449472856,135.0387112503849
129.81225928235477,175.77905476686985
94.92729313774055,22.115652440683615
166.1331696757193,6.281274222215469
137.08621727525474,168.33240662615134
28.496542058615695,185.73407077284207
101.88000143082095,6.033562484163545
134.60863290038995,48.36456885804026
137.97011968381784,193.89502563645357
81.06553296038398,8.896747542212967
72.15459422861838,12.257300263787322
106.32202876866728,37.29602511627615
142.01860033409073,168.48057194036926
72.30615086646345,8.742414093812059
167.83329662850642,121.95357792212693
110.82160541066315,51.059620468112044
29.184522787614796,17.91471838225051
48.665506508522625,111.19285305275871
138.8844073372997,45.17617162279053
150.6298719318095,20.610143832008717
153.63618359858347,121.82685211260906
70.74206647551486,65.3225291796593
152.65039096088975,24.24668833576047
54.185054171661626,56.283809302424906
20.311857549059347,172.00325901605248
87.18607124298595,5.448895864962479
24.323964375925872,70.17762027283742
22.654368649656114,97.26772637173569
11.059235458927784,123.1871769928265
75.41161156928186,147.63668806645688
176.72186673453547,79.02714636831325
15.086141327400632,173.42444775237675
36.88153328053632,88.87788509099136
88.53000537539316,136.4806692840911
23.04420156725509,88.46540312847073
166.9692892386123,170.85514685746963
91.74235705723942,49.529078720573374
138.82395615066667,170.29275324623524
110.02155573278426,187.55740401607707
10.466713442041012,71.55974864698858
35.73882647647276,59.81461507497953
48.59208037417317,194.39938024024468
102.19709090507531,9.899040098579091
152.27009177306454,196.79442679276184
149.92966448786467,101.3200706896679
46.68034656875173,69.27259369820351
36.71757992532707,195.24066763288897
35.72651569009223,135.45547364087565
57.67427232845519,8.729806360000723
101.46658989228716,105.91704579138096
75.03758169177276,28.93894457742798
29.755025514107167,190.92039316403844
89.61228355942407,88.27734442954952
53.233373599739465,30.529134763802894
35.45339098756268,171.9161878780495
47.54324682900744,164.4531731533368
189.0285204520664,126.42349082836942
170.13373048991022,106.35591897991924
188.4420862842785,103.95813123800784
166.12650766700614,75.22133749013307
78.13486011316918,187.75410417247852
172.71714053330865,97.90913644034642
19.544432470589022,26.373767150368142
94.2191001245858,93.97577655127311
98.64689335523018,46.941338015181714
121.93059119517416,38.04660277711389
98.13837062780321,73.29880342404422
168.6045563201373,47.12304115858765
158.67700517616947,103.36218461600939
40.73422152142339,178.81591683628338
33.185165876006735,13.575483953327728
15.514123079648163,115.60134779209952
100.84282780677165,116.73333013695002
75.32104460231265,144.0730827823574
113.65834804880805,103.10515316099404
35.78747956758054,77.70553799527094
190.975585194673,93.96635373457548
11.195845592199163,120.27825526128201
48.47765890093276,134.92867253085544
70.02232710772466,50.729871521472724
28.496302926823546,182.67784953193234
55.7143771944999,31.74895807362815
35.20694923401792,20.982532892860444
21.4006288689302,114.46006947142095
176.69764712795092,164.71107795245928
84.30340996739122,94.05917059161933
88.04537365930939,69.05121138068274
55.178082796920386,97.45627766671112
51.816093238640335,31.045817403030128
160.28469143760188,71.54150773308145
142.04396431915717,12.174120263220452
84.1131081114547,44.27316225812738
145.35088232303428,25.005811904193976
162.04208761057146,166.37457754079298
179.49694849263585,75.22952663706265
154.20404245130092,94.32067130418315
65.25336411673327,15.953558124638672
109.64065387425343,30.784657552139784
114.74072497532066,151.40780000251627
74.5560270320815,117.7256160212102
25.28887801639536,55.16337554402809
59.51646431514159,155.12672557418716
20.324794043131515,32.85681168853361
143.6876517769369,16.419179156150793
121.2833417753268,17.395395886170174
32.81223144508903,101.54063675347638
23.79022358027491,97.02158494382162
145.59204315821674,175.30072694963562
161.80481405076847,44.1500671234341
30.76029792206309,160.68400541280545
34.504206742863545,196.3150681528848
167.3854082416726,97.06834931004184
123.32776304486067,47.26737570989411
10.07788284680333,175.53199840061134
25.169223487994852,37.656936199879155
118.79968650310315,36.85442911411579
33.37021289894303,27.677132012851583
184.7634765163739,28.57053100529568
154.46642711807314,138.0382651120441
83.8503038304941,194.48136943167492
12.338869224073125,76.88433277705552
85.84426436618594,91.14352557386164
21.457098437572846,42.88547527891405
154.9709198265088,186.8621118564136
70.23542217370972,8.32389396387795
20.151868465477435,10.418764254490318
39.899144096370215,15.10062496537465
36.975156159038235,89.48324127630524
89.88247895914081,131.92493407219249
187.03364878857718,45.26352457056759
99.48386880168587,122.24440376910697
89.55533601886947,98.69850860450481
29.3784677189586,17.281659877178097
162.126715146172,100.83253284706167
136.0080136437412,47.81941649391588
67.7264417075478,173.89282684620034
145.87929164343177,72.98743963634502
178.45875198095553,165.72715415180232
54.40477507317954,189.541683939276
51.82025463145502,80.81500104506105
34.08434554917415,38.59428390068991
57.3537300014261,165.6550397873825
7.804769279982578,16.33419805310247
78.70577924048574,116.06547052815876
192.2939735040577,56.28372027720912
103.82296071934745,111.83926021436257
45.23149393126713,127.17848816827295
42.905225873409485,188.10086975629594
43.518334399159784,120.88015344594393
33.144916795576066,188.48873937612052
109.63878159187541,175.05317335786327
18.420437890046486,19.331671137454926
10.41397717943314,39.871968560791956
54.713532771701786,185.52307557265266
189.04508709013268,19.813436568889827
77.60653317705768,52.84347119087864
107.31073770785196,75.17934450621003
170.1641213771878,135.34046509669943
189.34181855280306,87.11086003870236
101.29818711403537,18.393456471330527
143.17097061142988,109.92723363482249
165.5475375903956,122.48996310473638
128.94762281683913,39.10678059680643
41.154348161335605,5.969193071906751
156.75152817219842,89.09656889095882
77.78329961390743,51.17605114492386
76.4906766406537,191.57868999009682
75.98206843035511,122.37707952240486
150.41512919324794,57.20502476847044
173.69443990909065,179.77517828835758
20.773920647255746,96.55503462205064
191.42792239689356,108.60534995777519
52.70653110322572,28.31671489171196
89.57346331928473,48.021233938509134
172.19203819380445,188.88810612470255
179.45710385575956,126.46091693108775
157.12397734049324,7.219645789167343
61.35372782698857,36.51049857958696
63.81509388358271,194.95946520279415
78.52805782019115,80.49120149255037
150.7769403037462,13.675201838920692
192.73534012238653,59.88126899647163
82.11678678188237,28.554306935203677
105.97274057658655,126.02833698075709
174.87787423171415,142.80210864059322
59.57112546636689,174.48073600344813
16.586284612920885,69.15306784311589
106.28130461936549,11.377269443033091
173.79329492251833,83.21635893000342
168.90241087943792,41.601232048254346
59.39741301679984,33.621827769202206
53.80350998118643,66.60333191679943
162.98085529597353,123.80647077834173
83.7842349268256,91.3060153184376
73.89379212534057,184.77929051607734
129.34346955193865,42.72110337658357
88.60755043279039,187.67274704278532
27.82697306213764,170.22068718675973
23.68387122662751,102.20107123613619
92.3359381297429,48.09475540606993
196.94868069025242,194.31453620470742
154.39485916878502,16.018417329150967
190.14593531204375,123.76809908246513
103.6523683805489,13.603707717715453
179.84455209133054,76.40805232666143
129.4015108039351,17.462805794018234
145.95024225908006,136.14798622046186
187.38142123739183,21.445400815414025
195.5817061414485,21.18038518469737
39.180918512243494,54.67522622555393
88.67501555906836,28.7915195185871
82.76962964141056,105.68956768707099
65.94147188740297,36.41382064871351
8.483733765777616,29.43085750971917
49.893552501301095,46.88850625588776
159.42883881007697,120.83236779041256
155.94251577345597,125.46117867740219
153.10830126780672,90.14406014008686
77.54995488628597,180.6675075662056
133.24924511571118,44.59612353669621
61.40104035003379,164.08430032721452
173.90686009913728,39.47616378333307
113.0428112884044,189.15828862043202
114.38830659618414,29.249839780802585
21.04690280346901,132.81108413514755
168.3166512260787,34.9695383999835
49.70483186818062,157.93450624588647
15.318397528947342,117.1525532642132
167.24559823764008,176.184360148507
38.933819620449505,106.05850801386728
65.87061555054498,12.136368712037175
154.20297839240436,181.35550276920404
118.72724798567111,22.239514629256977
74.11523557016088,176.70642551646011
119.31745995914146,7.520632229226371
44.40656625258209,184.70086078952494
169.81297288427598,43.3900604085097
193.08055574189598,69.67253096522354
72.80533708214841,19.62521197089574
139.3919767953439,26.436048489662994
59.467580473408695,30.87397483260256
95.37118396969782,107.96540515033215
76.31283588480215,141.8276693070276
62.08550634871699,61.95639833541112
55.044138371602166,39.028443346509654
157.20419650671784,185.0937130859101
9.220346759018078,185.5279360915596
53.114800859779834,107.03136707421972
196.0700406792724,63.811326553147246
47.123894886801956,169.12506765252428
183.6582432590895,133.329672613827
32.95709297493251,189.51742016177695
53.63512104811346,48.05091768363579
165.28842309525675,180.7028571517621
78.37866226656993,84.92301880268256
34.13779034881057,92.68628857497067
53.8135692974,188.74132610908518
14.776335573686152,96.1386259551232
110.69795985329202,111.22473604791136
90.37067122997337,85.21908274913223
164.32731412838038,141.82145462254093
18.114293508126337,171.1887981300482
157.7123597777198,113.98547800311961
99.64612838930067,186.6689113032485
94.52152006493657,109.08928334381788
44.504434300280245,73.23567594341857
106.23425197210487,7.2279350392625785
178.2046165160869,174.47904634190493
187.55037089958745,167.46139307507477
73.6297976951409,72.68601899517517
163.6619319078245,98.62262214396804
103.8834003398537,189.25477018969227
47.512487232960765,67.21095833433007
83.72652832736742,118.62535988987496
8.96123110002055,119.53241102071846
42.803269869063,107.64843526718265
104.55223932343769,46.256121482499196
155.32360727614838,167.74096341080877
22.250098269142473,63.34668529277518
91.06431618286221,135.22777167967266
84.2444357326754,113.93531854454362
158.99179649928243,90.71773592372854
138.02514378739386,59.53768686354368
136.31437412834265,57.76531737514255
82.26967432924444,34.88507551502366
55.158521243164365,43.29414675191322
113.33109019477669,41.933092156186895
113.94084884337092,96.62793394781063
112.7111574337352,182.67413313359012
61.1664774735177,177.86962221567865
98.20134221033271,23.809933606563256
145.58181356135395,194.09769323952918
29.474510603682646,165.24786235047864
36.32901057743758,9.156040735759507
44.874886706551365,88.02902659275726
190.72223180422557,62.397097053826684
76.59687900847418,26.739615947863673
183.38431443442786,99.84692593100424
95.84305999438119,124.84714065839208
127.63248193995125,178.3764096459914
58.9615622047791,17.576002749977473
125.39263729800932,14.954605666466499
147.7316388264551,32.472614571605405
149.51562474815182,84.86070056177846
173.87697944957583,15.410636484836276
46.804724869356875,185.96943338456114
149.97076337763477,179.79865645924684
101.49635457834495,16.303704941601026
164.84811249064762,178.35255476888895
114.90798640226971,6.405910136481455
143.59951607002924,172.83130984735627
91.25975308648415,125.99115286968235
26.663498441878176,93.04442753236968
97.95365289625846,142.42894731391306
92.93674942264178,101.92375509169128
175.47798345968428,55.88339726417756
27.331188623592954,24.64567264872425
195.62280042872877,192.5956699536223
88.6360533687659,98.33423927258133
179.71207779324942,117.50989086002305
186.53367496820943,44.723800512729355
14.578609661801957,73.41425396744458
105.78111680473178,18.418638410967663
184.6100252550803,122.10320932307725
82.89419209535389,145.78845014563385
135.06465087462138,51.91796842334452
161.21255028033045,103.74285444265129
21.155606311513264,108.96577693172515
78.64861444465252,28.45150408379433
120.00620253670762,195.53009627700283
175.63550168621083,84.5507711905197
143.40304668670885,176.16600104950854
19.23154783553739,121.94407383310086
24.383682059518463,167.05715403118705
117.46004866932839,9.06071418341902
94.21425773814632,157.31808944814313
186.77299256157414,60.210001685053705
141.88317025158048,13.986315786724122
193.07989060954878,73.40818182194339
45.4073797668766,36.600572103398996
44.98119272559035,116.1522718874857
23.740847362172616,38.57461132935123
42.67090739237014,51.07971585786832
129.7949044756535,180.2933581563479
173.61123784341976,187.11765313860099
13.813415193061216,32.27467106354461
188.87092997364357,68.27843797234279
173.02343191170013,139.0587440554589
107.52173051654043,23.377031980443103
144.97792858183428,29.44311747366199
41.133392701048365,21.655882363139742
83.82782655932219,189.0785750620825
192.0725275971781,186.48237088401862
109.70079368774132,125.75882189449912
19.792342877430983,163.33570308599184
167.52329580652824,196.09270473451787
71.88314076214687,11.497844860708195
162.50412583449312,114.27760660686837
143.00487041354353,37.71056864435044
157.6963999218904,53.323540481024615
139.48834813511027,180.88789060218696
148.41407143976394,102.33342561525552
78.72220004203548,68.49799498523967
25.420209830241507,76.0647311020204
48.394200330024546,121.45710849494978
35.83587517491529,28.07872745837014
90.36719552671521,36.054544142641184
188.95802569253095,122.54398468393276
55.30940795625932,173.86020231136317
20.42376783120263,172.76414249328116
182.30036048396158,182.61921228767116
149.3555265065945,192.65400577789572
20.64107847974926,15.607665534521733
141.921127699198,17.534751945165215
180.72489590601668,98.5035481813881
77.83616073516093,19.090386815510325
35.178205119238825,83.50156992502485
34.06015188572013,52.23300960405138
42.837004861163464,91.46458942993178
108.21519904746609,143.72921062301174
79.87062142344574,127.2870081311258
98.50131039366904,193.63536489922558
54.750213830102325,169.07006279953777
189.1359020878849,55.2436070943554
97.34299848685522,184.6226413771864
60.72259532932797,179.9929723516903
177.8055848195538,96.37135505390252
80.08036133042684,108.34049551761392
183.67463903510546,9.2658825146179
105.34177708298026,47.495553310638115
163.55845966016182,38.27887947925972
135.63751312952897,70.3602835083849
34.079227511064396,33.279051441507704
192.99503991605144,192.3636713055959
48.32129566273771,40.51124904211775
181.95422273208385,172.65858621214667
177.34636414888533,70.71000416139213
28.02246315974065,184.67934379518684
16.016767609218608,195.95432689702884
101.35128151390124,116.4982349602517
44.67217437528355,37.417047970272264
99.2927359571116,77.16890809737055
162.91297748615798,123.64869290794427
157.63092000460625,88.21381491559818
63.16262713081727,48.15558020568056
93.4869007613778,34.10098693428662
29.054786154707973,114.56531186479273
107.46862616668854,154.82753089879424
190.7594968807971,176.54816936155393
78.53079642283181,24.830562913283064
46.06077153965188,113.20007533711923
29.424096196096876,83.7953261905023
162.54955555892914,38.65592775973762
5.684835797664377,167.2605539215484
27.746164192851047,162.41527966517245
76.8229673072151,188.09932169428518
86.32574092465133,92.42581703057556
113.32976577470293,133.61908940577393
51.280835783637805,23.98536910359191
22.693670402439388,38.70157124308161
13.850369435947965,172.32842710907187
6.877350780554052,193.50495010140907
75.20209327392651,128.92602743255668
162.16064767555446,71.58667126559023
101.23309318230852,74.2423866652464
160.19220665211378,64.31267689135497
175.76684147104095,187.06460258424366
163.82523240284036,192.8929985841888
134.4797917077425,11.543993800760829
20.145812488960406,123.6617923315297
55.74898394253448,40.23022058538803
26.15444339273926,171.51774134720898
160.5777623052184,32.920061261755386
194.17122989676602,42.23818440778486
84.31669792377112,8.136076696196694
121.41848996111037,6.654471778644451
129.29807322725964,17.208530321588185
89.56246027634067,138.5972363147853
90.91591039567626,70.8886479963753
7.336542771571407,33.65166022674263
146.79545436082327,14.910440742005289
8.44244497184401,177.14404658024006
73.5624212536067,67.40679781639211
147.53711008747814,92.06479026435039
80.70954718888022,43.57636160557951
162.55739496726358,97.4581985753886
186.3788358869471,41.695350131720936
162.89612628316587,27.966064437954472
145.86993806336883,27.162310961279637
40.40170636462561,70.58194351076206
15.316565222808595,166.87078577219035
105.37912622026244,91.50939027120319
12.732890245881338,131.14378754325588
122.4051508741384,16.573793519712545
16.374387240106632,158.8120640753114
58.66211436496073,61.64591450532592
190.6090045201235,70.58855679239348
76.65710392334621,118.69393467197452
13.733951011615321,22.242935256316276
82.39127377679023,94.85549899489197
21.053646189688905,16.508814913964493
39.8990616781398,89.55139709638988
10.717273534255808,162.3998996806714
28.579137064144103,9.344567272736032
54.881400947160756,70.47423593542808
175.69524337328016,72.67688409448934
164.33885777409918,34.9177842084217
163.8457298455874,62.42123422018051
171.4589522669179,125.9333182235687
115.3040735139009,99.51837539387603
106.10288851370046,178.39128789826052
52.864416920773245,115.91696576596556
27.71473856125685,153.80895151211516
6.306338413473369,29.224066458987693
72.73415817954925,45.54382969628038
20.518795954478268,51.606895518406766
161.3130658663968,171.7051122057642
169.59263230154988,98.27620906056683
43.102666540287814,97.70486279188296
77.08000049150111,88.42840963170971
51.022405268951886,132.38734858064313
105.49621934935503,24.18842558652543
131.81756051982194,54.96434435405679
47.80317226227034,114.20875171432901
95.93506114263171,155.57049521828117
134.1917832198169,45.80379876182949
89.53286255830002,113.72723992012028
112.005043327982,151.13608956998098
63.96463946186824,183.9601854779533
169.6239977178592,22.76733861727545
164.66341752887615,162.12645878584956
110.10082349801232,115.26502914177618
61.38960991467768,28.24624805750211
97.46150072184237,108.83569751568126
11.020065518699623,80.2903825970102
142.77753961007951,191.2350359829949
135.44172710748109,5.78376838753047
71.38591271348581,150.4902847178551
111.60458325512737,182.6168876946827
47.66473588416316,157.45586997278033
9.577386675759941,185.6581008001689
41.78035964670099,78.13071048249961
81.22762177785415,13.768840166823177
41.68433664284444,117.25580133563656
79.60355621228535,68.10412376325534
170.43244306326747,86.30441002243703
177.44532297519783,108.6321164743861
167.47900539752447,173.95312964053022
23.18002826508943,108.64680730839942
18.150767625900723,98.00227398450473
8.738159518187194,128.95475242554573
33.503046640605,67.15892929030146
43.78477792003597,20.35203026582866
159.57309011193564,56.87458632925551
18.131149177074537,30.274972730160776
148.9294577902317,35.28497114015093
142.0061621496144,94.90243385273253
41.77610947293574,95.45915371910176
8.005283053817335,9.864463922224424
129.00400656295795,18.536840310976697
184.2340746068199,124.13926200257286
111.56429329032379,31.81632062911984
28.177671462075658,93.43650708879849
84.5924315362065,86.14894604758078
88.23038250661459,188.4072184327866
12.415472621861683,196.97784006062795
111.9298949313564,5.806597115154966
21.79474320031522,12.470402047000183
50.21225438635088,117.57950906560923
64.34146996239019,28.39177080374674
162.8722213248785,34.37101635514077
116.75742015328629,180.62394719691014
165.8650296422434,131.1108326320656
168.5761898926056,41.060533050602196
142.4136295668471,84.21562609776078
192.62199028644315,195.52016501627037
25.064327564750915,43.017997021375365
155.12202786049838,98.25403521783501
181.36532597482983,122.57216574112593
195.06321050709965,7.036425894356376
171.12295054217094,44.24924359870638
183.2261965846322,76.76049378834364
86.33275503593073,80.74650208420039
10.322354353633331,96.7227469041143
149.98069352351771,128.55463038650495
175.77489522461167,69.03405559050307
153.82574224565838,188.93736821893725
136.6559164881024,72.13990302486148
81.75610616933598,98.18930880980564
9.780805077318053,121.71894208048951
14.039754803147474,126.28522169460004
162.48012343770583,25.6965865901904
52.81907468129204,87.99370352389167
98.97099668185894,36.936464583920724
63.83462295880401,172.15895488940015
184.17565886825136,117.12731213125949
172.47560638733526,194.52469280694172
72.22151279190288,9.556363107100378
183.99788641025225,184.63240279516125
101.79567869888425,132.01797866134555
185.9846525012817,17.40308177066938
83.8869957506749,106.83948702972933
175.9286655600892,97.44645630079565
55.11912582457179,63.62623958852576
78.09730947267113,51.93726980694347
181.41170499861605,126.69801610259628
35.53305224066186,115.59589066303701
67.84226113259581,39.65594125436448
62.04207068281857,170.10880038009356
82.96173361134204,186.2449169917452
6.11559994121007,189.02653185525975
95.42770820595882,69.3267300890385
37.65840010441564,177.1662546464636
138.30043755249523,75.82744529589094
171.92645216205855,167.34645173324586
91.3319432882001,110.04072216094596
33.54236707580508,64.59378104253675
91.06822798653025,13.572657377799013
45.021972505312974,37.857593867274666
143.66054050208592,61.62353235954946
90.79124687226643,17.08312096320464
178.97608287282705,16.127197774385337
56.72472242113859,177.96819029265038
193.67688240897894,41.943861053532586
74.63645622000209,187.60689807829786
181.58190405328125,68.56501736797732
47.91906943723,57.85432280804474
45.61118086000647,8.537229258592797
65.66470055231336,33.647947233324736
54.96498234298073,7.239212185728283
78.37398901711866,34.074767676626486
82.02469717614032,133.3344962815938
100.33755105014676,102.35371278533495
86.66768576706721,122.74879892439064
172.9046231019847,57.688064686129835
14.305407240658436,90.45466727337003
80.2718538795565,73.0918766883975
55.152151207574924,130.15880909485713
167.80906501480464,172.01539439142246
85.82846572728852,69.32837854509762
154.28521742435234,72.99730352850369
162.99861547190275,187.95289334314506
113.00588697909508,142.30255201681385
120.73839656959692,28.693975311491958
150.0464180763728,60.92059368366955
21.490997996848158,11.046460383406872
122.27381858034438,23.203139023597053
79.77640878597734,28.518046898085576
151.13059669359836,163.37790004518283
152.1315397169396,116.23507124862405
98.22668325680098,122.08748065827598
168.64068656666612,117.79645440415317
157.89451389107077,39.50349386697969
61.84932694216032,45.815162619041786
76.80947123884562,29.829039874945252
179.80728739031395,96.58622473208317
180.19798544012318,131.60026467790104
81.4594893795194,78.0890872633692
168.9374958931729,105.21924065442698
89.95476259141518,51.199832391174425
174.71027228490883,38.23227336702191
157.8501498188792,59.642066443049536
151.4515409447478,44.06002435757896
85.80256358801768,115.70359726608316
190.83471938199833,31.505308388229782
130.8463468975809,44.13236202062186
21.316321397430706,168.54895444590824
75.97574138653506,84.65831053091308
62.01137295138502,55.88140519777356
24.966237004938968,69.56573414565688
68.98873676335057,63.010874021914425
95.03461548507448,13.444924543008895
160.52328632092298,110.64205359428286
13.00376234490361,64.9716508705653
173.85871804847653,88.78144291545375
82.98097588615316,87.43988457704877
147.80401435066938,130.80667288858146
169.04341987474575,166.02330825064385
168.9551629256777,6.643941589800627
179.28352475146698,33.58387678490615
21.54592489402521,156.35856792156514
196.29393261840667,11.28181073982711
161.21841216065377,129.1264358097996
161.0081139644541,20.08831911050664
68.09662381904089,42.995529278258225
162.6627553898698,6.920571308864226
108.60198807003898,86.71065366817507
39.22294865727172,129.63429578786756
160.10258961737097,115.99218382167135
73.93392256840045,23.17330214583545
195.90161654626152,65.5767069869947
32.87650650292353,25.576005490062766
171.16171890787564,26.880840667312633
39.601878563082686,114.48019443213212
169.6341231809891,11.197059638597784
16.2014596550559,79.7453738311957
43.16258037882345,189.4800068950202
143.7636266126474,42.818154960599905
140.53931120919805,71.72126763148825
147.76597974950957,68.47824173640487
97.63620936466558,87.54678112165713
162.4389028547985,168.20981006166954
192.7663173220023,167.92069556151955
104.88089390276966,120.13255555918663
141.91108424449433,173.19252695860465
109.30257235937553,74.73511068031071
147.73054522612148,104.76815722245985
32.674477764587316,62.58911342782908
82.51545223378297,101.54716732371274
70.05158093710473,56.5399532369067
5.392657025877981,27.276446790210088
176.4474831562793,80.38443679062559
16.617193567918125,45.24702114975285
109.7814344030556,23.548816847757
156.57581310044426,185.89616752133236
188.04416978093286,112.5989045030039
108.00703428525142,137.45503627131518
108.64859505314753,16.586261711060512
53.87059353459841,154.91967866066594
76.26379806809781,100.1675765188034
170.84081381990373,16.38124629447841
12.75825826321715,74.47683892503579
164.92364923486792,100.13303727793895
45.8193524847282,108.01514293258067
27.45538711655065,65.63681026696254
51.350304288377394,191.5491509824176
195.25326625720828,183.18758064023626
96.89873657764375,72.74426910532979
157.53269340927122,178.7497093260309
27.623826428577416,118.23775122418107
150.41213426530987,6.433574167052475
107.03519056699602,196.88488833770992
106.65747496550502,77.64058625011884
73.03301797046453,140.7160922614061
170.77109839563875,186.6998363117434
62.351509784335164,15.734354460439276
169.88024615456726,47.824295080713874
55.15308856764935,19.240397879578104
171.9478112795067,196.85002309453304
178.14524595762768,179.39045878679465
162.5612726362657,172.60237510474656
67.50223733156152,155.84091588155985
133.6072309228053,74.19993067776062
166.26551583360367,126.77542385217777
77.93005011189837,19.033901067649946
43.48754318143857,153.9191730151537
44.48665305201239,67.94215808925377
152.48041581886017,37.12232106581535
76.17695944484616,181.48792015734983
6.358492026129223,36.35118854117818
18.022662293736794,38.224877801523704
56.65724792915358,130.7022183324666
26.257343513849037,31.402555437842288
197.00797277048807,193.47419795741166
15.741422378554649,175.54157938245552
166.14547009877276,14.17851969626149
97.04070367757336,50.751882672364445
149.25153837092918,162.41606129603636
10.256133197364116,31.453022339155357
113.53837338515686,135.786506934489
70.54321060302874,175.46192443647794
105.19080653418277,96.08161179148951
44.490172893014275,29.037916915690914
48.5171981235602,98.5334045919445
160.34683521183115,73.82889458826469
131.30829799855863,12.351686128264115
103.63565563549339,6.439421904274896
104.93199746631566,148.11888068034958
63.03568769929514,163.29964889130775
191.4632669802066,128.82216161008165
77.28643326884729,106.68819000450564
77.14991030398791,22.294474489335283
56.93782929267758,124.75962971872032
160.38480310911396,126.8757668320355
179.85475807487117,89.92025653208555
42.80618204881334,152.5609173262048
61.73584555961706,191.65673120800253
125.90767334300617,5.207598914286631
23.127388811391338,84.73450026824497
185.2289424779345,187.65391089366472
195.78612235867476,12.812381458160253
43.03636159269968,119.35351758960198
99.7371537607368,154.94345786508222
89.84761671362125,188.1617958829331
155.71750143432106,82.81934693157834
29.517122054389088,117.84674096066809
178.9669041335213,132.13115467480478
37.43521354665742,12.967515974833596
166.47892028149838,185.48817484504835
150.6855216714384,17.63663693629443
43.47216957740032,10.842874498260525
125.52008386810324,181.88668346527666
8.982057200064768,64.32773222846863
162.23016601843185,94.1139382036602
155.18566441365306,38.76776804267999
91.9043837339608,27.9432021634332
90.81652713635738,118.97343295990292
84.19991589843731,81.46997854234718
42.83677302339584,114.99764229714008
150.81391698910826,102.14755592729895
32.15218422046691,159.40723979332986
52.921631956514986,102.94188179129041
174.49896894772016,104.88669924270148
179.7169214522876,75.83856417023846
164.900183532486,39.5964977837034
32.87959829308289,23.282251265829316
167.2613041662857,53.387628568823395
54.50869019049073,192.6875823562291
145.26824770160061,101.262945434758
155.9356031785636,134.89958425345773
26.473931425628898,32.30751352708518
177.83159069038877,142.83515693570214
108.78575475633086,106.81233518962661
112.28120444062681,196.62668143675458
110.00001264126892,100.19027994915676
171.275405425011,108.65094075996377
151.66449200045219,10.655430936872836
156.67998593208623,56.86845990209415
168.04672169443543,136.17781077422362
49.73603519352365,173.08406880754353
6.684112986984151,159.10963895656622
48.58062638355945,93.8477438140333
121.38323221690335,19.822961290825344
148.28039850428186,168.9238504579703
192.89017961590875,26.42942897744914
71.15173182266038,21.59549865384206
18.341306196024053,185.53170135985448
190.11639254362558,118.98076148926445
155.49198145179673,173.92595703936186
50.56263766686417,52.12583688630684
43.26820249510047,157.43891025096255
93.60487059443099,29.506214913753006
16.07582065668277,164.36675268344646
30.497420231441804,23.79774700883461
73.96078019239658,27.932805713805248
56.72407761886337,188.39472145628602
54.523953238516114,174.01952578064657
10.873664629129472,57.090477168007524
78.46734861330154,89.2100173318972
101.22023232406451,189.42512428116686
146.06594433136425,130.67209202170207
81.03325457030202,85.1688582623927
152.2445947270377,23.89894401037025
11.440854098869664,116.09996934823123
102.93209853794565,187.05118949504583
130.09101541192572,35.847070388251616
102.66306085695855,139.1928446295265
178.73589915996516,141.93693815693356
80.7717588662911,86.27099934122234
134.92112521841602,63.59675546384531
56.51327161207839,10.878866318229525
80.94521664601642,20.294446462472614
22.023236470687305,77.26964660806507
145.68792466387447,171.34130552396692
32.28623049971229,133.19889321484922
63.098574723100796,45.027677170266564
81.62316574297351,103.01187225736983
39.72174683841025,128.1400278520627
44.33837830951039,102.75736438285188
80.32824134095718,153.54262143186298
177.39503195226814,189.43397058850402
103.49433179649458,111.54603656641473
93.63911446846075,196.66494357705153
185.68156286110778,166.8928720131517
72.10362584376954,134.40035601858784
68.80793699177721,160.1449177051946
41.034951078740086,12.20932740410636
87.69562217372676,180.71743003883074
28.793787279489703,129.83378558480672
92.97439170898791,34.65399394816401
175.05240922339027,9.179276441159281
27.381750438569128,95.61707051310071
181.12925914540082,113.498696700958
46.17410547630598,10.533886001912688
157.14529525055772,179.5215551336697
189.1758960529892,86.9233075408802
34.89039876320776,97.10332605426932
97.5550525052923,91.59605650480515
105.95608892621226,113.30728708070907
122.02426470263916,47.847066789084344
170.4794383894306,84.68804272288195
85.16613429167082,105.47025817739787
55.04874678776627,182.32419992005873
165.45764915432326,96.83073179035524
188.9151099296452,86.62361793112427
24.366208702840083,102.01706071658818
113.8357173407748,132.4837685581951
22.615688329263456,52.19971817327795
115.74220991502688,177.39830312872223
20.84898601463237,61.36654263732523
194.4182190106727,18.57139860504815
110.84422757715012,75.39840507683938
100.46360975941336,121.07196113108748
151.02294955566995,37.924008539862
27.700487287740245,66.17500648430132
15.544919220806303,113.13848305035978
19.90067190226263,8.19822904315651
35.22236482192629,115.16561246527945
17.377934024903936,135.31069804245624
24.19011382479962,45.83537800411343
178.63457517201425,59.722202712633205
127.1009051624388,11.844189956116837
57.12703169426736,28.613070258843678
187.63575967515035,144.7903366080944
76.11033725495658,174.81323738920773
146.55398213361272,50.336810040556685
35.788157453656154,13.198331425142362
74.61754567087067,41.98501813439938
125.07478232729969,10.66151577486367
147.6077193636637,167.7357152973117
76.16949989378813,5.224579676091998
67.46690538362579,174.92438525950698
145.85029913890514,163.71034430019267
178.5641471099774,126.95116753486258
6.3447743181372696,54.7535454913567
163.941354832659,178.0403904631504
25.798193970087436,188.31905618384465
34.122705246977254,43.48826888967291
25.921451966144673,187.53596787031793
27.052418759841437,95.71435986176346
12.536468517397044,190.20578196811175
162.2439567678021,29.37470546691428
159.0995387311797,83.50096097440603
180.2886596392401,166.03653203348858
64.16755427789134,31.65766409716245
83.03160444912675,119.81545995301515
127.89327676331087,44.00007072832556
31.42741478544407,90.11559872991148
39.04570706216218,27.64275272572119
146.83483075300276,36.78775183244934
9.51266311224867,54.76826629572928
171.1431755187528,164.24941941128847
23.576673334241946,169.20707457418374
172.35640731492646,175.4232425517154
162.61778681815034,97.01280546770705
45.91209983862427,51.70566459917357
130.00333432073722,5.772784107525627
14.157769761298319,103.41676582897036
50.96970692217662,181.74469929114593
67.55998994957136,47.02461879567215
93.34873690300367,43.03724384205317
19.248532397667713,135.3696329633713
116.9609220587763,187.27119395140716
153.72661177325557,74.80222560534627
158.18517506398373,67.10732746312351
93.03750487078474,34.42223327112283
114.27363336617424,156.89863497922138
54.506686926948504,116.3156627155562
81.02634396414567,40.97549862816142
93.41118744660392,43.93111681745827
20.40178504516325,187.24206313021796
88.53374776441056,151.0571313674803
98.1813590544213,108.3427736651152
88.48635164066027,155.7603195421899
150.78105052979015,142.07391633627745
106.06513772509703,185.46565833718097
116.16739925093542,45.83756495943277
139.8778111204503,168.67718323142438
107.97655167491172,32.82291794925178
84.85385913801156,70.34864953737828
161.05512919739306,9.100051615063073
79.2555748617574,6.802166555546986
36.61028171865396,96.51984666971488
8.245819322344193,155.73337577302732
7.926957135090754,104.0161293519599
91.10687524560089,179.17383768308613
141.94748861597083,167.49910468333874
16.88163372074886,183.48546519171632
187.7099633388,163.7244591370617
114.01433923333724,50.71587498018531
49.31849361035848,192.66193701707172
117.11894866081796,192.7904870770431
117.16563086431447,31.248563542475825
105.7659443403984,181.51817041945682
189.3433488991054,45.387045324349806
6.316459630241019,25.883532147179277
94.5267002211932,95.39585038507273
34.34802253625244,173.42557271957693
89.40616014645798,15.38598658271136
43.45452438885433,125.62891374588139
139.726121887033,74.26752903495284
170.54481378689732,196.11280432494186
36.92732633638563,11.562777631987288
135.2195621034467,49.00387840397238
168.22258274514815,6.1095685491310014
90.6046485025939,104.98224896351155
36.381807787792916,84.28213737413454
10.51659173327327,190.97299547686586
30.99399598938115,31.520652632174635
142.26628819528096,108.56869315966988
51.069749778643555,51.57628554593964
156.20409890216698,60.904078968767955
186.03439634195314,121.92580864947736
160.21902083085672,120.78158896951413
46.496573322619746,81.98795146175934
109.82549758400145,36.31547233329365
66.65583204489285,15.430159082855903
174.13062197688993,83.19576592623883
88.44657557727415,157.71769117252725
80.76822776239021,126.37824028093742
13.122479117207599,160.75966379418293
154.44455074849952,88.67622121124568
109.29376461663614,96.34386858906497
13.279812756210557,117.22268155748785
79.18287789545384,99.87205794411419
37.67335152510835,184.92234957696527
88.00040609184522,147.8723077495388
77.1799812679557,92.1012444225561
19.13115583869755,183.97974606896187
137.50141304885824,167.8701610490562
153.94449855627482,73.09642294680856
42.030292673676044,117.77958244308866
150.01156987908794,8.78302283907869
44.91210563856802,126.1322457531519
34.54936257467538,24.23424059416083
78.83919143571872,180.4498603301653
13.243997122775594,57.79829921370705
36.226740650530886,100.75611801338228
171.53334598015647,35.00520508071876
177.10184028894795,33.61912647497137
134.97655903927716,186.1448271835274
95.31961770585481,46.85255676389459
108.47913034445412,13.453257086772245
45.39535088610445,169.2186030701714
38.75389294687049,117.5815612804839
19.693279096067272,47.46724560268702
99.22578944909412,117.31311500072263
42.605658244512874,90.56702384176381
140.89536190069262,164.97710078685816
168.99293724214402,66.9904696400797
168.28481489089788,85.3975322602286
63.9071049099416,65.99757978571664
99.99003039172324,35.20556006913442
36.17444784691104,74.20067975173197
89.4985865040214,8.886031883890562
53.59873298615162,100.92930679298664
113.88578395122146,196.97820791927168
86.5746423126435,109.20464619936331
67.80506347752701,188.89466918045682
94.26208168331455,97.61301158822413
56.34916165971499,71.30683036734617
20.273846746261,67.71211267435565
48.28210637808351,40.631331488484065
185.28128842216876,196.46751271220128
44.36798086934663,62.07566695203678
162.61696090241904,110.1973382707681
186.08097166017026,192.39080546086973
173.9866386499079,96.57031546126015
172.79174655153466,126.78596946479232
38.76652491468949,113.12546773178283
52.23703471138515,108.93980546045076
100.71203232949364,125.7637269861536
84.55685380829017,20.146945725152946
151.53557138521134,190.0817854180072
151.85190780097668,112.86746495610258
179.80875041383646,181.0667672404109
150.13509414803914,143.47318677802525
142.27281664186478,35.52538946666321
93.83250221352063,7.058802019324925
177.70680201965942,184.48673568087992
188.58663213958906,56.06034341599497
184.37253905589145,11.543958982712407
39.20253785274701,18.810287568481264
176.47417444534656,7.756707307825395
101.08356570340192,84.19566165315321
23.49081150921313,155.25851932145696
156.32318385218608,187.22788251672847
31.114215344405437,17.655774775553088
137.80461175858647,73.46151196927953
154.14900014001498,49.63018540367787
43.6678855727233,102.32743398469468
84.52991134074125,95.6280876172455
103.45785922814716,42.53752998983497
154.7746283076884,61.06879933835412
11.29386189909366,108.66444300845251
5.508060040347907,38.53720412141635
98.65436521543569,76.47076278767898
7.4509931887553495,79.11144008649059
107.549822060113,21.94478350338338
68.6476626149347,152.15932660984336
54.74150222602438,65.07862450724856
186.58385942721296,126.1953397199752
84.46969917161576,130.08320163829995
180.01339089553397,144.07736496190105
184.89649390104498,119.87288629865374
107.13802529444679,116.01549526091972
192.6681957988459,184.6571989603572
38.83867385544878,179.6494640322388
16.986316892686258,176.6762265386227
73.96072332116572,182.99228512145427
37.97783525675326,90.82983516054381
30.202267391197452,27.93633427792365
5.655447117691281,11.579554727478428
146.16087916000234,181.84829471305505
52.435886985266485,43.371858324303076
96.91730447015786,184.74212253156261
166.32544614800327,182.99707976054955
43.94656995730393,44.84562709327476
161.91552697551305,109.40784437322199
8.424267613209045,133.7298301811956
168.32140485582968,16.651385612590882
192.43167705617057,190.98803354108432
96.07731635890654,127.186429420469
8.155147315056553,171.12915788241733
8.04708942904179,162.82907438680965
33.60291679053677,185.7057653905669
86.68987947834455,120.30027888231407
160.59465259903757,107.8855822460074
153.39032066867213,89.88891713801338
153.34029037487318,31.535135982396117
141.5488632865232,32.53863136687493
111.57953659562284,101.43797241021707
104.50884197895908,26.316667952130803
146.725416053739,113.80817579555554
5.163102213585348,50.238479941258504
110.76379128890275,76.41469407129078
179.69959837914618,195.7792085161123
33.19741257894628,97.11267324098198
28.842363513952495,53.13257019434956
83.12443966973628,41.03007552724331
58.65400851474027,44.4250030311552
26.19456208110866,116.6403557583057
86.3482849352641,30.941073839583165
161.0190349303521,81.42075300502201
69.92574331462927,11.27724593462878
44.41292788186153,133.59807889036313
68.69673413365219,166.15940356554106
41.7011775999805,11.331784092320675
166.30770540004502,140.07055446932867
152.8891510651097,102.0114277547408
95.30948218438533,85.46078140436033
130.45297535651642,188.38282478089502
167.80251256130467,137.09516618898766
100.15323868407333,18.411645426804974
19.124203688318637,133.40070967304527
176.76962325948315,125.79486340983226
184.2251815397919,135.4405473246715
98.64970218296769,194.92681587984154
133.93530547956541,62.37289789530304
143.40611133043396,49.27622565890922
164.16577019545238,75.14493621674033
164.9303804470392,38.72721521201639
44.33948638835395,17.108898441809817
34.353806349853784,157.90776406962289
182.77337310427407,54.702499601912486
171.08598907317378,140.1951368562135
99.77423326128722,12.27434920550175
95.27171680947178,31.89167372387576
152.46269671961608,30.023206119123262
189.1047231236473,121.8963678919681
47.467477838796825,168.97335636999466
53.44300919328662,177.23472812637036
146.68405378222408,120.06121633229893
74.16823663489461,29.970027856006503
174.65184185024438,164.8224466017205
181.6533033373963,120.27730725354147
35.66907769019781,167.18007608224283
10.8412223507979,102.97118878435637
179.8606290210554,43.62173719453495
163.39903885368375,81.63513020628926
161.7019103303547,12.268083895618199
32.152886414027606,16.962520154435282
142.80212058230214,40.970337415532406
82.61546734951587,25.550844553949243
88.02558298451466,76.92917863482172
25.10387985665551,132.3093460786635
137.47327043388682,75.37752117318443
54.74622121621042,29.374892023185964
114.46223889277053,131.96643145836185
79.90938169004583,83.36698263552792
147.47335923411617,6.332703324540435
49.00948157039769,164.6809281740439
166.7764816810127,163.28161161371716
52.67293423571994,41.53327830856575
173.19622043205203,54.580357915834796
110.47005816867349,124.13434652554781
9.140582985369498,84.19418724749805
184.83343596968456,52.426706051543974
22.122214451206755,82.90137801648146
175.64311368170203,179.84080295388864
72.29325811933643,185.32299696535523
27.11571987214927,84.69474060153911
177.1861873900273,61.69116529869775
30.583775317052414,68.84665861393422
171.8324866686803,120.87972319114328
110.5182794158156,52.17558604754461
81.22944905330556,70.22450272347771
6.663410822211773,10.767299762118064
9.786914501545024,13.902869811570412
31.300771290877336,53.49087726477268
101.19517820589276,184.24548938344216
143.94196630247396,123.49494922101839
98.60475485548551,121.28175050347934
26.43456781880568,31.236747660944893
183.2057837038443,59.76167306499549
71.80728816674001,195.96243497049736
141.27596815178572,61.871859821009764
190.5802809493141,177.62503364706822
147.42483096283343,50.814069889689485
11.118777180270648,59.108530261040066
149.8638275823644,61.91529634134922
21.311446546541003,93.35405173831617
26.42663586392308,65.94957130036644
49.90319587370695,161.1799236992295
158.03270561302494,28.722011320645503
115.16145569177529,185.70852008884415
53.03905158415211,21.739482689657617
137.44287515765507,60.66824387313118
82.10722456820018,20.338431814381096
154.24977772172662,92.9977204311514
48.470220328864656,20.39218394121952
112.1855000628087,139.36988582033757
188.71476421793184,82.38762020111186
138.33638728866572,56.24230454792338
149.65757948124158,44.99737875281369
13.800525231911823,81.11467158522277
104.77310427650495,130.94570504532356
109.86193374827059,149.7823430104698
161.87010347230424,43.59790226924587
135.95107644753588,39.229732044172735
104.50820829815729,100.903857968611
145.43055071740105,37.70292200464511
14.444915098015272,42.995501116762426
73.41878948344066,103.61847842635737
95.93478045718159,133.10196533992578
63.49801053194563,184.4014185063981
108.2462547083214,70.12028821147345
74.45152093192652,121.9507759135343
133.28390293802897,67.07518797282845
160.0276213038114,122.05843585067866
110.98932548948635,51.63581106754443
85.60782858488749,126.63273693864957
124.05391040248387,9.208520116095483
47.74073477997843,51.61462530215694
100.35047223421273,121.83831247381325
45.6074259772283,19.430159835116825
117.34645465052297,195.2565599851177
36.88456340935165,78.01370370168151
114.68414590661152,51.55125082843957
46.21088568933206,43.92045819783187
6.2563882081790325,168.0858354464581
113.92145798460484,27.84643180263329
175.4179787743159,180.5906203560087
12.731411210341786,171.89417514394165
33.11970806414514,77.47069351616703
146.87873725620665,179.3600747657008
112.2467667725433,90.04626746104107
88.61627976678373,75.08933321519281
93.84574232310524,155.83114050662417
79.74673306944713,142.61807652337353
132.29580843874317,54.55747901815661
55.96853156422057,180.05278487766046
100.54862383128258,40.828133623688394
35.911024448982964,28.476014556703735
84.0196533602015,195.14650521863624
107.45714487782467,107.21024178361732
141.40573583712066,51.303796396945515
191.62571344414366,60.014531758159606
193.24642128154414,169.11380956923136
96.05294795896302,48.655786958975355
40.46566548815159,68.96516341867331
67.20097784329293,65.86638061967055
153.94306982635555,16.782132713600074
88.91721354318962,177.19981665497863
112.39327991055062,124.95565182812678
186.06274498350288,6.219051422095743
109.63469954816983,194.31994430898945
119.01004968965579,28.356586384116277
113.95563239556884,102.39988106476466
189.42979048051478,56.783728627330156
80.74528400970846,72.25739361572127
44.25934484282101,85.56471806976535
170.34702371018412,190.6708241385053
31.00274838368809,58.73398519863761
124.43090524837928,28.209078867812018
117.28707329841633,178.5568838325824
98.90321208854054,6.742441730605277
159.26970537565137,144.87809690459787
140.969717294796,164.19448275298254
152.6501869315292,92.65571606472271
29.190007501285717,23.657035463472326
9.018320151388458,70.85053599191721
166.43233144022471,192.78012587589785
164.90833014369724,178.2565922524375
57.298582965871354,5.7482317231462945
91.07085851344794,111.54652758430166
7.938308808470072,22.925195914205737
102.54097651174924,42.41921635967234
75.01969084076806,173.57321007556564
103.46132398912951,86.96157491358468
14.845311400360849,174.02649773494815
13.093723647491178,50.084586472522204
137.75588099466518,62.554549792996205
75.13853722070314,48.00472660127203
73.29250882041676,90.90418050568108
109.23965480263195,155.2220115693086
32.931290035603844,58.67851705904302
107.60756288793588,125.2340349430024
172.84727509830688,10.555289842626845
34.87149280722259,66.83801732754326
73.72505309356303,82.23096852347742
73.22330555854232,25.25683151913896
193.14328817112647,26.61587431254868
42.063583205346774,83.28738526343591
173.91846009644973,181.18742244555798
30.484146738982037,126.48746995361294
11.495788413060284,193.17346429110836
111.8350881066355,97.27352442035215
185.19629354255528,179.8164269921373
129.41660763202148,20.304590898437027
52.18873955644313,126.0129195432982
109.97110498711525,100.92553603715928
155.81068334681643,98.71628616753755
177.7997571216041,118.22751622254799
159.89999511549726,184.44942084965237
14.882862787513574,165.6134487839802
164.54195800450208,67.3245378012284
94.652269811882,130.55747814251177
170.90154066880194,116.78793380089905
112.96713375155639,177.0104838020172
41.26385824964392,166.13270014390412
166.51111028061254,71.90854643515576
50.834917251944006,28.94007493512084
85.41170302637461,147.19151815909598
20.396007774762317,185.49478678822413
24.287979331047975,97.85871441552169
26.950831977249777,155.37454672268834
50.09575925960398,190.91308851900283
143.3119800283907,65.03576008256113
82.2746287916901,79.17088326809143
97.07742461542051,124.27250685223248
82.16215397124509,47.72006699460547
84.84810826521678,25.629559909352828
142.528734258087,66.0464488253559
153.5074713958918,126.87477729512185
73.98963884569251,192.24996087012482
73.23682014339776,194.35334223632364
174.8612722404746,44.59929730048153
31.350825618656692,9.570312675734872
65.78650051324139,20.184551870513978
113.75630515971655,43.108472041880454
80.62659384001392,187.58926425163577
86.40086988486185,75.60877265633947
150.2312195754925,136.2132274497935
37.24515042927432,187.182816925052
60.418983481869375,181.90898156115003
12.23509134988346,164.0111528267269
157.65701561859677,105.58189742447232
68.02858571677345,58.42989157213175
18.549823847099567,72.53192117899482
27.37550029226054,41.90184309731464
130.5989011354681,7.560902688645584
40.71833716562857,161.70095261617365
188.72302823214258,73.04686640397355
121.99335517814553,8.789705883553614
185.31364123495717,71.59816207334696
69.06355441934363,52.82493600359105
38.74535763422297,39.76030048158229
26.037363696252676,124.27453474141491
152.3029635734201,172.11070300850457
150.04370105605133,22.56527401929062
26.959647152498107,157.3738956836737
181.44600809515035,66.36510165136028
17.98902884868265,189.2780786131437
150.29309944291018,31.57520266899736
184.16572856524445,164.49918677885177
14.925606247530057,46.48233598971422
111.61012745713228,148.74183335190136
115.32157039033413,94.44788723332697
32.81016473297212,83.58474839452545
35.66831847745564,151.13240267615524
186.69066849124485,65.07435752619322
113.11401720646475,190.93468434142773
104.23585165387321,89.16656409487439
110.94524366491511,12.135765362363607
147.23066128390374,12.460409795535627
79.51564332841082,34.45578926788328
155.92956767091317,87.44781293612382
123.36760085117784,35.290545522097354
52.481024868018636,152.722125464733
53.333618090043885,72.83740151760735
157.64849111841622,6.869347277141538
24.960729570267976,29.950077494290657
11.138365483033246,25.266194092287105
148.00736384388497,190.107927196466
8.689026137676505,56.11998122612114
159.93116745894415,173.44100216366732
128.05566233276525,11.633715090725008
183.6710259583454,24.080444180606086
40.43380939062013,97.53238053363272
170.30062888195798,139.9291981985866
9.344854133374254,106.10046885972412
153.14421579012287,17.754331813892442
40.52440024209909,83.96413158692481
12.516706559940387,34.04797222900835
64.4676250851895,153.9971782737675
31.803386030679864,181.23017692326866
33.83455480171382,67.86269679012754
79.66376977991159,143.30783374622035
73.51092418298474,182.2544411215341
71.13118846412635,178.03209627055074
185.0319344079033,176.42851750766323
104.09012400326394,10.899474981343518
120.55825556373048,48.811767857116976
81.5243603680806,194.1266220258566
155.05537930281974,100.81591484365995
103.34105211382851,12.911333929663257
189.42455701439437,55.586386722111925
23.53619332335114,184.383541410116
169.17009349718137,23.444995444126388
171.418444357779,106.69123978355894
141.58657505521293,182.7136537086319
34.92101887274555,85.40962636122227
184.8649108023155,179.44398609212732
79.21676656435987,140.471424139587
110.22244375225671,106.22876772504578
178.48221203596498,187.57956892757295
85.7436132472251,99.38112634489576
49.075552197302976,165.336821968664
29.484613626298362,170.37553825480865
37.712783480749934,119.97893002411006
157.3299451093452,110.0855177819258
82.09664355601276,148.61324372096394
85.18020224951482,76.69478900202198
170.88228064340115,76.56681491297742
28.20507488502587,24.755819370020067
36.57603966638577,97.3664453327346
68.34641801396101,24.842267624374028
174.77479102291073,114.60671815100449
47.91029423803718,123.20758023585603
144.84766335165816,29.37603714639254
54.04385616096876,123.13569466297999
151.50348464743024,128.1081181609213
149.76427778590553,104.25245899626707
31.059041472425466,116.48688067761101
183.6801604120155,129.99228547831686
163.92256704044482,136.90470638666037
43.027988092416074,40.89172516106168
25.728196789431195,62.553260944892635
73.06755452936349,36.85617793060141
63.36397640855894,55.47648656078733
67.16139646932109,47.481265989037254
65.77961405485402,38.28963870983572
15.850053867737069,192.5455905110138
31.842267183418194,55.61085107496935
92.79361426232693,31.314295182389355
23.64476295648196,87.25401884442464
13.092317609446217,181.04630516078208
98.5153855856867,11.638627613210677
70.87791316917713,67.66992307911445
36.10980115191726,187.82532055511345
75.4720764543347,48.60073052877397
51.50269122391541,35.46961994838933
92.59166130291176,35.78014543382473
134.5106411904054,170.64584597723305
148.6558140114122,78.9102125465232
45.62785875716672,98.10891728966513
111.06095527451312,44.48349706500112
31.64101890035349,116.97670611127707
166.23396778647034,96.03745929923595
34.23197575183839,135.6556326390431
108.38479430981842,92.91412287872448
64.65875657405175,158.63873860407972
150.72843818110388,52.96626967395792
28.573983656259408,50.9102031007208
19.559626793491297,33.35844448609143
20.480307907436956,152.7063442506714
64.63606902860593,179.29626369397258
14.854256959723976,18.434893270640565
166.96573899364785,84.56989162278599
140.7706614114807,29.186172240510118
177.14256017086885,11.482240372703476
38.50185121954311,174.6519729944804
50.28991107566224,108.22713682036434
66.18495151120169,36.25394793747641
8.550734161471333,45.91528414740893
141.28451927472994,57.02924602171937
145.06318088174478,70.9956265281128
131.75382330518354,38.650585593060605
175.53609757342616,50.615300010574444
28.695466618796036,103.31101072040066
81.30886266272388,75.48591580465309
22.864354922934435,191.91787001911356
196.55211157046182,182.67310050477354
191.81231859576644,146.06336277915497
33.343702725631886,102.66743932680363
112.14039506261886,135.75408803551392
184.27638085628118,51.879253478143305
113.95861096724575,76.39680515203533
191.84379827875762,55.36686628639783
185.0174952723448,92.73865032121823
145.57439746454884,138.01879532678814
56.94484017598577,84.49558486012972
183.50573008096893,119.49981271697975
168.4697683272368,93.63179159283997
144.62729012970846,86.30579038801262
116.19612147022967,31.147054835411748
39.575431867275,68.82601672133778
138.61567665576496,56.15831946690777
161.2302738942526,107.06169157617991
144.85721225472943,75.75395300031816
19.9597569124623,168.28150472903064
148.92735375456314,141.78394113236897
74.28675426614001,87.8222688450915
33.234143190227975,79.46347733656414
191.07491741403098,85.68664660342475
144.8404277445361,84.17258912774884
172.79099433974417,43.52648855887953
165.14139371242942,34.25289126549759
79.78729769079604,139.38879197451723
35.05625559307105,31.41076279714768
8.304208631340781,92.98947368021814
146.32202422342155,68.12150346718256
164.31560582084728,193.48385119903097
31.185001022538604,82.60018246691627
152.5927423388836,138.71128923781373
41.790793984360455,164.57053792507048
96.62188774091645,146.56379163471877
126.03056815407157,19.975166363038742
183.54119672982756,88.55682808581228
77.71975878226378,14.374291635128657
145.99429360850422,128.5650076237068
37.849767121769155,131.62673278971434
159.22304012495007,39.76888126658719
39.932772243198855,28.660578076248097
135.38518911104748,58.15133729812571
85.23656528733041,105.88105100396356
25.79564756572573,183.74299398211042
29.111437387301002,33.16784325368501
12.375313071756871,26.718861469167646
80.61968506920607,121.18504898267628
73.74299375759273,116.19432838670598
28.981983452718243,61.00789255406495
173.71398113887366,196.59807887270387
92.45682684598498,5.10748086082166
155.8042273037644,142.24115370755658
10.055603386383265,163.58177087316764
62.60345587677862,13.023335389565856
25.151848797707505,5.591874044819653
21.285171571735525,129.89949277541785
181.0661951797449,144.62682531480525
65.86677316044825,192.52408603705555
117.97878769840884,186.67947172884078
183.80766488279957,51.85890387408025
175.96182102358875,63.2648725570039
47.18038893595278,38.17798469282935
135.58916600586608,169.9410199597295
164.5918567194825,166.29852647918145
110.6898411806029,101.094926254375
107.35150380169651,49.63367576034061
83.34898640797502,69.11331133842702
36.45472280810359,18.633907262216788
115.2074970588715,80.29667489084267
191.14883349421544,17.540295322768568
178.37250796353615,65.11886010014447
15.15375565716776,29.57510965063103
14.992663365391081,116.01080002453813
186.78098586846482,25.952255244555506
25.047514722001793,60.32919618754416
37.8269795926245,135.0509598030088
112.15112765834299,153.87707753276408
64.12099443112697,164.5427770608772
76.32792605374439,114.79023732665358
104.09665719750232,183.59739966347377
153.19808688900895,133.48464205525886
112.5260776626458,190.92392815272984
163.7118147878881,66.39214598230846
100.4292325152862,99.63008245745853
49.374300164468494,6.957618327342644
160.96232205226553,21.561536684132797
157.62983224816296,127.24177659062619
194.10699348254752,52.995812073814136
45.29423598073799,165.32423351719007
71.3226136642752,182.03982781243272
120.97709450428673,38.95384750270463
179.82247931097731,77.70324802345766
162.8165857927913,95.31829755950747
69.82211862577438,16.24106498669575
31.04985576752031,53.62534822129713
162.3525827795354,28.783607205940132
148.68051750194718,42.007639956915455
185.09056860489437,188.23157099932038
30.99152808242094,196.29274736286726
7.686073887447282,63.14548168369762
60.250523976752696,12.46768994992973
175.39247819918478,185.80564413160775
16.552213923411514,168.96773292147572
188.50589046467735,99.39215679310952
66.05051615260516,53.7505378771953
91.78475935712636,34.39576130699618
61.33624451043047,56.18735168506297
136.77795037215617,194.49755203222594
104.90308372587113,126.97707745365258
78.40619969104782,184.27517116286046
119.54172893840534,41.3764704854272
26.73703972157296,10.5248917042507
183.542162703971,83.4320911866826
72.34781520306665,20.13339321107112
88.47315052049429,88.11550782370927
98.65197615909386,177.8314123245037
20.15809032485685,65.32153982460507
8.218656823807503,53.819104392090935
141.2416683849187,32.519132344001
50.25923784110003,51.75730364056404
186.78751785820793,178.06746210474458
162.45933425814567,77.96478071735976
53.80146839953352,192.36355631699135
10.047885249806356,164.38713880779028
168.97992417733997,125.81671483648337
153.55101670505996,89.33453661141401
48.61506969546584,82.53398954392054
147.51684703923658,39.925473746338064
37.04071839539943,27.008157462116408
168.69246416266262,122.12584010900741
16.12682904575574,113.87286123261485
43.22808204485172,115.0832993760108
81.34547753342953,113.37675156892253
44.20439904105216,106.2518060634933
63.59609963665129,47.17938510232916
77.75129183842549,116.59024609231379
34.99236406985508,126.08396517713757
69.24870019435362,15.430884179797335
17.454819679866166,172.59261243708744
154.5806955887358,10.278360548179453
113.3008390379343,25.149349339487987
91.3036286018411,42.182263852843775
164.1964287598451,109.06913136427508
81.90840427385336,26.78438242727434
173.1975561234022,162.06179044803065
170.77456942847024,32.66070285276167
23.087765996646585,105.11624094787183
50.158492477233814,33.75443810533357
81.02797016632817,123.59466178204967
104.67170975573892,87.74235197714268
195.31476728211024,8.140424880147354
7.3665835972240306,116.02028590021477
12.717079639094635,157.51368789691264
184.23713843749516,43.52977267169132
45.20160505272147,111.67346130552238
96.22040355958315,5.889022950529896
163.12993180121356,37.97981225777056
167.11975095039145,178.99132543925197
43.42905813290792,43.93873908678613
49.29119383364237,123.17161200862041
59.54830704420843,16.435308742589115
144.20191011151002,182.0327491812418
113.5561294161162,16.738694044694594
44.77044678931394,13.361822444777735
78.23129580277673,143.88109955122408
103.5945488560151,174.8446406304291
84.22384642799385,119.21148560614878
83.96555246531946,129.67248611717366
39.70302972371769,83.54915282628203
121.23931806408646,51.10967842466252
81.39283287596555,136.05593822937738
109.62917345795589,111.78040454329987
5.381872489242041,56.66568884679019
76.37108654577435,50.28729120067477
18.41689535850253,170.83571752940807
136.71637682106396,168.18502372294296
177.61195637916705,169.32765007080712
60.45319474610187,48.89830754189161
82.07998116238267,20.401080263999653
106.22583100094019,131.1695763901315
169.93301029539492,27.07826821481318
159.32935306994574,51.41379261930648
179.51087154164634,97.98945773990606
85.09645091288986,76.51392100330403
38.29760343123834,9.613796438021687
91.94879810856159,21.33734942834931
50.87356717613279,119.95720429407851
90.90204331472326,154.23027861777652
23.03383526075862,62.29898368711801
52.71334911331117,81.15766223236305
40.238550543518066,67.37990315952139
154.98724777604414,67.70945457328692
71.63144970753875,22.981722028665224
87.63043923503838,23.12538522074842
79.8935889714545,14.185377442073516
59.51452880610824,15.183129516174334
38.510892317424904,155.12836577948718
169.62908388131996,119.64463666325479
49.311351492473,107.36897993303829
66.31653717354614,7.159886764970776
175.8373718777923,18.663909345043912
90.2516170909767,23.794789524244003
12.330588819926103,8.426201466334144
72.49578491527338,96.3976892781286
146.1421621316325,59.807241272534554
153.19054608549973,182.68533955442294
32.76603760723457,114.5224350539486
74.82762876647249,12.960009440946415
189.19849618395241,144.14535353979966
39.013287132387205,12.573360033180768
34.83573226355302,181.01823043873986
177.93820873574288,128.6587981787844
76.4401740112024,72.01523679541357
155.80745324896316,66.93135476101985
158.18653197543495,92.13162397195094
163.82470291878164,164.75371791534397
30.83800061313238,87.73747254638941
24.230232552874565,18.41712972606579
16.235198548631967,122.45242825222246
101.15478345475864,83.88280367782671
172.7266381152792,123.57347990692735
42.54047149522446,191.13169585465312
11.706370270155285,163.07069289068073
191.02135552364007,11.635986256251503
187.45657499244942,31.703147574747362
88.62007253305545,176.16760782960188
173.20586330107108,22.714958771025575
40.50729170511663,47.720523679450984
120.97055862433753,183.1632602520832
136.9712775723642,12.193965804075669
49.43489258646807,38.94014268615958
60.9988843602886,39.786029886654426
155.26204751874207,113.01247492166186
187.87782182902842,140.77885836333772
84.61538146254357,50.18196902905607
102.10115231490433,123.89492287106613
82.81367779815723,194.15679513238422
72.89515829012673,29.549583727137083
149.28490224184006,9.443059618783561
91.51786608389541,27.6650506023347
41.65071431226811,42.445923929177994
196.10430207517356,14.606995690815449
101.21328705833433,73.88046884700388
114.41932203245712,77.64467036884524
159.20656213982866,125.15323422678435
111.00512677590059,14.983513381479284
93.36442990320353,16.933752643453168
64.8515654484359,32.365197012021476
14.106928926510582,160.82908074760326
14.19067562933174,185.2429813786334
110.57200949415041,180.81313459716284
14.691092511193986,53.639319616939616
101.56184796323166,153.35856095315407
120.1104423608069,190.13236175372387
167.27729989271495,125.1133824538056
65.49623963896177,152.88128254641714
180.90490352407147,189.05928188216487
141.66989437992905,195.06392798605097
166.01465350683776,20.032962384714125
94.51833372080642,118.03300291750763
173.721741402211,180.43890319086873
80.85320597069841,152.18330387133358
22.635869003045787,30.771916104029405
8.196654885025058,38.19922742922672
35.1701775537248,110.1776987165205
32.79211051916835,13.841918392117547
94.92801687608922,26.06572026473917
142.67849609446603,90.13592065914952
193.14336677483428,183.42979515214682
53.25806486271501,58.280934979143744
145.61626601394119,168.68842326911374
144.86002134104723,37.90822038018692
14.347627163342981,53.5574235014526
180.68826504139423,17.69109883487547
75.26431077360165,52.519636846138305
140.33379578851216,174.99424686756174
118.58518358232503,20.972308892681408
155.8598020246712,51.210846590973816
52.50152775480977,15.151547603713349
19.65579936345619,175.57089310412115
85.9735358507676,50.17072197958887
80.02969586317228,33.90589818855829
164.2218924460269,93.74974166442405
162.5415730834147,85.43480098425204
41.92289608451647,34.67503989229514
100.34665088924922,83.66662466447104
161.1703891784967,42.78719420732472
10.36976134347352,135.8531286430833
30.67640140069851,39.41772424518858
131.56884694043652,174.23122472587096
54.85325548536149,57.28581272309259
185.64977234929475,27.913185103661505
120.62756965647563,6.8752697530466875
152.68559998802252,115.62899483359631
137.01580837478838,64.77812020082101
191.662604873554,11.1175761158419
140.1461225233954,51.07071546391289
66.83702259966608,156.42848275561155
75.06112406311993,192.02842842537265
5.603702129608127,50.95783626072173
146.37612368560204,25.126769980639967
52.24916206805329,152.1257648012726
146.32990908531846,114.66643654049525
160.0819944233819,33.812470782268626
50.679984331232596,48.611184803076654
60.64332740702466,182.75426197575786
91.58690244796279,99.44221418135217
16.012359875130056,85.39439976748415
141.06020376436086,48.10879846014127
13.59300405576249,117.85655055064036
99.92437438522647,122.04997665319709
65.27833967893575,9.008203369480693
89.86852459926904,183.74630165290895
19.786182808082025,185.43624554318734
188.2273127428995,188.956165942794
193.23480292598558,32.948603790994405
119.38995340892903,51.792671740863746
157.0084389552052,67.50193231413824
151.0412827101777,28.517531771608652
89.07636249210208,129.0078015717611
148.96620716793,145.67889045289678
143.35623275358134,112.39523414775914
62.71337476465367,192.676082109075
125.07477948453918,191.99335281656866
23.328984475217432,53.66932571171228
133.01024503240544,187.45338561382925
84.0297130898829,69.8291443884536
39.42615017355463,154.7506645405106
113.31361838294778,15.204297321926884
55.43640888649462,173.4933200417448
17.660262675787404,45.58379448499728
140.66340826731403,50.141288201049875
58.97260777088821,190.59747458730214
73.17451314420533,143.232024933554
81.1368357379157,28.34850674488939
176.6679540258922,120.31105525561931
115.01077661710123,152.49720968262685
81.49413117124061,8.18482687801933
33.31092295746653,58.61080314534066
14.050093421462785,63.0752717601446
115.3067065168617,121.6984786114943
158.01674206763292,144.49626660802122
191.67505961655772,14.653241646636223
145.35495689307743,20.35154165496772
189.32419499229584,131.02141522508768
183.4512789845476,182.11391928439036
190.4463020699104,61.02417555868406
125.65303855854245,43.07677717311694
141.99883694401223,16.891380637592476
104.32529861826279,39.35616493210929
150.40582481568094,129.02904459334417
16.136101907061445,84.54332815231801
98.61107187035263,174.09252973897202
94.29556084876201,115.06821678646199
124.52506718671005,39.6841756369793
23.821300299550163,90.4616094728139
8.881831641731539,163.11651710506652
16.644532565300857,88.05947285910341
35.44796572930819,44.80595389930077
190.0479402288772,19.239479330793884
96.27525550512203,149.5342646267001
66.38982098855158,47.60579712844283
120.41553988405802,18.729083260597104
181.2766918939248,194.5284370759903
48.75319233290077,177.7678284175407
75.27591676686424,152.87406933549238
33.578943014782524,106.97577950411223
39.297488276263564,53.75880773990904
93.39961088947052,84.24050042245878
13.463931896992827,170.1436436267453
27.794809221418696,10.549961838312738
36.52917028563687,195.82976412097827
86.22206677380827,84.29585507828938
10.0,25.0
180.0,180.0