9.344785593144678,178.84261594222357
148.72080918931854,85.33633468437567
170.40728530122664,124.39427250842813
15.69193667959725,57.332232246910415
141.73032903707323,194.6340350790958
160.75092170735874,131.3060534424628
69.63221013938468,26.112443030052482
5.983413757774661,102.81841756972247
170.42915875623575,82.44854321756323
36.90198738256318,74.39371906852035
79.68281651717574,176.5252311103703
137.52796284030185,88.75166047073749
51.80708980234816,117.329133323476
160.52594387149136,120.15356869970545
21.630620300916473,13.426409907306324
11.492542579681263,171.63960317353252
72.99931623185185,35.25466152150204
11.36070636283585,147.72252701135417
194.9697553531876,76.82932094416992
62.53008651927624,140.4522938316283
53.53823000812841,102.80720686911654
194.40533811680803,51.50643328920982
152.81685051893464,26.551107301964375
164.6446066896722,124.67417506794105
6.252039837264587,70.0837903354429
39.0352580111713,120.89095506167418
108.64787705510676,47.92233072830374
97.05469419329688,117.36234684490019
83.15291148421646,14.473505178217856
62.589484563919356,16.027800263426276
99.2564246949551,119.09580753141594
100.02880727763056,192.24714347606036
107.49836496457065,88.74410880821576
42.41007699564737,95.29144179878394
170.01109408913428,103.0806463924287
90.69885236222325,158.13026952506644
7.622685630792905,67.60764241982504
88.79139190622806,103.97187474246167
45.83720187424096,51.00547098091952
36.060124619387565,153.95598780430333
112.12090950425818,145.3773222499153
56.83840612899495,25.16599383688918
86.46705246126139,95.72857502219084
168.60376624981467,6.613779592955025
51.9353189215176,73.3495928586773
186.2474944306567,75.69903872975702
90.47018959487308,39.50579225685243
38.87757542410521,158.6264251817533
106.54429934613238,36.579987863243204
171.18129453691475,45.67414372094329
99.82371893534749,57.45444458103197
56.972623067214045,136.10003141831697
111.80952437124539,178.7385257942551
191.14495132570664,173.60828978133895
81.50601726313987,195.86734582489427
35.3150846280434,110.89873693886393
153.8614110391852,86.89729795215572
97.55256131765957,141.8052587767687
105.15548228165899,21.764322294885122
72.5969525912535,19.914096853439574
9.662282205667871,132.20489921319057
163.67924868125957,57.95933104275803
5.577938934764678,84.76744961932035
195.3939958109196,180.10642707709096
29.38533235695865,26.13866545915015
196.82815805388077,73.02030031783295
172.90384551057375,114.86181818893866
35.38521159763001,56.189993639390885
74.24263666998088,153.46942932820602
46.39754148754477,27.2549389253992
13.27232903514599,97.62453964259241
10.203488498843686,140.69439365103372
106.57522928415571,175.3593001979538
149.6193836538482,122.73139012980724
141.91826923158555,41.056978766017316
7.456434582384922,6.313757093618148
42.19354871985425,84.11292412652456
69.02968591504893,133.77922733022095
57.48868710845599,162.92167876362416
36.52565975094403,6.981646929169033
157.96835815210312,14.41216822366805
6.872384567451,143.67213384188014
176.72936854805207,99.68514854050315
145.51371563536736,116.12616957487263
24.721496109844203,144.54637178827554
108.69940803266533,52.97830429513818
119.09170219971601,76.04420729575601
102.37557556760373,138.60779795865662
155.27644749939103,114.75107714348492
138.5595346240036,32.434341204948836
105.98465799418753,51.304512113398054
45.718819109298515,66.0901902854603
101.2887076817047,31.14311991242287
67.6566961271688,161.75493628494354
45.70087943974284,17.474785006339864
179.36409241545803,183.36632314376112
174.24013262204193,143.09901102824915
140.5079624423142,71.82117118302911
6.441889280050889,61.82754324934885
55.72817405522052,90.79923968821738
5.217637063565048,107.08394308871202
79.78758528212344,43.83446932909013
91.44888166204508,128.59006644866875
115.74731704238775,34.88160860998654
140.4901384086218,188.72124859078434
16.172905494447175,157.5629875365918
108.61891639471958,28.2233813294462
173.8746963237037,61.596049614039316
6.405527441855724,126.74360451124136
157.38284899648818,18.9512783913934
144.98806268229714,109.6646163850846
69.20684280865532,16.705113901823033
24.075050400361164,163.97236865289278
25.102158191211128,99.89470089907337
173.88484880668062,92.36163219499242
44.1774585522646,100.10114611656407
82.38606718373212,11.503748626234549
95.08630722339774,182.43571424636875
50.346405373678934,130.7758069324785
8.99713148398721,68.16866369119982
87.30750451649953,60.78031822218998
30.818464432469238,167.46881837898493
73.4163561087558,134.34623243549981
74.32299940165755,120.03932889188106
192.44035182138535,189.34365371354414
32.00330454186404,96.33648868121199
40.56774590741134,63.29084706466374
9.069764851485285,145.04773593334707
163.32644012197022,37.44816813789622
36.79063364984825,146.8321479940883
128.11186086791562,68.23438975107395
77.52876252717355,162.2012868869826
176.34067458381276,67.72485667961735
140.34149247367446,195.61953083765178
109.79627555773952,35.952481202785556
186.46306500532592,45.43766358549307
70.86520815740857,84.34520657309584
17.83135344890994,97.20061579364163
38.84607564077487,53.376917890661815
65.00996916224551,153.4675304538719
168.72769327348323,182.9494503916246
15.174846678633388,59.231151142444695
148.697533405137,55.140949569354156
182.48015886165638,65.75409653706014
84.9060257776573,110.62575741112393
45.18963548091605,66.88290747878155
193.97740159692663,85.94558331556914
78.04100687213679,111.78428789007248
97.06995448262222,137.15921248159808
124.81907802077168,64.7465180916342
176.36525414515893,95.73783573836536
146.36195262448578,174.0413863189584
137.37824769347097,180.74818109297067
142.57782027681938,45.94462198512929
91.42078047421018,94.34572999703502
178.9512830572176,51.19392658160618
97.8384411467721,174.84370336367596
67.74282271637098,94.12179220529848
103.50372741486319,13.23239876511617
73.87047335970061,168.30315751586554
30.23048861318368,68.4925628531276
81.27073738502854,48.535527738746445
25.8856093488998,179.115488731789
46.23844955889107,57.63365910836858
138.2368152693753,41.962187025665536
188.69120506598455,63.74968339852165
47.29148813623911,33.31532072136157
103.65062514475633,59.89616028633361
170.00990712681042,150.4736351239516
100.63248306893892,86.96775578315624
162.83975701438425,136.9100659393078
138.88618108479616,123.56587863499017
118.16242144246648,178.51369532270468
140.55249865599265,68.60051402693611
72.58997897066853,47.42833034597038
40.22596118365731,23.795246579011266
17.35555977919432,152.72821901162408
195.779849552505,188.01223636085447
141.39020709124586,68.71033357205599
91.70996779021348,163.42306622287984
124.76245613269842,79.78065644891772
127.74639973168209,61.6015443824105
147.95652263889343,107.80516102666402
119.56919665032277,182.24700026576588
56.44821653578807,184.2821502560933
83.608583850065,98.59831044953637
176.8911711475957,36.17531347284969
38.625333933439094,83.41333237079714
177.17818598670888,48.197931795868676
42.20886684975347,187.7991449468244
154.29890202271667,78.083880547035
12.736604351037329,140.954833634031
94.3974028496511,135.17579301858555
156.74669232834668,102.73707469299215
59.64548218278067,72.78053639902774
96.7492377708383,147.25144232110569
10.738794204026451,155.49661179789064
100.1282908949363,45.905246046805225
74.06478861148744,176.5656041399084
86.55543390466303,171.44598451487795
67.48549071834807,154.7193436552439
62.632689790494446,153.3374910342337
20.425169337742048,61.71142037424081
177.36780135983906,17.777369880410497
10.197256355523322,141.21767364388953
94.77194275279106,16.489916075451074
56.38616944208632,38.233503092655575
34.72114670020528,155.00331301995485
7.507959703387002,128.1086641785051
183.54938940544457,56.57655395839448
34.808289624851426,184.43235243841494
100.90978145778634,82.74683229156324
81.08102122304682,8.777982307673778
17.432813311813284,65.06521290451231
141.71573589701774,136.97339737936773
72.63485212931161,69.64750077741944
82.52526039443354,95.06970217902045
121.50293373705469,48.028006329217774
18.522523640351785,30.884835683653407
58.749658002379384,123.62162344845753
103.6490431338867,161.96672352636463
72.14864216297471,111.47623248972342
158.38340894914523,172.99219769290187
89.52542120732123,117.31472534385162
15.556954132874887,24.826889820965974
74.65556141971973,141.06445680580978
126.55040181244642,81.94922385173606
28.60573358566407,90.9664596937941
14.912621207155636,148.31790178441355
79.8754701388663,182.02479324716546
25.406654268472614,57.638724691675606
74.71073543946771,99.54787645117254
79.12808837206983,195.52908670829908
50.94316817459058,23.07611976714543
65.5917420775125,100.66468787904714
161.35629243805982,176.18030960587456
180.32999681522142,70.78481660279664
91.22282140206286,180.6524724045029
159.92898693491534,17.455407048968425
30.244584258482853,193.25154856836795
13.575378840863326,70.00199606395407
30.18484511527036,136.25934461450007
71.20758994061542,104.96646737774479
42.33149758918575,156.95119031281502
102.32042458939625,184.57422534397992
112.17435751323916,66.1348988077464
77.55208252145134,8.987068036167114
100.33048716705935,169.23593903928509
10.508828462868735,152.6098786978649
61.6539467152829,38.75018292384477
26.654331108100777,171.12017478833795
6.951798767528994,120.65681491127886
81.74919140451061,80.85172044670549
65.23991137508537,122.00136980737926
179.03977394301006,10.038581219622207
174.22440543851906,128.8134265512584
99.7742610321674,57.15689730579255
138.70336210503834,59.32574333866189
175.74623679682352,99.04334250348766
48.529899340105985,90.40962882767992
87.5744386141418,108.31061986358601
143.7321451141358,19.60897046257997
170.22760321882495,14.385976711669352
142.62702839713825,47.45557321780879
108.88919210354892,44.83698438253429
194.1928206615203,64.31115204237042
157.08996055620662,24.30704368851359
34.41572671678995,101.60695504801672
84.86058213273537,5.254354422570766
13.539980529139212,123.73599887000371
176.24071669617933,79.81419948601611
168.0777638394149,119.93568096073068
17.3849709085802,25.150268331680813
80.16580401262698,81.58586235819654
99.23241254819355,21.120865606469227
130.36624596954962,60.38191841701646
163.92325102865524,187.60334619569147
196.7798062872749,13.336448851697797
77.45774612789434,175.48950454126881
167.96712342914566,118.07364305363168
192.01672374125857,28.988971556910023
91.38482287934029,37.63049679636817
16.7065489980492,139.94907105482906
82.7006298095387,99.27641503511173
161.91031128195507,71.67222588569483
16.239407148105958,183.5510462445535
149.51107574672443,108.30579301935097
22.00513804588331,53.58262109727789
158.99686656073965,189.91579439605013
54.93696320333427,117.59564244992814
55.425981044333284,22.140189260905952
126.74341660824648,81.14883807552789
56.32477479122336,126.92753790096408
84.1797531270921,156.99371891131725
108.43456729968825,121.16154277248594
39.12264335157257,148.6686431711334
90.52431457771337,149.01972293637547
16.605509508217395,73.81878376923072
60.08199355167995,148.55717774092167
47.99861366255251,181.86515841237193
100.5878273562312,147.95636243330875
46.77849104184993,101.27336073386502
28.877463083496597,71.2403038033468
118.69241732345843,32.27440566900766
65.27931107456881,145.84875411098562
180.27915538748482,188.05051828715906
173.8731714349105,13.93576319817678
127.39841240966912,85.48345837195379
9.308137059655479,90.16274883472185
78.04718409418983,90.8350894035577
172.40094037050912,48.36413711962295
167.8819529242116,79.44474456768282
46.13279839313866,190.54494058581832
156.2527759670592,114.12363555333489
20.714131849616525,135.8671655204388
117.13858112644456,19.510098559623437
68.82715772874901,57.1297872019011
33.50715171370562,59.594637078444514
188.57100731646116,85.43336655195553
158.174380261498,121.20161032571471
77.64596123724795,13.141829115100704
46.55344851051213,130.45162631479232
15.005641989767353,53.94544934855108
85.80704227481884,172.4344206501246
151.40098451778246,145.6075830601339
149.99159837001056,141.64004258829715
60.09101192321869,173.1179647642244
79.73661983199192,124.27364056337863
125.08315503825743,14.528908951801723
161.6554510861219,51.66884999900446
69.10812184209676,81.83357416468596
47.339211576870994,134.84968598542716
101.41757742727837,89.51085720786871
15.863613794532181,85.83743265233943
184.18710574639144,74.48491041510964
176.66726221095288,50.3041152830425
182.28663575451066,43.44578058203471
47.34211376047181,84.13720587170118
179.53783667243354,70.91361542675736
96.52065232971592,7.513555904587591
79.02557867310334,171.84420805450978
122.46104545378981,59.89235639089588
28.209179209543716,147.4133006784165
92.84496714345623,191.08444071071207
111.4689867977857,50.989912945245486
151.52199084544623,14.12000845410542
15.772152364450912,87.97596868582016
177.85407077586046,58.23004867240865
79.25119232732729,125.76218693562299
142.39573812987825,137.17802675616554
144.67003478903897,190.8681561569938
191.93100538111827,24.803293793837586
173.44664840942647,95.61485009924682
112.60122639094898,117.51979703868683
122.49329530019632,74.25026831384501
188.6525931073271,75.54214206238417
158.06661655732216,117.55559433166172
164.56571470646534,52.4864293289011
89.0490463942544,172.64744075328883
150.21297293671898,65.1176613041063
105.97004768439356,134.98587387828144
135.1583492175192,140.90875577855013
104.80764795934562,174.09379721506593
186.80359174515968,32.81969484615057
32.22897658645561,27.97460341138965
85.65396119270218,21.107968288061507
141.0628695802425,76.50722654518074
129.0300705048367,80.31981865432232
82.07247735439165,185.24293396970242
6.351404008071171,52.97146720226954
87.11964130907919,183.36462549517526
7.627243822549596,9.21207101142634
171.24600509441083,114.02982369040382
50.44173733126362,110.64709640494564
168.15534174944918,121.8171524357108
174.8701101184653,9.432846737926775
94.7361475421827,146.0248020765235
182.96545351388514,40.91941261678287
168.45893917737973,29.069066841232075
63.67543689517912,120.46120126139614
5.208096338854746,121.44212319407879
166.71828717757106,124.69531017194825
31.827825707976157,194.67299348231484
90.89891853043218,97.48350174623269
114.81932924395136,43.05164386671836
96.09146004530622,104.28753592872522
186.5498500260775,5.130950287863271
136.531195409656,41.41390299243603
93.91401231354584,65.22110878479687
41.05093123569269,124.01744013409757
104.86396284295697,171.82874578730153
106.51255872898376,108.00205511515911
112.89778546460475,12.660161702014959
112.8268088870416,133.46714160924236
45.67016050206653,104.14957220227049
79.54796922756307,45.5157798174324
107.05905360277218,59.98445495974509
133.94962576403177,55.560163918901736
65.6752224086863,18.267018077063963
86.079580958539,78.93024704687618
52.79423217234605,127.51708604736572
160.39047016683932,190.7772700011583
5.280795098692442,158.36388495369314
150.4211178528469,98.94503738140608
172.5669111725781,45.89524245496601
78.12532700010132,89.54606935883493
64.33221199705268,182.28425791960672
105.79052315015348,88.8865177419307
103.27898761226713,191.2955656912014
24.68640019061309,118.60657938398178
30.677012690091523,96.70508765745595
84.26102504401905,66.96342945475392
120.5881866856446,21.070771178045295
72.81221219253396,162.20839009124856
72.61670309309473,90.783599644447
47.81391051396025,81.53818081476237
56.678279861277055,31.45363489897802
98.87027043295194,137.1247091491937
122.64259482294212,173.6461773799289
111.82104571298203,108.07991265223666
103.51460032072973,86.06072049206395
133.93558211131287,21.04651185373565
63.4917528778922,33.52495557871501
96.15445857177917,90.10663351906038
10.304562329626012,82.71686279582683
182.63053428597442,25.621250813371717
60.86768990713175,88.15080160332691
51.93317822681471,185.6634435509861
32.583485792077525,71.84640735632556
75.14258918971075,109.22558758263499
65.26089277405593,130.76580646497024
76.84493531728872,36.50627867646851
69.03523649856993,167.70475477759507
179.49885477313327,191.55317455595943
59.143788679129415,102.48175146869238
24.367653159183337,22.164577327318877
111.2700752288341,184.26790865448123
104.51637148419944,127.46076696703048
38.13852677575575,32.05104020691884
170.27214645318813,183.28598688289966
168.74817557723472,21.988389750532196
35.645296103441204,95.09875105935852
78.77592830248635,49.58871939795516
114.95643148554387,17.230313292120375
87.22828589483554,110.84643867167536
8.899015349150543,116.7959236389201
161.49951825713555,114.64234384335003
147.151163564134,20.01523726546026
69.22510418600304,37.01851915498938
119.19669498073051,25.27817247498308
120.20780158333507,22.396905866740777
45.84679532198536,143.04918910833234
62.21068009040103,85.12329460780394
110.37474679767283,145.50012257127653
43.22175922546108,10.150108307473099
137.07136674940168,136.464110590955
156.89088857651936,122.76660959810437
112.14747452542817,107.81761351046684
72.35790490576706,29.854208764750428
101.74900894402776,166.34165221849912
108.5907722838834,160.79359115950217
88.943912322292,7.322997666882287
52.01094141817279,33.48597224715436
39.86362171031035,159.5727436858947
57.740557351343426,141.82505919933232
66.1495618812181,164.29627303149573
161.70739125216613,37.27847211937815
81.20942007230826,26.10552175327952
10.30229272097854,182.8640666601995
74.6303677724958,13.984007775109115
90.36538397150782,138.82756574055648
15.193914287024306,9.397691716624447
136.89305724291725,110.57857511061607
177.74418344368814,182.1358059703483
74.74196662802153,101.23449032086133
61.181237114297915,89.80592092408814
192.03145384693187,50.98803202751541
166.8607228803938,152.03675154942778
32.46642078996148,180.8078906364861
144.18140249875157,113.58492828521585
90.03813688110078,110.08706089701035
77.41886972763147,55.924652281270966
177.31375313621942,173.0048551090404
87.82901345118597,170.98806870414967
7.64446941636547,101.85593099138487
61.93678135610379,120.92931051810866
162.22874167475553,108.73164966530288
94.3017108872263,71.92228184649005
172.44821413087934,145.98964163613942
115.40621382180403,17.961754729843666
23.933661322564337,168.43056990847072
29.545758879062323,122.33873983778679
69.73298260433305,10.368285290314205
11.017872617524503,189.269610876679
157.588555575401,5.800231789863286
108.50617881136476,115.9391397135452
141.5695150459049,26.258803143587418
45.573602971257586,127.9400345456837
32.53694009716173,87.66788507346942
79.8930089254483,99.37087680336501
49.09094140790575,175.02744605301905
40.58667089094346,104.89334623415303
18.450444386765543,10.472552964197703
49.371419272700564,58.27735987044678
73.72526969131923,100.00933935096181
40.29638089066228,87.74467142147512
70.16423970568742,31.44402664133868
80.27693808195319,6.182311836666939
62.69139066504426,159.10905608430528
116.95975374075317,67.13444753573363
129.9844425313239,11.105998711197786
85.73927254542316,150.8082248054103
98.47030757729694,100.41770120398152
154.9157904126927,181.60542869138743
35.75606510110576,164.96555892571422
152.25576729159087,25.168473955928576
176.70656019820453,91.78110044561302
60.81134726785064,141.78528449318486
193.69441761173377,69.4270853806544
82.03395425627346,102.10687596229228
165.62558761165224,126.3270667214506
20.279437071799716,7.428905574982629
76.76962978084067,44.50100507216638
44.602719974475185,174.40880372404752
87.68893834206155,23.99446439231935
61.384849621141086,11.61135068146963
109.91710386561624,172.43857907058944
140.93644457488776,58.88823144315849
9.05340737715473,74.37419743656082
32.257804491087626,131.5974743793917
30.743728883965197,97.78413386200204
48.16142775480605,183.75695507067658
33.714060377340395,95.86879774970758
169.2939835559102,105.87978871382512
33.468522823815285,178.9285688137695
185.1479931165193,196.89795045768864
122.69353723521246,69.27740864767874
128.8163994935645,63.099849531920796
181.16936442670132,5.217948393516873
132.51012657875887,58.272413305134066
15.226191649847397,87.71219881310806
102.93614578462164,164.43021044662234
42.295094531147775,162.66284263448983
83.4372014787278,74.07053650348684
54.729737091104504,138.6936705312719
21.999818473632207,42.80223056486457
96.1482718364517,81.890794021793
165.97217882366695,141.67928373735884
15.775470844021104,60.36627969608095
108.54651460446044,128.01284452264647
63.94696469252881,129.30879573248654
76.63914870914182,128.87028498216955
157.99330249582138,113.28402310464296
123.82696562670064,24.55611976592173
173.85275761498485,9.389734237651469
29.403570973028444,130.90133304332718
81.44134216583134,57.346533849371035
88.81848834811383,140.48982756683827
163.0103593433769,25.581694954343778
38.16664168466306,66.0191182463649
153.40548279976719,25.921437361196077
60.077752800231636,147.4562206585689
88.89209363309335,182.71152218385035
19.379730153475997,167.30421294207304
36.96531913792701,149.65810128846633
148.253979047506,104.881453940961
123.12343609131004,20.3435376324357
159.05561531516304,58.4112648971459
81.29339593730212,170.9664955632741
31.92508364761681,69.85493231815012
190.50066584206164,185.6646792315243
71.84389951194002,61.23219030298418
59.730294160705625,147.90277855710136
151.9704655780995,132.27993717241438
8.550132549907236,114.95964909413658
150.88645739999592,48.01925058892001
114.7177832336537,59.162400009438244
19.148236433769608,144.74287694051188
79.92619622377593,64.92839379405277
76.22739976654944,181.21044039029286
95.24256648422815,36.8963055805223
86.83545147949712,65.82077315811442
85.52070606472428,100.178929610927
87.4379193815732,14.591940345365998
175.62565598437834,17.61741390406319
173.2630055919714,29.8740022859859
135.82059161321507,186.21141280704916
106.7712153987481,121.6824833144111
135.3804716357351,22.437755887503897
77.758196577894,182.55250436935967
193.85593879303028,34.222167126880414
153.05731878441867,148.38078950503134
35.219365716808085,72.17908463058014
112.28569380593335,132.85615903916408
43.507247147182554,135.385018729942
72.12169761655178,51.16610241601441
93.81259355210328,6.201123679464623
19.95497579643791,167.086432441794
42.3186773474452,120.93215858384126
101.94080369769935,140.58380648087834
27.699551922051562,72.36239165518278
29.98741433123672,138.95544733725094
78.72500098814443,97.56173855343815
74.12569042542171,186.3693715595363
77.48589962096769,181.5715157103994
35.42291327455631,127.08297288499024
47.420470298294454,131.3054565172196
152.1132996599132,78.8336539255182
152.50496770423828,183.2742003845361
28.71354019722029,194.3232253226474
193.69363833375624,54.18736943341765
80.71428251206257,7.378113173018493
105.20425790419428,67.44518174644864
66.3036296254884,47.34708750300573
30.470557896183053,32.70920866729158
9.843095560787665,138.90775251889104
168.49395325256037,45.229755308587414
181.06776201174804,66.4776975530768
143.76262376140937,25.28294463121871
83.92492065743086,147.78500192635244
42.7782885456406,45.91874783489571
14.557026890544492,68.59905539253748
74.5198925502743,155.5476380759811
109.01478665258493,142.02369490075534
96.33096709087316,64.13909211276199
98.99692344625207,26.166881754481718
127.03223929556557,27.57314582540335
26.736268211226978,14.450739780637706
123.20552434474061,81.22018105910766
165.0868342682817,22.732992275287973
165.6316582866817,73.31956739804254
52.54757668241137,122.87933410497182
174.83189095788902,179.74029928357777
152.14897500764954,6.320655912794131
59.412978589650315,93.57404197119217
112.50743691113925,175.01516128954808
99.53705835129101,64.56074133197599
94.08494547278744,131.904816290796
157.17665554131906,70.4775773224095
5.826044678420262,52.6271787984581
157.09988758729173,183.28165978241134
125.10277651821735,190.42378091451786
194.193805594137,64.75534285434692
67.84182852535665,48.33768540152206
97.32135089561869,180.50039962065597
57.0253055249359,5.702352835418183
58.933539810815894,86.67124985192235
54.36428679732237,136.70923273892072
21.149532281554787,184.6800218753282
20.788584005085696,169.46195619124757
43.90663192029569,135.78561737826055
150.47491537813934,15.94561935164284
118.84260491122903,176.11314169020255
55.26858843814171,44.099506308390346
57.32973035315255,123.54270147970378
176.31979685145964,52.151235380012714
175.24525790116184,83.37268964986512
138.7432059242198,44.08141168645059
61.98956004909603,50.03023841237951
18.312877300339448,133.29410835910707
128.07604122500786,87.6898733815998
100.68943074599584,76.87502732403686
96.38812875340173,149.0068352983569
168.29155170587242,147.98780422418457
179.00362047667798,9.773019346132717
161.44784303221553,67.02819186528309
125.67948819859731,81.14276615585472
146.68333806231885,126.44403091370694
61.59246669950171,93.24194432180052
85.95214513373604,106.78288796652377
70.7247396389985,118.60765154485799
40.87946810043554,132.64368112369093
176.13615048728835,16.24248133949433
39.894561396016485,64.33276212307895
49.74720161549534,103.54567997943666
116.81518995033937,49.952396860768914
172.58993997383925,128.91897894855825
63.01423162982275,158.0335178417393
41.26386943252654,24.04653933436511
47.20428303839938,47.14750082838796
68.15276838673272,171.15026383815464
147.80764403134253,177.67105079544865
89.80157560043408,14.838460143579962
106.50055808621501,127.52073811284359
82.66217005045416,45.748598409349455
56.984503025018896,134.6393962723826
107.17992376595039,15.966148897626365
76.93125091094875,119.43847781131575
10.827734649382457,145.67710449668058
85.27481186101424,77.53112825431178
100.21842835015487,96.8259635109984
139.01843328107407,80.5011599408388
185.19431939668797,31.146594490548736
49.179062743375574,191.75964805079778
107.26243904361932,79.1451695899108
112.18590976006793,88.53133112394372
36.452541378071025,13.783671020716417
17.81719441074873,150.8605177739514
42.31328918228662,25.94973114072426
142.03591616527507,25.35096988065121
32.84103013160414,93.29826626122728
21.83693508747602,108.4029718570492
61.13865683877549,116.41317127217509
110.0739846996941,162.82496199112165
21.52844531569119,194.05889735695837
62.85209404020477,93.68069039483555
164.57284369692098,95.66155607362631
65.5805434245883,196.64934451968494
45.91969463044344,120.94192658201223
42.327654001324454,40.07163945914771
22.448135338132683,6.946057704300648
171.55152098034122,102.9256708464787
112.36342548897414,13.128505794200963
47.88623503113989,130.85657327878394
18.6862251634403,48.80741694257305
42.00941312351494,85.15979432963648
17.204066141465308,149.00099742516673
59.774333848586984,195.67760917292168
75.32261250994858,153.2808646892138
92.83314805778673,167.4202470077837
115.5987812116282,18.120472987827455
78.42748684093065,176.95995761632287
44.2456634788314,29.02201722569249
47.3949659930802,43.74145012413746
149.9254019741378,64.80855127464115
102.42576306686612,135.91219224949577
139.16734070880838,85.33685933349442
22.197337202322473,110.27387547852081
104.74947411071491,25.54939493689464
31.40798088640626,22.65091486772759
135.89227742381635,82.15408342385798
51.201901958670675,57.34063840705091
175.66133442299653,128.56256837469147
110.56064039364418,35.639881309213344
166.55978721175546,192.942469840985
27.15923607546918,71.75419584587219
72.39816963071569,127.10049494341287
161.58577719400256,111.5915781752955
28.136355294954658,15.559973314439208
52.08518116870555,94.40214368537586
32.604143201417,113.3347088458843
61.067782073163315,99.03342717034428
184.20615561665886,13.674769540654777
168.40062538978015,57.718355948542545
95.81227547164691,83.78090691487735
58.297638224289436,166.959462797044
7.944567566657021,38.70580817518047
122.03460310507934,43.09313250297876
196.30717783459917,46.67685147396535
104.70424429078538,15.63311335604196
45.47392838479384,46.24537720347224
104.15888988703175,41.61374450024568
133.0618595769374,49.7058643448875
43.285903272384296,26.451643991513343
150.79463930116557,121.37226118265339
106.69617442725612,180.34401885210787
101.47599569896795,117.38998252003807
133.98770278542722,119.70915137545272
61.660471015436535,33.27187883997597
142.78123155682184,52.35427227086681
30.06471936309247,34.63242436127268
35.643225826250216,132.26163829657173
71.52785200583224,111.03271398509291
32.74440559386687,80.62545937670387
141.42326270039334,189.01772733818214
119.29563305812783,44.96632620679557
103.54669986450261,34.38187031464214
96.72827270672217,130.91879404441957
145.70770705159657,186.77713273343582
50.82719800734221,161.99905181238645
150.32529568676227,135.79160050187753
166.71672633499085,10.812426965314193
65.50424032594172,42.04758522909329
165.83675728719874,87.71964315677452
168.8545399410249,114.83010649820335
178.67358246088082,81.80026875037143
178.55249156595923,30.96643215687988
68.47413038921648,155.67680916906966
110.7965677992015,95.38239243325268
60.454056713953634,131.58999653493115
69.53622846762202,155.85295100135048
67.2978468444632,101.81029902156043
168.52934854184448,190.39220831967197
149.66249743414667,135.76844215177212
106.36479400416351,80.05548620307519
167.14175224881234,67.9183576536318
95.85153798016965,43.18515607051295
27.94591157114102,156.88002208201502
56.65321066564667,182.58474080122124
83.87725974788515,32.60204796129757
120.11532160915021,25.24592587837211
188.48137950495368,22.824140681206373
88.06245889544526,146.5938978818407
150.38776836026608,76.756816880138
41.3711007507892,49.666352806206646
131.11855019283655,50.97935066765411
15.032092736145614,133.0447840372825
75.698567612354,181.26671385326833
153.51527120967813,97.41861365086169
138.7181104113743,143.73313700009132
76.65096005493758,105.64789817428428
25.939433203866837,171.7510563178074
13.966630599784805,149.88891615506446
92.57386270405266,50.61440858080428
181.7801042612761,73.8849085277048
50.749258262461154,133.6103124874195
187.96380936446337,174.35373755666765
161.14161512117704,19.032547340631687
173.3723713683454,5.789528683410683
21.272962833867147,160.74491196105717
78.94629528961485,150.8861511109515
30.55248660264992,180.13425288706839
69.2275405026038,137.4589212266106
89.70489792292918,139.22756220611748
58.07594486552679,55.522827238355426
165.47740984381088,149.54558333798272
145.75646032133614,62.39294429349834
44.56587470551823,105.02883059569969
99.57120695298819,103.95519495460383
103.30365583751343,79.33823900138465
128.68504371213788,181.9831242812054
88.05420593363772,63.87176024093764
12.757664779463173,160.0998671175414
22.010069781832478,36.65033230125921
109.83488457707423,134.40864610698907
62.747294274826025,120.9672109471691
170.3172205244513,78.20994454564669
23.905831403413764,65.33874117290136
7.688988888050482,104.76714532998537
53.49363373493208,5.335339426886709
150.71664646890002,102.69367482116547
29.113514823852643,131.29274106465456
36.83192045617694,49.96675643599166
128.79356394274038,25.295011155116217
125.57323614663171,29.74873638427012
176.35525936981753,37.744430617548076
90.45153095837179,134.6913764363391
38.076542372966436,92.82898314226912
30.61442393785623,118.8594727878436
55.57139037282698,43.36712699003421
54.295102635551004,13.907308501007773
80.92153287070614,6.203589262642923
95.12032003284916,35.69128170283877
14.00179014583734,70.33170111674244
175.47370671200596,189.6445000970993
22.772919173552562,162.31016796592547
50.95596759271012,32.90919656104444
166.8126678637916,14.872998507702048
162.8860070151455,43.06218943853255
86.6613840058522,129.99362887800015
118.64771574063455,59.015784135847895
21.803799063448693,139.0504890893963
36.8159843408057,129.65107847181866
191.57156859498946,53.58490876165256
117.54896029012566,190.54468081352533
78.70619999856193,135.34188364402314
38.42725316146207,54.190657446078696
179.19620173092008,57.77234050557464
108.29212307168179,11.18592089906
173.28319568698532,178.0550258713485
61.15092273413339,64.06071890613461
166.8595431980968,9.161666100060884
67.11265267153462,52.50372460825175
105.54814434750881,121.12245248240781
57.991202709144616,147.1425091734515
188.53217879165015,39.26411640067787
44.844643188199235,130.37905992519273
51.76475901138968,182.9926320246748
5.986968260525323,73.25422749738479
11.151659756019189,80.64009152493631
122.30223528390584,195.82379490129364
77.8041551063336,130.13103199209297
23.56267938293043,68.21027623839815
81.58710702910803,56.6247014516914
155.08129735088443,97.33046881640202
49.89609934478153,97.71973178616975
25.49594885723189,115.81909363353144
49.02787332520887,117.84084240587111
172.07466721344232,99.0188438886073
58.63766833169175,65.79543274137173
85.94324721726082,153.20785687453974
16.212412547209876,21.982863605146413
88.31019557128079,142.64471171492747
22.775905322357,192.8564435873178
38.28156162030996,58.72600025407215
25.805686516510505,122.15285144267456
5.152752623494769,175.38379204193652
36.66741830747353,175.7303167268102
55.670140309415494,34.35898870822005
123.641483487388,69.66281846178182
188.83319943432775,187.46431556561367
165.89070906373766,125.26875819278227
87.3929476153029,169.06511354815643
133.60049798010027,7.288148658823774
45.300378138893144,111.86552279191034
188.10442426183752,51.23561366436095
100.67330491933402,91.66550249642178
161.50029423746054,181.26310171885996
123.81437409638062,77.2117768602508
11.663269338715283,149.52764997119044
49.23026411196741,166.29054220427423
8.86557327528874,186.09110789936682
81.78315120317733,51.958586087616574
35.1966163300696,76.73319310803899
88.26766343685985,144.59832701056808
156.10747503885713,36.79715166644943
71.50874491614236,140.5615769310462
66.21745340925975,191.10848063090629
165.68688441344483,195.13747032788626
111.3399157038375,125.21535839755546
91.55133656757316,167.36820615317714
157.07355521785638,129.83015997917414
75.54104721120707,73.49126516543915
139.4674762133229,64.04314684069303
158.2626534618815,123.80786058060555
175.9778190311573,143.68794099778194
140.6841270013937,82.7724667730037
179.01792074700816,183.74230924872091
31.07242974114925,95.85188232983612
163.52760802745266,25.974789382682726
138.06908110771283,189.95171425638105
54.06988826815439,102.31312449670561
119.98679967151877,80.00406825257816
164.02065538355103,34.539213590729226
8.556634111713109,107.30367501833305
53.850725013908466,145.40626852166815
89.40891570191752,45.46368304753666
102.36098552450375,123.08912836788929
84.61151870626934,147.3475315554626
137.94038716226373,31.95104943732008
105.44755401311872,70.30666664032555
14.32185003474791,150.6526436043912
74.8572072982265,49.71624014327079
178.87431519740832,12.347071889464194
115.85863879537578,185.79197101759982
168.28705320631548,189.93209120802806
128.09684537365703,62.52728410542951
189.8165343142439,195.80237395264308
110.27417080026862,21.68244913214224
43.136777543954516,193.74094525077624
130.27011766275376,9.416507077711897
124.61849206336906,34.44809893749394
78.75795458061306,40.95034985351172
43.80356967886753,36.04468657286681
103.82404849980271,170.70243240205093
49.397230412691464,64.23203331808513
31.837274647513013,105.52963442547849
134.60951205277598,15.812762316840574
104.84627006118129,192.17940197315636
152.21600296104378,117.36376522519454
107.99158239373583,21.815093099113863
27.231642110358138,141.179904533561
95.62820716556335,126.76424447325701
129.3353988206006,37.11472843113987
135.19225134468817,107.38491357715837
173.55626860416012,44.54289257328296
144.64722163338095,14.258876512107916
6.14665763253764,106.54376058767782
78.80849814367086,165.89975862067004
163.99827823809184,191.73277755662193
84.81130380026534,102.47448164384251
168.10720320938006,194.41455218457037
93.9595498184199,26.94284831765111
55.48442307461744,43.689660323308765
160.67320943943986,96.5270482192869
107.87433850049119,26.79455467064942
149.77870530413236,184.60070215431352
53.564442460876826,52.1697783064756
38.546734569414305,106.27346891960634
153.876541887391,50.156170329681814
81.06500321500052,46.29738721261709
65.9929777533017,24.085521647499096
166.36835122384318,90.39229424547764
123.70194185034416,52.95207666373349
130.59428121375424,77.69342167936247
9.204658075168789,130.27330638392786
169.61695821654033,111.74003236823714
19.11313227037832,176.08625096021333
193.3869734149383,179.14044747493395
14.730964661541188,130.60156679323993
48.709237237845095,90.42540409868968
154.5118895102313,14.91829018329276
132.64690360296274,52.190193230742416
66.99426953347633,37.65669571670689
112.98443973675825,54.504595234643084
65.18436313497085,44.941807191724294
34.215988021045106,118.79756643525859
112.95387773145953,172.50045020966604
108.33570313839807,16.312014002709102
50.628790725737645,116.37460779635347
87.08559153782998,38.70084206273991
124.90334652101033,55.233729056275955
25.747909400343552,126.79261608802327
110.78383552671848,192.7045486346592
31.334907798946386,125.51179414415513
147.09687428139597,140.07471846931918
152.62897299441374,127.70764503301805
139.56623207119972,122.62237797638166
146.59608030088384,143.85372708828322
89.7324972544552,101.52365295387176
20.250790684080116,17.417441493264473
108.73424329632333,123.5809423182361
51.330461361344106,80.51459777568017
111.11851283795674,55.428294138846034
133.4955718297679,63.57152450020254
63.90535360313329,79.654287226782
194.7836775292073,24.524099113797856
101.3652685081538,125.78531999351057
157.40103750368897,32.1844895271009
27.73587785908512,180.6037052729143
138.63324291685066,134.67833217264763
10.825656687565736,35.88636229594495
67.54375333497264,126.8958502001476
25.907335857553697,147.8191694487269
69.3127679640793,165.85610254095835
41.52344116046341,56.12763968210139
14.15040293832703,86.86286270428238
50.744389540942066,35.64453810561511
48.82966317569151,139.95469027874208
183.86348835401077,41.0392451213834
19.44276656780173,94.13109688399386
135.36708478487222,125.08592654394135
145.12491043643865,125.8485107862374
24.084367675452903,147.47632589247218
106.74052485592314,149.80156820662938
190.23190430843735,49.797608295012594
79.84236267317448,196.10299594906655
95.46105703969572,103.03351366763775
158.65590120769423,19.894585911912344
135.2037055795443,102.11967975758452
111.22076973861174,108.87002983101671
88.58625541126058,104.80099954465327
82.11232591716109,95.72119559437098
82.64174701574557,182.50688029043422
187.33108742172627,26.87650407972155
155.30587125028018,111.38577015997963
92.50148231997275,75.9526153041508
17.224198347713457,79.49747202878862
76.86718192276297,168.812744094159
56.41459848374955,52.55681324888719
180.27782269155898,50.99699135040247
75.60238928779204,96.16804737568735
11.683649703243258,79.56559679549643
88.43770302388315,16.5485911674103
190.82149848771436,46.92828129976594
154.07418224331903,42.881054326785375
168.58979987207442,136.6427603415635
86.69658412024651,73.55870980759448
47.9312983808964,164.59733594703883
10.921833529152176,16.954476745881074
127.56244455817601,64.53952315507787
100.2006145601908,142.10510167393974
68.92854518927811,22.126763196395572
68.48603349065928,151.92856222579715
158.74741518871272,79.0198962560896
130.18095523786542,68.43701649744371
22.08957958600621,124.95481331152659
40.50408040064476,146.9740931650902
16.3273644404123,130.58909564418562
183.80914897416687,71.13692660717491
90.93157071208896,87.61727509635345
77.46991072019865,159.93435268290057
168.08531083869516,63.79838472138333
143.86861060545786,24.626336931903328
146.80015445250396,6.88717578126697
68.92408413042874,23.983633355855407
86.88113561591258,128.20317174304327
120.341406596338,19.389552378270604
179.80274117792837,184.44626902103016
93.03945365623709,42.58800144157103
22.81269039901123,99.79792575404772
114.8042750052787,49.508691388212256
190.6980439174265,34.522490602470484
38.427445816805594,120.15972891734495
19.215364316247307,127.29514068025037
73.50585943781236,66.04727259300941
99.03164885543674,28.478036865069704
81.4351060007903,125.25436760574698
70.74052697381542,45.3929980662655
22.868169134523054,117.20785138591322
98.38182219726359,147.17813670828937
111.08084593189447,132.10001391180035
47.91512198072317,154.3920721290996
87.6689978801501,45.7445394741551
5.054289136117798,191.6970881037396
86.16692928351122,79.13761304142928
59.24829050019847,78.28871227880622
104.71979126194779,143.70982704771538
124.94637139027719,180.76955888198663
105.85602763551493,65.6212815500594
40.48216886616787,115.59564793311448
27.749917644388546,61.013186029593015
68.28456619468206,186.19330770546338
107.78029525754603,152.31403438500791
38.14225289321125,95.46275201137735
76.4660572828981,47.55515487465705
100.70007917009818,47.4276699933101
49.23062019397425,61.61218684739733
80.49998992716603,179.9481842303234
97.99738691924156,130.4933624252809
105.87880476284502,37.220417882168306
87.97441224922876,191.03156415238684
42.80143248907475,161.62507686813476
149.79528899176375,186.5473794137204
29.919283868950195,90.50830065903861
44.94315244153455,95.79946941007108
76.31434164584782,43.21098055049213
19.05299689752328,182.27878862250475
50.81697948240104,100.19484492138191
148.80848404376925,11.636799955010861
13.058839173591906,84.65865105310137
116.33157245516666,81.42743494288706
84.59362944821416,53.45054913950814
87.28602790010643,80.50432151670047
157.69086304341076,19.805496361790464
52.665260645206835,65.84109926130817
107.79074088462056,7.8842085411427245
9.73778715817595,70.57387730885019
108.56039642796716,166.6305758658669
68.58388150821602,95.27572636404007
73.58369103473814,106.80455073734203
128.9877694486862,44.39562761129525
153.92484814377863,113.16896208437598
74.74212721810858,14.936869167003278
150.9911384526528,53.283272607718224
144.779623630465,149.2957734524141
81.29036828743476,15.874254914063133
9.497410876793046,63.34427666620687
69.16682752348346,130.81417634697246
46.94276127796323,47.26751675284576
145.77460361432918,122.30041424865144
148.08344287826415,101.7858654832555
184.57177109563787,39.7760221430745
148.18714722123056,49.131092095665686
169.36189049818745,111.751664929823
51.68476799224339,179.60338478088437
27.155191417361284,26.375083937368842
15.130748754114778,117.77176832752414
166.36513586058635,184.96350422880366
115.89523368993395,53.723992124533034
26.005862130649223,126.51128616032221
104.04190484613335,110.9226528860684
168.28264899544834,7.926466994334003
133.47527877355242,78.16934463151821
72.89103759649831,168.18240959114596
178.19176077477164,17.349587001269207
170.10256831185546,29.876742467961108
71.00243924787844,145.69615367881758
89.84137993429495,52.32094724926353
100.80265667615572,188.36645443984062
160.42940169703047,96.26616758642889
120.98123750230891,25.088493016674082
153.09795337979557,8.01903393436836
150.7387837901856,62.722439063626595
139.97843990042915,7.532352210305078
36.049439890813865,117.64360280664614
53.47201018589543,64.70582849055963
112.38099403150376,154.1410203961396
159.92233838757122,106.783177075555
45.58147082023583,137.73457421130195
50.44817104877274,102.47622954692783
40.23698894987245,92.86312033112328
44.96135223906736,131.9094274630204
109.22852841481127,164.8433469321991
117.0486456670336,69.50272501824864
106.08439912903255,80.3176436701472
170.45079623527752,134.01993165706224
66.76443569045773,125.99338934057668
47.94021277583994,163.48740204606722
106.172062461792,144.27325938117514
71.57954717238368,146.98366360970266
61.139764657687024,17.322490594580195
111.36656422613822,171.17139884173957
82.94875842520544,149.66648093091283
165.2431168920787,20.830545260010435
81.64139641542788,181.23979010136688
106.76727082871449,19.935013207239052
120.17205193767049,177.30131027033994
98.95311726201531,16.566120116840548
72.71352020300888,119.88123203810092
157.7750605836056,34.75622465160373
74.05594367521867,55.219854498966704
176.6191102829159,60.29509947613572
135.44901192634114,145.09070635403484
114.54940039927806,71.07190519317506
44.019083478755505,132.42421837004517
149.79446367658522,85.71285321668816
62.66414743647389,50.18767943230892
94.09178837194999,135.3771350056476
170.84767369267203,90.84067199078062
125.43345808384909,188.95867080855646
105.22509397065285,95.31919292154598
55.70614092333849,66.16201842065367
90.41983886975463,175.84352436603376
9.340074823545192,26.353419695266293
90.03558796519303,85.0589693641325
65.18304273915224,113.27967392006238
78.00159376708025,153.16166758766073
58.02428358147722,154.739556543179
134.1696226861447,118.40716806208532
99.37873905394086,190.5544604332837
127.9999948282822,12.398985379370366
60.77115001498261,151.46644967441372
55.51388853944211,168.23972550679596
171.37233392883726,110.496408599263
186.26603905667267,177.18608612071077
98.16441227844292,89.2397700176021
31.972922311900675,39.30527577537804
192.3979106512168,38.02917442599584
53.27115256569697,95.4957219733672
171.813187841332,17.531935949253196
183.02128636476255,60.584864989976076
48.075026974041876,138.3875684248609
147.2223110355169,44.58170090499941
40.853133012733466,143.794397165839
180.84880443297052,75.64439556425218
70.58723054379912,169.38326099111742
112.0917135973038,175.7990716443943
146.98850993809666,82.77499470790858
97.42181369770543,172.78875950523812
29.63423942511357,183.5566359603705
28.059823685404922,62.081766146612054
133.96360066359964,75.63366786091694
153.62834902257677,19.368003137130515
99.14912631100214,117.80347527382982
109.5912869270217,15.161498957531357
10.556699234496705,93.1191446477205
182.0966305041777,189.43166647737752
70.5168832936416,126.04825598906834
183.9183809629094,195.01831211390328
20.203509842740722,52.693782974559745
158.74630888614294,90.70520541188677
101.19554156854889,26.23930688113015
30.479210146787473,146.33475659808383
122.50169196679725,188.78050063041417
144.50728202150287,86.39144783814007
95.8692845852462,35.763939597069815
178.10004332768992,64.45669474075208
64.06568123753077,137.69340798571662
116.39798268081529,82.63319254023072
138.14327419205793,184.5520338458064
167.7047360312912,34.94835535491394
6.971831746009584,18.701403776969276
13.206713989547044,183.1922230717797
98.62605476436936,79.48123365698812
44.096795813407766,175.05006368087115
80.88006133540367,131.01734364156823
165.0127906019874,94.44436504870029
151.78250111587968,25.92813827191464
7.163173399783455,70.20044759993037
97.91538165860129,186.11879321247983
98.25887753430486,157.14346320821497
156.42054435376295,48.61686309107622
113.75459420113651,58.03048455272006
173.71830081195125,144.5637050970328
38.09211643174181,180.41672882786474
76.86744678648553,72.63506840398475
125.51055248726593,192.1102714210124
108.03083159032096,175.8497921021514
43.94484178196294,48.62054498051435
62.583851399957325,180.40870173980562
128.02657445595284,176.65166788257423
77.4244729979357,142.94850434222172
23.02691370327397,70.77146077070678
53.56093887330337,39.45750275110571
142.76660119297765,119.71118623165607
36.452224417773735,61.86476871716755
91.0542999793366,110.58214549751351
175.81805070139038,135.87350482732575
21.509121596082434,130.09149059542247
158.77556862618954,133.24162605311335
33.73112289458516,13.91839512558771
112.66868269570347,143.439711785892
32.2447880310098,42.05988879309614
178.21664980442316,31.057208363566144
166.96318015831636,128.96847729323937
34.82265472807774,79.95276218222043
78.95790823081619,165.12185919189722
156.8036205131978,186.3358740466145
8.02209260647661,57.45245988846705
170.35571839401322,5.197928066537316
7.054953186785648,22.58171341650543
8.89528803538796,33.836789137069864
58.14593137585059,65.72017351173706
152.66088311054366,135.06606086357218
50.2549756712901,24.898644965008515
195.79022173385928,53.82625548237783
164.80600923927696,11.760889064874554
184.4907672708461,28.659628344152512
154.67157514247864,7.374730653090179
36.55314125799133,102.53270722381725
62.025836542641,11.772913545611614
49.75036300130277,189.4767075407042
34.70478079320874,102.64586438878642
52.46769375913743,54.42074084501299
125.68563528171741,191.95256709957988
154.41308961149466,8.610748572079617
95.17123980763039,172.46259840021062
97.92939748053374,147.7390715476709
6.60887401790833,158.96825331418822
32.985019061999814,123.82362497184431
59.98328690604846,83.28405855011457
85.78499630564203,116.116986290249
29.500465274317314,48.00987349696258
51.021790620284236,32.880504939625304
81.18086154722616,182.93084640053257
177.1881580860773,188.54835161562843
160.45513383995527,81.62605063052402
70.4301182772497,162.21118744637934
111.4014898253659,179.97424097770107
140.1179084929385,86.97753412439408
170.37538108899443,86.31982348151814
32.60406758351115,117.11445534138521
80.94147697172562,62.797602435381286
25.425399359328917,165.64010075838252
80.8738210874211,86.61530870502725
70.26011222676097,132.80959183268314
146.5739456075502,41.838648807739176
58.303322184397175,162.4957813348248
80.67138630021745,64.97191242901894
60.139594084827216,190.90099194457073
85.70152431822132,66.88983252411384
92.3066639700293,58.54140467123524
57.91770487577848,105.44211440910755
43.16908561462701,146.3471732865299
157.26419516568086,110.06565585348966
51.7656223338314,187.77931458222614
98.76079223820273,51.37903969000366
20.774014524350466,140.86201875717416
112.18113472896198,170.01046371834394
136.15168252166274,15.061756357351666
44.2466688778379,88.65260209209573
93.11129583981818,158.32582341573018
31.658495941391095,96.33126253115492
193.1466824092767,10.613268155285562
133.1932823152022,69.53938441405859
56.67524717910609,101.90379890361869
168.30311090125014,15.379328937766957
5.362502216401383,69.29931322619152
155.99614122144445,73.2911397823767
90.61815276633004,191.12400634837402
153.30576499784348,112.60227729972728
106.46342717665374,163.98907795910978
139.82683221238725,127.21406525654936
150.07373380287154,23.004727506466914
6.766568403655141,64.6517941931232
187.62995624045362,178.4057832317646
97.45993751487143,84.8218867810057
37.81970667145595,150.4007188482503
49.34662441045566,63.15261325158718
48.549237720997844,111.73596334178559
53.903593401006155,73.11531021345111
144.2459008598603,77.86681342780672
112.53309982865662,74.77563676383906
115.90384925345234,18.855912335210363
34.519117967912024,11.576227421063189
160.78365632493367,123.17420635773897
177.89990190869176,135.05892446697544
52.12986287853089,167.62444838378536
124.74302442333995,32.1050645572667
41.101213828373,73.37552317342993
19.83851734908172,168.20727398056934
34.83839072004967,22.80104716844912
162.6637236231544,54.08793293238444
170.75639242043576,140.3875881226335
53.9513433027128,155.32282284736425
196.50375922144596,23.56396861731084
38.36315234983904,180.32607221203114
179.95718507778983,60.00544000763833
144.90986000286537,5.33515246398248
146.090758998493,90.06081389252222
148.0544916052061,82.42412369274824
22.448162020855147,147.71450901254806
150.40952727209117,18.889521650789913
53.98970858058841,139.69405839097598
166.50151363767122,19.18571899723418
90.37169146541567,175.2741076890821
86.1981638645825,155.24452586125605
44.83535232006701,101.05973304809189
144.22100399483637,149.89624870049568
103.73716826611263,84.92842263807415
177.62122831631598,69.11514134375395
87.0486650302349,37.25594779082095
71.8332785365447,184.98776787661723
126.77549794878963,52.150005246525744
94.87044753461468,47.285587223450506
98.48312253269512,90.45816455863904
195.53208541220624,54.46041926308517
18.129151939342034,177.42276856693675
61.54943189475985,16.56559197765193
176.92284349371084,35.61313210053445
130.5748033476541,71.80889970800182
137.67634416086156,64.78436458099495
157.34287062191152,147.69672775323818
71.75525291867314,59.27855881319294
134.69495608419345,117.22093697895076
21.064243363668947,138.79995367243532
36.870929086508376,100.44584011961445
23.6434581703602,189.6972378497071
109.30571486630286,85.09586956395792
97.34839140128817,141.6963759647802
114.66308701340898,88.06557992994632
109.32102434610606,108.79260723525688
171.25415177531917,139.24899199503756
166.7530301078777,26.532288081636487
142.51954653854452,103.21041350194012
61.589701977900404,189.50288019264156
10.512875498544728,178.9164660610683
102.57581032941894,161.39904189428754
185.0083458754308,24.971016040273167
138.9313591785629,5.250827234644646
93.07110359123493,153.805573920061
175.44206759753445,193.52752156312314
142.14543390758448,101.40941036358277
87.07240929651041,38.286296012975946
91.34890901075406,131.1815427805894
23.387617190287454,54.75391626955211
140.89129066741978,7.9566957957328714
108.41674846155003,82.88818009642142
91.33922514463889,87.65028444950784
182.29723991418646,13.850750636844683
78.04855836164027,83.10467152098924
144.8865237571337,145.0763030008979
64.5375476308341,162.74585088413775
34.22613575375251,163.41052780289448
10.212527303448544,21.484467601508562
31.05643505984037,26.657393210400663
21.89359870924961,42.91274495208781
195.4192044905029,189.6069920558878
48.26305360335409,103.36383290878601
6.466373410940694,180.80732716474245
166.57117295307506,32.81471603593486
19.085441290917004,155.9721496333915
187.56020188647997,188.66687402141267
74.32544745472215,177.77260349812624
8.528232583856568,62.92583829522364
143.06875712164373,59.2545301291212
42.397151840981174,192.3616471049006
162.21466699362563,143.15637077776876
19.67754253245447,139.17108638911233
94.9292440531605,195.12197053405814
45.05174221968633,37.53843256895994
184.06217914451818,77.75921302419854
16.76497751073718,195.6867842897248
43.09743926833131,16.938173704810655
125.43708047910175,26.391059928500653
8.62792506219613,76.80432398371111
35.36820424908774,111.37327717332084
92.35309804480407,105.99295221205678
165.42651482620155,39.179820980411996
90.69595244123374,42.35026256943614
78.70147829143379,116.23930321055585
94.04903118279152,133.2169893221319
13.209259881548261,116.63441287871355
116.34595274564494,177.73587460740984
155.4734686060852,191.97434318102535
25.42794767983914,125.99740741953846
95.25585999342954,108.5864932015314
76.24592080081909,75.8313228128064
129.99076257209708,22.0128033952152
182.884617257495,176.49582281508145
124.73523056385548,50.68634257239314
120.0938891011825,58.17140896573963
134.59423633888784,27.253510398342613
100.918784881379,107.9704464202701
92.6927897881489,167.22043886352685
42.82485362808557,66.99251847270955
52.60370719777087,101.7435612565647
86.47131619663138,100.34379517746854
37.27998171225413,38.963046214064185
196.01803229504756,19.232052700876572
166.6052386611268,56.46386851950709
97.75175513506028,80.10977446141024
110.81303597736213,73.5664081330883
54.40289167453158,132.84001154747887
19.138959143753862,58.4801822469062
73.38059202471392,6.819074264564293
52.31336675661389,99.32027113448468
25.88233997085122,54.853820482839154
15.465178668162398,59.72053346801484
187.5660779853196,36.71210613806767
135.8791081933268,62.50239874995717
37.57033320615342,162.43616420943732
8.157343452926995,137.8357396089741
42.068476113110144,140.48977992825576
110.79745330374124,77.18410006723393
63.69606674773707,69.38485845125426
91.68123879180622,40.013741832245216
21.553985598902905,143.53660243818183
117.44081528151493,189.16920697328308
129.31218321173088,77.28434874658235
16.899644362722633,95.9621053895296
101.40326396817252,97.87992691987561
55.2202086890191,54.98394962275358
10.927786735239895,139.14716152593004
168.73683654668514,11.526403546198704
159.4502169308507,31.416374033207518
181.83184055804108,82.98556848346021
93.00442978156792,120.84845516587177
142.2459934073164,192.05205815752268
32.61724483406143,112.83587795386224
68.16768665742084,150.16798568288408
158.56760078959405,39.36392173589869
130.46446227865374,83.19436086874268
41.45619276673111,30.68064354036736
128.80962057166687,52.21736031682052
76.96859109553462,196.27666031478321
162.17362867546797,80.02264649333341
129.59834154128643,66.9029731487759
65.96922589523895,43.677421794669016
104.07189651119162,38.80719342835083
16.791721528365994,145.68954502917063
16.001369363654657,46.96518891538109
187.95513362202811,86.11528350916315
39.80111785567596,85.88998063903021
26.523534834071963,117.5885954201826
57.95870010310799,55.42170071771682
145.82301214437143,46.27544618578874
74.35929289204302,117.83439079808055
165.69389475542445,47.45211041050418
99.69564306864137,23.800651207983123
71.17158424053595,8.77675123657078
95.8805111200054,173.13040352372593
177.71815111464014,125.44068805758015
10.982654760046858,140.97470976707808
103.05908611286242,106.52494373080408
92.38262990187208,93.22202080044292
49.564434764283114,93.99767051898307
77.70336121130293,163.28179403369808
178.9796049920955,6.182266334333687
55.122803968140495,109.38716675779938
62.44066485681312,8.19972772211996
187.2698345075611,11.67863066610007
11.69991964344111,71.2379528009781
48.62453376250353,72.59543725352418
93.89118603395323,178.45961210257215
141.11500509493266,46.740048318233505
179.47461963193936,32.95943376706017
24.353819788120788,143.24397010164398
34.9114194673333,99.34976599042729
65.17517366979351,176.58012382020647
169.4737020038273,61.450842669627285
59.50467373203783,46.22859011819433
179.0073881963013,180.16553561525856
155.8888253723747,124.46487868495974
89.06675328941583,18.069244677452375
61.94091391013006,149.59447937819948
111.65870022016809,182.17444437600943
23.239834102709537,58.31973121942542
153.18095598023373,32.93851185002286
89.42828654741729,185.73531731292846
39.77404025933294,103.40117942551329
67.95387985317116,113.30443047973496
68.62679034998325,41.99173249290441
9.527037141930377,47.652071351679446
58.480622063350886,127.1509302574978
55.57627904421677,69.5042468121767
29.9054046976457,25.277047701932958
72.93156709100478,43.15845424619883
53.842430565849526,188.87171802242952
43.39463038613306,120.96089352103442
125.89743427654602,192.0041516764384
72.46528558293636,98.88272673118499
53.80056619712193,28.29232435915481
21.28657088285786,135.77487261695285
22.41049138292525,32.05209917050887
115.86857718746839,67.52024222442002
162.9487760840304,93.32552630581809
89.48665665704928,129.80839365425248
169.46762133271204,110.6603580589258
63.21413935963242,128.25435340678908
173.09240905637418,150.52022042936505
22.159359416926655,184.5924678102222
64.56051166665658,60.54447653461706
67.49406214214152,38.76932614499275
159.2752194941598,117.91079261612074
111.73082150596473,141.44173177788554
7.606779723725805,51.312882347633625
162.26228765012843,48.63162299357713
33.19294900042662,36.14881600324352
149.34147235016187,48.01818778340083
60.37480532945454,189.49152752061346
58.43916885690909,92.242859911781
145.58586106791802,134.04538981288144
135.9211277858603,130.70884568516348
12.085249498541392,37.05796172951333
160.51155332484177,32.08924319268102
84.78347087720618,168.58174927927507
84.11696824099208,39.37980459083202
147.07411200803622,39.268209859500914
101.29646616631605,99.03492291771862
70.57234649960196,46.42514674562192
27.581720886351388,104.41364122305035
145.6944153346928,82.20599919880524
34.118558836256916,127.82514507794878
72.53667205671694,135.24961399048536
88.53604571686516,75.91017545309425
90.23541737476722,92.46213750176504
23.533785891084435,51.68178016776061
75.709081582354,151.0113080194845
27.208182142580334,24.0866439764784
87.8958469414915,68.59496157041754
86.70967440494769,143.8332888265825
163.12123301119132,35.73380166061658
112.66889512114862,36.10710162657609
10.478385843020646,128.06613992950017
61.26517956837599,42.61061513870947
121.73872526765486,5.936911882549184
109.72553394996653,141.3197870117779
182.57189936829963,34.22881221057827
53.45155810167762,110.51372215071886
35.04512851063871,112.61472670066412
80.05134187371097,53.47751875378028
170.83960442849983,42.30159729958709
167.8661070368952,23.567808995450292
148.93828954563745,124.0835171990024
52.779192735203026,49.20779920437111
164.94059773242242,194.46753718582394
133.9340476654005,24.79220943937031
167.7899551160892,101.12436723779058
31.289769945631356,173.14649448986188
169.72866905403765,136.88635339780691
79.73372001316676,128.08361857757333
63.43713135970441,59.05294528914301
73.03134014267017,78.90918308799122
188.93251446499585,77.24200991381576
138.52073471492733,149.11564476738536
67.10995340190941,26.175824512882834
116.86339308095808,23.82878506237227
27.007473510245106,140.53463464075116
172.97326059894905,117.38199470529949
167.2778242397018,126.46786206805534
50.08962558628202,150.97506949922564
30.405946424711168,136.7513320202314
186.306474733533,21.34451470147242
124.64935959584462,181.4480942376729
6.641553450167114,15.51601592750622
166.9347481558362,186.73677050928092
103.86683131517128,8.01719165006348
53.07883961914901,28.202920609366387
106.05147559296196,123.67355915454803
44.236023841555216,49.72813427752172
187.88280338543646,66.89275319420865
6.826134376006851,72.8031581697744
11.003184181016858,186.60861501639587
8.584502226853573,49.776601562363034
146.01050194391897,65.75011998501189
47.87989005504499,148.46189161596953
130.49210602970854,24.235027455808552
156.50615454898127,181.15153671808298
170.0678354620407,33.36063897077368
66.57386390299119,92.60830913076107
135.68378678651703,142.3244903282537
159.24313534882796,63.310199330904624
110.10666985851552,169.3345759326993
38.358975301301825,194.35483988927527
137.82920892510688,8.67417342629958
155.77304174429224,178.2525331811675
114.11682429735748,10.26618719808436
190.4055377012991,176.66644328479018
132.0930410238576,64.14509071758015
18.37262632296706,149.95777178689949
68.99582264203632,121.29837679167197
87.02350036774875,65.1368274303257
19.193008001973325,191.66185776718723
18.690377052754336,32.01724827872812
64.37468956036103,194.64061771200826
147.1568192612014,122.6392410675483
77.837843333713,93.63138705299001
134.30322164081224,44.59965087478653
68.13684698690012,115.54809446294303
70.83283628517741,119.91180930779392
23.831859912322116,52.788422517212545
162.48820600155696,28.237650252695005
43.733601412267284,12.36085906505943
120.04739259053224,31.720692635677054
119.72711689591645,176.77360841076245
161.77416479230746,185.45913798739141
79.61764689977703,36.092629609033054
45.99291306682153,186.64012639551962
42.35823676981834,39.99649574702984
46.26188146175954,173.85797219845648
191.33177478185561,35.16680420102338
23.331783478108566,160.85999139453102
13.0161803150067,176.73726604321342
169.24236804590717,89.44616971348283
130.61557113860138,86.70244333167508
155.65416950077656,54.96858067761224
188.48446250454586,49.28509088489924
14.90402834673677,21.36143231558941
157.0525533437676,181.58939230443417
85.66582946414154,53.14663651078396
97.81291517738357,138.14480778376262
155.88596487453773,112.9683293691555
98.09980416431004,6.088716606088181
40.347406344374505,51.10874379767468
111.81624365619146,150.82219193955444
163.21800757221237,127.01000048380664
42.95080251477541,90.08545521282922
175.53703281179278,119.96186741178681
107.63337810804244,15.642474355385486
158.22482486292432,195.1677818047503
116.48086265262047,41.22369183094572
14.578951282255908,7.813210402126646
10.214461201147264,63.63063455334751
24.937009998675048,112.52622082504683
89.72040547325696,179.63682448296603
181.75395903287293,43.921276200337736
16.67847513594565,59.246585874054354
92.00309013908249,160.60423621125133
144.23671175570547,151.91440836676782
169.85412146515748,139.60863677132306
174.79889071380157,187.18099423006623
175.45310477236245,123.45036007258423
24.40309249580152,90.300382264491
61.43672538944667,35.933320764273304
92.5909215704279,112.89178798696825
135.65916965293772,90.03543372937196
77.39857862784417,181.80054270066148
195.0173045488537,51.42951881533659
66.6906644196131,133.6104299061622
72.39376569992818,71.1928577339633
74.7727946607968,112.21049366603748
57.38760829437329,152.50568902919775
18.745951510868217,174.36369522341937
159.7227665375595,105.657336948367
117.65555596795423,36.735069440816254
11.839998764219539,73.20412195368489
94.52435917046195,124.47367037196113
46.86953363948905,143.7817736606224
74.29547579842453,128.4268297041314
142.95268283736306,140.84427440727177
32.252673696365605,173.22542492148452
56.03393223876919,11.195794032988255
60.21883339271644,190.47545858115492
106.099891600437,123.28799621329998
28.31389435433775,19.11591143601641
97.85679511034253,83.60780725694308
103.74207465703341,61.590985807956194
11.69199439119314,119.77749887312548
27.34059962757747,21.821663095113674
57.22401512293946,71.93389463190363
134.7291192221104,78.22852524056073
150.73361039348947,61.29478596546831
42.07187070430303,78.05895178855504
81.92233963826315,93.53255451799916
169.7408792794492,120.47168956814002
100.0299383003061,99.21520178327256
123.77611857269203,17.69096382077878
10.48423438672504,10.312372492065043
40.67400009157432,125.31813833343072
107.24449534398217,80.1492707819513
177.71102653874357,185.94880142691036
106.23914276990655,169.18153401632532
94.32751684677879,21.011523524974965
134.6132540884525,76.03993031384913
20.817186096723784,172.9535077196049
98.51491129684213,87.98447149672461
129.74494834373988,44.76621815038609
28.152385647129492,70.46524986288958
66.18235237810092,37.22746488594355
22.746448323384715,155.52834579854368
122.6043626116623,42.57914602652081
91.87754849783575,126.5776680129651
85.81721872119631,187.06655101189023
48.67460832770984,49.26319346895842
185.30923016634833,34.25369900896407
86.39374366016816,132.44100593360722
41.1704994190993,55.6348472129848
181.31363924358658,45.626293784527746
88.27402874881044,47.35793004041988
184.0651455463362,173.4489136030708
8.643662863390253,126.9621180562198
77.00645434580602,44.82835613152384
54.585760365367825,24.252497992772867
119.56806800975176,176.92738131516901
66.99063918873473,7.76622081300373
72.38978133995114,17.76820034080406
143.10228906923336,54.836220894644974
41.322996892346744,33.813972670112186
169.73228793616624,60.33946585878655
174.94213448790882,45.52924627133825
75.28932025546574,42.70526133159663
62.03814113914447,138.24268090030012
158.97431571762485,26.2761373270852
43.15147326187414,98.00416357737326
103.92390285882024,71.95192765250626
133.4503701329292,134.97719215555594
100.52344423588694,56.80075586619941
18.699780247204345,106.95734142278646
88.46709812231033,143.52673775380572
32.03718454375522,126.37237451593366
108.59449150617682,19.950734244093727
6.039651727645901,93.55957457127208
31.110203602430897,104.41760046481437
173.1731996468878,5.341123859093461
179.2382005689681,176.09284205772659
14.616401150386313,123.95307519687935
136.3288682364184,72.45191787999558
88.46187331607771,20.935243154041146
49.88236595909645,115.02382780640878
164.7818251960157,92.00196966572133
155.24187781467066,75.49906477169786
160.8698587125938,135.88557631140085
24.69264802163896,151.08603423012315
74.04038042861329,141.2870742656253
10.973706828770839,127.02609309763736
39.50017213875578,155.1926031711612
64.34066755433075,191.811423783236
21.987409330161086,172.27609567315088
90.4446965818621,77.25265325524754
129.96525358732882,36.012032117769586
89.35061617129878,186.15064945318082
85.56614701459186,108.05562523633594
177.49311341122723,51.383938584521694
109.16920971885202,165.6841319838476
123.4587656601646,23.319653918886512
33.765276039753836,35.86595326868271
84.30570239013626,108.13426078713958
81.30558212960166,189.06731987279554
46.52874299549783,50.31466038586005
104.70025050494988,22.18430562226169
47.01568782156739,75.21562082122068
63.74758417102538,6.998692574313765
71.813839118583,175.71296095073575
173.87821049818342,107.727512637562
185.20430227815265,79.02369477459794
6.955952257600698,165.3849311566423
176.3460074685258,83.69468950126232
73.06556361769789,5.878399249146234
53.78711189518651,166.7122186015705
102.65455624679036,36.66096834991543
105.64588117549714,28.75673240232059
123.4213165970453,64.8657049165897
92.22544417005075,118.0623175933186
99.66274949150835,193.07337599249936
57.09500496901521,75.39111375229749
38.093443597900425,77.22525658828636
13.45676144804299,73.66176918366752
105.77035394815631,35.24096096454157
15.44366567278506,174.9508802881741
72.99244554167811,122.04884980466268
96.01058015269909,94.59593459178332
62.69394074532177,77.0091015656023
82.44102937926446,41.658408351700324
191.88009906544983,59.71514064679355
66.45643308727767,177.9385448199046
95.2411106458387,181.4117985946854
28.07214609638933,91.82509082160045
45.581176983609645,154.64568409583916
149.65993656773125,114.82770206945912
89.39884061120888,19.304861694951974
58.989205615335514,173.99008426820004
146.06237011699488,37.21523406117587
172.1108569264091,113.71472449139263
100.3725374301861,106.99812329872066
65.95101845520601,94.06443337193834
169.10667855939286,120.64708052792626
160.57579359700588,62.3088465566018
42.377666568847104,85.26309352147871
106.7670326782384,6.711097703570837
81.81819706586434,172.34799298023762
107.5171352801169,79.00764137788612
21.944341347215573,74.02873437599777
104.67681187484922,158.6506546954204
15.862736741306348,179.8486149881642
139.73032319904505,39.19521114139466
157.05412183292856,67.30183031510884
119.52535894955429,71.58173854784513
47.29293064057001,153.10918374375257
54.10258382347537,194.77322954808704
137.6187340989821,83.86021448773317
43.28581810812312,41.64792680356052
171.4113721752619,129.8955439378693
168.91323646103422,193.98229455083037
31.397486056998286,5.762729974883935
32.192525967312285,63.007208427950694
78.42830449295698,145.71462081813274
143.09706678920477,178.93339534804988
90.40522152080167,14.520721610605815
55.53553371062972,80.20398293544429
179.75342506796352,27.97656065083065
196.5455468823875,187.1033861113394
178.80391514100327,42.756862284770605
74.41385229908165,104.14102869614975
71.69508019014827,81.65658224512515
145.36150636804362,20.786346211060795
84.78241018864061,91.0723709376489
76.86518662571517,188.32259631834256
141.01366437555902,93.62462811049356
32.3169325045594,152.3703532070015
30.39916691798991,27.280306995409266
23.51007715050731,103.1563482381963
48.76859175827262,90.70143195194815
92.68529855136103,108.76253045687683
16.989404540041583,48.00211845948799
102.8442246918037,148.33142131311567
151.72158578837582,25.029218100175175
72.18835877191071,120.85726831946131
16.57401074210562,192.37604898438832
38.88529749540338,113.25274337111279
13.351239073785498,43.822703463355424
161.75043130476303,40.83834367537769
31.06604014158605,122.60267747068022
63.05278104067269,136.6746148221992
102.32638643168664,186.81887763186754
46.89478066635217,190.91778729705138
107.38843816062268,39.243659191911405
121.12235294102183,195.66558807536387
66.03786618230568,167.54001324743356
192.35329817387458,72.02693923076143
44.474612227681455,54.97069379885501
114.59479483939047,45.75569919945612
72.70498256378099,164.03925768604452
30.54856818363038,55.5505363466938
38.76843227773475,26.634389759470196
113.69556515205046,10.026013294486795
83.49219085775408,111.86107017982134
106.57678677473174,32.926812150090534
31.165420349816724,186.76859606756156
48.56109927602089,163.45414330719092
45.5075054772725,13.039114871848202
12.381617546923506,105.80162448031223
179.03877609179585,6.15292851107262
89.5371240806221,177.38717237433318
35.720738525780774,93.51244884858824
39.669037958233325,117.7209278583336
134.30015571482784,60.39507249021005
80.95261227204203,46.375732592633895
20.370744531387793,65.7706196759129
164.07700767345605,93.81319852216575
15.726429938457965,68.83640904542196
55.3141300785828,49.52778993244545
5.6309248635979765,187.91937221536668
173.90609296284558,125.16694998157702
99.6230099882866,191.64929456449488
142.93340533420772,37.01429479222516
116.91324223704972,10.272506002757591
35.148854681129215,163.28017180284675
40.39897348413424,194.06691204797454
144.77576531058477,56.271368540565156
54.17947005255416,11.223986608261963
29.9763775751694,161.18486787478741
87.74842115864857,164.7254379221678
30.681660345465538,166.31106039499997
118.70518098543064,87.5845477974873
169.83390975362246,30.975923248661946
20.396894137730975,162.41172945162796
13.737874021174566,126.67943647937457
166.4207548733042,138.91284751606352
134.4047088156725,91.69591187276023
46.81577068248602,53.002884491950994
141.60156170136742,56.69254384536752
173.66445301197112,75.70721515476203
120.56768114637448,50.913081240536705
142.99379541631674,13.252752474494713
59.5936060791824,41.82766332369181
93.12335846757827,29.068367778063003
165.75167446569472,41.69244451016806
20.627967629746475,54.65480881366153
162.98122328879106,27.0441941589191
84.70185397445289,13.22091416581345
53.755205652602235,138.25073037061213
112.25669086280519,104.36235274398085
49.33260425345251,125.53262424204058
46.84756726565845,139.43665715943894
95.03956827092627,89.38971295423369
141.47805902260248,188.16772892054885
89.51156414241704,175.7186362159696
123.98726046812517,178.36244680836143
24.760629902312747,30.903640452437553
190.7632820576452,28.159469811906412
85.44919809955007,138.9243504334887
53.77287898899983,38.63672245998518
142.80935849067743,31.012033485890836
99.06512812170388,192.10716415928238
7.997321602124659,99.83722003372175
180.84625903986782,191.24725828221852
142.23679272269112,195.67712848444845
181.3903918123641,52.04795475505014
133.7750546565972,107.08866644292564
49.02234931403499,188.25809695294475
15.104969730162827,34.306065274010706
9.469315069106443,63.93632643006872
21.86437649770233,186.30140819616304
87.38462982575777,143.4869927004307
104.01089055471633,73.32124996780442
6.674611557338827,185.60287656100667
90.4446358052436,146.62738387730857
84.34935240871,7.654163128497283
14.402902421402114,151.20599231880428
34.3801848193637,98.0701031539258
42.85135490239925,156.4491810464088
9.847782586789647,71.72323628383526
144.19319949011998,8.85239793952587
138.03852815485033,52.072337748646035
187.9794869893912,8.839011300656733
141.27909897489948,109.03837016148931
96.15671163479514,21.688913398710568
181.1693811121697,52.1611889030826
26.635693722092388,84.09883670512136
10.0,25.0
180.0,180.0