5.542406648750533,195.04677914875796
67.40033827422798,12.60750507970739
60.222252718187605,100.65688495171551
42.18276892005967,135.68542856575732
141.94162267757625,23.426642467368392
173.29606042108955,5.024524090005465
98.12863735752168,192.8889645274047
36.16494260545333,166.1314912208836
110.88456600942938,183.83437748962447
194.14372860340745,143.19762465823962
12.06321762319408,186.8784576858278
184.05081137412685,136.49610155464035
44.88136126027306,146.87470713007036
39.334681603299906,23.789416066734532
46.02183879886824,48.578949494377184
149.65637677639984,140.96061568559387
181.64887465452188,188.24735089038992
147.04847402403647,138.3110154002806
58.53491462798501,114.08385834061171
60.06013138378385,115.90939651743817
36.41758379943801,32.707091660052
54.179686636030866,64.11935649089648
100.65886512147632,51.21265052534325
25.00208870024131,46.920887045389556
152.7176572600696,6.669509323600959
21.300278319368026,20.9177690561158
168.1535670202685,153.55424808204802
26.051381730590844,131.62252881457314
68.77707360614905,95.8958351447587
157.5450297927367,165.73925194321362
45.41489991385917,125.25046304815203
13.568154102516313,29.392837480044207
113.85322492712949,55.51136599809217
97.9104356731667,189.2857709919431
47.18716256350064,136.56050335196736
81.37188017432952,61.19784533827273
84.05619318876187,175.48819923769574
112.90071499435525,71.98734982170066
113.4090836372843,46.64622662454097
88.4741377815111,76.77644945361449
37.774332908365004,14.634735262865327
91.8385894214953,26.101551581907053
182.69651782413038,12.814798112837789
73.08573876126668,78.24169457514898
58.93563967975264,22.777064416915366
27.85039320039666,12.14510658268393
172.44276970012217,186.44452571313073
178.96533170846425,83.16587747110785
76.63482102176384,186.55566064601146
168.77517418596094,193.12859063860716
153.6591951199604,47.262740163893945
134.77440140121007,144.95908157882457
194.82333188556325,103.52248984532417
94.8744567916101,51.060505088329776
178.66420042398502,53.7463376893162
193.10209797652698,159.42508139358222
59.23991017850379,131.12740511069975
19.042851695070077,136.4552592645851
156.72061446051535,181.88321679933327
42.04893821416716,21.18760100489442
84.58603415869545,171.84007586072434
91.54235277546996,88.64257738686727
50.98038552610891,137.62002909184613
23.90946142887963,50.026084290671164
11.628156295034769,186.8033641256324
96.1233701216647,15.832688937127916
105.7231909758259,52.73648809461266
61.8585048702586,83.92458869271029
46.96279609091005,151.61816371435276
53.37409037784129,118.25404001022017
160.43982183843508,57.95282230132355
119.34409154648361,20.82742620327736
26.441529324829045,161.50903218616267
53.666384538020495,68.8977104654669
107.19014438234787,81.18943357802166
47.12538826117955,26.08665747577412
118.05043783061691,44.13625302429743
78.24815750234463,94.33351099890042
99.89076215707789,185.37016788306775
195.9059444547611,20.311069128377103
74.34358804627875,120.13978083000427
139.10076007221937,13.986518286150982
139.45153563043849,24.233472870058606
83.52543974755777,120.67600272747893
107.2960854417152,168.0287595402532
10.82236762918708,152.276070190896
45.78463647332209,74.95768792414131
58.98834373799258,75.12938042889701
97.11356731733139,156.07136582223137
124.90425344698254,7.722048735065393
12.31761508560291,167.3272659994729
72.31058155521006,125.45270318361557
54.454706269571524,95.3398648130582
17.72049353264649,143.99044631559968
44.211809250750775,30.337680853530756
85.09411637493294,158.6702810728443
171.78883039807965,102.64557587271193
140.58271102890524,42.24853555615338
130.69805434699185,36.66403383414544
24.78932972317585,141.70583504392542
72.24108941031392,15.752006358388956
121.08441928285332,6.375883448612738
180.998336069141,196.26070135979828
96.88098573048423,174.36599147039024
90.1185097376191,144.38570475707556
163.82636319651047,145.6982062823956
182.30423189644503,33.26009334620963
190.85641514594383,167.7883541502846
67.47791030989599,159.10757348175838
37.56444699240875,192.02381296981503
76.521850777547,188.80822351599798
176.58236944833732,188.38355778558915
112.50123766297087,22.431298728538696
194.58128291302938,173.32208758520449
55.38799404441989,105.11019491180792
66.60743087874242,45.83549760369683
167.55953291938442,18.811916105830043
32.060661826498716,127.5453651011068
118.65160006568611,82.49667423455571
146.92142596338422,6.243271379115805
13.983778299287513,188.09095772980652
66.95027195611063,50.53018971972581
67.51709164744942,24.729923004305903
163.6606680860711,25.834846339071508
126.81348280815611,49.72569120386137
106.04617471582692,68.57862547308832
117.04259181900606,16.81572400362877
54.615609499654674,67.63349276613329
177.15249395277658,85.79109423255704
25.84274493155366,195.830619791232
6.956553726626884,76.05784546504401
19.20185524386333,185.22025512401422
134.96661290671116,42.705437951446974
160.56235404881696,166.55536068388687
193.40150254300778,179.0950251503213
84.31226836980984,164.45819292679025
50.9199964223965,155.77600269385553
47.86162205884468,90.51461954111473
86.10985679199057,86.70580115943254
82.29161544040709,175.62180041235482
136.25408344733432,196.46935580477628
57.31606459744597,13.847129935878952
174.64817783762484,154.549628283128
28.347535935000202,136.07556738427098
76.18994192267735,152.80864123945796
126.57046340611569,6.237051479077927
13.067216394231604,146.67048180067678
184.2766936847579,52.6591207033538
76.90184941909257,15.305350298644392
123.28555240821127,62.44707485474962
52.54946493761703,13.485380978945098
108.60134760859822,13.384995832403078
95.71773875112189,77.88453004229584
169.3895228403967,53.995436366740655
109.38371037728314,67.53079957618502
69.29929148345903,132.34805283937254
17.21371427734512,147.14577614008905
187.35260996687757,60.69775330493614
123.43572170971188,44.414822510846975
65.4390131948117,147.8626925122286
24.615250779957456,51.2944075081621
159.40285373594838,85.98189270390878
133.84446648424486,63.53815577080312
55.04235304985146,177.5535610306245
123.46592389997218,47.25079845341985
190.76737442516858,65.24407193072526
72.0998109883896,15.454539782232525
128.1753220188672,43.18357378510269
58.37414147844372,192.80650503888992
12.034380869393313,188.32249970376907
15.693753339259889,61.58258947493892
11.524922208802648,101.80806521703293
26.18847981342682,42.080768547891196
99.86173745924638,82.48781471492914
187.9291239287056,6.320218675778291
120.10174056331533,55.059560974301036
36.08015403880734,146.61935063340655
89.66014514452984,29.05532597341271
193.85510245635635,172.4711780247636
126.48453310922689,91.58032508010744
45.58706338623378,33.502200946218366
37.65270737637975,33.66016525109689
114.30638485607233,117.29951785933069
184.52933524732822,82.57796016134016
94.93433109193694,161.41134609873185
79.87935910469757,130.17985199501555
46.277079805330416,175.98989735121802
105.37354506616853,86.98044182106831
12.874359873814424,158.94174853424286
89.3076099293295,153.05815088320543
170.01353624826274,16.92037304887063
36.89621641405333,182.97285752098912
175.4320511939839,16.000262204259233
61.541613720250346,105.05125230420188
115.03907203677369,35.648624064414044
16.675292821114898,66.59709616362733
193.91758450614975,11.775736627646877
39.08229896206776,153.74495388702948
12.300708938603051,9.03202075882558
70.02341470590576,168.13129304717532
58.47581825241123,8.704473460844625
35.871676318039135,188.10261448951692
164.03644174978595,134.30740717402864
108.03778048664557,8.056756166670715
130.50671527961023,17.209090496244876
69.32291594774412,95.24646632992514
40.581977761029385,27.498663731705513
172.22193913524447,30.320340813862135
85.53991934097705,92.42318060387481
136.7718692333211,167.45070179647752
65.19751417699001,53.12033997843391
178.0237152286926,75.60744772959865
31.84032793786109,155.77709608378655
10.99078617312162,141.26392253148754
84.23336268341829,92.46693473218963
102.4474099893989,7.804823534326679
44.09195825663002,6.2083251020911945
102.0470991824538,77.85747430475433
28.231763354588388,127.567576624677
194.64794728586963,160.67813396944965
48.75221092682921,165.93612755544547
26.41722203263856,37.055079704243695
75.62135314143343,194.43686394232617
12.080218954015534,133.82634106760776
46.536785246600104,161.38076337052465
58.39358244103279,138.53863380049924
165.9108735058125,188.360798446509
11.868663023150162,40.9430933730296
84.4718712641501,86.38958376697903
28.99326996395166,165.4425918688913
163.15659053076078,133.36384203893044
38.34228547255129,134.8480490073216
22.070944780259317,130.72728148114587
80.04996063792075,95.63786910339499
64.44358844933234,37.90778024418131
173.06276997121162,83.57761774147016
127.80578346633257,48.20303980202898
20.874588384169293,190.06579928734797
53.938568426733134,113.88691042627403
70.23039137889586,175.98988349183114
120.61081730658937,67.9720018309683
55.99963816632432,126.91484062892494
48.41571138998278,112.07436048519132
188.1011481526339,112.71230990915087
134.35153043303853,9.907967985061473
183.501144485236,190.16103575496732
130.90548418006387,17.814019422104046
17.70749978923245,10.01004785683065
76.37995067286329,21.676482463993455
84.84877449349138,163.07009865945918
137.94931113576047,195.6706853968414
115.85351030681912,29.09285750255222
102.11788131531135,87.42814243056219
98.31189600121678,10.68087197998423
166.84853147303352,12.936080211802349
112.50738205989065,42.181340620122384
192.2867269813979,189.93574345946462
92.2249196916157,185.49922617486152
74.7272074786626,60.75804537247151
184.61821998627374,165.726824663598
132.11782952275667,41.470610237800436
157.66183872353625,114.43607256684085
170.67502677742667,24.817466097902596
45.10331191599478,31.56147908147534
109.24311735007134,45.66310593894414
89.42400621675883,47.91393437593928
172.73253444108943,84.84119856475252
154.9382047832986,160.8691595277931
94.97333739004615,115.11375780805433
43.72164666171687,134.51038235787254
58.336899143793396,141.69729085082508
72.2626126447152,77.46355995869803
164.45068885334496,162.99640264339683
82.82332758825167,171.83622586891306
68.53160509692749,126.91411042282972
105.83240725980343,183.6165881609007
131.94126816776136,164.79959956915576
73.58198237353153,113.56108873550636
74.59918128100733,154.01676668313792
112.96869654675172,159.8312025815486
29.129612735162222,93.4735680288006
60.273094102455886,178.03762592022352
24.376714325683114,134.87349035803172
164.02790705639578,41.45710342326396
16.361855009410277,60.24347153202167
56.39934219285971,28.7536251985855
115.01453707514634,182.533069492276
82.79214389030972,152.8470730632153
141.22785747864367,115.85677694511008
184.5748738866782,137.5679325306384
8.889989229643643,137.8824222418676
188.91285266804164,80.29262438456489
173.92608348928982,42.27541992511926
33.929557717836865,30.056255840457553
35.6234568396274,149.4562409150402
7.941018657637461,126.52088411149569
158.6829048499717,86.19625425661822
95.5759693888273,16.807001624280094
137.36670756242162,181.66835458454116
172.88864892934208,162.8862238562518
106.50562480131701,128.0713223256541
63.1881348967011,182.2913968917701
75.26740182218829,58.3531867461628
160.86048993576082,43.05801447917095
26.27191213890794,9.401763551020583
48.62781891541792,51.012572034724094
82.98492783010666,64.60834789271084
82.97854348257665,127.88781799822968
103.2077136007741,63.21199725820821
149.7775259177828,40.71851090907765
52.94985671354295,34.803531338466456
49.406352720799894,27.83042886343881
78.47657841966306,176.4500078632943
5.368860856544403,145.05681212925984
90.40804842121085,52.484477239141945
20.925021062004635,6.493662623107001
6.133682126278137,150.54027848142408
75.3630542105245,126.17413880123482
109.97000328492844,187.0448873794851
133.0455290252975,150.88253050294526
57.03834191762816,92.92638439822937
177.6090033240215,183.88292584020752
187.29739566501036,144.01629605732955
92.07254638391474,165.59207460969154
170.8423023919276,24.64253449007529
80.96502346943836,40.39687583740048
20.87958206775152,157.63584815261123
6.154063043837315,18.05456106767913
27.332548883888812,176.64938578484416
165.8306801617226,158.1194062239639
175.23330387371732,58.971738687167836
86.97197732752343,80.42613069466005
191.5219363232263,151.64447652147166
9.651420284937478,78.57342761932078
147.09779743377982,160.45520868623137
20.91482148933862,38.11095265992345
185.60505575521833,113.51135232866683
11.086617111842028,17.852578412194017
60.77830617891216,135.64731641859646
71.61546013523936,136.32586512191062
194.32776452574865,72.19958041077174
88.8590452279656,155.32636617579448
141.0652409309886,189.0599496590359
70.21555257767336,28.892898222414782
6.419420378356225,159.12605846700276
19.067655836719275,123.02856003329529
74.00125563654021,171.56498504721736
39.39046167887103,196.68905085914503
189.56466504507398,47.594202128831306
85.30243620179984,78.99627226531858
153.26308773233654,12.749668907809989
79.14384054031414,7.090496541132356
124.14945442547123,11.895821728164037
39.727346179726666,157.8546864351628
92.93048574218436,166.23011736243248
141.54171934083138,8.183638584567339
142.88695112599186,25.915004484435457
37.635091920759,187.48386998051143
28.22979234511935,80.4076766811784
157.28774423728348,187.64757986965697
17.631566916642036,66.98163863515401
196.85910027481793,184.00545642924646
194.95983488453575,34.20340795246738
18.79260240157299,177.08204644724455
164.4635437104215,52.49932572333378
67.05090811111211,189.23981182801984
110.55325932510951,9.088494379923432
65.87316404354912,64.57519013682996
118.51277809329397,7.900615689286062
49.37182566143151,10.751520328822604
77.4410452708408,19.29507510829215
158.12371042712843,166.00427241572228
81.96381098748697,61.229626873091725
67.37664979445101,177.8664909748814
36.62430026444627,13.617786921172826
185.54073167992968,83.45134452903923
48.33848131411731,10.708167075491897
84.71412634042863,170.3449637773207
173.36664755032822,91.65110526989567
16.727669834635776,88.22297752690076
104.36660852426691,55.62584414283545
56.50903079172206,186.70694629497967
86.60341914562414,34.086605808206336
166.70949620205235,161.42203136113426
91.92786211344414,9.694785127578463
131.41904260998984,118.084665708614
175.98479726066546,105.45782152542955
75.32326392010415,143.90937567817133
167.85096003183648,187.0806132252327
70.46058433873513,159.63531496664623
159.92092841272893,139.97194530041253
174.54543786687245,177.3786929495584
20.95098065031937,32.79058564276828
140.45857483016076,98.7989716750414
134.60895054861552,126.9063582766764
64.14026707322081,175.51073024810523
171.89827637109863,24.07913419128321
47.04744813235769,191.1398968202793
45.056244474233495,24.1836395209595
88.16103173986798,129.02373647917406
194.70252554153694,161.4369335655809
186.3064761788721,102.4085133961366
68.7804443585635,168.37072853945205
192.56887064822484,6.714304941403322
141.2540071062055,87.62420010499491
146.81630100059095,135.73433572303568
148.86052313506238,155.77613796347651
34.236854502539465,16.706533856181636
75.64695046075924,40.86899861888831
128.3239033825738,67.18674006426048
104.91109226525236,119.04269544764908
55.63862569292729,81.25775920850248
54.07984552703076,136.78244889870427
99.95889057592491,161.57015506444745
179.35109477091711,95.18398943693005
22.553480710705983,24.591043231250296
164.42205345561936,161.63571201907646
176.65397294557806,100.00017874455769
64.76491253441546,79.55057824006632
185.32524169815713,32.12202268797577
10.251944399042774,19.915436857359943
44.88018446339405,6.432254414563632
186.86532713301605,156.41726228186369
101.54898111809909,47.26068909863168
56.25258209768032,136.91856328503457
36.745772217871064,15.061784732817829
51.285745238337206,95.4041368699152
43.46410704203331,23.346519428204502
30.792525547320427,166.96822407164757
67.0299665483696,78.48757332693361
13.736682476665699,82.39699147548916
152.59372720187974,12.759366220186314
88.03118996562014,27.969220769504144
24.84564906137604,95.97828755977994
6.925778689421815,45.01743365630756
99.67505068973034,93.83114239139844
177.88352470010878,56.92172747994624
8.85490678052457,42.581721748219486
53.178734661282526,154.5824319256409
99.55900652961274,86.39153918940242
108.69990140431547,169.10554215066387
78.47402982218563,124.31217813626017
9.539905956044846,12.217859108835441
26.82103229783012,163.03564586585617
45.531591369497775,123.59260956660306
177.66514355494445,5.8322340004061495
164.93145805231072,193.7087440458441
106.60365252442682,56.269114014014775
15.578846262388595,37.16713565582174
75.19456014250395,66.05819181988038
96.19378650091755,79.4466155196536
113.83816174282086,166.90281019866978
68.19858892995005,46.19553209340157
82.36447471882587,28.190317007466245
170.46909560817866,145.93328993044352
162.58521955861025,19.484952132144407
122.36225509849707,62.25467283348163
72.21658144608125,96.00494687470301
14.2853368583461,52.73521052899558
131.03424643511164,107.93208309576106
54.77048933037017,173.0082512685841
70.35935397199128,89.42687779778761
128.89431777670455,36.610888474445225
95.54866732614256,121.03879600082686
126.46865502537709,43.22301815518349
120.48827354116402,61.533756769304134
88.4039208655054,65.42577741688075
94.3165061731074,31.754790002164
177.64766192161346,140.94155890193196
65.09121578068948,126.32197778813871
177.97637589648494,180.89670217138635
104.24939711282693,161.03493184781098
28.921367826666117,31.79426955686842
25.714630252355867,83.84613210047934
137.54012843064046,179.0738241219804
57.42983063991823,43.40798320424202
106.87310388638691,7.609433934841734
136.26595109399042,35.93225195253627
84.74529329563346,166.46466781497557
167.38116954944542,158.0327530085156
124.8312058177889,14.571680231730276
52.003574717165826,175.4898018378659
59.31605141382937,32.40025416217576
21.058627868012852,151.0063317485776
49.74163886332188,70.31267970224394
68.74280210001709,87.07825674036474
39.731807203472705,191.06581631954396
178.27427129512995,111.7088484457853
55.17431216505139,16.311329018672392
107.7785988992162,54.385940563704565
183.78655102059554,142.6794864008659
90.30263427480624,59.239049718602146
142.0667978457682,169.12739936939474
12.019179764622734,122.67440463083494
59.69548679965629,44.310247857830404
170.9764327460583,79.13440344511255
113.93107768204516,144.6969107522988
180.20119823715314,166.4093741957839
185.3184132495237,46.404970893081426
140.90827320127164,41.217504641075365
101.86557172751853,125.74895238592032
180.82285603967057,195.2462861665386
143.89223926180054,20.700575394349112
98.44906478573722,53.44590429678712
99.1784188620101,69.68909134861704
174.54656606984133,169.52498868357054
137.252024802323,68.37805902332583
96.36630885370138,162.86992171660506
72.52602977867267,167.03656150534567
33.81074402700541,146.48840853938552
54.92361506060394,113.2081665573073
35.840028593217376,166.87393011508442
93.79007439395197,59.909366727697495
94.39361801224968,190.09001219530595
181.566968991732,29.82890816131345
97.28157755558277,19.78688850595095
14.267339617288911,21.459975717423426
186.57036302367237,35.09773589457531
95.975927551256,44.486947150513096
101.29144635422811,37.41248978612893
192.39801159853099,110.40562708022725
147.28068798656795,41.700660154990544
128.1648131341319,77.94896755037199
180.73370530448273,168.00545738216442
59.261003223163435,134.79241818901025
124.69891159942865,35.883300439660815
155.53877503824108,165.37021972044172
159.07628893727963,53.854945518127494
113.14790696887226,144.79405942586143
5.770367802129068,194.7422009907937
80.4860426286681,151.05897646107806
75.81256325421651,122.93161691407708
56.92430452819243,161.60611903515536
67.78141789710446,178.18999577435554
188.8833371757111,42.64290457731767
161.85653462396462,90.6426990608183
94.56292215166788,189.43203016904326
44.71333513109582,131.48139738955777
42.14087886278493,182.7653564678621
40.34359460577708,134.96807945666083
174.1656299828521,156.17520263860965
138.8597096973225,95.31555371013523
29.5214911698462,51.09767842267006
142.68173670403064,19.277449950671063
111.03430076234415,149.2619738608826
80.99977792199681,192.98426484987166
56.09307399363386,11.082057904499864
185.8988452456666,44.74332937633696
189.37768077406076,32.909061194944194
69.42958040286028,174.852980814211
179.38943922070064,144.20517678309974
186.56957932361107,148.3738080182422
82.321037611543,8.80648969459142
191.0963099064204,186.37545243514268
77.4036245717117,92.10498094597881
19.30394741967667,150.7197554596411
111.34101135179684,177.09202345378102
155.78392455666477,13.035115072645711
182.10311621917003,159.73652822366145
162.70472657448195,192.09322786594467
89.63439306219385,87.34587534426106
63.253340308421365,122.9811917380439
115.9835636132563,54.960166572367584
158.70179858048,53.368676630405346
194.62737083022526,166.2763788168395
69.93965249601052,130.10983489879465
40.933432379657894,183.10516388753007
74.99293035982585,190.65548584728205
154.161039305738,33.20996074594501
70.93954184864813,104.21316877985886
131.78726740077826,8.408055919484909
15.618830484675048,23.763991115723183
69.0436555483411,122.08908165841206
167.1356273556175,57.128895974555135
96.21886599146394,175.67551362563697
9.095197139955223,59.81547354534158
57.96811440722009,145.20316673939334
55.069572235095805,59.67428062281851
74.43849913752588,13.040638659203996
47.076004762864585,137.50804870038408
112.37748020187409,125.16727589884289
108.07761444633982,61.5080518009592
130.96570562774554,63.218485960427884
7.609773077520087,174.21803881459937
61.13691696038478,175.96279401298423
49.04241738914519,61.407639501454774
154.26589064719724,15.4698584601371
33.5823691488104,168.76351968710523
189.99199576462937,186.4754569033919
80.73255518394171,16.95753143054752
20.25302696280108,185.60736880411804
9.032131993011543,32.26865388865567
182.67912917410035,102.52884718992017
42.06069937686288,23.103364325501722
185.94386549625344,11.781098315622325
104.5043677226235,188.1251244797595
109.11628912697182,44.69809779558464
194.93170866407695,107.74861199199296
97.10071795037085,68.81425137556103
157.4187202592836,45.34373713986407
69.404590496268,90.47934851760597
113.57571648657863,56.79033773644427
45.708494367039165,101.54174892363666
182.90684333747603,5.387967007325905
161.591126714529,141.01822597962095
113.83591467936076,151.16933942245436
10.610052262098783,151.06149102304107
22.1264330299543,13.518768197777428
171.60784867228702,164.8036257171411
129.75549917980044,33.37372976188664
158.58517742675602,49.54741979286658
82.40534929328776,152.24582318485332
25.611450504140798,149.38499527011612
57.240923501212194,129.29950050258836
115.82861708529553,8.928957640690122
33.268874056165664,147.93932379631352
160.0675440333177,153.0357366086624
41.31123931155611,130.005317964474
50.94962029046448,147.86486066971997
69.11248227930575,133.37954413694652
99.62635917312504,134.82663394520648
105.4975339173585,148.6734218978357
152.28995969206505,186.9945526752399
106.0532135136492,186.8858737696624
60.17249858003331,181.69069041080292
160.43110981881068,109.41209947098196
115.59411026709547,77.74720775085265
31.084688468359612,157.58361154927965
131.20956200293935,82.26994850190599
149.9442693508434,185.59020334805308
182.69869075194816,15.906205765992238
111.45906737392006,123.33974135094161
186.80856535315965,149.0719400380243
130.17024648009513,33.52750091727993
106.6352295602403,154.29884197127154
43.35694980181557,133.93045834546328
52.47339079882674,45.60224329694736
104.29874744885163,66.25361363752044
28.484492269663598,156.0957721447722
110.15899709847996,44.00616225339454
99.65767638348976,154.18068337206992
180.04409240334346,34.60379084126933
111.54363122241273,159.37548314190013
140.0378558604937,143.74912902008933
43.56536178469035,35.069606791630434
23.640699862204187,159.06331387493935
43.408506284645156,30.39545141442298
72.88802657605841,74.05455373782448
108.77409198617738,114.74939047839153
75.05750749837786,80.41440096043127
98.13777671991397,113.26810670786217
33.717798870240216,160.23236384780316
133.09521359437053,35.16785212071257
80.39946642503418,170.35579526538106
95.71104461068325,144.17649045542632
159.51552798152014,12.891434923665528
139.76709090652557,5.857744867877026
168.5259997546864,174.96201856058286
106.0448139084854,180.03478949969653
68.15398010553567,73.60222446839896
144.87557094614664,194.3862760340699
75.13234579427478,136.84063437133204
29.326237644505085,43.21149367558196
124.71766915839767,79.03344308551387
90.57477839564507,150.72984569684357
60.31550815657161,23.650018729579674
49.81598255094194,31.29615409043324
97.73520762416516,116.55083225357346
139.7084514919804,74.44613269214065
192.07065348523554,107.8905703790245
24.427779550379107,7.610492128145983
159.52423855369454,169.5609997461945
160.31398836085452,22.739116324569956
114.4827993689545,157.622035004326
175.68655441568706,143.424483414996
155.05641026736407,165.7861099925306
96.7456484761569,6.655273157453583
121.11715656650166,9.31058639020889
12.191681260120632,17.154887678200577
135.23849211777457,173.05877639235055
106.81872155719326,124.37892881342675
189.5620601578727,166.3698075094013
115.21764971433609,92.93959890596749
100.58328166765804,128.82693673489553
90.71500969572027,168.40634600980326
78.86263396990819,162.7736687910688
154.6439370013195,186.22825195896735
104.01123503230714,54.0184289098857
158.90280893583937,16.024808449913788
174.63825572290824,162.18215522698367
85.67404747252304,40.42520853422491
38.000745752691,147.33909571608123
51.83010473640474,151.22128337301726
28.44305482921041,179.24262609363674
151.96984504693688,25.341459764976666
78.3989382405712,193.38974858144937
110.94053608688158,117.4951720849092
47.33130604328922,74.23091489874217
50.21792473100179,196.61955059012405
175.68896839382742,53.00580252983792
62.235844878501766,57.261830237259076
92.93011814922114,56.17666152771687
85.85835244399414,119.37670777359111
56.45255997349631,171.4621700541056
128.45554020711072,61.78005774090672
108.39182809266438,37.72396763287627
146.84481452494995,163.4227206699715
140.72965704833527,35.276738306258906
14.018938917460405,42.94791628289197
102.47071392034837,87.52672116162954
184.03464911410092,25.465683161919603
186.47655292070485,150.8906148797604
177.13296675578326,8.84607909326874
55.4165948624452,168.9277815602632
110.37040705329663,56.13288937314353
85.59929140040573,58.026796316259166
48.87812422590358,66.811509216868
105.68754550212635,5.158817931636209
20.655923545543384,101.73918759991557
56.61693786755282,156.21571919868043
180.84319144558268,12.432573586737496
108.860327810585,86.90700371440886
44.12119194354042,151.35585529960466
70.17330065006858,27.27817055974219
168.27779401730103,190.16832289742288
153.88762137843966,35.36935463288807
7.400744820304029,126.38525466684656
181.2749563393593,61.68057663863144
75.61968323703488,125.65852891316587
189.91235417185254,37.42050031013009
8.321547985023495,43.017633651966655
175.34821143223897,195.04903380655995
15.490374216009243,8.792523151502339
109.64690709619035,157.18644520622843
31.60515605102498,17.347727799764296
41.78218890602458,24.066598166558006
52.74406462576071,56.09038918977902
12.291879878883954,185.50800162775468
25.676824350776688,186.94675470475605
110.32410881237445,24.405326176290785
47.611675369034465,42.819498826385754
184.19280113150825,24.329782837329223
187.12954845680326,46.86719539929735
33.13897815734741,11.356759431410609
26.22854362292186,11.374840957856177
159.58576029416432,25.996924108563007
181.63555356243828,50.25900480901981
141.99122681668467,192.19826660196495
106.72408397342323,90.14868926249858
51.27326589941563,27.400390918737443
49.56790340321962,115.37697020300826
143.42763912839433,161.55128519982824
92.83968916592762,10.23814967150533
75.31526210012588,60.14966720725116
128.1772590055431,73.7745496940908
188.03805262464815,76.86891480292901
195.27832846492768,71.18658751395174
114.81438147654326,159.11254302292937
112.06340681650664,133.08537564179488
104.33153182159207,95.97511818790687
183.10342696203386,165.4172004975647
176.81152923220716,162.43526797370956
170.98684765563024,6.219356984529913
166.74744627969287,190.10827685757903
191.78105746576776,65.89129282230202
49.317705571197735,154.33918649023465
110.4763087165863,42.20234602681595
133.1468793218113,67.99027844961361
77.23264246714068,60.90581990655497
103.61200980693422,119.38043060374468
21.867863189968034,19.131929749047032
41.84861327843359,140.66425295756844
174.73248652282308,85.74090542077444
90.88957206192619,80.80539560175066
12.377689199441829,71.55954637717475
107.33523163706096,90.52907587290107
153.8047096474289,14.131176831962444
165.28366954939696,180.78161264051877
190.27033420187976,116.69090932254372
108.8042671773515,159.14269462271992
190.58144035278775,155.89194443808177
190.63109641003652,93.35632441057253
140.05813036471287,35.5675947623797
134.32254194986874,73.19361107174181
69.03998874838027,33.084145623133715
133.52569722605506,57.57740364448592
17.047403787888335,155.6105868553243
136.6293398329604,23.641766379582435
183.24003132723016,165.20919761309077
140.76355208653592,145.85815027067716
171.28846272279745,158.6807513452478
173.8819932383991,90.94413313508612
117.92385539422668,16.671948219346074
97.08406347115313,139.51365028678532
104.15479586161088,47.83958895227811
63.13226050751103,18.564583298333382
158.9637973639754,77.67351398922689
174.59793118929295,106.27398692958548
101.5919819467065,13.374412514973343
182.80632691834293,78.5895675258357
192.87436316560272,114.88304927339927
142.68887918772552,132.9173770669369
72.08893621318504,192.63106008484735
15.356120135938129,173.83080292984025
69.97218056718211,146.47192954489384
88.0279774616462,191.47605848749208
97.60193568299601,132.07949731883562
182.3575392267439,23.1408386236235
77.2812242783927,163.35695342638724
7.879805248064548,104.11316389053323
54.42149799000789,87.90975820584694
84.79478936397024,15.096515354861173
101.21272018441711,88.45042636329711
72.36050846267652,110.27855229301439
113.68545665847654,175.58762109047328
56.72230859262873,65.07773256219019
103.99972193132146,188.96502529739143
59.99246554827376,100.1813862719703
34.01935080210758,175.6436148730093
122.64438626767628,51.89183944568285
90.60368696716084,17.629343742248743
178.1284253604609,163.07718018256867
108.13022794794583,38.838574243250626
49.30295198998714,19.874973969086064
8.024228353722707,127.99071809147054
16.668156458741038,85.80725056898586
152.61650518299422,8.156290590344497
106.29401552717583,74.96475707210503
40.46859530938606,194.08808062833486
140.7014552887756,154.3478842253345
57.57294786165166,175.07223005478272
195.6729332746626,47.391871373383196
163.62661137752997,172.36911158712866
147.0041388107209,30.96124209392297
62.58547296463137,173.5427407420683
116.30588730186905,5.090017723518968
73.40117879030649,155.12052169061843
93.39081230309813,49.91802214712917
7.700679895235913,56.763526133600415
175.3087908834575,182.1290464589496
81.945426945223,117.04819390223345
85.4745033100361,16.465384496517242
90.37619889155242,194.28651777822355
177.194465281202,177.03805136736403
142.6880824680065,44.25216507390421
96.65736320429109,117.53213703319275
158.70745131334655,38.100760404090636
182.74839063557343,184.1766078743751
118.29800219393653,40.48557944048537
125.70942468329906,10.884563647201801
115.71546412283337,38.33526811738291
163.96578681006858,112.49265261387794
69.16934668177622,32.42837634061918
153.4290135371024,196.86487311135537
40.44740591145686,151.76947613691368
28.181486465717796,26.035432154768543
101.65443963496926,171.46030096280873
94.82207313227055,178.43604267573778
85.33529755734551,144.92507596816026
189.27278197444141,150.11047983483513
114.27562211106189,145.88914762308949
96.63937145460363,182.4451559327054
15.233253741286934,89.93824195732702
87.63148215660541,7.48199950281105
181.55231466398732,83.37654244353439
52.642744171196036,115.01828551279333
90.80735282588857,157.22181452739062
25.478407094338408,57.47520790951583
109.59746681011306,134.43237195815246
14.68321417602426,194.8764015431638
28.087920517723983,24.573824831733575
45.035642978884084,6.93245215504933
186.91326337068895,88.43364489864967
49.58555608553602,102.94475113059941
18.38734428735563,53.15169184118607
104.68605736351458,36.37706270063683
174.0601444921626,41.893137840649835
86.64404672760666,140.73354056437566
16.6889132383471,54.82360306449601
138.87093748446543,35.19879583867265
51.12835331775653,8.98140019219512
49.91427929957111,92.01068444713343
124.61025388409476,8.160311797981713
81.23299751761627,34.005413684843624
193.29791621296232,191.88565583669316
128.11015982165168,76.1955852804116
102.4409956036397,191.43809082187914
10.993104218055704,64.53706481615122
98.8701199333122,70.96619809323212
12.178241809217944,104.19215589815191
192.90977896095228,11.639164592242654
55.3814472303243,168.65178545326717
195.40687386515003,116.10145093485998
32.83416245037444,192.20791837481895
20.624821534958528,66.2076415677467
173.03143421330833,165.6109425466535
183.45798486441188,116.8294574642813
65.61147280368002,139.7255007001924
74.01126375492481,52.35409986784202
22.146333018994714,104.99451712229406
8.086303673291994,143.72620842819865
24.93512862479123,188.14612069654905
51.003364430417285,151.5429916802494
62.70906468934478,44.56121285929416
24.447718856411118,189.2054313212188
40.776943059966534,24.399394061659997
17.537091327295535,49.38201997999535
61.5819002738001,194.3986956805331
137.23831138608048,165.82239215173018
105.08845849084841,8.951991386610572
76.14092322406539,126.75479866990761
10.258883388606714,73.1737749605076
115.95915525591725,153.84117711839767
57.935829050620725,46.0224010496858
178.9302497323552,161.46231781130197
134.1045721697308,176.5899593793806
167.73952556251945,61.71761032632813
54.60420535723255,49.85991800902194
11.397958414043316,30.930608284404155
155.8694526884968,185.49101622178338
102.25893244551442,115.35043920047532
196.4500967935642,12.3889772396145
136.18153010931525,76.35756462113224
157.88952581568228,147.3887979379009
84.7164643005832,81.24459729064351
100.25984945943304,56.9300350378101
122.02314804108993,22.9469543712163
94.01277886913643,9.728376242221502
71.80605582167708,161.01715059016624
21.527721574533224,31.55347780532541
8.030819563494171,93.91390462546148
166.48053583783366,14.598873004966434
26.584364209709562,178.4785380600948
58.17339608344535,74.6889661130159
117.63112252232295,35.66942589554024
12.925067599583524,141.90789046566354
41.65004833700608,130.02870676216784
21.62198391387816,128.00498196388727
16.838259653855918,180.09923230271693
67.50997983940985,33.21942799078613
58.29226422109176,130.94661959744218
196.8464459572491,45.26364808267149
69.19901274891323,119.32237739264573
147.03390361761524,134.83053310731125
72.1051636019366,161.89515257390704
194.56301808183943,173.409768002769
14.19479319757077,184.55160725044354
103.9209665172802,84.5154707488002
50.57887580914334,13.109589682820994
99.86997322833999,31.478431677217415
165.949400579143,143.65394002320386
66.22051133446371,45.5077054620487
71.75741326628327,91.32434525062166
20.814432686759808,74.81969450133123
162.07642050543333,189.55867884158621
162.78932086220735,58.72765199993505
16.85458614469491,49.66699113743221
22.13954491104692,165.2706219254366
62.48284511541154,20.871792345294697
100.81636106929292,81.13384345634601
35.21424201028033,141.78859478805387
134.4837685004782,6.099548636928625
170.1367765203538,57.51131154380227
172.63516669194772,76.21419195699755
187.63021388692883,94.09105042555564
108.23226951327958,174.27746410748406
130.8944986216255,96.41835418452807
17.441911376984017,21.787973419472742
169.59824145603815,181.33755308511695
174.00992387850062,5.190643178980266
182.078951082158,116.08627709517086
22.65602266801568,56.541650982528544
22.474417928204772,156.39194393894417
196.17852740804784,191.59984738285414
46.85827935210343,118.99680215608446
174.47251400064883,150.64171056508536
86.98544862514424,152.8448253943093
78.20436106968779,180.719998868068
86.10267329872089,181.3401569405757
128.92770730797008,12.036221000902929
18.56904027393221,64.66502029706083
173.87086485755702,142.34004013237498
113.60924311132551,136.8006115799804
10.129736808210763,150.69959394380956
38.51134382351941,17.16943058198477
72.24737172382427,89.29619184851008
34.31675733625247,32.55840869876389
45.35422136685149,56.34072839520987
10.354500861419176,82.1923334356378
88.29310131136864,130.40761692657583
181.1760481589519,100.37087711185758
95.92009087162009,150.8223905491397
121.16124696373475,75.19423736583765
184.95384920191674,92.84971590656555
136.83956107934887,7.523086025105132
172.89455397058353,155.70174176424595
75.94760336462977,194.00978463644032
113.14569777482534,92.75570586873216
177.91105126649666,184.0846622687238
56.263351725465064,114.68832322244663
159.12369970258655,36.9438190106605
23.710820052470446,48.238915023846076
7.050906645428917,67.37729802799973
50.24653561670762,13.546498180919796
176.16130170582701,188.64743468356048
137.81922238395512,177.2230055455044
114.12378643620764,34.703293211389095
35.68894963106179,31.42118682595538
112.1029386837906,125.10608100891243
50.915869583383774,55.23314512047353
28.876508905930187,129.37119130041992
61.80720225769203,158.7503131917485
102.65619038726217,74.4556637485935
165.32426713541403,151.4589754414875
61.759720116812154,66.91003178429823
88.92124716796418,174.91802142187822
70.87039711823526,103.40603871390798
64.00444617201163,88.36006948156796
36.176187694128245,141.36200435155243
21.246113508732588,131.08718712709353
115.2521323870498,90.34773137905812
134.8762808745437,20.07370536558696
187.50423450765655,174.28358141858618
151.81442123148696,24.63455702387141
139.96929645921088,64.6622882758643
22.776501215621188,156.2980663588308
6.689677040409956,96.12480138774946
145.19484999594437,7.862971649377712
73.09164253844672,184.3887402844362
94.9487847883739,192.45035950775258
8.609208020715725,98.51951730995289
49.86624028849983,17.84852974202517
29.1587605382652,105.53214978434443
85.90218347858756,42.36703126682543
134.55052427338475,141.21153676827626
39.083696398415206,156.0091107322497
172.82521937125117,17.363071099856356
132.35634405926962,50.92326929531034
92.75864906982777,64.08062283775399
14.206269121655927,137.560921236371
85.49238064160947,154.52078835110646
75.16653643616687,33.72925604961205
50.83654333652821,144.44160683422717
53.24910418646866,117.60913795089544
67.17339115760721,134.2044217604259
24.189127744228948,72.07527002494268
62.86844097318324,108.08623524578333
19.752779782967785,164.00012001226403
12.442391227788708,10.602606488373866
51.01695456294942,191.91299236925965
79.44564254006633,24.238109575168878
62.0840704405527,85.07554935870526
17.74740674315948,136.80057943782865
132.57860565413696,136.9454052717779
171.0708197511058,164.84878158098368
174.47549421734405,79.06135115625415
136.27346088117733,151.89403312655918
136.50433076347673,79.75411211264341
43.765893326322,9.018727423062705
196.2782375329357,21.927326470823953
161.70449275590207,95.87191101674738
138.37490290784447,111.38725404591523
73.2383676063358,118.52304354033424
105.57381682994394,181.27300068339684
72.05899386343297,71.64532290235499
45.15786349327324,28.237972002754045
136.03173705938843,142.11761132599105
40.771527126134,165.60788232669387
8.13119281660907,184.02717680166361
83.47952073469682,38.583710082239016
153.3811954791877,6.834420463163703
144.23316258682416,42.31271936168412
140.59968813004932,14.41368336498606
142.00218273108484,97.52888830331753
95.39196477555275,35.74383242582706
52.51910548414166,38.143640852255004
62.111482092316905,98.51245749532656
14.283626031018603,145.67314093975136
141.5994585942759,76.59378978338158
116.32385834225056,76.30679265488413
119.22953698272119,8.92867999435665
47.21247933419968,187.92391284712983
163.21630042976807,160.7149625378009
157.0341924580408,139.8314512346963
22.221020298004746,149.1442119695227
191.78654541056505,72.93496220062315
195.94231519260745,23.92319791552669
63.9714243601165,178.359184584303
72.7059581245121,114.23245071870531
176.37534272000192,149.7225744456807
192.59730310242662,26.966614194403604
85.40514020209217,178.82591205440838
188.31489909682813,179.64614574979439
21.59432298504377,98.39837903050169
22.07470451424154,167.79146499904908
50.95408949438357,63.846790704175916
50.806711687405354,149.6104711223183
99.27853007565241,64.10505513048702
112.71139829239495,57.495124515650275
132.4003149039513,96.96034791036581
74.6228003164798,16.699706985526014
78.78240070225999,78.02073509776864
192.1018632513219,96.64300478282674
16.45222946435028,138.46184033619375
23.212296445504116,190.01755121291887
10.591557934848156,24.77772240064245
133.384422319494,116.16014133835964
188.12885625253364,9.327015811840674
17.532374973437094,95.24577867751995
17.204975100673593,175.86838280603322
37.000336262426366,163.79502916860693
72.10031452916309,134.03164589299763
183.62042418831348,80.07893120014172
17.951627735746783,77.47952848162873
101.89076736742591,162.85393369856138
41.43402769172772,190.05547185275273
54.066473664991236,170.53027998288314
46.71841571685926,130.00424557462154
139.39599173203905,43.09084581970022
27.697758583413997,141.2749786640133
180.66532215974118,178.29188131935894
95.09672275226747,151.06226296658673
75.73919360932388,33.053638242109244
21.298445151140612,184.99506436450105
136.88769177457206,156.7223718091675
103.93959048617457,23.356321923813546
90.70487392318448,74.22715919956049
157.57882208299878,142.45976061128374
11.341500498546921,58.948685906689825
60.52683616462625,195.58466169545864
64.62976665480215,167.94348915152497
42.36460055182913,151.4551257208587
189.91664873770878,72.24696406827431
71.23047874517721,37.8767186927922
178.26611326940213,57.90408826932147
61.21842517444258,101.54924094625316
186.28511014975166,191.54630377264525
167.8248577443752,27.518711776930797
63.48103248106356,111.46133095505398
7.6231460913196525,64.96279794765647
192.14731909717966,109.58653720077636
75.91014023884617,40.822922226079534
136.02269617603417,138.1212783623409
170.75169063630753,22.03780451708209
49.57093217648494,52.276947641477406
112.96235304460848,175.92472574969557
115.16547037822461,147.12801379171466
33.147067964052916,178.7463506187467
170.1604702338341,189.76466634892262
188.78117256198,15.020520423032533
85.86798720407909,143.12347440207066
129.36256810512066,29.268496264345412
138.919540985568,56.372497286463954
17.84698719829225,13.824981105833798
60.64040462979677,20.598967147113004
159.32363724590172,96.35685107659988
26.57985993590029,66.32616337009178
6.924848867244805,70.7456146638065
164.11496990246462,40.36710858360307
9.818953325821505,142.36918440316805
122.20361300135986,62.85001203076371
83.07010253784382,63.39800284945544
88.62063419519943,175.1622043107845
103.41474152124228,69.50006209408842
160.7750050981447,85.35661365689678
57.104459519233565,117.88758100954158
145.72484729659595,149.46013011356933
105.07054568308126,93.82136527153148
167.14331076358343,67.62601215283449
156.53174548830046,42.46934008164262
131.73951022712166,177.81989191060526
35.31887858813716,190.76867867762036
191.04873670540368,161.4219290991669
107.53571972836936,111.0736107362022
86.36624188283137,92.2011454053495
171.27280076045957,137.96878528559657
88.93688673969805,38.14435268619823
18.12203002833753,147.71381643601515
54.11044248840868,109.35623114970868
189.56881444831566,94.33273333749715
87.02713977958896,146.76548143899925
86.39396368670036,92.9907137330916
91.18607154924906,173.54027782589915
16.830000384895445,24.98811251196778
25.151000150485764,167.32130896468234
37.254225463081774,141.8775543875855
146.43984983091585,182.75705983101466
63.521312390045054,63.51370465382662
18.172899029271537,173.56922275136452
93.61988802005739,28.02496734349169
24.81846895485972,83.78921908855118
22.99139919551675,158.23262463113912
174.023527973651,72.88058020750837
53.13727756475952,115.30708437871361
75.95080710188806,119.3027638415549
61.34021008321875,153.21885638972674
53.580285016781815,31.30946571550571
177.63350450291998,19.35003427117089
148.7820402968271,186.15154981765951
161.2223447217113,68.09864565298133
155.9363612090929,152.7444400122289
102.11317212572187,150.0787006377606
147.8384929058997,7.849579657974333
180.11571802721977,111.1252970262046
163.59302116182042,167.614089590647
111.32329271953151,72.10716057772878
23.630595030557643,102.05628996819527
104.49262888023233,59.99428177592149
86.87269628911737,35.944159515035444
138.63775307036016,189.89434149920965
121.49685914715207,8.612921303896528
32.512014181127014,180.67823098875738
20.888458978257272,154.70528607186222
61.82343128703394,127.02333213631744
71.26212722856094,32.80815848049246
108.17588211125857,170.85132914153323
109.51637025086885,33.20119558152146
131.7504338469176,46.364768631606985
160.3091600142342,101.59654567108102
150.7885839261305,183.7813943044298
173.05751418313457,43.49625272908579
23.773314044377408,23.605642957531114
40.48912349701398,28.633182422751716
150.8284284044153,6.142910756107906
64.01688947691183,40.43807832433204
45.506326841435055,50.677009962195626
180.67796228920344,8.412050381449786
180.46605301329117,92.63116407482634
53.98847391251892,70.55329764353998
14.2947344050056,158.80622864528192
42.05327097113373,161.78443547721554
138.25244882691018,28.174922074204385
142.73328450114644,178.5659989559218
116.4044508982311,54.674090173957744
190.4482367239866,160.17427974439164
24.475390064247417,66.19439321612477
159.8947564359253,115.74983648492223
179.7304651498951,185.57647462880814
192.80078185672207,97.61847085469033
96.64745611430332,14.325221367243019
79.83308474944802,30.87331738250116
131.58442949923818,153.62403336493867
127.21432078720225,56.010986125055425
10.93231442983904,16.114944004888823
20.224759220751704,159.68229289415333
160.7328288110871,34.71742826082855
53.311725732635985,157.58713660877092
46.204937290682864,113.64534804709933
178.88885143711047,94.39115196219052
104.69145398721862,125.43887592782622
66.95606149123037,26.988076307070653
44.436973670564115,166.96417126188794
93.83270177629409,81.8905507189424
82.88704141608662,187.06066433290732
183.0932932735719,84.86917928404165
192.8114656523958,50.3600691137974
167.0719929865161,98.87804645045408
70.40568527957414,84.5068444266657
8.585809460264581,27.864854244741604
29.931632849711733,77.69449315304261
65.80058458874387,53.00820475780295
80.56409739657563,114.89294663976888
106.08794753575968,45.701717730505266
49.404487304388,67.42035376194555
93.6619866667333,40.08457787576022
40.7727432527661,187.19198373346796
9.916712917870592,138.47795737095802
170.28171126559926,134.8056474442931
81.7237887367916,87.94629436382122
160.13067434206258,111.41611898480426
140.0848459516334,127.6608700742668
187.07632208910917,42.57102460920142
105.16415310771106,115.04730455072422
117.21799352164275,49.27471020612639
68.6607486249763,96.80699245229376
137.78062046040577,182.1606826489406
16.896634860044976,135.42541746649005
154.29611670052307,168.44988531730567
115.90531101138262,139.02257180714994
53.98163000870466,40.70785092061727
38.532454228684685,150.61286094653772
105.22705354917488,78.26841824589273
141.7623172116694,157.86717962221772
77.11482140766589,150.703705550135
191.67175985208524,182.80705835229978
169.1007879971474,194.08029038440586
60.593175681966535,19.10373672369391
179.55109269804777,60.98624424934675
104.70392278401798,194.97056881298363
107.88600455346973,70.04072168675255
171.9937361616314,88.32036029106747
175.82445937056252,95.96083860777046
137.46596366156413,5.278525285466736
25.39964599620224,35.54844733508195
158.71700259979565,38.73404449462945
160.7020036589577,162.02211527646418
28.08108072978467,143.178350770422
99.17874387422498,38.07750910843486
66.40148378043584,11.15228490503999
76.75957236521616,75.8770285800014
178.98933299774845,80.72612546617768
136.81012274336592,27.826058806938633
148.00529477683577,30.953902709347634
78.77859702137299,167.9530542731617
177.7050856369967,80.77871194699725
106.16296351442195,126.37839081551853
60.473203376911954,122.89561564326367
158.52628415715137,107.72172143282965
149.0311257642689,36.65097393305879
158.63238932904216,103.42098199908835
47.56539589367079,9.238971229389287
102.2545174680158,173.53428231748313
175.94113910520554,93.77742506313552
119.45522105530445,53.61228258661383
101.14234529522824,117.08902510838006
110.22194801473277,29.372211764240248
179.96903401251004,47.45901429675433
67.80941170360633,193.49472617176866
117.63264050251254,66.9479071917109
17.30499349042935,70.07357231077998
123.45181433869942,15.190391151083805
156.79556587604398,22.40322662550308
6.91403834285944,149.18470385969738
185.31053948357686,145.51342679331017
192.7718221547403,147.78491653958196
86.36721986625362,115.01820270365812
106.10662859103556,36.23614321824673
148.12633102396666,167.71703740036733
49.10904601106411,6.809564173974937
65.59812174577671,127.75980222015247
151.35245601557975,158.01039701681358
61.717876208364146,15.327643490062016
191.4821037855231,40.7194849961739
150.7238325623664,9.418990944376521
180.04895560205227,105.4375234378783
65.43768446067276,176.43058973417328
176.01097705378191,33.84390704246912
90.18784528921935,17.01824902399481
8.045922841477756,52.96085658492019
6.732831729044011,148.4729842772168
135.56538564659792,183.8997603180315
77.65717187326686,52.535933691135405
26.942972246151,42.18303091592867
25.08162902606859,12.262565448616968
35.62330985917973,122.36085704015747
6.666118987941742,194.42558762845644
50.18808712472777,170.13309075240429
55.504671629518015,94.82398168076179
100.17559309255046,86.46159658734219
101.09899301453609,195.56197689369793
141.00028479901502,65.44162256925911
26.382994739947833,44.648850702090144
112.629086458367,86.67731273223356
77.7899642227121,122.16611598111928
189.21925039596493,81.86266833965782
119.2962160094435,21.42646166899772
60.69718447140473,168.6845003200251
195.28450326690816,112.28033103841585
32.70989222366848,156.123390850461
17.696388584295484,181.46208420942114
131.02432715098317,27.831058339431884
164.44286904087127,48.533787115584325
6.953022731777573,138.08352323229718
109.83536837643503,30.950910139447686
167.3047061392449,171.10829725984343
36.17107983325602,151.72008908671958
90.50477421944207,172.77841789443957
113.43312673540149,135.3285265354512
11.681300816299148,196.9152749563379
176.53527388773614,40.93452598232818
123.57353300040212,32.20997749087705
17.779211993372055,101.57241348797253
46.95935501407426,190.68437984904406
70.82321708484095,177.15374926264244
76.80056493374529,34.25371138382008
195.62729672214846,133.61548065295116
26.78972909613148,165.87668319836044
46.09976699457717,18.711054605410254
84.98449346178656,23.16314726893242
94.84005885171557,32.571937862263724
10.839177764138784,52.95565542248837
107.67460651641674,14.394062283908783
39.0568785736605,19.17851544312284
64.31245415074845,9.663032414090338
183.48721991856044,176.1677603272773
150.93700636565285,14.63119762514208
191.82758632924143,38.64244714323433
135.97341901013223,114.141471411767
138.0820796976145,142.36777002226768
172.1645876948707,159.2168594296385
58.23463506642753,160.54155474083714
16.178208333530012,178.2185403774188
187.67385510022103,178.33236663150265
99.20194737338113,8.556169244619172
23.584096932829272,67.2678276748465
178.83983239333185,42.34094754008611
86.86150782415012,139.85733842907123
66.92904658822663,52.28614504261562
94.88810005747771,160.94334582966837
57.21151085197836,96.83719042595735
157.21393696178114,100.65913121488296
75.64770546330878,79.75776755850197
82.66637818991843,39.660434820660825
185.8745838821977,112.4307434642547
60.24962437315284,134.30739282494136
31.09298749210682,32.61947855651103
115.80269764173784,176.35534890343237
103.88557662549461,148.7333946770757
114.14823187020671,156.23717733325418
111.50454640939057,87.02255799109555
15.699773344836073,163.62552525208883
176.34604291407703,49.87658168296934
14.89205180173007,61.88468447576916
146.2083351737525,174.0533723489526
110.19828102868267,159.55017254414645
58.8201709810295,27.022493921585987
85.91825458601757,157.2753084874586
182.3998037936616,158.68785205851904
176.14099581856374,135.6360839022447
48.018947067023724,77.55620401468597
82.75554195831288,90.23415093850281
74.09002845234487,31.482741319459887
136.09369473826564,64.24892184249197
46.93835155141098,43.61929117056454
104.73150596602969,30.174674310038856
25.23575554155557,56.23453357112353
148.60736634517932,138.3980317984615
23.37879502193981,37.42866729976769
173.05526942333543,137.93753469536318
146.7371466632239,169.4238250863868
182.63758973544944,181.2793000459957
63.745325038935796,58.271270607802094
51.41808854316881,26.93691796033363
17.983039816571335,36.60742643050878
110.16975387611998,180.7401134898707
93.06866871453681,147.7844504503458
90.5199705569902,89.31812262289067
43.73962197669976,190.3340756895627
35.28543097368157,8.44206761859096
76.90890527399917,175.54976462040491
10.236981093112158,123.5756607769019
184.16782210403568,64.94820088629344
7.7646427372766595,155.76013446191206
93.56496584427799,152.10333355768765
140.65168529840955,30.263423462723907
54.62294658189041,105.84789869221879
116.95956445153037,68.5812472747144
175.87597151867104,52.68704220259818
78.10961198272022,112.54301115463662
17.125826503644863,89.25150232464844
69.35360434317512,135.05352366036777
163.3530259242162,31.976175270741454
189.06427804160413,7.060745679128611
23.137566459790495,18.437186171092023
72.21535314320295,156.44500091035948
12.455883245678596,136.57814250492433
161.0966459694011,94.69499337152607
20.77086478653209,175.02092982732924
52.18409991220732,105.88172024932432
21.656495943283794,96.10082820391301
67.12806859572665,120.03707272372604
24.6956752789424,91.34275282327701
55.3820727932454,158.21593712252923
97.11355572185842,173.7235160682074
123.65507482815904,81.21673338026771
114.75252970844461,164.82622431170813
17.209087627063276,72.32704841723069
65.06653842641182,138.69436500036073
160.30790987212043,77.8771720307573
9.760417596073648,21.431312780129492
183.8167211495944,183.57277077391308
162.0632727460501,135.61970971198684
193.99581854682026,11.778689702821364
73.89884614674915,81.16700022384896
97.24694306862038,13.313139813430208
114.59725907917854,71.79880920984517
168.74507535850867,161.06734102299498
91.94212059214415,194.3917419094383
99.00132428595312,86.18200033417433
133.0485107789158,40.723215298933276
72.06416086934139,164.51266568245038
105.73417188258884,147.91874206445388
56.980131053675535,176.56656731063262
183.07219338871246,16.60244158699456
107.94517657013422,46.92833546525353
131.6328317551313,62.22014623664057
16.578467316662387,153.7659513816694
139.51502234874212,171.59383337817863
82.89121433642043,6.964262381173873
135.32802155286635,70.84996097832914
12.532958461557355,45.41738529464034
117.02034822412175,11.7333851044058
175.8663039663331,94.99228654535133
89.5345739311074,143.47671788351815
81.10851714558642,89.18019983938353
105.09400435038835,193.5192224549291
196.03152329229272,36.64281842845538
27.72424355470456,20.647295729644274
167.4053346086552,82.02819438055388
97.82656301619278,149.68960686535345
69.2299928148729,120.28988537669431
150.84351285994362,185.93771722915213
174.95412869997398,26.287255965960075
158.4552235378393,153.54926422258632
133.02088599694963,60.9825380237248
20.88778353009107,74.20162108715849
25.59732816862759,60.537965206101745
180.15721189711067,147.16879639116613
190.00820904446434,72.33738663565504
75.37213507376676,7.494147213721682
66.63175487335441,123.49597604516798
136.72080413716967,158.70000740687857
74.46824917756838,65.2806540088397
123.65305391182544,59.600591839654314
92.23721803005137,158.16209491081224
49.7640251408489,38.58702790965025
178.67621483294,112.98027316000548
79.74656514134065,35.57982669871197
144.75367296291796,154.05454443888186
54.74026303479618,160.13880811153848
71.55062131692823,191.53369385967432
116.0188479630114,85.20666284203949
44.657313334650794,35.165303584611884
11.181778464067579,190.6516446010509
72.9960811662247,196.29314079248897
54.2233419529062,69.98214666221722
27.290190067489746,95.97376097042623
160.37571944242174,58.4000376486827
179.23659739612614,19.802665981377285
30.00961451204324,32.18641296277893
91.87470310846855,139.50331167859233
175.20749603583727,71.19974786055252
188.75583429913905,168.02685003398082
160.2116632848449,18.178763760411453
78.8010638707111,181.57384241557597
170.20019319714604,17.213429995755074
128.1390000646941,30.60816121111701
21.457011920235974,104.44737097158068
192.3642551771801,45.27123649719249
194.6858844712462,116.35450326800444
27.013671907431913,23.874343628382487
125.97473793850142,86.1367952344159
141.1998030956338,116.59359950825626
39.21836370079422,187.6110570111672
141.5196901598604,141.45506049320943
23.02557190126007,148.242426038581
156.3250698031411,159.54935263977666
157.13888924154833,141.69143187799045
57.69041602008767,51.942716931650004
103.1699696552486,30.04400362562125
168.79482084769964,87.44026958473808
78.30930788604236,20.531958814851684
113.74659978700102,170.7439032145604
22.381546005310426,57.622860801501844
64.23917979968589,62.04929437545826
53.800825947288324,37.89598062192374
29.479737437351776,140.94230332437118
14.06213628314317,134.41424111424524
58.600561922529614,29.098576123076157
25.849698206717495,77.10257375278162
92.64019977921066,46.99374727560282
138.2780013471489,44.21069008297207
127.88933875913817,67.90959111703266
36.63846783972747,194.03845213238574
16.111292530739224,196.90131261413438
187.1196490827751,28.35169330167064
156.00775949870513,8.762180342140638
175.17990829167448,196.90675322290468
46.89827065602323,132.38528504196142
183.8466503926886,66.07906207485976
75.9566862010394,121.67455986382409
98.19783075190855,112.81425237613271
25.82475338140364,32.476257494151554
47.78508195059291,39.65889840269821
140.88990514532784,109.8666398915773
27.963536133243444,188.44612951383323
103.6027667312318,180.12238218212374
138.11067142307948,133.83107491449053
133.83377736455583,102.54216493186131
169.66251242972197,45.79136359789545
156.70803233574097,143.72796535511972
104.10059265489248,178.34153158352294
27.498052012350172,73.94639253018399
152.59285638830272,139.0710306707978
140.13582578472534,125.30941311820897
38.973572590123695,182.1054620993957
182.46939631176326,69.38061982119049
176.1720539204136,63.60506292895998
172.46111681465018,49.10643512782777
181.58576398866253,38.20145294758055
82.92941058068924,89.39428353504907
68.76915730560546,61.663516854798274
171.797708769948,180.26586194827948
58.62601288373665,191.12742864949584
189.95214282157747,9.772695150420885
14.627571796524695,14.480707091680001
185.31002249627323,13.05581567127822
25.860266560248853,17.71100798409691
178.91296426281355,183.41574773802293
76.82175404437753,164.5728582461032
11.461978710438927,14.789331617036694
121.83716412598972,83.87569307256967
114.38351059469007,75.84947988147172
66.7147077974155,139.44303082704434
148.85464912360447,159.25933757202245
137.60804845044578,77.5750454168213
109.37329904841266,23.016019955509705
168.21379021553145,132.74520659829884
110.61531415870577,31.21531486301363
9.273533482250642,101.6653921550573
50.227719525426195,154.155195696953
105.52918177024188,14.235619568494023
29.009682160608698,30.185988754497178
81.33892069513395,182.91112694688752
97.2143859246634,182.83731666851537
69.4849524729287,18.559182639579657
188.60293035988082,20.96651874411657
87.17128197943413,149.86418928891962
167.28752057839412,40.391520747125035
101.89230609661354,126.50295920509967
95.29396051720227,189.13637128750497
94.66504695083678,28.019941827712717
140.76342476474875,109.6202838094067
143.98663576654923,28.083701873660004
88.77661894949989,48.56220718686324
72.0718571118201,172.4001723145646
135.6985620912443,97.86537568026458
14.677905173868792,76.00844114510538
52.788828615636284,117.4134980442214
25.900290473530028,196.87098835332415
153.02929848837442,155.03819463837388
40.990001219844885,21.52097299070121
34.545164599783924,158.39775799411518
191.31771868598898,140.1475883052449
15.944394312205059,151.2729950206467
182.03069497408728,35.88683648158745
57.486379941687844,78.02638430151826
137.07209813444214,10.08437813297097
9.208987566594349,23.976027199313013
132.89689908407627,157.378702961063
189.4437434587112,75.85041315623913
173.54073336305441,139.42795961246196
139.89489202651038,108.26033133088062
177.99111923630707,63.409008317760424
97.97279622673142,85.17032008264003
87.60509222686467,130.30710698776488
161.32525657305158,182.84931625584395
167.7520737568496,22.852549659448176
22.75597720937081,163.67682903519758
89.01121252383005,24.982825460278665
80.5708183273816,69.47720441922961
33.213262317460114,131.1705910022408
109.83695015644972,19.210618205272194
68.9484589416561,16.47935720400375
139.8449072122011,83.66797151910397
102.03187068965521,126.39251452383289
109.99753302586359,59.536523506119565
168.1705447214449,139.07737503797432
14.186066310181989,12.297506456976997
182.69615383505754,195.94083085411083
158.4635649444462,70.26043492857308
32.07842756504226,24.560872922530198
96.59420571974148,71.15950625258357
22.694447467716575,159.84511852970905
182.46281597807652,115.50947948677312
95.79207461029156,122.91049597165785
189.8278755469553,59.63517148324241
6.933898741773857,98.47550799756628
64.73280462340614,64.18539726766855
68.80727774421,172.29960138632882
70.09863679168927,97.29798707208126
64.0601502042661,152.10261639955505
34.67122864389234,147.14944322241848
12.627970183077858,37.29980670220585
137.55505045710245,33.5272282040397
7.386214920493563,91.44595860030269
107.60078437684292,183.751831361597
112.06377374687564,13.219239532068372
99.61781677866705,61.362888117162
76.30061016316537,77.17795494320174
83.32683028835545,182.77956210191573
171.2024646982768,132.32719136561178
144.43883728917135,136.10439886165446
132.92662864146058,171.90557567744884
69.02414258928908,44.96492890322607
130.0087725343528,54.35329940338038
183.06316150157105,191.2701811109031
93.14324262983872,49.54095645036588
35.846514850011516,170.6959377201202
161.9430897059094,17.11011379883535
61.03646846798349,87.08567947295708
83.08440652510485,133.29204889532778
142.4795486720326,134.82319583748287
80.25868828890242,176.08164720622938
24.006242719828656,179.59599936344375
8.456588961518529,35.53578983090538
5.638244493462974,24.538163056678165
56.76550343414562,63.70577236494171
179.6035625857167,167.26831632300045
159.91641772936217,171.6329230974356
146.1101706411433,166.4790397457049
152.35739177129045,163.22853521810765
91.36835511495943,87.34757409156704
53.30016138120651,157.61895326943224
8.782448199687279,190.77133963914773
135.37285676095883,138.7030154119076
107.49133668097981,138.51143244692804
186.0059938677487,20.32516345421511
126.27179684161716,40.311544883125755
129.2017785512112,62.24083926978854
51.80742085383226,133.3084391535791
88.08204186250858,71.45548884094475
190.57498836066483,172.53620441405891
69.81930749162707,45.02248675296755
23.096242785786284,171.16774809265496
14.00382347346374,29.39250610699753
24.40466351323356,22.602493485658705
8.02834731606387,184.35009318800226
114.7957383693881,47.528208539648325
134.72581612180883,63.009687745679
192.32403732423933,36.61222834369374
61.785636240620455,31.69925143272707
171.11619032225337,190.79411124423382
168.31671811336028,116.3676646719522
47.34699181347979,38.517734406434585
143.97796598483083,167.23054872128182
56.055521136034265,138.61580182929845
128.88468830615332,72.8693769891894
119.8541467779555,42.02304769142122
149.82793123551468,39.14195690031289
172.52679051181104,60.89993077899178
128.09039282450811,47.550818492303
186.73516955805334,31.94098822353257
93.90965313665085,60.50024996072788
63.6924369121046,30.212356191637404
31.107757977123818,141.8564702867969
49.34193921653348,78.2132979783924
4.991955024745532,11.440074527852891
157.77450572747884,110.21927967937779
92.37892623814203,38.70951333340594
28.46728419399009,153.8063049416835
185.07193950278696,149.62842694706714
85.73316738282904,61.85402360222758
96.32795742103151,113.2328351144564
85.95865348966767,151.8657421066518
38.58371012873851,169.07597369069796
30.28907110377594,35.30622440772942
146.54605229939864,147.8808543029177
8.016688114632426,151.85453566675622
135.91453642410278,21.00918912498378
134.72726890543368,137.54456193309235
82.7447777221901,7.207329870735442
99.50682458960028,5.594979461880364
115.29984624033821,168.0893745848215
16.381288413150582,62.57075180296901
164.3321955993549,171.49891670783094
148.71822675900154,194.47525799451483
21.958268308214073,92.28975554050632
87.18612312067651,46.482871491003046
64.75298815814271,33.544905317565195
114.53458166496996,153.35935831995877
114.28595308177425,180.9405048321744
99.48086856151016,122.20752186672412
70.68140429597969,102.93144995474754
61.244055761273,185.86236374377992
147.14278112624734,166.45426341624633
15.831487836847103,134.01720115983076
172.60295716042145,135.95345912246614
187.97011019033582,132.27424695735715
50.17687178911607,44.4143329302324
10.205184382917727,175.66168895244024
11.747328430589612,170.64896962696457
188.41014256405532,134.7373258310247
175.76379656322194,191.86220374710814
71.72593683053958,151.2538059562282
72.9944192464602,184.6438447204343
145.38460495516713,37.618380927954185
76.28091768295914,139.82011280314237
82.72578902446031,33.15969966317456
15.85738231607947,193.07052273257486
132.4221680637381,19.027679804853733
83.79239845481099,129.06113427240186
96.99168051995207,141.5103402029811
163.7044362406783,99.76628510386624
77.28324824561459,187.47386007143197
136.4985956056274,55.52896040630405
73.06883671340277,93.2845872969
137.25744695797516,25.202119049696122
166.34543595148045,97.33796872489242
56.09125749437679,122.19404653872661
127.26204935309559,59.29644008575461
155.4032938629964,31.887178072260614
139.4339647259933,177.86359207609408
10.155683596007382,188.82661859762953
185.89625948467813,50.95324487465445
23.151130491173177,38.10219425715799
48.17876725012432,10.483174449000456
72.6516690309489,33.87898295004741
159.58735828534248,106.63506438048654
70.02632173893763,42.58273567632543
103.36905915686877,130.87185353156252
179.511434954522,86.03408502639216
70.36258262870203,114.35455802876893
110.23288751763424,71.00173813834746
139.95446686882124,74.73470720476502
191.8812019546036,192.02199337247046
90.91936303334258,188.95553439586627
174.47303234131246,136.6941873673926
108.36948646655455,177.12275622809094
106.61129182001207,51.220591546333566
12.519894944843651,163.73490658133454
13.815693514567792,131.73266386458178
92.99286090467828,55.138025072385474
74.31112666105955,35.40416605893581
173.57501051603808,18.308685932338424
27.220727962410347,128.78431333387908
42.84202259376764,154.52986449314497
139.44848115033452,55.80552335745198
9.200822830761174,173.4474244484775
131.20899598965556,138.65444921659125
52.72895671262556,11.649187616042797
101.17290765234817,170.42462346749255
73.1300538114297,143.22943248229345
158.4721738517769,42.2009812882627
7.171554562039867,58.983335348533174
16.63791878340983,128.1402143939804
64.67090142584696,113.60350498214963
96.08987244487565,67.26004849129716
103.99171867242421,132.36645690730003
13.568444777402672,15.284623673439375
104.0860735204617,132.65444281801965
77.02655271665759,156.71800650325707
56.60452612750658,30.354263771105213
168.67345910128762,16.390552120885314
110.2354857295746,153.47188066109052
158.93968007546664,158.3497453337159
160.4935446517469,31.05057136815867
106.52611387976705,70.97473626653408
187.06223566786755,71.98660448173587
74.93973238992433,62.635888029136254
88.44374981434069,135.1178278409663
61.624777735924944,122.69781188629332
50.666032069075584,83.0775387574286
71.96510208566141,33.32682137812073
195.7786425560801,82.62118662651791
97.18739171297585,36.2531761534599
14.733805189105272,36.72031616642026
69.02129049487392,30.2475315250548
146.95006020576224,159.51271690550118
173.58308383376487,22.693659111498846
194.63530638673623,196.26124363819875
15.419874790326972,131.9775505941652
14.44329621838265,15.33927699331471
80.83516907351255,129.5192459608485
81.73676582731734,127.2862659718019
196.42148709095204,30.970372752889848
13.396986995044308,103.40101899165114
168.84378562585576,114.40798245493835
120.92149167974169,53.925875310179876
191.24595259990332,14.31660426371
137.37194482501081,98.56893318406269
42.43848880726482,141.43293306612946
83.82563697533205,117.48501881146042
64.49019459799548,118.33841711072614
170.94787893755614,157.55694473119172
83.59217618556247,159.23566280111615
118.56907225746858,66.21971142112673
149.4851349593725,29.043410062394848
112.61367564524214,88.11079455735214
58.7039871302935,10.754845818563412
156.0094946537358,142.41861010521075
23.190390428008165,141.33140507439802
139.6299903373792,152.81053816320787
188.2720697667109,182.21543434203127
116.23789258951595,19.43803930557049
12.632291373369693,193.7119518096548
125.02460533482513,31.859261742376503
90.6911681288,13.886465606786134
62.22795959905014,116.10019407533613
185.88303561653112,18.324556914277718
54.07626521106015,111.11251793780265
111.49222120796685,124.00751428151163
95.33039911713679,146.1491372793464
70.38974376949318,172.8236384661996
110.15605449722507,127.70964946502333
166.84355064742533,102.94151981624715
99.59691819080163,185.91622384541347
115.545751406953,15.4402698426327
163.4117568426204,56.734220673962
67.79029953851533,195.44863319178697
24.684904089801314,157.13792576684776
164.3096157808989,139.28198032968248
191.62895590892197,52.261614464394604
175.5330106553143,156.59129213922648
74.91886048377623,30.67981475816893
140.14686437542272,49.72989661566211
190.730522726431,7.312109426643254
49.65188811331909,151.98879158776043
20.68839884825361,140.38364530196014
7.598026766437697,142.27091684458094
85.72173230782225,132.7233573440856
52.68179674514545,175.6282366012704
194.35004021602757,61.561302321747014
78.39948064766091,195.7947664489925
100.4011310543719,138.00359314829794
149.30464190818896,142.06892932681123
124.9315392306391,89.40746062543806
178.59335306573973,164.66102558013344
182.3461118689743,94.63427938674978
26.86555873263032,171.35689303150517
146.406773377176,36.184423322227474
42.96888889244097,167.59514927158338
104.93383712491652,78.257001986707
14.023763977209024,22.121044842263153
122.50065292268366,45.095165030528044
159.57039027148224,97.84613923192839
109.11037910325928,53.23732910064547
52.41556761618446,131.0625136820027
22.29050256165944,155.01296400655806
25.89488802878001,20.304628824192218
75.16055598235113,166.06366138408617
56.61708140350104,121.48700645839114
82.31697975545372,144.26674843423004
172.6048782366799,175.2957341056828
18.496457573482452,22.00977193259586
181.39626316670854,9.850056602179615
59.65469190307418,155.07218562749057
137.97849253334417,83.02358386725581
170.9894741761017,59.967730080670805
96.63445709418424,55.41078126493982
161.6399057723231,190.46390633987997
71.4999347619238,56.4185202586205
154.10990101995483,15.449374056811838
107.32122493574306,73.83159427551841
151.20547341694817,149.17909882877282
99.25424428842518,169.3076607926602
136.11128790881511,191.4262054864688
166.8159141438251,162.7938266072867
115.25306495779326,37.54588991408336
78.26996176124331,179.4988961777039
95.61061550673904,179.4895634480311
46.962695239090316,196.21019104018714
48.7652065215115,122.29637809990801
70.746333304868,34.25553658702304
161.19254331861003,113.50645112326099
18.89222422832205,17.826963650752166
101.34245895001163,188.80180269148127
26.114722077384755,86.4707910602318
57.96375631695854,24.99569276333635
58.56296421027144,32.030054681012224
159.3566075528058,160.102464266031
103.42724636457372,127.83596665110153
138.091566309938,8.159657405571084
160.87288557891983,85.41145957052865
74.29389440047939,71.25276488822917
49.37288751957379,52.32150963492052
17.56231029089232,60.55680628267636
39.439277884452544,182.353443021586
76.8436498288666,133.49802325669165
136.922194198832,11.896867339036898
91.76405074972624,167.71857857030716
11.87329917180392,103.78854022309004
26.09930824465157,34.9822884082369
29.127186800603404,29.044167966633022
159.27861010233752,173.62843679855004
16.555093819915253,85.97724657988083
190.2080602981928,147.8691330072606
60.49840348636874,177.11750922715171
33.789899255065315,27.742074597773815
162.72969710982653,23.320724661126977
31.68371898565099,191.84071582036066
55.08318051170283,43.41805910087374
110.89278784586163,45.17645537790318
175.8530395359396,58.14372919562367
117.62538576120316,84.97217562475541
180.3463161534305,44.69414176364222
173.05266553210535,33.938140116395566
127.51788057611289,92.82878488300422
180.06824806330044,27.405759829690027
174.9837026279277,100.36579496095544
154.34748746085236,22.586280987582843
44.11861041247356,14.379044685352426
99.13873197773393,170.45256832351077
83.04266628482713,80.6669559428809
73.35460116942043,151.67659690982975
182.91854487894014,23.107536159765022
74.64959764376611,133.11162112891918
104.15247223524163,160.11602535799443
185.3501744157346,34.89163519318168
166.3385175922822,91.33626937297473
141.44980458585445,192.69361338404195
105.40499356195737,50.13661133520075
73.45798862720791,164.93543609597262
128.80026836521068,35.17540170314289
64.19717559568377,147.68147744206908
75.22557433235481,194.1810269556047
114.62944249041223,28.110356717408806
132.1939348386254,102.48073404880265
148.21270984493043,148.98360630507918
61.386059647538616,36.50939606329182
169.02059624014953,87.99652710546694
10.0,25.0
180.0,180.0