195.81375056800957,173.73401272469837
33.70584850077011,156.06120128827214
82.49284351470993,132.57654168094479
89.15661927154356,117.69423578601732
177.35737819456006,36.014249614570176
8.08324912165289,118.3784659802554
10.22072887720019,164.9776293156062
26.26346329878492,176.0110162713816
113.86932539035142,173.41232802667676
83.08484447210385,82.97331819411407
95.61651381653132,68.6048785585645
88.03452061679897,55.33326254573247
31.25289213609032,177.53450738583305
191.8844906244306,97.49431996715832
85.55455039206099,16.11660162925019
99.09753315698795,126.3023528680333
168.90309640774205,154.80780761613292
82.7059121771053,123.77904468969781
100.17814111494971,61.67020886844995
190.05478062802473,118.60421334818759
8.261594957841762,102.65931777441853
100.65963321291241,130.55758099505493
100.75394988058171,196.88405621713395
182.7266490889782,34.110477217694005
91.75302835489587,196.06148466340613
173.73260708754614,78.43250096407643
86.63750295669831,66.60916547309222
163.23381326050682,28.997329944764704
31.721366100502554,152.9274771808232
87.54054900976104,147.02998063079767
39.37094236350343,31.139770358762476
17.735913557397318,166.81381315141812
15.543528195886548,135.39504802703567
164.39222100974612,149.75759107521256
196.60707596689946,86.79309655170452
32.11471545053853,59.164142143821174
40.21327430195307,176.36322480112187
110.9591759968791,47.72873189356561
95.55548038600257,159.82579555256416
194.30122646077388,174.14040182858943
22.59259363397698,190.28435601748123
99.31537314209586,81.69729974137711
174.2371964692077,23.178018416194405
183.05024489858968,194.0906216087951
102.44743449608386,56.46353097858304
183.11704559485253,61.5362769697147
196.5232263711493,139.71102089831976
47.458757312314226,147.98259022769415
97.2170066922249,120.71537631780919
193.353298009503,184.42299919618506
11.920736715900524,143.26220057112573
94.21959084391872,28.289039158525075
90.93157783612192,130.85187786450388
92.56455134829248,74.63328094696008
25.854987584853173,14.573140584417056
95.19868918963954,152.77903511326735
181.98328321144814,166.28109384679854
92.02807099130548,29.205211183767336
114.73851077916768,34.32410907038488
15.886275396687523,107.27567871269851
107.73653189438438,43.578515509938754
33.701962006068534,196.43315521973918
182.85881941683652,55.960864060219926
87.84813015216244,113.63601799934662
17.65158974038728,185.31356710605445
192.5654394106632,194.3252056144325
14.868611837164677,65.25189612844724
105.96378606361866,69.30835364660841
109.61158580706196,105.70520904710484
117.06927648201427,102.29074264526894
92.42977933712461,71.06866313435268
85.58756904378517,161.68328592764973
11.62462942844638,9.113096077730201
132.9385365110875,56.96484701143565
27.115219580717515,53.49138366975322
37.21861336139898,174.86142374085597
27.42051067325038,125.40780452140135
15.83896366332915,67.95151734066421
179.31161434984213,84.61610818789941
192.24942248590574,111.22589524358874
116.33100867036354,7.701374728433225
118.44824568207903,8.529307923052242
96.93413848706984,153.04425864295854
176.8930318331746,152.49749475262792
14.788869596091146,75.81544954114447
11.054338610520652,97.87216652237854
114.84733008788304,176.80614002159814
85.78769690521676,106.87105533400559
39.28546006661416,167.1454646329669
140.12041046295448,58.85915574043134
104.86345044090307,44.57536128552784
118.05667357357756,137.95518892414768
186.56637845111527,168.22873165377223
112.99167874094081,43.796131491739985
78.96716139170735,145.3901258888101
178.35027358315455,93.63633247083156
94.98391721387021,193.5870719368652
92.18107997135549,80.15979988444576
83.22595844770404,29.411514872791944
90.50587619692416,136.049829909323
19.525475883319103,122.65016223765733
13.022790728067704,58.876969094582634
27.629992369428738,156.9563698652135
97.08363418315207,112.0268776350653
115.54213582490948,138.84905877189857
192.9763805533984,87.55808533850204
102.28408015486933,36.81681398344333
193.94863286795578,85.22319482302552
90.83368448384046,156.0937004701672
195.5834973238579,48.32591390846071
108.10023115651393,173.86134950904497
101.23068397396803,35.12956370895709
22.196450637358577,141.8494652342845
28.01137507551716,15.463239488570776
135.48206987284095,63.836571355921855
94.4440723228509,83.34663794695274
30.994682534126078,43.99653385615636
98.37411680861793,36.908624626435
9.446659392875953,144.49649996591768
21.954589077042897,30.21956584554306
111.28409099196578,74.96254716967516
91.89858695988944,37.362896025193066
8.770431783956033,15.393121639769193
194.23807806677553,179.01397158852885
20.270302610766915,121.49826911292573
133.21755547519854,61.73401017028639
109.67028090096481,182.52576488447022
88.20252625432266,32.34780299950589
84.26662793029315,36.84004401421029
34.144700565475624,144.3477448712246
9.02036686502392,139.87577867222907
196.8201956631751,59.784158874000234
196.18897057615771,66.73310641209574
172.05915314035843,99.80173888226389
90.14155126150051,157.53091578444383
185.75540837856352,56.78713462367191
13.71672783068644,25.00862388209431
177.2105045403764,164.19794299097842
38.94627832812185,31.466851781807424
26.812031113029164,109.24886179265671
29.82862503840864,63.646906090278144
5.1582237405358855,87.1295400998709
84.88132437034186,72.61595425123814
118.96001731877809,33.125100243212415
4.998862649689796,133.5431400924063
115.19732300529974,81.47061743019364
193.06662069084277,120.4337883448399
7.77954521129473,22.513839400202855
118.14728893991871,99.45714535329128
189.0188651598513,60.214357859042885
171.94517749434917,29.755210403193583
88.83830703685278,51.621560870012694
112.62460323852558,38.88864333908549
180.3800670713085,167.41749788770545
32.385807596788254,137.1821275217951
194.03888888784232,154.25118609817494
175.59808923116879,18.817738918246
111.74587850183707,24.44954529621044
39.90087286349481,156.57851614776803
177.4057496031368,176.1806397313134
119.74601026237303,6.0213483906823715
26.47663749831259,64.42185402296394
104.24846492162253,51.60035792903333
24.767050709488267,194.3327037250332
5.906876660328583,27.56917615338593
184.40847030341556,5.971633861799186
191.97165499180548,165.8275369890723
175.9753099960198,165.10693692688935
33.84440458440198,162.90953930397322
105.05521444153658,15.166664091545057
86.25112762086816,162.1863126845844
95.96341742390256,129.67401487611593
169.29524731691845,22.947885636537073
89.7400171930618,95.76383765360988
110.437786356428,64.63936571308369
132.60306145706818,56.09306060501478
19.075044798827875,63.64963805464762
187.74060523340157,45.70828977463737
24.854477932863315,170.3541596182208
183.45029969969664,179.5249724873176
12.94091655709744,69.03939064150583
86.0320297887392,31.28450076007478
28.597542609398964,26.195389102605226
113.31169842709772,10.352364674127776
8.227559081863756,107.27169281568939
193.7936158350164,158.9023192057436
101.50845551660865,60.773170905299
27.116541035056972,163.78127844149182
176.8956526435254,55.47509748091276
83.35851772826403,116.6684346715578
92.23711200400002,181.21396958646568
117.84594544837061,17.414866509295237
163.5599648918467,87.85684903027926
24.04960372907557,121.51195310832914
5.903624168929169,26.047918781665214
34.718140610605325,173.25107239335475
104.85239986792264,51.0514133265486
11.682735958414051,99.0583348788223
110.43846502615315,60.687208100808334
30.631093883485303,178.93375338395532
11.82542905016864,128.63577437858297
30.31845346408127,63.57071449611299
118.16107661587766,185.33037727785828
141.93319121910088,55.38699252801915
194.0920312949606,48.28095656432567
178.1948970814723,25.880789671274663
193.464253496228,186.70768430619003
107.53416393763402,129.2915322448504
6.003583233574986,10.417524581578617
100.55894839501315,48.558585665221194
17.58804359278016,184.3184760978642
32.11565268301569,48.58570014644573
101.94169445826331,19.31486918026284
106.60387044869528,72.02072230847676
8.720127912396338,83.62862115539195
33.846354792236674,166.02599580752903
27.05769807580625,182.58308460487106
161.6930556626917,192.794011879123
169.65967358008044,31.05683089119393
119.61437666518832,140.27030681691576
31.009947918302483,164.038534601359
181.29113817546053,19.84357998624166
180.095451579499,41.71678329952824
161.97023465417942,94.3523328105249
189.29046873635355,138.9317041295286
86.52865348967254,85.56312744951057
85.99515177418526,65.0156681290131
8.899849374113794,133.3935538478791
98.79370480635201,8.312686280999545
174.97730848933872,163.18591551453042
109.46483767020698,66.28714316562576
88.00973665627113,69.28197598986507
179.27019584687173,56.63247268093738
82.4841845232736,185.70978405764848
7.253662381845172,15.932239937203313
101.7188296654192,92.39362689564865
16.967611392807466,174.09496474719919
177.5706596844334,63.4244858778659
178.36719010549447,94.4094317851761
168.3670839173188,164.58566055817855
196.47530753456735,141.15345656816388
111.59837914908593,90.94493822607038
90.71656219549237,193.61468018819468
100.28982099898664,70.39398805513761
163.08149398282308,38.72293919806494
105.95495905800246,81.89678213368607
196.4488764199271,36.132601787175595
192.25292552874646,39.865882306091414
176.22405500457702,100.11052783784392
164.68736945300242,161.05220439372457
93.99824875377799,115.42377875341676
95.6942183193723,88.09382956149149
20.49863397332936,125.15090201723618
101.9461717674725,61.16302966753826
110.0018939905236,48.537414321428145
106.29572463705775,132.66115839200043
167.9834402538565,23.35518445543788
29.487899488028976,41.28308446449589
64.34452280820798,140.23593114157578
31.0791691301643,104.95184585759067
186.61502337953962,181.09995325669945
102.01890637213111,32.49365688356408
26.714895651160063,177.56279804087538
100.04845298741438,196.6808533661957
20.848277174467245,42.915958291195565
164.38589195884603,35.444581797733484
182.6200602693454,53.04905587231415
15.571674589248799,120.0233342886509
5.372512423827601,151.72538208410643
166.24408805910417,194.68472550605148
172.84788463771807,166.43379907361316
92.47960346005154,56.893638969009686
175.94441773988999,176.21481088131537
190.19566871858765,190.29082563481734
106.1994261131578,191.32938122274078
96.59774652307321,156.6492992210124
91.84740879034115,112.22090063267467
161.1235517018758,95.0298397029192
5.220646688341322,76.766326897945
161.22800465539035,86.0232738601974
176.61917985883377,94.56767442091177
117.8381087751255,121.071013460403
39.74739472412361,5.006790517184093
116.79223624885505,133.14741412626967
36.48643531151144,36.841829966641875
86.86140564247921,11.10291672692098
100.93003911214346,135.77595754803798
85.04805600061755,52.324189946102365
191.69476592108114,160.23770287594624
5.286195489479189,173.3687396087796
112.42717352076039,41.21297694133465
34.87169331130514,45.14649355785238
125.8003974037464,61.24499865008584
14.721689198072177,58.38597970818198
27.383024068935462,123.20456229561432
112.9476254782695,194.48366176087995
33.406378704987375,163.0141168895354
34.52236188470718,164.70522367255234
109.86390759242441,23.872588099250123
21.860213993893268,187.49482256067913
193.24256684640892,189.9666026408962
100.25484894232616,52.06778046179708
91.17124105658101,69.65623241685722
16.59766290536357,173.4024868990458
5.893259638284523,176.01932353393565
163.32802515205188,102.85750298380955
178.33955726282917,67.93886148869655
163.86262949871497,100.1160697697922
87.03750738587038,185.28115683050328
19.47994728388627,52.305373360755006
82.3823789974686,119.87502194110314
83.52672378991859,126.34494212079566
101.16991438495562,50.45107246600417
33.49045748077258,107.3578981980779
163.8524988085788,91.30697190613682
6.26243631176409,132.77844129172794
23.307994817974073,190.2941782656155
38.113810905061186,187.88939776090834
189.81791925558082,179.207129069038
161.0831509536349,35.753902632757516
117.24233865278363,71.29181514842043
168.66839654020313,184.22211436427193
109.23150338043109,83.37824986724749
8.8785192116198,108.13764982155816
28.27942694810968,45.76525576701001
6.821277705250096,87.97038110754028
91.24178232907323,118.56846789602876
90.00021651304672,71.60875963723974
179.42922724811302,47.62575018695255
115.95233421595228,76.97579697183043
33.865069245538336,140.88517025313715
39.81242371593464,119.94803707111595
87.66624754068894,140.19191100046643
36.30116094543601,27.892156023105425
99.9365000895261,74.0412628514042
193.38080720834262,126.00823281250855
26.46643080072478,154.32708011668026
196.77023239115377,83.39290025104593
83.00988674679863,120.7408424727374
10.758758042370182,151.54878316658778
109.31660929342037,9.166149608495394
20.385815496678354,5.931210751570662
103.61717484698126,41.309863950076945
166.64113817336286,149.65703956895598
172.04339061525442,164.22383772782612
10.475936773015995,75.58544956304046
12.300901790827009,20.64005086887165
106.62450879316158,182.64698375131397
194.00362701282512,36.986718271597994
20.690154825988085,172.31426454009045
84.08430983948519,68.00956697436196
99.84299635732282,18.627615579751577
7.0849249063563295,103.34805844970526
90.07320580793396,113.37183880964314
172.20798614414116,172.1215264949703
30.13988802794686,164.81708776195714
115.37952119033397,125.11472809363808
73.98179479362959,139.52981543555958
38.39954534080345,130.29097638250948
175.23173821462308,153.6020535829026
188.92421792239324,77.22091879405889
112.60489081732047,128.9537677660291
88.84286257246835,98.0502570925603
18.201460728205998,139.97256277036445
19.195934061435434,25.522166473824505
105.54527499568461,48.02382802695208
95.04627617187158,158.48476056806928
178.63716887847582,45.50333898950553
29.835099593425035,144.601110406629
22.777530911396987,61.223168815623445
81.25472357164301,185.55181255652846
173.04366689796873,22.261328992742893
88.32266995950627,87.08026568722327
184.2705317772942,64.24318569525704
12.038080298239839,105.78020305404658
33.75399427111391,158.9312075229558
14.463070679405424,90.74408639849722
29.07743891746142,13.75850786397537
115.71749073796057,101.07733050551347
87.81292356605667,182.25581997051543
62.89537650113984,146.07427935492558
99.51437314012867,29.958898813927895
26.035075531890847,112.62634374628352
36.37811735113399,178.76489542818095
185.20645365096385,78.88711829416593
37.811107444372084,43.96966706354955
162.64155851405437,81.76369835768176
111.85242494513432,98.3593334870903
28.206721488402096,66.13057096141196
20.76649158410143,135.5535266383159
33.34496057236127,19.731461357453295
171.85861052662008,159.78806067466198
89.42255711010017,169.55873015357813
109.56461559163455,55.27253695643057
61.1198089589348,146.15514051472016
163.604133012786,92.26699259301934
176.86612520938533,180.31201850580587
97.52470385493129,43.88493669680431
189.62461772073974,38.82374205308574
188.63531917308268,111.13561427328295
178.09348491071302,65.30028799691148
85.37849663115188,53.43613552330404
113.8553597752471,60.04190411010492
193.57188315138785,48.72001219683726
9.541534894308219,54.72439717780264
34.47169224537106,158.69965753153951
189.94805458394237,113.08743394627764
16.823892392959717,22.18208058594116
31.041117661107204,44.27806029370941
179.048709453191,61.433075685843384
95.5813273210816,41.48991261701108
45.06276134407695,139.81463416785274
165.4399171309102,42.92485578666561
83.63703724791569,64.11569327437957
5.5475190974586255,32.85295992646198
7.563245100773776,190.07806093681822
179.57839331672227,6.020020779665811
39.03556393442398,46.91459971563119
175.61886749782312,100.39687176597802
118.39744213722298,47.9913972179942
36.246034805468085,181.09223488765335
40.834424502102465,168.71212620313105
96.29116946329187,177.46049073383622
163.6433055241254,97.35882445473923
177.17263261428388,61.47270139465235
11.48397133523007,15.368865241443919
112.48911174717854,90.15924813204307
25.34332850915032,47.41603776287592
29.871237373868425,153.10583421578704
16.738553711565768,109.33037948295183
118.42224239435463,73.01826406392205
110.17221602102784,185.86104124829546
192.05578228231812,145.58793877789932
83.50169128708887,172.57441588854033
128.06393525951998,59.849828024631805
81.87734458380588,182.2532592727636
86.55123993703494,54.48843975445234
93.31992408543361,84.75058533958133
173.36283138142807,46.669096865731106
42.20990313049736,137.72023558560872
87.42991395876513,24.743065562142746
76.60039589747436,148.59181011109413
22.539730208297794,186.22851891818038
141.87120833689596,63.30368362857282
167.22001467172305,85.20655145861018
109.8055546542936,176.918328207635
26.414611080981466,49.07140971854225
101.14307728431311,81.92950249334615
120.67936704529063,79.44162790001629
53.685659265143194,145.58984475545228
98.61287239191996,17.61192107735366
96.48402662672306,46.330976267994046
184.7593790528769,97.32592810622536
25.757938645598326,150.3910181867907
23.374855785831937,158.69319211866963
170.69461868524024,154.32017429146555
29.107014779427537,19.358041721175507
37.77760701891921,125.38419164364115
40.58765959992327,171.67006573716446
191.94660103998348,47.554717596337994
11.630416619573023,128.89004638777396
96.00087146493296,80.01721139328481
34.44755850594774,45.0036674878392
92.03122717501378,75.43007192655126
27.54039579263265,135.0857612519538
175.82038824709846,34.5475248152787
162.46901131143036,94.3720052595726
115.47839254342001,126.86080598083888
184.1249637779712,111.96181380977022
70.51045776915154,147.35828744576207
172.52668063838365,86.74533538595708
190.35796734594643,97.43392708251335
84.46436479986522,70.98390177166354
21.088834714550515,123.74830865997367
119.12225563592199,51.57219060872353
36.36362699374619,38.07512826917408
98.42530033127584,90.14231635985436
84.81796364121783,164.26541516262995
75.14044286422501,147.91773906657602
81.85781940156707,27.72387129093897
134.6477648436424,62.51346486493321
30.54164350750337,176.9379842778525
173.79821577345265,98.22983159447573
83.25130020852009,185.4144420893346
180.77905943548163,191.98595764817424
175.46507169309652,100.60407982550294
5.497034456218352,75.66064606138855
177.7876289081406,189.4305075887084
98.09271314812436,172.2409158570369
170.99247551496495,148.53208744144698
186.15265355715889,151.81250568603986
106.52204575983441,36.376435903621214
99.13852311400461,60.70010941490159
184.5086158403328,58.91659831739106
23.355256903985875,26.1153094169505
55.972245436403185,143.71180545816793
15.70749705683098,79.970445371546
93.28120742081154,53.12806028692132
81.59380064132898,114.45425573268773
20.747455440605485,196.1205703520165
176.57070512633345,171.58903527116485
116.59278642087102,36.68166797892734
16.871479768247575,31.25560183376586
192.41763407646573,87.12388605009191
101.51553963985234,129.0685475007242
20.329510482909594,35.97948460809697
95.44704811858689,102.04061519764956
185.92088020468125,157.7443208548608
86.84152687487217,16.337404929382284
168.2088618380009,18.872430925552134
80.63397508930291,146.3083423038844
39.70281952835904,163.17772045441905
190.30981865757244,167.27033368422795
120.83627315805609,122.53102534360237
6.027552329410527,69.54029056762882
93.00527824255562,51.859588195341836
85.74358914821316,40.50975206594709
192.20099710086942,118.71262439749538
166.28940827040125,171.91968854180263
84.61577005913769,66.99655664964241
69.52768657765047,140.82286591590326
33.33510773629222,168.46825577509873
40.35807330386269,146.82228724603857
10.097771064200554,157.63377181025228
103.50022475742506,139.21067925119598
192.66784148607212,98.37589911659754
109.23025459105216,101.35648503922017
86.8331625356761,186.47725435931946
190.6470348468373,77.66700243246763
98.60714919341252,162.56714142683043
9.32707578813971,63.06187328406212
9.61566448063378,33.44355108979611
195.74353390468946,48.90909457834961
30.359651420876204,41.43628433915134
17.300001407897543,98.79971573259698
14.209778151061748,55.366973073914515
140.90103374517733,58.62770667042289
167.90271508041727,96.27920461652865
90.00571311489793,184.94202525144223
164.6408045211959,26.01061028311275
13.987230420342392,151.91448485908415
81.20832508064933,47.27565386016672
117.55623115385967,179.6876273800879
101.76529873739877,126.28333033267526
113.96242831240167,74.49383563494962
102.1824754156468,18.677784989782634
85.7171595296611,145.55749796645742
186.22888382692386,189.60753935661222
9.471945933758331,174.97905097642672
112.0374132267553,23.938668845674528
85.08876676525449,176.7994538882712
87.89321763176955,14.342566007645917
92.18769787408233,104.9086415781776
104.87274180057759,105.43047557265874
11.408709044844695,11.691472935753476
25.883264014499563,151.60842847985657
111.99464885836898,8.627018546211998
73.23704666686325,141.8764151919039
110.32149309886698,43.259684386162235
6.901019824896839,9.14443090311165
120.31947451579906,6.537887766989827
98.93866299286802,92.89308213491081
112.21636409499196,95.5472453681304
29.39925791996615,16.021402656106588
96.9859840632473,191.7580498921505
178.71114791755429,39.08531486830026
37.8286134239655,184.87571625848545
166.50873977754844,164.43477141206012
179.14487862702717,104.28790293012052
176.79551183642042,145.75273235602242
17.009890402134843,101.21955236272714
175.44808380746517,8.729905586340276
35.06062046077725,21.99499573341173
100.32856941324627,113.3011191180387
192.44773654249545,174.3101912087297
88.85426961145124,101.70694980295872
69.2192744112587,147.0999158103427
179.58375493861502,111.38284424929368
97.24749130591731,71.61233839993761
103.86315407760746,184.96635700226227
115.50249487987875,103.84925694125093
40.133768443563504,134.31637872582945
87.42282988576116,30.574864646079025
190.73345752688277,182.12619932675972
30.720309281575247,172.31512283800114
104.69308259241025,51.19256349540055
88.56890174001062,147.03415690259942
26.301328199574666,140.81535609715652
18.43475140966858,148.49717595895643
12.866859154203151,68.49618836178051
21.257483624876095,52.76819698611378
11.133438778861702,161.28014094823033
99.90582197066692,101.0460376434751
91.04631909971893,128.09313389663458
29.941976328279516,139.64383993431437
31.653157293725776,30.70535668834528
190.23747022092525,159.53364358710124
83.28632985662566,61.58915787246011
165.9665297419545,91.79429246716832
136.00545013653232,54.57449952257184
11.399991918653235,54.3520111687241
11.361797762773667,123.8308952006133
10.402081392958152,174.68990192242978
179.41387624733224,155.72180630320346
81.38490005637668,44.68209729219589
19.898273373190396,176.34806924690744
89.50795602552473,63.46994635341543
39.541175500153294,179.08171602273032
35.90043622234054,127.66532853774633
23.36497212887345,67.15051687912566
170.49129444204237,44.75003533255382
91.08436652222609,127.13470170772139
82.85214366126982,120.01814880651642
125.27113402860569,61.00538003707501
5.113658503403719,175.81909544306433
10.90263100699418,82.77353545362355
85.46252784354645,92.59140636430848
170.44742164778268,146.25936563514358
195.82365978867077,84.22611137922839
90.98763739727886,181.04498909800247
21.4977729766004,191.39592652851601
96.0493300199523,165.79450539807618
104.91329816699559,140.35583663243085
179.38882057694894,52.36096499512075
188.8234323660045,191.24901066314257
114.66018497408477,43.75552346115209
91.36939680823788,89.79771636311689
24.520325408521977,144.91819244075242
127.32740977023882,56.60144494931935
83.07998318547165,194.39728213994914
40.21294471580677,56.5603430853654
93.62412782427641,159.8582727318498
99.56204871301244,62.50324712866451
7.524688945619324,165.3322722548994
23.56429650504557,148.17076947270414
176.23035039135152,94.10253889541133
22.363919428270734,167.17171866672285
187.4559432358875,168.89410302250738
88.70349747320067,108.46133933239972
173.55308590723882,194.30207468549605
37.37145339689327,10.521404338134879
13.13537559562245,14.097009895484073
99.15439838514662,6.052149740291498
113.45639009607441,80.2538311065303
23.428793619692232,174.7248775211558
21.67122703594912,153.5552044148144
189.26852122944683,56.76174189184726
165.92818875204304,155.8369275768424
181.47917373040644,79.7137709124728
40.159075685077184,10.190606732801847
17.712039001581253,11.569091431584674
29.21984991707549,108.70879095058324
185.1797634028685,38.54689251516375
27.635055153258094,187.85973995907915
120.2005664288269,173.24155010374332
174.29126817265114,157.85865090948943
184.5423064243281,105.38253854405346
90.22024309774129,174.0824912646734
82.54994294751015,19.323909095643998
90.79469417101255,179.26966418495368
38.5988269957342,130.42833247817296
186.55947239986995,83.0737509585185
15.841304248055081,148.44657461681632
68.77040519152625,145.18724826751816
118.23708027333639,13.224374153592105
116.16863242490489,181.6976803204504
175.2912844572066,9.011517110409905
13.83114353165018,143.24926242290437
181.46959230648488,83.36880243067665
95.04584035698657,75.94267712508466
94.1833093022538,159.54102915301766
7.711160481350228,99.4866403080208
27.44694510972473,59.06804897795581
195.6705530633214,56.4113537937161
82.91261354825426,143.77868282543463
34.535695078399186,56.55603700666452
36.43309430300536,36.777018273948556
22.152539409261788,19.655885660068105
110.18560585555511,40.75199463428562
184.58340846466163,153.37125947519118
27.914534938512414,118.46750653843756
187.5860243125656,154.36611866902817
166.7626668136786,20.497655697443527
97.9815034283609,112.0789695281287
11.388710495020536,165.3699712620039
88.85925572107197,175.42667863663536
108.11067936872999,75.20298827551723
83.05323568805578,53.71463763457595
84.77295521204432,31.137169138032707
111.06722989971365,39.31321048185218
171.72273131181433,38.82901612402272
165.0408924289694,178.85477871165148
22.44842619704702,190.3327609034012
25.892940165881296,38.608361338910285
189.60259515955818,98.16911251176799
10.810037687713837,8.583459848195176
188.62494236182937,169.60193312891315
81.93764308893857,129.96201210407676
57.48091784385402,145.68206784536306
6.1709892561248,38.96780636687537
185.14279459994142,163.3814449803819
105.21066793636078,71.9138070999791
101.39121220599056,20.51701062857186
169.54395863343038,45.2999154952958
181.35492333542848,191.16389022229495
24.91463432507443,68.67858963939874
33.14617184121243,5.232788770657169
28.159682832646304,154.07552887645494
170.27739005038094,159.3857652742337
38.36399580190555,142.625140808719
92.55051939308143,171.95741824398715
118.67167666618488,189.2158863367447
112.46836227370912,172.36139647101854
12.851726908607327,110.06483055183682
101.85329775277403,61.01264410371709
180.27435927977754,177.38835202331535
96.54364400751173,92.89985457377573
181.10161439250962,88.37868432648872
13.816859332973166,152.9057384799497
19.438751367212134,9.173804382812754
39.09514277856713,67.99448271974363
184.3514144148356,174.29983280199448
113.56278499326162,42.207394908982224
174.8217847345254,42.67299449970098
22.4734347673909,22.60742634070021
24.2790356546261,13.945183346787584
114.81122566414503,97.70609382137826
163.06472823978206,150.5363096600288
116.60484892542415,54.11609075228784
118.31842883887992,121.87528378127475
12.593334017329004,168.26187458497762
17.210202439014914,30.095213717720945
166.3846479331885,46.79892179044551
110.09533180914777,11.14464970296859
173.01108980418448,26.504985285954767
114.61747476106382,59.47878351910029
26.286568411200086,110.31452458768996
99.32599029295446,49.35371879464947
21.25624291673895,166.77705792588205
9.93036854638238,96.50534924758789
85.19067469048683,111.66426948276482
24.953134256307628,62.12411342657853
179.10295394076655,59.92164047019677
99.61254121155758,102.10574369299992
37.285327400991996,141.42061213596557
171.55272881841458,39.02576010506588
118.63978505728281,68.89008307561906
103.27737788732767,195.20275818054583
99.70319577485304,115.76234703659809
18.974640241527464,190.27989613571467
99.1485574591552,88.15649025086893
177.0365318886539,143.290400881687
6.984859967114617,45.12801597841578
7.088554867126017,115.66615316017159
26.481946234703813,107.69077740231005
12.078829348027755,191.07926154312983
91.36178040674278,154.49735647175982
71.59349681300363,142.37445906064232
15.858165606958195,130.94216380246775
48.51897067271168,140.57010005895316
113.9111473641756,44.986430625921045
175.0256726713177,17.967979530701342
165.734276029147,183.90609894726623
168.47871632908198,10.047037423010602
102.18454543749611,85.66517485271993
171.9677567708601,37.51886910780486
110.8558621937593,41.60096074964953
8.70080803484223,106.87955732336545
6.837289273027498,165.0211315001367
86.94835265536531,56.796466294649136
178.5315051051476,78.6037242739247
95.28644538575679,137.86152761413945
14.193598262421583,84.82095407859074
119.27392556960304,87.70175048571303
190.9194752131234,67.94378198795725
118.53046015710548,173.31116059570203
173.59596894958972,22.97318322272587
182.90223697458484,162.57948971881962
21.510549677629296,181.4574294839359
9.276970813264969,166.6036280757346
25.58920751164713,152.0704999363318
24.111890778387732,15.405779181872216
10.153452817810452,20.60621210175201
92.65259838373198,120.37235076236897
20.559645078048803,31.913534456882577
86.65709221037899,76.6733222932404
38.74924966315757,170.38636831003936
15.043739480120665,98.90406574777379
169.75112893111074,97.22363787844272
21.980377369495333,40.00133102938659
38.5545375963707,123.26283506908439
84.59666409530703,18.359319662104706
33.59597411588187,165.12503392012715
37.226989163816235,47.39316597838321
120.61594422157218,141.28983696353205
98.56344942726913,43.305201697292475
86.25712072160042,88.55443141288659
96.19744775481128,152.5753625215476
94.66440682117347,14.626592258326177
88.08875657506168,180.341738354741
85.64726447097507,122.41095167468757
9.239225285467562,49.095459911363385
189.54897024929284,111.30562906973894
13.128828090935915,181.08891516960077
104.17563226991331,51.66877749063656
177.26523923950654,111.18169789941082
113.22063272660041,81.05525531608926
179.7588826075986,150.45771193941863
5.600780297416705,168.59474311574274
185.43697152915064,36.73864746519535
8.06473427428587,99.35512139022228
129.04503043344297,59.94652870099682
96.03919948615706,113.29864436517809
17.563287171483154,59.01750064630179
37.681113184906124,171.26721475241447
97.80733208166127,169.5906068278472
176.68641776508895,175.0002503650664
21.925262466746958,63.44672354044295
166.0984555203449,188.08335942259464
101.74862305177297,41.898996718418054
88.32843012876587,25.63798453598338
93.0233230280352,69.91316513435444
171.94287129912823,182.6547524971449
7.576240846041797,131.69334204702923
94.13980359551573,194.04039586211712
162.20216186413492,164.39263446495278
32.820893617699355,99.63675760786074
19.991636065857485,161.58022010625518
21.38641255560244,180.68276244871709
120.7174470690657,86.92203036786516
29.34151765600335,51.632211919798266
86.33182134951377,79.98463950636915
92.70126960546501,124.4512604881967
120.72870738142494,187.34128572811116
5.550554904588079,194.12890481148807
191.62798953607546,55.13415604460742
190.2643936426935,106.05154829426759
84.00207629818283,71.54385136548521
13.274247311990035,67.59260540349182
187.30736001281312,60.30062073413177
83.02701464374748,154.20698353311076
88.97834881343425,139.94599280815794
30.416092272909122,120.81142349583165
30.888172624768256,155.56569390315278
107.22154776572464,32.67000725960828
196.95135830486726,107.68529832030953
108.84353244648257,61.94847228648288
85.07405517253547,64.49631925430727
25.280508848651788,176.1794170195557
91.75193201007066,48.160081194299224
28.72987938172744,14.865393884559516
106.6054351090876,191.46587590846428
114.32840519335487,87.99485825386083
185.00474251962467,108.06304629036669
28.47754188943022,175.2762145132572
116.02770729812254,133.15103645566944
32.16562133456981,140.13176860071474
91.59787159320264,71.354424769006
91.67636204804798,129.6784984697089
115.41072033626597,59.52414555156103
17.53082692558629,173.1169828156162
93.24751209256101,150.01712580355152
7.115276478219079,26.314815793008705
107.34234028578139,76.17585597058545
26.67807116724522,102.94279746609375
138.1898981516481,55.84604036808117
30.288998103342465,195.22351452147163
93.3540027907578,161.4830228746715
173.46760328380216,94.64666771369426
8.062633877548391,26.776801859064914
6.9612891643337855,73.0748139069873
30.891932809129937,127.34884896051338
185.449213373951,89.27921961564327
93.96964404208939,11.747674390736952
29.351727277949813,119.1238652563955
195.45183287747278,38.54040346425443
108.01106660410265,181.7966199595999
72.28986185709115,139.3521153003262
11.331699999918628,147.34290865553174
108.20574453888659,190.27408835851762
36.46041273388828,127.2873241048714
106.02106496479516,139.55405592335666
172.45568096418222,107.90933332410962
11.393444173068472,58.55203805018025
89.54970177291058,32.20308223961518
179.77777067373773,105.80673596172052
86.54142778446636,170.25027983534002
82.25061282050073,172.0025744541925
7.074357159041639,112.47182028546722
81.99108180894139,144.80955860747497
116.27823748949814,101.18673365034793
22.109929191636496,190.85962724073406
22.714177630254834,64.33080620065961
90.17121508236026,157.6101936652051
117.47150985639864,6.273399730014583
19.047942448926072,159.46943583208355
103.60035430570683,32.508290205994676
39.972323267766555,126.62865807835139
179.45108441812687,106.86594597708623
193.19110729888337,122.24857284783924
33.642829776028115,106.90650452678422
174.56863548211402,148.96251810891548
92.4431794091261,73.43084398986608
172.65417128102635,46.82121657567679
10.146187491846884,117.36192343821425
27.415703654371807,102.73219756390435
176.06909695695322,35.414866842912865
193.06203218526218,115.06934226187462
89.6858932827273,92.09708148061732
172.86449517305692,185.14912462767575
88.9241287835204,110.5710770852667
37.09645867762254,30.44171953670083
164.08794194821795,107.165219920656
173.39946422533077,81.04769291048143
179.82687090105648,29.105073848065988
110.51681737889048,141.13078253232922
180.90840604367523,11.769491744938923
114.69638627771201,13.704867275903641
92.83498571921021,143.12261270194037
110.67228871798544,98.51155624750749
166.266117269677,82.89261253843686
13.499672551747613,88.78003368538144
82.90677984545219,75.06715126100838
93.15567160349151,83.38907164431883
10.572043401392474,34.21494657563784
192.13510472323614,122.65434246519872
141.60096995674013,54.74688448418503
119.3703111536518,95.3143845419998
48.56408528955885,147.50727579238674
92.64772936271935,26.25043436512557
190.7594514282,191.04516250003772
193.83506816623387,101.47580332840782
163.34135572751546,89.84436383608063
176.16317722142227,159.12524022527694
120.40655323119391,11.926251202374585
31.495616906864495,124.8456802412835
8.520363566039203,123.73041482452783
13.163465214018045,87.5601186911841
37.345571676513714,140.96065766251317
181.29115753138498,11.222911032502251
84.84071148358017,144.88860416250768
29.23607957941921,183.40628036136548
97.60457134764447,158.9566124713802
192.74537859469498,106.84787596658161
175.2568762741506,160.0841392622421
164.37233366861471,84.98417060893047
32.63515129163697,8.918796734479956
92.45864877391112,23.103866990461885
103.74593944341989,67.50603961981882
168.99174327824193,95.27662608975884
144.32966873224765,54.93330151037368
96.28637007231127,87.069872963186
9.451601464708208,185.92064080431211
33.16305195754921,181.42533488507
111.28540059400281,19.87570144168824
85.05775808978095,94.20723177050901
27.116723752802503,23.24966318535594
174.2591265312591,163.7848824576238
179.65209078483187,60.21406853448972
172.0031473523525,196.28286659652974
56.304658603290775,144.98384481358968
103.18849098173392,41.55874484626469
5.199246816244653,117.90336555047782
24.697710508572044,8.397143360423899
112.25318679264505,77.88985194539495
182.40203159126315,32.24080280490789
7.930685704120401,22.771122656913224
84.13392253121083,40.18659737386929
80.7147630873683,146.21305873459937
64.04748192911214,145.35517100362773
87.66221081125424,67.11007821467928
90.28740941174539,66.64788710728685
184.05042498233837,91.55706992590257
12.122063752432778,98.12505008504304
107.95337164543078,56.51359829954421
167.2618147690249,152.5750014785981
117.17784363424843,94.68460026094168
96.13628296052067,130.12224877917672
16.50671981703885,73.74407482971317
92.59915532981256,116.41779618740992
180.26149188030993,98.41537600217711
81.25874453136201,184.62761180660587
118.54523430801837,69.274237861469
169.0669337343377,39.955962010761176
10.393806935306491,99.78813860945628
171.82633655565218,20.672731404527898
90.85019314502938,171.19332175189408
18.325110699914113,42.08177692163915
109.1188763997693,53.00222904306671
20.091018841338244,129.3461161448728
16.153829787983817,81.48442568244974
98.32138618537275,8.450142728881776
162.04580990598527,104.11121332997432
184.20889358224304,66.24574535621214
175.76495914931655,36.86340462455526
169.20205054685044,102.8254921445684
85.61822043725398,69.41945938913898
15.46785669521367,64.77386153334959
38.761220019036436,45.74038340632062
171.36240788670236,158.59276665852326
105.498239281858,93.09120482012517
107.9284316190312,102.42607201621168
193.3288133115253,170.35823057370143
184.33936031956586,171.57885313129782
39.705451608785296,63.807027143408355
7.708683656294524,155.7812134131333
84.28130636388056,188.89115647154807
38.64516698671018,54.62694618699005
8.70501055517057,87.08934851828637
14.775962569274355,44.52269387099878
35.186210431528075,190.5876994724455
176.45908129988604,57.44624677728043
26.06903894991702,67.50848313710773
10.427994616079875,174.11875766029863
108.90129174492107,193.8790382263498
85.62065626414362,24.436319132240392
115.48506858654135,90.07512277694369
26.35023726474642,144.75900756781127
192.62681759735207,133.14797465090993
85.18221742479366,125.2628943527992
175.9490222459337,25.198430351481267
5.840255025620051,86.30330680696687
183.3830160828407,99.44171117255594
185.27259243560232,178.99620638609295
6.421446952170353,14.53144236017401
111.91649537915664,114.55494085798723
24.886518291074147,162.23067325870963
110.49995051839697,92.03914769867595
31.38009357279096,112.64320079146628
82.49001623936024,155.18164550768998
89.59875435572839,88.67598302186835
179.47766064758662,150.59012030912592
14.719426587472203,36.03109178990992
81.5529759280565,84.31930200366243
183.13957426603358,143.30196488459737
32.70093306992708,33.59036372369502
89.82309126131487,178.86505327860033
170.47339846533126,182.48086284270252
9.53631031718692,15.184745863972449
112.35379388787442,100.73098414557182
116.14296381081316,11.32360346627038
85.7979639030671,53.607784954329205
37.23149027569277,111.17251556968513
14.434384697343575,62.50872501212092
119.78185203592652,73.44025780371503
108.23440805949343,97.28642434347718
28.37560988653133,33.32706015141577
105.87923399690168,125.7565990314024
96.11951382814097,130.09740964675353
168.78531244005097,26.203665039490684
103.21785771743399,65.08229374347326
181.5086902256576,99.80675482177494
190.87999150956733,144.28335135968055
96.05449924164449,39.09430591055804
193.32040219590283,187.97498778874862
88.77409437347232,111.04677738438022
187.03134305200268,154.76421843665912
119.18223408175609,192.1888187195432
117.59005173548758,62.72698856423303
193.4946280765529,169.1902990368359
194.21962755725468,36.30915573798071
100.55562661166024,100.82534439639261
10.130547568316123,172.80346080088697
91.14546650218102,112.0491829794965
99.83192174738852,76.05933789839017
116.99623058143219,63.347412685272836
17.707152616829664,186.84896223010867
132.16479917414313,55.864221649496805
12.212652626316165,38.77040330366303
170.22290215134322,47.97231994979989
29.407191232236137,149.56002482342166
163.87406348198223,12.40407612592871
196.31089427739397,147.31653151130038
19.749858490311787,24.072743190159
46.80958492780755,148.31534573747456
9.795077283486616,46.474996396747116
56.87717196808324,144.26067416521954
186.5282412825479,158.38203687795422
181.34546280419883,13.959769102079298
111.00306885840239,127.51795796517747
89.63600961880336,80.36411180820872
84.96243427198881,85.77529511447685
12.336811944311338,57.14986697572633
39.88557010110412,119.45611673023785
176.3717096479442,93.69950252463302
116.96894754991841,37.4878586929599
87.31073740690573,27.15103415098007
10.43701661158586,44.65358236161481
170.08691679384162,102.86041248809164
13.243594216442723,100.97236122258249
25.409089759034888,7.881068180320046
39.108291641366094,113.89382988846242
31.831843812459546,51.92214120314381
114.13342380854937,185.80629023647478
32.31986733954818,103.06548196032344
86.00926887781145,10.875573598656633
36.83429768619486,42.82225659488087
14.08016471335795,111.05481127540452
164.2763794617235,171.33992335350646
113.21586285649126,98.77647295388923
13.897847173785468,74.03716839620083
17.937177952784584,70.49851261264354
190.46965827021467,130.06727467459612
162.27107237143758,175.1837387113814
14.187500871271267,50.010816488137806
177.1845983347752,87.60026612907873
179.98006038201817,196.11692548260046
193.0867816180099,91.67285667585618
108.48261024769485,65.17718221402399
107.14650639368386,6.7393624082065
112.69764027637953,142.0028314391456
193.77420647826952,92.84443700102675
130.09698176688588,63.46480640891974
116.90713790297914,8.451076143547741
178.15856880701648,191.71875397663507
26.127336173935507,195.97917376963176
100.4975530680952,100.48803654016754
117.16897493615875,37.741281864861236
103.39675156053806,95.65301150247176
21.482965249986357,134.05813848161955
5.133120435894745,107.98671089810469
100.04910408742516,58.6653188093257
193.2768527282777,124.57473605214835
27.731716271483858,187.4447333216811
184.11060558931695,54.12785515111844
15.879172069407478,125.72790962418331
9.082256821317875,189.41751009297383
184.07014879763003,75.73860285677333
119.49275670586154,128.50546834892992
117.60956629369748,51.90834264110745
42.49154057419761,148.99090091158737
30.01249728610407,186.68596188941436
22.505172367822006,128.1106094376294
188.07636147526347,110.51597043460724
14.950328921764086,87.91139011280207
170.41612861999047,95.48080317478384
194.73430792561447,122.10457942815908
101.08462907759565,71.55738239575426
165.45773526047378,31.784928826089708
31.645081631656147,169.97246799654562
118.054218695453,59.98954702933218
188.47107171645627,176.2631379750692
104.24892454483494,137.5018051013192
96.16888919986835,138.54180014182825
6.0645140693477435,149.84083204674948
94.74611522335358,60.64657991620257
98.5236742959132,190.89553416620248
161.35175354289134,157.67736372041216
186.75077005903444,196.70427084433106
163.12751217156344,159.05370355630114
186.55368786237645,106.1302878777365
187.50814565510157,54.27092851261332
87.88417368971994,38.338122711390795
28.65981449845107,149.0297948274296
8.01947237356129,79.95726749558129
191.00892352543156,151.61364771881435
34.10628154452712,44.360277109683324
38.350275985289514,160.31353387146444
106.17209935655585,21.543564933816697
101.77149995585862,56.60070560790557
121.88247915064055,65.7064411393682
168.0915480323879,168.36914072453754
82.47415670467294,155.28791723022843
183.3314168595389,95.16579994617356
191.21338953116128,161.74686062351634
98.97233778527132,186.16104075616724
115.45327285153896,185.37746914284452
189.98611210879923,117.22557673922185
13.086491718784316,70.32352237810366
81.70535427577842,139.2471309166208
187.67873601250875,148.47151930146256
90.20545009820445,27.42464323861373
111.24818922088558,97.92315860456719
172.8894063482088,157.54063674908477
108.55551690442007,62.847101376864714
189.69638776432475,150.1030117699004
183.49013414986257,188.64003161961952
23.966614422027764,9.269060748271189
20.145140746349703,26.892891573808853
38.592867541882775,36.21349808625925
192.28578361814832,163.1729510217975
110.19446713862834,114.13483641308162
85.98561200131998,160.16194314634828
90.31711655725563,12.20002276077959
15.716660555085584,23.282187618917828
112.85416888209159,195.77711095402535
5.17187041641494,109.2761971947344
97.42130364068424,184.41625746460667
23.80252204061827,25.420062709972807
13.738785677038202,83.98676266657725
24.085754213358207,51.47894681749
89.20505619397831,84.31461859079428
23.084517007831497,137.40928968980126
30.479814955390978,162.23707396895358
86.98850053425305,157.18218793640273
183.06328544063965,11.03942257865906
20.273790484771986,14.93371665126202
12.62369704319178,57.40479373533595
178.74615783991177,181.06608446403905
171.68152255824506,168.9241886974024
40.35726369668595,142.991050811487
174.63774708343834,82.22111321148593
10.20815433524831,104.73902490676998
28.75867181061305,180.578207708967
179.17905763778836,83.94453142026518
38.91450509167717,149.6414127201499
24.472980461227426,58.40360084922782
103.861601225252,114.1777099084319
62.778768664528506,139.61420732656958
173.4664607746672,40.87898146625229
102.02819251190387,15.079332185382126
97.67274079522902,77.06446268174604
12.514764008177838,121.2456748885527
36.65586337826146,50.30219375917992
8.831924590162402,118.82403710075226
176.01025179422913,39.43897395517447
95.31245682194891,91.88428683975263
26.554449062868606,5.7260321727093855
95.82313754462746,109.0898931661904
8.291351543070522,27.878975507741696
108.50383181702067,73.9070193751156
100.94223138638878,194.80913493926707
174.67839920750768,192.37803189528557
165.93698910269353,109.0906151247489
126.63137046083517,57.97217957017023
89.03953047771479,176.98995111809324
22.652937199245336,150.1621235562694
166.91064707950648,21.494960398499938
99.76482950068288,67.52944361427909
99.74118231237493,87.33156946596134
109.36997932923133,118.12536640210806
172.01326846716185,93.45794075342754
104.50544725333701,86.3447560187489
181.31852285353995,49.89838718229741
21.272091113604976,122.75826437495148
29.190319623431744,23.053750255159066
15.151936343753517,134.7158567887731
21.133710251864898,120.03985606544846
191.77062545181386,118.57387130552388
87.50626286313364,139.99697545298866
102.38821341583967,88.30670900629869
166.90193831575374,164.36816816587745
104.28115588787718,31.690837037483707
113.2407991288386,87.4549206705818
83.73292610907446,68.86477829777408
27.494566735059802,180.87323664343737
33.25068822433493,141.7124216810013
14.09635579146592,35.50222094983477
8.350572264429553,193.43279978411684
83.08874946571115,46.98188258570695
94.36306996740615,185.48263427430115
53.12115834636511,139.20157347080047
82.80522913426691,138.59379516317443
21.288041572303793,172.26775024252822
20.74854825913798,141.88276873527096
113.52960639160491,29.891729818457794
81.92434283462812,19.0424235861872
111.48879225579884,106.77260548237004
182.66015924947047,70.76418048186235
36.0831162831642,5.762452598535374
99.30878562777976,124.41526617306094
130.75661384753553,54.4051704837974
173.69375619337956,13.644763108993017
5.355213723578885,41.64804580806966
191.05762940220197,153.49182861352386
18.593768413828116,105.70428582792307
72.62771797167034,139.48015825253583
38.781900734568254,63.63807213279634
93.42245109892197,97.6707816477393
190.351776493424,57.23156650528803
185.84348289492735,44.43422750392016
28.046140709390055,181.2986869595811
30.552418182463217,195.72884945514872
34.169216030983485,13.719094835660535
166.21020650892632,86.95551678503482
178.07571398683487,49.66838154102829
175.88978108757203,163.98941546130288
139.0323832774333,63.37525787764862
27.393731880771057,146.183362367423
21.054718982836444,107.75513074300106
189.90572658488225,144.64222474952902
193.61895106612198,53.67394080159367
22.1431137367525,31.133774872057558
134.06582702409088,55.83227066918645
88.13418249814079,91.95733541001646
11.424250285317429,123.36647554482619
192.72613101060332,5.810771997518009
190.69702582709536,96.6114956523487
91.0383428798019,195.89195869141363
145.1200125507885,61.497141076308935
186.0661569279255,93.43137683628414
20.594044557880434,158.81959070741954
35.76124353558948,196.37672066294974
24.329784346682242,118.45965162299824
33.986401214164665,169.5142742531221
163.12637616770655,108.81475973326467
93.44143601679215,194.87853548714156
97.67750324806691,129.6419037003419
82.36119562196934,109.92255325672112
117.27967332078013,54.099955979776524
109.57023750898145,43.407122623083666
189.86443584786065,131.46527232345355
16.106377582407184,86.21337576271236
57.55244793784471,147.7384681905103
174.77805468971232,195.712509545313
107.17153597534603,107.00860496870575
183.43133626305556,176.59061475311222
108.7608651083738,65.7183235043597
34.1525410890282,45.97049425680785
168.47862848361683,157.0452927136255
89.09248049837896,106.16975572339335
94.30762544176679,193.66506968626877
189.39776514139112,179.12817545396956
19.214503370528575,116.60273877120221
5.279857275125831,68.12503992026974
93.81836458790146,120.32334655004453
28.731053227737046,20.882742773223733
185.6684779823871,38.97846878777036
168.47731290271275,176.52356656939867
31.868368052152036,31.628801619319724
108.65702038166363,61.36780441080346
86.58432626008614,122.11347932908853
85.83225429252391,16.892884155842104
191.7205297024707,189.59936244251844
96.7341205814767,82.70207277974579
35.47698003608293,40.10908876234721
12.27285294559772,115.07806374302419
83.1737268130067,9.225153866946808
178.7634977079745,108.19404459381147
60.84979681541339,146.42406759296787
110.55725783045762,192.70722672612473
116.77965277159726,113.84891275589314
192.24261306509973,39.908522446315736
90.41249692504196,72.55056878016339
99.5990957517445,65.33869710728187
187.4487353412153,98.73979454507521
161.7494271176054,35.95787209435309
84.2747446816784,186.99129645560006
177.08613409614298,154.31817458683713
161.4060898720189,105.7175546309792
104.24195322134551,78.75812633155356
28.12744484079166,29.146826285332143
190.093252378529,102.6040908754614
19.234781419803486,104.91009403190994
87.44040277574727,118.47119102695
35.43172980070897,121.95492330529078
98.93433283816043,159.9436164830291
9.063380360902325,51.273664538875494
106.54663969101428,81.73171909851065
81.9754182201261,167.18630536335834
7.129905263329887,75.12389309177823
169.59463353234833,109.87276874186803
83.77169643784256,95.33238411544666
83.05868225963488,21.54952285173747
136.73112735171452,57.5861234181399
90.56324816510137,178.89902499026852
168.99056563725685,153.70971769665965
190.72803162446814,163.81115872703623
18.085424842950594,122.63837795248412
179.23847731405215,49.907939993806366
101.6454099107067,23.100392323185343
41.34054937818613,150.26965457414786
21.55143952333146,8.108277120091905
168.62594121076023,102.26105459308553
95.38903373340118,37.50888068297516
17.751307755587526,128.14418486853606
191.22816170797947,87.61355075868603
181.14772757277584,179.87304622618225
88.68391148198482,157.22926769810718
115.61603661407824,27.053614095171667
8.248653412734463,65.57305423530366
82.28937989431348,57.73508631229218
132.62571886471014,60.5261125881302
12.67983687481688,125.11248723818588
32.76349282192868,195.4398161675269
180.57691327670054,168.16393159077182
168.44623832963566,32.117525096467645
37.96268622854474,21.413527814304594
83.05641572372555,195.84801050010205
176.327014143955,63.40873353957486
161.38108208726368,96.20235879361576
164.14275553379792,101.77356574134288
195.45927273971316,62.222354657750735
21.278365024364398,56.55187019020856
120.82712471695594,29.766486201821397
29.59520762415779,174.7092485298537
98.04079569903085,93.82364690384102
118.44753883050585,68.41550161099734
186.35764500460445,85.86064437760325
180.83536025297084,51.733490251645584
36.82261042428362,60.06581661598717
178.32384621412078,65.41059969111237
95.73931197674798,169.24619087623944
171.33059643889797,5.741846160038693
97.07331024633577,139.65510552602422
169.9904983910411,193.42298789093283
5.529294180326851,74.02806097884957
84.93950285983033,157.6927140882919
29.1953012432536,189.24958344297028
192.92301532248808,59.698712804186286
11.957410500779432,145.4304979763689
174.9268667026429,155.3578127784247
110.5828684239712,122.07559857127197
173.66500591155085,83.04611283582352
192.449053899137,171.59995079171767
81.51008835095018,76.65801588904345
166.43337615222322,194.49673763239576
165.8974594511045,162.28023772327586
27.886664589042994,29.573910103720657
190.653697266025,182.8061591294395
91.81314609154202,17.34222748174537
87.90211543578899,129.17070328509155
102.67952793283825,52.20061439866722
14.527090371206882,143.41224573201455
20.97677963408001,111.01508750400146
102.52096631283736,110.46670993114964
25.426840341014113,124.67950883682117
8.790065875550416,193.31586979719594
5.127458937239237,119.65919229590497
192.02886799268742,90.77855119643147
40.41648449062809,134.88566293121576
188.79988278382518,93.83639370515263
162.4513305375509,184.2062352592361
29.957182848690838,184.67524240221903
30.605936788536255,139.51556553538342
190.00389601560263,184.18335903219938
184.42685462051,174.99307933127307
36.63909468097963,145.68928218069163
32.39811896102476,112.35905235263031
195.814604340147,77.73826563647077
89.68496247701816,149.05606510020206
106.61957724286361,7.242616452570166
36.849926800204166,176.92036009421082
108.60978650396164,187.9522437466404
194.6815525420259,49.726530501010906
117.96927813620938,130.69822169256832
33.43088003705225,99.52636349905109
185.1831872646755,112.3404762477492
83.25879038570137,50.95098725916454
35.848543272031186,36.68134912461525
17.883142284486087,108.6224892863336
95.7197738457359,55.74247876683615
92.26910817710609,24.86540540633467
5.093511371829928,19.22951099923004
18.954136626716874,140.2090608936229
173.59306531338572,13.502660384897652
13.723569560558696,133.64418975736567
83.54534421243248,32.535576345543355
14.520832794880043,108.93171592185425
34.11467910696767,10.025776131293265
128.52832250385444,61.79812615195895
32.176887129054336,186.293312727505
93.14040006082388,181.80181139849194
179.3896510549338,105.12212837528165
41.57054013604778,141.72391706420598
167.39503207338956,37.146049356196585
179.78368099419748,152.18847260872263
169.41909716790917,106.54269286644885
95.58600633140058,146.20354397436802
182.8467135026768,76.49044585117495
97.82671191790905,82.31224205907952
41.973289781979524,149.89960281573534
6.861948526141888,71.61809868563628
8.148151709718329,87.38678509504945
95.85162578067121,107.67213752297009
92.94515706933149,6.650326409122332
86.2275901752476,113.52482370802373
109.94220060799609,135.4852264237019
82.84875922217367,160.35684173651242
98.91249770689379,177.12477945766074
101.07481371736999,44.53928063170932
179.14963489580663,174.52072673188331
29.842961786167912,187.94663676327264
116.21446874763889,190.2129407222298
39.74723532849064,43.13907594965166
20.913080578213446,183.23478246263824
83.38721559525152,23.550093707582253
94.57891585113495,91.30383200689042
32.64925836719314,5.243603243201306
40.04537633729028,181.0642044796481
32.3721316495171,106.49740854773009
191.31727092179688,150.76626437005837
184.92979043858264,66.00691386610862
194.32393350344483,165.25664248830722
23.318962659873844,145.9335463594342
184.83620033237145,146.07217538841397
32.01283031952935,99.79618471854103
109.08032932261146,140.68465170423485
8.372229458798838,56.40126258471541
174.55826115499417,112.742892164772
112.09663074862034,44.12728191339072
37.02713428438506,16.95847037781413
113.37536387228057,85.58857701388538
111.45638321485124,119.74918499455941
137.13159602884795,61.913213529442366
180.60700642766378,62.65440619609472
93.50748846033808,125.79076070440043
93.12486505582281,96.42062702605591
89.51675510807827,72.09531884734713
141.2741884721447,60.999203093311706
195.32651751133008,36.98305538324965
37.46901996817577,12.258109697010095
118.71014675144363,128.15584784342371
167.57378458920164,143.73394398552318
24.79538616669919,193.55739267733068
105.6276041405739,90.1264967491957
116.24918117901711,87.63906435922416
101.65516173966368,73.86742123069651
111.76144217066582,84.08036515125804
89.84346090601757,94.98960304655121
175.74461070404763,184.57484874008526
95.34861358396985,159.67047366477937
25.75121976969334,55.22226117274952
117.10871345828951,65.79014429869159
174.88915163595482,176.54067845819046
177.27900343723556,13.147579311548705
24.709415269207824,43.20224316480377
112.23545241647685,178.82945364899203
96.63753421642927,67.48628436907342
196.57142750387797,53.975914000642895
183.454219721106,192.7533129856409
187.36281287917802,70.59807800435676
115.5968096448212,96.64220784266882
191.70416071814572,168.9239867590592
14.631765028373092,190.45732551758013
117.34268647257987,91.74135827551294
98.07066728529618,51.897248870686724
113.34709544399868,118.99019995306719
95.81857000432429,160.7595337677277
82.09978851812393,70.69933206183597
161.56490183160287,10.90576771171981
188.683464946449,163.50882548532002
196.91746260215615,72.01428438712729
52.09909202220372,139.50251359045456
17.376454043467056,138.49631825107713
110.56542209182648,108.72389482403318
15.95152918006729,64.29041455997171
10.770439792456362,143.75703334768946
83.8342461644167,103.21826133437185
99.35244422599243,74.44657664206287
14.159233148154973,121.53561888214777
98.4800494481092,92.6269959814388
37.91679096626944,152.85559221897825
40.58471998996198,5.168226126427489
87.42296716283431,99.96608159134982
32.52843408811818,37.54334570190728
35.69042376237616,183.22192201208827
84.62197834230092,88.57413183906966
174.7611656915198,153.15943595148033
32.52329506131708,57.58203491733241
118.92071274156307,42.52045950006694
14.530430569450628,157.40686057214452
188.60258745216734,194.5089584135113
179.67045652578975,182.69816574188698
20.97124593136006,186.7123096780468
37.80015727192945,163.43614602025278
86.27548570256897,12.84552285159371
84.67686582827942,100.7253406915661
180.40860213896732,196.56495926315898
176.413852617288,162.14179542092313
39.7475091962909,106.6738069328429
165.15766455547092,112.22580020405533
27.250374130554132,65.57290705175252
196.10029986327007,135.97927375339486
27.26267552765132,64.464976684957
182.93588687531746,176.94888238177847
171.68000740458803,27.345732172136074
36.292850268725864,49.07748255669509
118.6775822454144,35.86226498066067
196.0732802027301,145.8968840542912
13.235725105706718,114.93708615171677
183.39111923148374,30.382702331030448
99.68211846555388,123.54966504312452
29.350863315256234,20.570039188614384
192.13421286500255,182.36147862553838
35.94032067958238,140.82415406235026
33.89533489485794,131.72065383885933
196.23444776741442,78.12123593579015
102.51284938708922,17.967841020498916
195.58977384056277,125.1144652369508
189.5126399512876,94.63557646845769
37.55327980824283,115.65522276132907
177.37437529875052,188.76833880714443
166.19625786009772,7.413789405614426
34.39091104228496,173.47025179813653
79.30387541227705,144.20390192929358
31.432082197520366,59.22674038266617
82.10163436514557,188.5079970023239
107.31778236271423,72.00931473132808
12.556156252532595,133.50515558681545
105.88658223089317,20.92330189875044
95.38051341982775,16.722472830088456
116.00239289633481,175.05021906189748
15.187413570537192,18.802694540638747
163.41305554322517,100.19344160165114
91.8433993876058,108.6430519478879
94.23054079377874,164.72621342137893
61.618958435807556,140.32697357637875
166.95899935434537,101.88342970184864
20.422299258163925,129.1436310418257
87.93004286717209,95.41295822453502
81.80165166413516,48.40163453671193
114.69458561377844,31.002952215812503
118.5575706960412,52.9664292826006
93.24280125353502,61.696152723641106
73.42543814389902,144.85143855083942
108.74336446078473,10.68621446411661
98.22821974443778,11.335913470257132
179.08230430083017,32.78356998744531
118.49412475668453,7.3336170022853295
113.75796493714662,42.090663233687415
28.32918858745556,21.81496578416732
113.97357665506676,74.33309836922177
35.019629536852726,40.95054287767491
87.55055570034176,185.92694309211353
102.42769742344115,99.37319794687767
99.66852181367523,194.76498263236905
113.12419860352807,29.9842723932058
13.282685343341832,52.20635110800505
103.09604917733627,102.10653375788044
112.1166348634414,70.83588848737008
95.13365681227583,125.14529225680559
121.4880717171566,64.71278152261561
101.8876604897618,116.53216742351802
33.655338356274314,116.28380338813076
12.246404277828672,100.26788142049415
102.7829326664481,41.93811655623858
30.3255597576114,45.0833672735367
112.56655356928047,25.539603730429842
171.82715961088456,169.13508414395633
190.8470391604894,150.07418912889037
162.78721481490018,185.74465815866756
190.10782872323037,189.29795779457893
97.23566482725465,125.91515420532038
35.140048981519165,23.20184381468203
106.56090462274285,54.049833254856054
7.629593700923636,22.28360571068858
191.8392821592392,55.8512519006116
183.1654439469267,31.22708226699316
96.87694953054185,88.04084747110036
85.21961792730268,46.94337865438405
94.12648230570713,90.18866035637264
107.31930137399809,79.45153724982116
162.55314766417078,108.40225787603437
92.79829378583702,103.97065990674679
103.42629870304614,62.185236949161784
78.56910474491409,142.77370646639295
10.892582635894131,166.0544232486648
84.97366843549685,122.12233920530792
96.022884507431,84.64456075139626
70.59054153283823,139.39439582844625
191.84888302981025,116.71324242998448
20.973005368318223,16.442471815065957
39.6752972611649,27.04467008070544
91.4294731010874,182.37118476152474
21.095685730718326,155.5093147087955
25.439231603789615,137.11735242073723
194.43847092628152,106.98911336939622
180.27923135387238,143.97146941552845
18.49996870818178,178.1484223022889
176.08571947265534,155.41422526360407
103.38724351011658,82.03618017165199
188.68459157526348,43.386989810946076
94.0412789585326,148.2819611617918
175.15084482481512,20.255642425329647
40.981950080186095,177.22973411606873
168.88537137588105,160.77532468353087
172.38267222401353,101.07730157201556
97.62932409170219,123.44432158641155
192.24646067941487,43.8225445221446
92.99616534675562,33.92465528110499
178.2522553363554,39.92418646930093
163.12365379752939,151.90367628756266
180.13603174566416,39.444583979830306
181.81118111948763,58.866821912475785
19.412471169973998,47.6898867220504
185.74519164878052,39.61004316675707
107.17854304882898,175.99191418065257
35.67464413377507,195.9603080204218
110.73291850483972,81.40492746150397
187.11830920467094,99.07501011177561
9.492872696474738,85.25275763185752
37.897448716565286,126.72012418721519
90.70965181946782,51.45931650911287
105.76771588837771,71.4374613573358
181.91718060177206,12.198432974194487
167.49456680634546,187.49109198013483
29.92781744032426,37.630719046687545
13.98183702552405,49.50583105386793
107.00052277547769,11.651961171971577
170.55830989228446,48.22084190164024
33.74222235449848,187.45491259588047
9.5762312769684,149.58533953058324
12.007763010631676,12.395943998693262
181.99777090875426,168.2097479716994
176.9955901378134,40.805535246645306
178.794272718754,92.92056357918081
16.857168704410206,162.89132672350124
166.33308914079836,183.5711683777796
21.956792112078567,112.38827208762234
13.847346920650402,7.585703244944856
175.14975736803703,100.28171151876253
72.25100875472518,148.3978770890872
34.02950730634058,122.15351771534291
174.71768910757675,24.39296340728151
34.61469777667098,111.87220946590578
189.30536367877804,181.1257954944465
40.94168731156424,19.936434893929974
85.88329498167036,135.12245484507687
95.00942342159023,55.82405169678615
93.65267882748488,119.16778996588866
8.46649212471538,47.94142502206412
21.948307591387422,185.67481057654194
26.09606765153809,140.50622351504785
9.690493690010353,162.32260538146053
95.09213850454017,99.75629078783585
162.64437681382927,40.41983335760182
94.72053516940339,63.695353997135676
186.83739976827994,43.89276490010063
30.673543508775715,131.97564940346373
10.858162809585476,7.776910227260417
30.042791577578708,146.12363100124776
96.98896463790864,134.264345491839
23.63138790689704,140.8211958869734
128.9434635221688,61.48085925068162
105.99016325616763,75.70508746290035
9.849148454649274,108.90905808149729
174.00540244379104,108.47790471106107
37.1911004900233,104.5027767713724
165.73985163801171,196.54760842081862
117.06252066193005,51.29877399664042
23.24785093987202,185.57162760076145
25.972796235496624,60.84622905333965
9.265179194612289,178.09054728568762
19.207689815119796,196.83056414576168
97.74913341611926,99.07230274188437
162.46687802758157,19.20821417761669
129.4009037821506,57.92948891864893
85.97583115158295,92.63580909441141
164.79023807499414,36.38387863468686
78.14392288901999,139.03304248480828
107.13150213197578,134.0233008035904
162.65736042476317,194.92073214669782
119.36553939379789,16.987707187785574
55.74554250748261,143.06021548145404
5.321252123645821,12.391463041688016
165.45186286608674,195.82294055481756
79.11114194918991,143.353953287938
165.90101575107388,93.58707578004339
89.18600143676649,108.25158721970509
80.76102654221292,136.96313250485807
5.749419529238013,126.99353544191182
103.14674958502589,136.8271627526854
23.061412357680673,55.77910188680107
20.75868354342492,175.1210211696052
168.54853755158376,157.28953815614443
170.371057337546,194.13049844065586
83.50165605735033,72.80006732546016
23.476422364167078,11.44920613486338
94.89640338884509,188.12127419842506
111.48932168417936,86.0872970160503
81.7033812672273,163.89969083069278
16.660982801628403,20.716927930288406
78.33584092238371,141.31686819177193
37.5141641217101,26.232882267025182
16.29623175184687,10.566594909739724
21.750435778371614,147.48125905074784
27.055431825139173,132.01519183925745
11.771908343675179,82.4810887379957
189.5992897953602,83.61760879784943
105.08171561834594,108.77166469116133
7.100560251440813,130.04505562379669
169.6887127849459,105.10523326997222
28.937659772823498,178.7626695431059
112.66217397205136,186.890979736336
168.75654704988486,177.29034488943577
6.6613030348749795,83.56530045271197
192.43188698083887,130.68754016850505
97.67159186778588,86.24206281552325
194.78592165986115,76.01802482149368
163.05810528959898,111.61379671055533
14.74917208599524,76.89990795413658
119.60861386915944,7.8531747152042355
165.374050886241,111.35869069078149
89.00653249890975,55.285773476711675
168.08231352546474,190.04643800216652
10.868621919079946,87.79335802376073
33.3670547165824,166.01700628999993
100.02706257059025,186.05500445046843
107.53188352090987,116.65693038855339
169.77541933039038,45.92720478530321
178.05845977568185,81.94319864050469
110.40315773081542,110.54551605154596
10.885108546926041,176.05731499800518
96.34131195049767,32.668664336297994
99.53274879870706,186.10393335949428
111.43411182479664,24.05730336565426
166.8404661792323,183.4477931615059
110.57969478244962,31.265925003354138
182.55120327134804,177.61965535114834
97.11456608854472,33.734361545830694
11.978119824742357,21.48663642398927
165.4810324757339,162.01874788786807
21.020566572569834,60.20179283420239
106.93011777880265,108.73064810689856
108.01242770949776,103.44086459720678
118.64993767081316,37.756597869012474
94.86349420295556,184.8244826170198
106.82425428157461,24.073125366905078
21.133592582896433,67.89103875873586
8.059535083666638,112.3308242198767
93.04330007669832,6.484328657880251
163.11960541366162,8.418066992261709
180.01517874715182,22.202569920078602
161.43965685759926,159.26319299621585
20.442269325092926,186.03455025916963
185.66999126463608,59.61238686625327
88.69664890555681,191.1219261148461
18.938954210385287,54.98791044645125
18.044193304077524,24.201257887822482
21.851205754697595,144.17951965720405
195.75933669415306,144.53755431217772
167.0449111486865,170.81174484700867
13.248688817201886,5.068832825104348
186.91214851254352,46.79862944069992
90.97339231079614,114.57385947907706
88.32785789901641,10.055323828465719
106.92652247998879,81.10068947596874
34.0070697868352,130.6012492230905
195.94313359470328,151.20377566830373
40.14795585642548,148.38455091749609
95.6822524751869,60.0240050820098
29.30218427448271,165.50236958469324
33.280123059075024,16.493596934069593
185.80695514220304,35.22682617288897
22.17908331312534,13.927273463301287
9.712506543146253,73.31910848117485
173.2266424144437,96.31420800791386
163.1890083342533,81.84528288861708
102.39366881517134,83.39169887949474
100.67857943995666,139.69805602757415
5.655364141652065,179.29640954323216
6.151918217833522,104.41061208650693
21.773893573576867,42.16186742261967
182.8700065098862,8.474935643927523
90.539247859029,46.10570657912177
179.4236495408581,61.84474879737333
191.64875790578296,191.91715959930656
27.282980659667572,123.61695005076498
90.24348878482827,181.03408739922244
105.09457932575486,56.479466835051284
11.506763463594567,154.3249829393551
93.63706109279481,115.26364965995398
33.050061548936746,143.9088611749588
18.697487303504154,63.34168644919971
85.2694659403262,135.70950338776248
183.40092372412707,63.23676805210236
104.45754569214607,68.31808260669979
10.134858694247594,55.15639661611302
90.2041614661915,112.90985784052624
5.880716319715705,51.67122025828799
39.50031700429517,101.11752599700019
106.6989996495572,53.02099509520312
115.48111056874372,50.959410758675396
86.5222157089383,134.8160864509036
172.0255844284975,7.851768206425925
167.2202012583532,195.80365395382938
128.97340086960546,63.83898852100555
89.19481602409371,167.31082075670838
110.33314014854608,85.01779406468698
184.10114804635916,77.61398427080115
88.62131601264068,52.59824379825493
172.26251188089262,171.23079308230962
162.59542794601174,30.986407158475593
106.471663885073,136.39153386828468
171.26252628341493,44.51298735558115
12.657334470081837,116.45969594882985
170.14886107252775,192.07564481378643
21.039443911078884,107.75304369704247
168.47170381933745,28.469626579964178
34.75572973506199,166.4112722280151
26.92643188087681,115.60369313684178
168.59013062139542,5.206063137135298
100.06371929504891,22.892713715507696
73.98010898705266,148.88886390118736
88.14915042469322,10.745821355745905
83.58543349857882,64.39899614325748
107.67877222959666,136.83551766774005
18.577629854026355,44.6882697361789
89.80241218860608,162.8170256878422
31.57448592808709,179.7660216111821
190.30903864419747,117.54829435095569
165.07607989801727,97.9500620401508
36.21644967922426,149.46805050291343
184.5874446663645,102.0690857935574
18.92164825931574,6.054842072043564
112.94109401756212,122.14201074141843
114.47244502991222,175.9385345863865
37.85106515790437,109.48715750988535
161.8901903914014,108.37038045302161
179.04851975385242,109.01201387395146
10.282566197697312,9.884578148703161
33.44688957508315,149.0725556344008
24.48597217866898,180.2794118517857
118.93533355248347,67.78654242421513
19.326956453316306,9.593985265461985
90.28689176993456,89.60187073057499
177.91422753716313,152.6952927811028
116.51882557658749,50.806119213087946
174.35195422861736,162.30924238671267
114.84141206619748,16.82822722350764
192.23263436854577,130.2059790421416
89.45223969536028,97.89811451805353
195.4991567525106,187.7199722350984
95.57152510994864,40.05244144737653
86.43706461834473,90.7838182389035
85.12075285517797,51.236968120970715
119.03934806570057,98.53923745797158
13.581680175711579,65.03712800085033
27.509303701840942,161.87579616078622
173.4756114745761,98.70186902419873
114.1818336697126,23.374340084707804
111.69930623691272,193.62191704386208
120.85657738543813,88.79233609152135
192.0897119280724,85.60674463043722
13.708772255413383,11.025379690102639
176.84051735837792,63.357854843049765
11.231479508230903,50.8510192862998
65.03966800418938,147.50535747859558
162.4344636657128,103.90352694708143
40.87904273748261,175.70658893590968
168.88212732891003,85.4387306589305
7.4124118923003035,192.3007650460712
116.36535674586335,60.79547993888748
172.95188872829684,43.33591402325282
115.57949676641124,179.82712117077642
84.41713859536591,142.11981701430727
29.08233284967196,104.39264009367201
164.4297755821116,193.8808255276321
39.96704786296754,38.918625294241785
170.26551088354466,159.79597242290743
102.58778897538204,102.0221376341607
16.985046831346672,167.9065732658841
22.692288960934132,124.79755236532303
90.63195628270246,77.53301762500544
22.060729073438154,175.08582940782037
45.60682768448575,147.7559247152392
34.42434687441552,65.03353967561162
8.770057204874895,9.959627027158138
81.13576646149394,137.00895598437322
31.248970592376182,58.548711678513044
71.98117824537611,139.35772326329956
28.37373440047262,19.17009027521132
39.29224749757051,110.22789229725464
14.006449271117376,151.28749976953796
36.73281342592869,123.17333828894017
138.52294422942072,56.99461955877066
112.85287594598567,39.287983436294176
48.74531489554029,139.70490363293098
189.90461560947142,187.91615864402974
13.847039792488921,12.1966060259651
173.2079146661966,107.74817118086528
114.24051746601957,71.18881585660625
133.42033395145344,62.74989580280466
137.80181222472058,60.303990459377054
21.67358128421487,147.18645857422624
84.96979098184799,37.0527492833831
101.1165368926486,98.01819133461406
29.232182556471738,51.917280629359496
188.1605705398191,95.78951980960858
20.398034508474893,168.1977832142117
40.448216719624554,67.28555052689818
112.31706992958168,56.87549858321228
98.54718840939285,32.703706844908275
186.86011192776903,181.06819339327316
194.89449140688097,46.872021868238406
83.44164522264226,72.08547530354868
24.456359671821257,146.68451584451816
120.74550862512383,118.77542834913174
170.65910869076038,27.746075651503364
7.901293864583483,9.60727220765418
180.38115781579572,57.30084251899379
164.0822826965837,101.6303902498088
176.43533007461653,27.04147586347524
193.96433645069425,146.66163878448089
162.6321245120182,27.569171478730325
161.79457849090554,174.86701784055708
119.38243751309393,21.22966990950485
162.14486551751347,168.42235222267058
105.32360432004334,9.293384837119802
192.6339006172989,156.98286244196902
84.95172031414667,115.62912465037272
172.5398343402835,90.39172664735969
192.19092446634892,154.93729704556816
86.03811993195642,120.54100439245417
178.34398675558012,69.00733090341387
10.38533748422944,102.00755107252861
180.9597983297635,168.65259569875965
27.354458154808242,124.49204472979096
176.67976550972273,43.23488863244662
27.78494218232814,105.11591149623241
10.0,25.0
180.0,180.0