13.795776354028337,114.94181692657162
196.74896419730806,161.98599463932865
141.18367961055523,55.41598116895334
11.362294601878759,21.196319433745867
118.28796488476092,101.94125809627333
80.10909574009764,133.34861499914538
88.07542918157661,163.4899458562126
117.87346640286785,54.15334127467345
81.02043226891988,150.83366519510372
57.58580752470566,70.87256627684586
118.17971629650015,112.46940406282802
5.364718367975466,195.1723792827203
178.33377802790136,88.36712909260619
30.29836439872282,121.24203213948826
196.84549207800558,52.738405825125604
181.72476667676142,174.66690493616815
127.07699645110995,49.336801615398755
195.00449417438887,171.05124928083384
98.01903560546036,44.83207266032101
123.74750841643801,97.75545808256106
168.72694328626247,50.482193222746666
167.7125319887242,170.26588816249307
51.66386064330172,152.52611754464127
184.1673976255481,27.991088537501888
157.61317515749292,42.56952373317185
161.56457027764608,195.94680715515048
48.51478990503747,138.50106472626416
16.77467983983227,78.36497202609353
158.066835121301,21.23485952376106
62.56048057017339,19.12764115128254
170.1861485841607,153.40241374185206
58.8404087447106,35.41239497448859
187.36985548909396,133.50272406376843
11.85727857065094,16.778164683373895
71.36797207722257,67.77608786396884
129.62267327459531,124.39826819288281
30.131306072187996,128.39479742569665
78.41304600319795,61.375886886409766
189.3416569627058,90.45653848245611
171.31124903894036,14.554466496448619
23.30843275213007,108.15522638290423
56.96264229948161,184.2169656428152
133.77524949437966,125.28224880446743
88.78306304388632,6.056251219952519
101.13460051898122,110.26062466663448
179.9705748546719,187.15935506703084
23.537008860630518,13.128744611235565
56.05669236993907,72.89111505277187
8.629584491355839,138.20532213997322
100.01846220597652,27.836096836574782
146.731451755209,19.233032525665394
143.84865465308746,160.44494292548325
24.589321122011953,99.40634791904822
170.8549942325014,90.14281199838383
20.183591129041638,161.14193085461852
96.4138155421104,89.85790074366274
6.326321952555608,31.228029018563966
61.209071053401885,14.453513421828223
51.98911963860856,61.95685065376039
182.81817834892826,58.15157592665443
33.0893913543982,46.20755350270837
97.76923136115698,10.693925659270096
165.49719954841544,10.357753933934077
160.0725629163917,164.4395863718204
78.57655942097593,152.3555160796013
21.23954038404119,187.90144082219007
160.69255886420015,147.85041756361417
24.150335684113085,186.81711687912676
88.84974848460539,80.99443129787241
163.6315562066944,192.99502049022172
138.7968979171491,166.6379620851483
11.355428949668182,75.26029523399107
60.25436918682326,103.54588145597633
105.35253285326931,29.463992506928626
187.45173920399225,145.81003162727114
107.80047909809893,73.25459916680028
65.32329000178156,177.79450393956984
46.523375772914946,185.68595842660199
146.08323062875277,98.64584268593053
153.6898560643671,187.88901897967983
74.32644481156325,170.0785915955219
142.83399501002597,85.34397076302338
33.22628572214015,41.91419949348118
40.545199453917405,171.29155325121974
150.9474143270974,189.20920773330687
166.62653968088864,104.0332417158855
14.632299342828237,170.64989465862348
22.723327898799685,90.12546636040975
187.3423001614503,109.54118691494183
121.00452405967228,33.669371435726184
111.8139887735735,61.635798384343225
149.2953899584195,78.31903127754703
146.3830728520822,41.39448229236771
17.780224181112395,60.94322344131757
97.34649291427445,13.435765738971124
61.03433262006956,110.94861452990675
166.6473497040455,16.986084329312657
136.78591397616336,116.87971788336844
8.872002254096087,13.123642972368728
73.80599530347402,140.7157111480047
184.22893644575882,161.44333900734486
48.07521824663306,75.67300696300352
17.7075839152545,139.31214251075932
81.17565952114535,76.9115621620792
122.2830810038966,177.49406659357317
114.46818912420305,22.465195295447046
152.14838283915952,17.898013324909904
187.0141054469578,157.57395402957798
52.643357309504566,162.0506068013694
142.32390622463436,91.52096586504368
126.53420338834763,47.089554315318026
154.31787307856303,95.25910897860204
161.55488008195334,96.26705398653405
37.14893897291613,6.256771796656587
133.56526010195043,115.18095823001158
185.45128176253098,106.76790720186413
179.56030430941183,190.1978569567086
166.36823022328826,9.680746137959456
40.080783426673264,102.43349415980347
186.69189883238084,56.803279653689664
73.26718407619715,39.99493540326691
135.1232288341201,119.79241143738543
67.53962840854405,64.67210099333455
124.47102779709381,85.62178018279701
126.36637166121957,192.39574337570096
189.1417130367698,140.6600901515146
49.41991813045689,55.93076437068679
189.31384940918292,49.754516747659906
174.6518577026166,104.08526498270886
50.48567655596066,68.11918139107674
8.473992373528084,131.28730519592702
23.99868331886929,147.48033336397958
16.218013454054432,115.71298734616363
58.751126154126275,82.44991337956199
23.813783954109766,142.97899484531823
124.48710653841738,115.2578221439734
138.4755257075797,72.34478127624078
64.4385196885941,163.1948271767143
150.4030050601237,9.146235517565794
124.52952564274992,66.36643756120147
29.373324712038237,16.19207302825413
185.4896474398461,48.42289210419845
15.807569841283462,80.20201429154436
61.52858457110731,161.5666600280899
149.40539566468547,132.7695506166118
44.469597542618615,29.251073179144207
37.035474284361136,158.13282651585126
62.80478874345179,55.941545143670155
152.03341026602615,16.00835953707617
53.67165534259231,163.15274488441602
55.01434075713028,109.61134553622146
72.43957922338079,45.37252027646945
137.14979554162576,141.48957604969897
96.9318782940355,177.91364768315512
187.31998946886782,129.6535083401802
165.93791176512502,24.206871307225487
103.74729727104973,48.42661871593708
162.74672108555535,76.2798984768122
30.78677455340555,119.95258932626822
142.33636648590786,93.77431499909756
136.71880570457174,133.8544442513386
73.1424101996296,88.89040099125765
160.5985668433921,58.52406994988293
19.887213668036946,43.89574465950538
165.9901718339757,160.08186030978288
175.71636642798543,136.8713915671115
29.316182062359943,28.509125695013353
174.7755023036175,144.03809942198748
149.44791345646175,179.57580861793923
79.5010817357777,32.24384661892791
173.19859977653653,103.08404613805408
119.3198278384969,100.43504583391928
94.84303737838374,164.39867448236862
184.21477154480237,26.400807808344997
116.20680709645707,79.52159469496831
190.0104235408897,186.6659563858943
71.02085474588365,33.533203214891216
137.4441129309156,163.59607520255088
161.7259959892982,5.643333187460196
8.05146919348686,53.574891433551855
14.168615406918853,102.7727446144465
48.345705277688694,157.61696052101084
188.3744639335973,139.523696825348
46.0560993225465,151.49822533672653
93.75612794984347,7.992235889860847
65.1505090681573,103.32132488363422
5.566144722034655,141.86459050532358
69.9404199785062,144.83433536900375
125.22698133447611,70.11930995236753
30.19282139303583,160.57341231713954
54.273583822537105,24.726788130821976
172.8856524532019,131.103499099562
29.19600877871232,72.02596342041092
89.19045286744526,142.52843341981202
192.2083822626724,43.647136801528916
89.87220136799613,18.19569067691071
67.75876206413851,101.34146293380002
127.4071332478127,100.79218239470293
44.470807386543626,34.577062727834125
83.0245031105411,173.6288045703285
55.26318170012438,19.314420906355117
100.10036717952023,20.979560458612607
117.17085551408158,34.572495721561246
125.51942587985951,128.45074849054745
47.34849262243628,24.042494344500938
184.5478650482254,54.3535361944077
44.5088426207189,140.6778250490917
30.356849902228216,50.652904788111286
67.08039979808999,141.65220075978053
6.689743888619667,45.43859354151368
83.7245572950315,48.84190014067656
11.50612174022512,60.73085819347506
178.63071745917495,128.90436614629508
148.5448556529641,97.99577248445875
116.41739586607802,54.42775383239459
50.68144957472347,51.697712313964956
50.10790934357554,66.38228684556105
146.65278737616634,156.27675423981154
32.741196705607756,19.729832814361696
26.090679005162837,126.806585367098
195.5429239607823,37.89090646412442
78.19358116063124,12.556942723553187
124.8694806696912,24.560834662031453
189.76680291903807,39.08485747689862
185.4833830786596,192.19042350947888
168.0291002973325,89.30246636857997
122.54176898936818,145.26560968683592
181.51080836761298,64.7013483539612
24.42610348087733,71.13069575444952
32.96877809600123,93.9778507292763
73.12084231139465,162.41580278021738
124.77541657038816,55.866553789173686
137.40958841496575,88.2450799168307
115.577336849994,70.80220305457962
22.953306165004904,145.3212939209378
105.42532878733859,11.323582500693647
76.4750124743402,37.74215407777719
51.36425258538178,61.32706723943289
64.58620898112412,65.88907154072523
137.5001383668783,143.85989241515688
136.21080341887435,168.02826039516023
64.6707431514996,85.06580118828374
67.48247132590244,9.427362062380375
24.112402911296037,97.58680017947539
25.996580409600877,194.980203064356
114.97932870130056,101.83925651190398
137.14849047658583,123.5074393274134
119.30490041855036,183.54920129278258
183.958447080018,47.43977507446685
116.4274597691322,52.29040644062904
165.2275087608136,164.3679022247081
155.5129965555345,61.393544210429255
150.056291575178,123.58756847343815
186.94457930403433,31.02361790524747
117.25286904521901,97.2115928030911
131.063069938201,154.83149231071542
168.8901970506915,181.27801819670367
188.85562292510585,98.88440657342373
139.51103642110402,39.021531140750646
35.671410061555854,112.25262156323164
9.691180364216427,66.06377447910116
158.96025263098267,71.95720605195162
63.87105867136193,37.36000456747289
111.63659937999572,89.77350607895632
184.8953165911258,102.74552838527543
70.95036583006723,27.396257650037647
142.79097399228456,165.6406538823487
124.68951945498495,156.07209050876492
97.66111011575813,86.27078163114133
31.547451058757673,135.01367701525407
139.18374860857313,182.58802101091143
152.34293908525737,69.31631305893704
24.2369592402178,188.0998567743198
181.97811630026715,117.08307503232568
135.35094908530866,52.28023288489898
158.49554082162518,192.3853704789024
193.15796364632268,53.074415804483635
188.3609962413307,108.52191144030787
80.43490932742664,42.31267675804472
66.36421815688514,31.631120703923933
124.8344087959985,21.507606158044382
136.4731120725404,158.36686872990114
49.428987623530574,10.953556564099529
191.58724555584382,63.00620102977415
54.273438785096914,35.55073996209926
143.62550538254948,177.0057349413845
87.91721220430607,185.87515473052443
135.9898400409728,143.9348774505019
6.11493362945744,11.848327286552777
66.97757015947968,49.792995210447366
77.60578610240513,165.24202388895418
5.823969325380761,33.551813525394664
83.87844460879978,178.16671159858114
117.76644476394368,75.94356812228472
49.34879841996818,87.95708608608084
149.70518980659617,183.46040926734906
121.49478183316766,94.26848433884096
87.24708034759344,18.535502892522633
164.2959455736895,47.31881369299265
132.84797451324474,31.79187394781966
5.661977475558606,7.621817452668935
93.45297386170753,43.17815989408692
131.9485805039702,27.14718207356024
22.271523417185648,157.83345911758613
159.66880610671953,73.66086321450659
18.02667072740912,113.36473650799796
57.93761302398096,71.09403014437952
74.57572949187225,6.961530923624981
34.98209288569548,98.61052918535019
118.01807165611342,102.16767748560075
56.92819815303214,12.547848978400491
48.847833010318915,83.80011645105591
191.48552464834796,79.74801113249343
180.95735395809467,47.666626945566634
39.9238425446079,33.15035995530382
78.99186108236597,32.36349545749469
27.332265715133055,150.12698883592097
23.416485719858777,32.00184980429807
101.18607087347578,58.15540870396387
83.46884942359526,161.88441370708424
104.44822732396898,75.22709406075039
163.82758234174148,82.80517730276657
172.64154103393966,125.20900015040147
127.0103110117286,193.9180361130695
192.04085215801496,92.47013267780977
54.34280465933031,143.4095998174859
13.126798948554638,49.44557081575835
188.9384256371031,59.26103583060887
24.82921249246846,141.8483023851073
25.77143836962377,118.66423273202078
119.77332053183439,39.736598669783966
147.9553243263926,191.30737614890762
121.34939170495707,63.11922071802263
140.74422461874946,122.64300190430981
80.37208283314337,14.644473676686218
140.04941366896952,158.39065430754073
23.525278599483453,106.84081312736241
165.66021465393675,120.84446578138898
118.20632565346926,22.431893459760627
64.80262543898935,98.9650700347938
41.459857500591156,71.8253133600509
131.36326353550362,33.055013815668374
157.98084047574704,57.84354330264647
193.98703164747343,102.59359153182928
20.622201642177085,104.68283657104868
73.44895262857432,106.79996497306192
36.22856455999393,22.337896063813393
32.57913853120354,120.96969997736015
92.52800100770621,171.0137275652136
136.24923692317674,35.08727533688847
78.8752115541023,166.3369280519344
125.63817266452811,69.70903088035061
171.57746427364197,175.50479058622832
19.403542294049394,152.09143688701147
144.8081391538311,66.51192006332585
86.73677871361902,182.57327023388243
96.86647668683717,80.24149911852373
50.09031877143484,136.66644172095423
5.540577789368425,113.43516480644811
132.11036020684662,105.81396376671877
137.49667662220153,43.62478084718293
22.723355205411796,5.528370448178087
165.85260047452948,159.43386712905055
137.13481476976742,20.291534245236818
132.93205097682304,11.816235043828884
135.7729996634658,91.49377067888662
81.12176671447415,66.96309115515903
91.2751071153429,13.248326767209731
80.24589162583506,168.76779897613005
173.8125067838838,172.29968848301624
99.77864703668574,79.6648934310625
99.0010750700753,24.811684390103434
135.4841154443468,132.65464125311817
64.26991156017927,54.18152071805276
115.55617262900638,99.04477087645924
30.09237180426366,154.71776318248985
43.05839845752013,24.69208275942259
97.77002397371724,19.678180464313385
162.07613436203724,177.61531083860433
24.581808430021137,43.62090482657471
192.09248339502577,83.3040084607835
185.63136972918616,196.37268132699901
114.48695854159064,41.22592506517175
177.90583882992044,87.65689629346433
141.62371014883698,46.62644477751596
170.0677829503009,138.69106350521795
153.32566313531413,185.42334438664878
22.78589705323294,93.72311732396312
131.1781720131713,14.139845370116864
154.47336490101063,62.14934254633288
147.45337690988433,106.35733813046562
65.51761393574657,155.70052542952774
55.72598961001724,141.7250238615438
130.23045717401715,157.46329579176256
70.73123007317767,143.73021491324351
49.1426668008159,72.97319368107564
16.792892691205246,15.803669360983209
33.19070788498077,111.51790807395219
46.20680902530175,156.06315314165792
117.87391995013574,83.48929588691966
45.81471284295726,49.82997176679929
158.2793772462886,68.15579690636405
183.68716722773453,101.95438542082901
192.21735489697775,135.17930609111352
30.699565925689537,173.97311430743886
64.37026312784089,93.20253659755849
86.98005967073966,6.0440985251426955
146.89500189839686,66.33166228259113
110.58137640954939,20.943769019051896
153.31394147816383,173.59244542943296
57.82548037816012,14.97813780857521
60.43390587813019,44.755040045165984
153.28404638791156,125.90857933961233
9.839494072186335,81.90370765228872
16.594078443860806,141.90602728448332
139.69470846901766,128.26693716034828
190.296131332633,85.76775074961061
23.73579321299991,52.44339307423309
45.862466179731875,175.62319913571378
70.78629142038247,159.6835732697866
143.18557023728812,177.45999921245286
158.27172377973784,172.2361350878727
155.88163026915447,169.07976612328352
77.22045382183164,62.26908985874614
54.09616322782784,143.14656938945197
88.34090229074168,17.3139534320535
143.7961661151262,46.4527351087608
144.1577414286265,194.37579518048156
189.38362593668666,61.37629279481788
20.80160547027326,21.93902387694116
111.51068722564278,69.16757371872335
175.3681215945807,15.062121338213222
104.25758502930297,78.14066995155058
130.96535276674916,181.0066560234673
113.02126774396426,55.48655000404139
159.02646784717294,164.73486682915274
99.75750162591528,95.62486925447928
44.61612144025021,185.2645070108681
90.00584638872189,36.973412302442476
68.06289122505335,99.46414908682934
191.57296829275109,190.77587227529858
175.81333947821392,25.045867805269406
119.49830584086595,111.91315589516049
52.06652462859052,41.588737375943566
81.8937985970711,50.69210841485678
141.46416249360868,171.11935533422206
70.78779385296255,141.4353038258303
59.248603330889026,8.993016918085809
125.51087712158736,61.033122332095296
108.3052622169577,89.74615526001675
119.72710595476912,147.14026143400315
171.0339979066191,170.29651830781103
185.0016030362866,193.1960573170761
49.8984492072358,62.66286993866601
191.25196201613826,181.81930382366164
60.9219370659306,82.28744403253836
46.837372177835256,106.8279462247218
159.16952511410386,111.4484342092377
89.67068084233746,82.68662377271309
139.1580307565515,135.08299024445614
107.91583550015876,82.25817376843003
81.27813181529889,168.11636561719348
149.29181814391,78.96349963558127
121.90465921687867,133.88139331290006
133.52734741132664,97.67031577220789
171.3071363592072,113.46747224724605
24.859552314863727,114.00929574424177
52.181425406868435,110.71369859055497
181.6254055213357,157.8003279654333
191.1210874066491,38.73611604380106
196.18691343687613,195.39593215856632
83.30194284581185,177.0272480860447
74.94252767116554,146.63766159357718
183.5327542181766,147.99200838590676
24.127969671065575,38.17256821764391
72.43407354853419,142.99101515094944
186.5407835296699,63.17514506863256
6.6109250554384955,73.87727594352283
169.49112076790354,153.264025600115
6.55658239916503,137.3799159138096
169.86222103029954,55.64783485932044
81.37376184819277,19.89558539799385
35.29773641637673,42.84104241925151
182.00686668476217,187.63600489222188
149.4609595416822,100.33225759920064
122.19307277788874,182.5422377937297
136.1750115844593,151.49756278586202
13.127129244845914,13.42953574201908
168.39321443820404,34.38558402535385
64.61833903360244,180.82211051333036
111.10997630205657,40.83813856859455
61.266295558156415,135.4604282361741
70.18862733181645,79.92773829245998
13.554446781073832,22.555544926910173
183.60802128977951,52.501285201760844
54.90275541031808,182.0214361970404
161.9825299012466,161.5191285403602
67.61244313886597,173.103008917992
91.38769492957753,87.55592424694966
28.33779049872065,120.80727104046343
175.35595834393945,81.37493208398956
141.79393092427983,105.78223707971712
43.815395303372654,69.42537509943661
32.648118987224564,55.96391579704704
24.745041344193734,138.1461628400684
80.52942775750802,105.39797185455465
130.04791448158545,51.28055301663266
84.07624432686208,25.280679278935832
174.05741650552434,25.509084405848753
186.83655446684062,120.35473059081187
120.57717535233397,196.08250868119788
63.93947270178934,139.95579818227947
26.709601798464742,107.48361960913324
75.94520985836697,6.087606070171425
99.6228761155945,11.694339612264644
123.68346682867197,30.6810966767417
154.4719927694835,123.69099287201179
93.77583241190449,61.769576490411566
140.32321092830364,125.44074487923193
186.42459174756635,178.5844262374289
59.245669929464,68.76954889085151
29.59682265616446,122.20750916159533
187.75675780503786,177.90792938153962
116.63073286976523,33.77534658179754
147.7307679383862,182.9544599196796
128.52780692166883,35.842170995015856
36.819178078293554,31.166165518410832
23.51045017102661,32.82284444668493
138.52932670912188,118.49122158575655
119.6929249034899,170.34997182547934
141.70631512334555,5.961037005147688
28.78566769929803,155.3857747091295
92.31673868508878,79.25408954374824
73.34604243148414,147.67456014739727
101.70332879847419,68.13831277158361
105.91618327425803,106.70369846706176
129.7074903150951,101.67923382600121
58.46086140192057,33.954419043075305
140.6039487647569,146.4216549272809
134.59694241485278,154.62017894477293
7.782766678223821,103.56077065389078
52.679229819420364,90.06839352136757
181.61736422038345,174.37580485619358
135.35323801147908,77.10547639134661
133.70171220578771,153.72476175325582
5.712420667703027,176.2617647915636
97.48522727304078,11.516612049942937
78.7972255786632,86.18253986247426
78.60591992510481,94.02122227894533
173.63060047260308,100.47084844253911
34.21898516856016,93.95553369043792
70.63497760377156,131.8414688883529
157.95161231051645,36.87917994199896
103.14786893958104,71.4316468724253
192.03558307130004,150.96984791657235
101.97693020326356,18.264348529943813
193.5368100225896,89.2760158392542
71.95707048722136,11.286504191872789
83.0941743665952,167.1064561339485
192.84650475896228,99.44899472607148
17.253904273135085,17.54193887675739
29.879415553075553,136.23352671400593
122.84408825134479,164.49208439545626
183.39922313631251,149.37518639786407
162.84124041397848,46.783686489543435
184.57314131814954,118.44748286910412
61.1468138479941,43.241875894280454
91.8758927151619,27.72612223377703
122.14646828653981,180.44306087158654
79.34824724208448,12.92824978468948
118.94452590485368,59.95068082815379
11.449154889677725,62.03272938324912
102.68221249139157,60.11583352600242
193.75772687114465,106.07737393501435
163.9810702304811,163.98121135924998
71.81790620224608,178.63739371650385
28.065760063577773,149.12276046929603
160.69947233839034,158.03619947935226
81.19830471192112,13.729382166899388
51.496053383381266,80.66619822492936
120.7082276740274,90.91052505968928
187.68502870850787,108.78172889242244
102.23627690895852,109.58588971673088
136.41701556329966,140.06030160068735
67.84585893725533,21.985636741426124
157.06436010161622,100.41528881717267
196.56923600143767,68.63296293395128
88.27165673520544,89.91199567706423
13.918749473073547,173.73451428201116
145.34479188075173,168.07811810028548
96.12252166980029,165.28632109066797
137.87827389964667,124.41890448025482
105.37066709136407,7.498792738762055
56.07097323450336,56.06796469726827
153.65137048362894,158.922664875835
178.24362090812485,89.81931149691258
148.71472795983289,148.67040377289632
98.0643907176284,5.0891329417375335
72.95301876770647,164.16023799297236
142.7953540898355,140.48714320758845
34.589648348704145,160.83246302308194
120.07490016003402,107.1868946559674
78.69724964597827,153.2028250249334
95.39279890185192,43.97842348848362
61.16831134232411,170.7917382857878
99.19485284108924,88.34030965899686
33.908819072833616,78.57636104396424
147.65019409574154,110.93050016523793
187.24805228145394,10.2207553015372
139.68081682473922,162.56896073528807
27.154501713133563,146.75325110951303
151.22138118352194,28.39137013724178
121.46057212199564,132.15240656487498
162.07633173087822,129.92102501929895
48.04838648296365,150.5680927056232
151.91837224545114,89.94396956670887
79.06975621375871,47.1329492443842
108.07747603189648,68.81278116513587
137.89506386469347,169.59574035387604
33.894745280740075,154.69758421733422
42.087559496372904,161.27263562915374
139.2096475384032,127.77687710277458
89.16552449970553,141.11412484065988
137.59708952890227,40.25332571753785
116.37899721312787,24.02245817006629
83.98205778794403,92.80040777662298
136.59406513888,188.02460575338466
99.02047425630528,8.096007414995594
117.2277386981057,70.94005310325551
20.41858523624449,45.62570617612638
196.54945445902706,15.769741510493384
106.74928245457872,61.36003181046345
33.409437118761616,179.69880600372676
29.67214145142866,156.61968143311026
186.16979005004413,127.56006782237462
89.5805145261563,11.171581256028736
118.74358863431972,92.90903339055764
124.7469318546125,133.92041680317556
157.6197266028167,79.4319805730565
131.701913290565,105.42789713821043
14.555495195995375,47.609118150794714
128.66650777449576,46.48384403072642
95.11736933189977,25.751408867144924
158.34614848385328,18.39351296716156
24.61744432749724,120.30206779317999
33.10910770111735,189.2634866435553
186.3236602149179,19.801070395860194
146.02338894803432,61.641202742677294
140.81700491473026,56.88435821454912
70.41431876047604,168.89344965312017
178.8401132252581,127.40962178332676
134.41445996074543,158.4007907432866
193.77939726902537,154.20648844359746
179.18185820467005,7.0734440117749795
152.80841576139787,62.8834600624252
94.75675654091206,5.469999393100629
141.95280268534862,23.0081678421118
160.85699983137528,44.26326753390885
74.46699628672512,95.15132780111942
174.29134441560402,133.16897369485062
66.73877516693298,38.83979008126988
128.40834095060313,21.181539181562307
171.96522151036802,195.23498233955456
5.936557974832649,97.40417881178205
99.120324042778,83.82431855421116
152.68298882240222,169.4438078227254
102.68878673417228,61.114938707429836
191.3578888332377,71.60953992436065
118.92603602852068,97.29375032785762
148.60735449022334,150.4807392856856
115.38659458775074,24.726810938763712
193.41482631769267,98.78749983450163
130.91355019256497,195.51912994168086
88.13367466950845,155.4902559621387
189.35136494809797,102.5170711461235
94.36206233397421,99.64854611216083
173.3541403054743,92.65539497474786
34.91896301988284,13.202105098723356
57.534211404755034,74.44078820332533
175.82313841638214,79.63649927911901
153.42232378250762,128.67401137973533
8.24992262444552,86.27555811763068
86.77902933677873,169.26074578017872
160.32862658495955,53.806576964448745
6.547539964538104,41.43357395998522
186.3397701527622,192.72665428743213
131.82650297853323,110.36060668728025
61.129591600147215,54.62091310732378
90.76040872561504,54.99832792007642
142.67423454316085,122.44044634280736
191.6380366994558,11.406863654502253
183.54373697359438,175.28866580733157
95.792931589872,177.94179473225083
12.077271330535627,165.94842848012647
84.14594313318298,37.24420032361322
183.84055271188015,192.060770716358
13.455722410609296,162.76726927398823
126.10791032175021,100.25238272668372
74.81906246115844,14.903665852935472
158.87644511652735,183.2123171462179
13.478588828789395,108.9246924942716
76.01749145023466,148.38363584320481
157.19334231509484,30.82164154177281
49.7993631401298,160.44234684412788
14.323903513302662,61.18964369857231
60.064221503665856,63.125587569297366
141.45632602403876,167.14728865796192
12.377699488102902,103.4597823120235
82.28908432113278,171.52812810805713
7.353143706248097,99.04014745884979
24.18617882582983,177.85191608977075
165.0403797186695,144.60797148680606
13.60252546494382,178.3265302253326
138.19507089379394,147.17958766557462
119.71465397183847,56.83212529679309
65.38655627806949,44.71112542700254
48.376396044305935,51.39295411116893
132.9026728382929,21.495674565428963
179.5211492271203,12.152442927169039
94.23900570090589,24.040159194037756
17.136904431192978,135.5850839526992
166.8048139773563,151.4768303868265
139.95885875169364,67.60318170790752
142.7023863627542,20.470848851810356
77.80945403902483,66.61577819905999
33.798557883313606,78.13436011588878
5.373099658271523,142.3442593538009
173.28545823056206,158.54897503334547
174.9654168144031,71.71867663420629
150.51844851757417,143.2816907736128
23.824924442323024,94.72701619672878
126.93516660142676,90.16039628194422
170.51947196930425,175.11408540056206
63.74601868572728,40.18722114669682
82.05179246451715,157.54784971417405
136.70374478690914,60.01673211830331
12.230490408907523,190.0595564905829
128.0679665504705,175.26246474210097
12.62460417113325,24.793975418674414
36.38998093909579,186.7024268015838
54.26074490004727,87.56699860830136
35.24008409294902,176.01444978754603
126.9394568248953,8.655893649447538
170.99052026931798,133.1364544945904
81.98091603207608,173.32399125057245
13.39160688408631,64.13945888994769
82.20622730446748,66.36953148741743
183.92442801744113,173.26382240486595
100.68937702353482,105.508343864263
87.08067321193828,149.80879541572344
45.81838361396171,44.365486750448774
44.08937455767516,133.73509315163926
83.1414797455191,179.05220809950873
26.246906184874906,58.83979890712069
89.0505184591889,141.1775526701486
30.591023697587616,183.18423453351124
52.361991908198775,177.30861808468393
88.27931155129026,98.41015965217517
129.507089068326,20.376304710882856
139.84631361438022,111.41325239507647
78.72448447510862,147.95210361660352
89.22961260538177,149.02166449583177
154.60805238842335,154.355554420116
161.75258906272057,186.8107913830243
83.54803874703828,169.66858528355044
177.71960094173306,83.53638848966837
76.36210059127548,78.3134093418737
193.58494590326507,65.93260125872604
120.33654223285478,107.41439154006056
163.76620244813222,25.237115002051567
57.88362269697847,75.02961938119215
155.99528301031057,171.12090530098712
113.70346191704557,15.769748218099812
87.5046315071672,176.4671412968048
24.540210837490488,117.80795047322164
98.31209023979095,102.27881405809522
129.37037539699665,120.6875670560467
34.542646508383264,82.07835870763981
95.6296074391386,52.398343001622855
101.22307445343198,17.43393887906162
65.18808601457548,44.172331663286286
134.87440784583842,37.02953446738697
91.3620578462719,72.12337554051362
39.86974945928128,63.958535883463774
76.9742959697331,16.56667493104965
156.73041157669326,81.47757112611352
132.54710585898565,52.77731084743522
150.10139157203366,108.79031528319804
45.54679133285399,54.01293154566678
96.35699733034762,99.58233779537997
136.47161845346307,131.7082661206943
189.82865685677348,26.948803396778043
164.9021782115679,16.570624927588053
54.87281088588332,36.62582286241772
42.75494221239432,91.52970767750493
98.89943378112532,18.31588611463015
109.6872936570655,17.428108079733605
163.8298277029889,31.63210285509482
11.842421997188191,126.01118765319656
33.677708378021705,174.56621310869608
54.820650860441845,17.413737962104403
153.83205852305204,132.17153328223796
134.66603461558182,90.4350775712031
168.35445485659096,178.36569926180866
156.4920940083573,122.35016395511832
48.673167103958356,54.303514824322235
126.0192639000648,57.16676681832242
69.3826170321401,65.59384955589641
104.79062608728428,105.5905477696622
14.295746370766015,137.43477472126608
108.21644606715945,29.734787255423832
51.41079988058841,30.054726935614877
130.81649306635217,79.32373630999119
93.68452800132114,167.94817376900343
43.03268881913344,73.39090694645526
136.33860463822685,106.36290761343778
95.6583361590122,140.93692883288023
8.741345654572816,73.49430159455642
62.681230361352455,179.25419051094954
137.7395839604367,5.808002714100348
17.53743179737524,35.829476177947285
144.97131347402797,95.38284963191686
190.80442266881045,37.45436110664679
38.52266735448408,133.78468115145446
7.549819341134375,127.76598581273034
20.200012697894156,83.39856998136375
131.53167345219342,131.50576089018557
36.42282567446972,31.918217522329982
153.02801632186436,148.41743369777225
95.75771777509436,44.44889614443597
17.60354977138499,161.94230102037795
92.13645939545427,46.61771516225841
145.1623444828977,133.4781843516094
146.36952378957628,178.59449137330392
171.16025264568597,55.888234268414074
47.02206443578493,178.4708560446314
171.26913356239533,172.10130117440283
155.97233929030165,31.207788211842857
66.60648293082212,71.43597226269324
194.9550879615541,181.15170958008864
27.206151953890508,111.66730854159592
169.3445056250785,5.411232767969144
159.73547628364332,142.82936114839924
88.0558484277222,185.63704216262838
9.032329108979805,166.10954846681216
62.238118117592364,58.46979679110981
59.27426233361033,57.6792701963881
174.6344191510267,159.31099780044548
122.76759420036622,34.280554168162496
41.95458009572607,54.05581310569771
179.819362740145,94.19767510302222
196.72580592011687,89.63885943516905
157.25016204010706,37.387777791672356
172.93156368271485,19.53364442047584
139.0273523084974,111.92156722882451
173.26639537603393,112.1399179738081
79.44005139288149,181.36312262323926
55.980534137435185,57.95923306379616
156.66406337573267,140.43707786223345
89.08385173650561,134.22080028682203
92.25084522238564,44.19077719868728
190.95423277709895,52.20763456735625
109.32842782219417,7.146903050246044
58.65495385988787,176.15673620497506
59.921839159253864,139.99823552602226
25.869520159272295,194.07085150751675
90.74987705223653,66.95720913580833
135.12211003452754,66.58391988936707
157.62953549280832,85.73989072502603
58.80503519550455,7.230332452792974
111.86563459961134,105.80605563041836
49.52622303615041,54.726706830987276
109.69456134006116,18.12585642115133
125.94197687919115,73.11031015686697
21.2563972209561,82.95287675686622
180.5348708663367,170.80630030122964
156.64150984339037,108.72779317951051
74.59736597661954,81.30046150913807
128.84225323489014,53.01455631650517
139.81948201354837,113.35204306332965
128.35109436859628,38.74133706993082
186.37095472967323,147.6956543731688
121.16182572527156,158.65039669004113
155.69779529643247,127.6968552445033
102.6024443143636,22.45919149599457
150.63143035097187,60.60037847162732
77.1359057373055,37.62001517226594
94.55716757310711,148.42757846586343
134.6441934394687,124.05136980596971
26.53994006539565,33.70726473977084
133.97908802790607,56.91553216271123
189.31515659887467,195.8276784540686
52.77787277151284,75.33390197969413
141.74924343116862,166.78458266549285
118.09196167731035,12.716474693819094
194.6722748099867,186.16684966621435
120.33505808441109,54.04996080439767
138.00074193573928,6.957091025693926
18.482908986365928,36.6944353757347
147.35102829365033,81.22277443475501
192.00840488959977,114.32984718922472
68.6497740494178,33.180256712769555
97.57704265786519,109.44200970889229
123.81916129462572,194.3352425218968
184.62410162459267,88.83424192718789
163.50721110266934,150.97284330185823
130.19535538541922,143.35672205285576
10.856778630602578,10.310610994918571
9.225529883432499,134.88010752152698
70.73534662182873,103.1801553172208
137.04533435212727,127.46460747469153
127.15100260983263,115.7520647025357
85.52839146799997,8.08828697069509
101.06192113015432,108.59412559010825
145.27303342375882,114.7889677719096
11.04679445054557,46.40822709936023
59.55113573563524,97.08268222392554
21.680664572036612,114.81278616450608
120.51816276150366,137.69067337463838
171.61331967255035,67.90303929118194
181.7057117887129,16.00891347162225
17.765303963053135,60.73688829312846
24.12262557995334,108.72740624134134
82.07771956708056,141.78639987221666
182.19536165801074,104.43654784132654
7.8675649863613595,19.020963213322197
74.90980206204334,72.87301626359893
82.73020455926144,46.14292988506577
10.62249164101563,27.256436981074025
158.7645288310418,148.59461762823426
27.397252886394313,8.364312485103971
48.92224235437135,80.80892710300817
33.3597725451604,155.76472263049354
159.7819284911847,64.18361392309542
7.7605539493809506,114.55915402842483
69.19115814977971,142.3093292919055
105.72785504580422,76.46150177199185
102.86953930654431,49.836310529386054
155.47271394224143,105.40947009888683
178.4428732578022,100.28627444990036
55.94567986910305,41.33134589622945
114.25051899633011,109.6197280764922
185.57420518692513,45.68131696641139
128.4155691978246,129.81269069131685
63.43490473991586,149.59738112494387
130.52031496320797,30.148590906327264
55.13924044784959,153.40696800487746
79.52618461798944,16.24870457042262
42.181462531463026,146.70129609978844
20.927021362298028,41.59483620779399
157.21127637226243,162.65505515028633
121.11129198009138,125.58066994102276
52.70700802937119,6.920913441710015
21.780571181416295,97.02566547480068
190.90276029772136,124.1150250433744
8.914512250470406,137.28269601870514
69.70040515684396,155.03641515205967
139.0268127439355,192.50475155790463
99.59599212097675,11.130633840259978
193.4168380803838,151.8912912878081
161.33320527158548,17.692410047528274
139.82562371939952,7.359018458016761
64.33458116834899,35.00900089732129
149.0670612032967,170.02151279413704
92.0626853600335,56.966440723410344
126.02865708326125,151.00565814949286
135.6349132093722,37.459856215954474
96.8609612092656,32.86845910397666
66.80827826307402,145.2734296618345
16.880403214284527,103.87628057068959
159.84885768779947,166.80765745607755
74.49110201061367,11.88940922641445
129.6928472156246,71.65845026790926
43.84094653381643,136.92454564178817
11.159487896483414,182.6266438397545
94.67183788822133,50.91844232409954
61.09797841205154,170.66901948365413
68.09201948492037,99.99782229429064
33.713013803431714,96.47501715993623
168.53361684570507,193.24952842984968
21.390159740531292,46.83364864561122
176.4442505035788,105.7105715265035
66.43453729766746,173.17698732875309
161.01743167347587,120.88886317684646
12.102237204535458,111.52205910333403
8.26593624498133,122.63697270040984
86.57816276648178,57.64000941066215
17.010509237362097,19.068420135298144
23.362156300107923,186.97198890797057
179.00046483444845,90.45404591120676
142.71893198794808,180.48309291968866
133.2547887862315,151.93150800991162
46.281341411606434,30.559814109040914
125.68603234791237,18.163315548756
143.83150561079918,16.444634739281923
152.2759764804708,113.1598221763191
153.91692919788093,39.096126231000454
22.976475286666524,25.18466886456294
144.91129665898828,69.22979053791211
20.704436198887826,108.90304317861911
130.89646015023484,188.72117908741308
188.22690255623866,93.52994210259351
73.27083423520759,178.04445704491988
24.93602209391866,151.44137471666858
89.45147914126589,6.377897639514114
137.80154749485,84.01431133551937
16.297431732181817,59.53454282546873
29.97047798640319,80.91756712003365
88.53327069980213,142.74053043373837
90.63804917077054,49.39652132063802
176.63341049302707,59.67618654136623
60.29534419333214,78.40129435512266
92.31691900002609,106.09518614602953
15.877761710835825,17.632843731687547
136.34306605398996,156.23497921525936
159.0341462735861,52.86150369213607
10.166983035789592,136.7046664940083
8.323763030124633,47.75407445679665
173.54712364223138,14.947639079572857
127.24243281206164,72.15604855783717
30.888187638433628,129.7189698628541
163.6411348562613,188.92932693835215
38.88907478793921,75.53172439182613
151.69259226463862,100.88313813593486
121.87448722438788,164.51013505272428
155.8375246998333,147.39432441738626
6.200063302808011,148.93385306588902
184.44193125655076,131.9777716513052
156.268702438445,12.400351469753963
39.14449064127803,31.93874306626674
27.82431122636824,130.54592657089154
193.34242475775488,25.305152605365375
134.79433711686352,166.01225120026015
49.16072194246977,49.48112417029023
35.19994377645135,140.6708528720339
11.071791001223241,190.47760718882628
75.59135616669431,64.84581419155442
150.25982503231722,103.41102424599403
152.98536712487456,55.54080191069178
83.19546231969817,29.280612579141597
121.22729905906576,89.06546289460161
106.8953809403872,69.22752525524531
23.488076384177035,130.69381440176224
43.80183851902026,51.35666628060152
117.302746610011,49.371315009163546
138.36313057178154,178.12160944869308
160.5394398953747,101.6203116865553
87.52440228170262,185.16790295267649
46.00897187161147,168.98494992318163
182.25015977730388,22.285054919652758
159.2687573578626,189.94250475479112
67.32246941996641,72.17559076990236
42.720173779901856,175.97194829902426
25.386375944847426,157.03117855025246
170.38871773837394,195.59840665660025
86.47009984110889,83.10422690290247
83.69681580639842,165.69465173207104
82.57857316451928,176.56836286640603
18.00500493668988,52.28906686656535
23.065525862852073,144.61651941029498
14.540399266035374,16.071043950769784
168.39529221335016,62.12238118306454
123.60925071425001,192.00260543851388
100.60931611265984,23.886526140599866
85.7508794532522,80.23803045442214
93.82209518610138,107.08543779486277
38.686739641311604,61.47612351520693
141.11525230663796,119.18317790336424
27.558404520945366,57.71934781529286
171.4300791610633,109.55628621323841
22.488138384409105,96.1499104424233
129.59294610884925,116.3102931524688
21.527613511630527,153.44074352008886
25.06027411132282,74.66402048755549
195.85822394206787,165.11076796883708
178.7878065727075,128.3639809133141
129.82297734257668,193.74728916991785
104.53516364451644,101.45142910683808
70.85748820327682,38.215401714328266
109.42465372426183,30.78508498344694
26.313940838527188,74.32109123292246
79.69599425146542,7.146729088224539
155.53214503916456,155.78268128099174
9.700298479092895,41.92749844883308
132.10460050286272,75.29718244297871
85.71682413324945,56.077217385926026
25.718071409762665,35.245251507424875
192.99506418062637,178.30582185705933
15.557680679832863,82.03476022075736
16.801675866142237,57.358608834183585
50.74673850817856,13.738713264294546
86.63282938994348,135.38133299804957
187.94483407283164,130.15247668286287
85.77859508582172,34.27766726357782
64.44472942698346,33.67661574783144
135.33445536196143,55.82030266710448
170.80875730737577,187.4626157087702
27.04309474822306,167.6447545851623
107.77281617253196,9.11483302299267
144.64896869482376,152.2508940543116
160.05096191427842,96.64065820867098
138.0118605854567,120.39443076935197
39.086475707635834,18.018511057917863
162.28131887657392,127.20657974435657
115.02022073033113,18.94843964729169
22.29176013925888,80.21112421227133
140.98501465101643,108.66149428016898
65.57568022094297,6.371939126207351
183.873143335861,130.94295810631948
62.164749614807086,15.225725875480943
127.13359182814791,97.38133199933642
26.553745058029204,190.61476243319163
154.55020011325334,55.90022380830233
56.034800206618215,75.91650816760445
106.01593089636754,40.77007506387005
32.13471803236661,117.40374907664844
81.04695162605326,151.50073115311446
58.39143488818484,107.29017303912167
37.086655160512926,82.48420257479688
186.50744174402425,56.64312481636199
5.432740846313868,84.6740204216437
94.83515913578097,165.54150476579693
180.96589863743,165.21857017204627
33.4879256780313,193.52218044553823
163.42561207904075,35.592044131933115
150.0262373173595,139.55101162978713
90.45678052923488,9.070043516885205
45.692152808072464,10.05708893239154
104.62295317810727,69.58979229683452
93.0866961531512,171.63009305746212
9.43736648530198,149.65613600153694
35.48731882529879,181.13712228708306
6.678975553138754,168.12044749238333
145.8379563014118,18.84407548473632
90.49227648816927,86.38612827342571
37.3382796915286,27.858024363743098
146.8282522780883,111.59260989228022
61.63392847881027,155.41586537671975
73.4458878794472,151.6144252638592
18.738431107398977,69.52319203520102
114.06806153611079,69.17541266538362
95.34989373026941,43.34997095153112
119.93560468115413,139.3455970467647
20.101970177870452,59.67598892797537
146.91495171601733,183.47572588590876
130.46295611446828,72.7799537334985
176.70150974308655,40.86531274012755
122.37532579382187,158.69776782040205
186.07151702743806,40.83455186390986
185.64816516249542,141.1345217227576
123.21531201225659,46.41469682096518
156.24913240955138,167.832848643925
139.4728828764679,82.7655837673167
31.108475570154557,144.20736644695302
185.54012124146914,192.97383598127604
175.3183107816506,194.77378276110935
114.49191389815613,63.4981366858038
64.66131860190235,71.06732128285051
26.55492448151016,173.41868126137274
172.77972664907458,125.19367863444447
71.77320722381762,73.0876727057921
191.1788358088128,181.44115243869774
185.17221561862314,183.97446865875378
127.32401087042061,10.020232483568535
133.07082780164822,100.03372813987899
143.1006217070349,125.58148356877301
89.96179493976125,163.5387900635915
100.22010473249529,60.76088223278997
196.38909635646277,33.20719169594623
112.11839221622209,75.65312183156294
18.772702592524205,54.308723599236316
77.05559861886636,47.83158228848424
20.047440720038477,100.32123902493883
87.85236595208706,93.90081183002238
153.56553019067294,94.22355374611959
39.17594297164944,132.08416065712782
122.64506902622217,17.489689386821833
76.6188112912386,43.7264609063122
195.10289808131412,61.39315856524901
81.43892729972522,62.142200207774174
144.99612986926218,34.354976410868765
152.64857599456633,68.77158909291747
123.21464853943003,144.52861503006213
107.61449737240788,36.819641786046034
147.8080422567994,137.7212464495525
181.3357162623272,161.46134294354457
143.5913739857436,113.97919281327589
154.11075342659842,26.475066178930305
142.003783652672,86.78539355617445
22.31396741084358,28.5708782727668
91.35637645730833,106.70017863554841
9.020779615321082,184.2008688376593
145.60153824567334,124.07959403406711
143.17534010227027,89.59396560150037
17.80233017418821,78.61390730803446
113.99390941735736,18.523066252436532
92.67508794213185,183.69415047077783
71.69893373604738,79.10113544368471
129.52180986486673,160.91581852825297
56.26980373403203,58.410041117102935
46.91031681311967,20.87853142625674
137.0486241211888,43.95971886988438
64.18858286979025,183.60138589600282
139.77680832930588,188.2922262065065
51.434129142652864,81.98772280681548
135.7623549354054,5.6439143635314455
184.00570858804974,130.87475208322545
74.98869857272352,88.76154503039436
134.14389970709334,47.56646001969568
16.956123727994704,196.7656151744695
144.0294859183878,194.0608840776602
174.77238199292972,76.53458268452862
44.211961691370114,109.0797806590699
12.198192170814076,77.55447668162091
101.4140937067982,106.22149485711766
139.71456418973128,80.92147752287708
17.283121238770413,48.57182392718579
88.49670037828464,56.59178217728458
134.25644244943703,149.45444406038195
101.4459107939277,70.37142529313755
46.67173028270833,46.56397567756874
193.43040819267472,138.77919099213764
175.84558542253777,196.98004562775137
21.685604677988028,71.89903634861439
35.062330908603094,85.26384642972184
126.12345803157795,73.276941464068
191.94233041231556,44.385278344985856
173.54119047530233,182.91498306687956
120.60436261210866,88.07063563689915
11.161944246806613,55.37060153607786
143.37428267372877,152.4752100659379
26.915278242797203,111.81872020424815
144.78254401251831,99.93425686255519
19.515480691643138,18.27356073344256
112.92626744301387,17.167990059885966
140.795468749074,41.9620636663353
126.92028167592663,166.34563109928354
137.5301300670116,60.22700630033571
77.54340426307428,140.7365420334925
9.61719204776077,100.20374789939642
88.0813504622276,169.57773213751813
115.82459866565365,7.8203446798173415
68.24338939982158,45.939279998592795
133.37468491157026,35.163939326819374
95.15348252766893,38.98455955692331
86.04491623183036,7.779542332672559
39.26682765582335,94.19213362530402
79.14921336393112,23.954909120773696
60.375735762495324,47.46369411661823
67.3386418006525,137.11311592952273
81.93267873724099,177.63903666691678
74.03412053095195,148.90641431380203
122.07729447969378,7.5935575153555765
32.608001550512455,110.70857181146205
185.86839437302794,94.3853088573178
130.5036114039121,142.47704700431413
32.921152169112965,13.23983676026864
165.35157317146403,158.8072881164844
180.9196234518437,31.454470684274778
178.88614084622645,9.98879803889641
7.151707352490751,36.411759149467784
22.310360326914875,179.1378752276211
113.65391091229236,13.401601870068143
74.0325735963734,150.94092859296626
171.44493330558473,32.43142441116088
163.54089533718118,142.006664188156
158.1090641153107,138.9405335581261
147.44494409161018,111.9856103131792
112.16399998887171,62.45224384791502
184.81574977537588,106.34528176297196
93.99641708799436,40.74093819058746
116.29689293389295,71.29496209176779
50.27922153765065,134.4448097136152
153.71216337163725,10.409409666586058
34.623694740554384,44.18886051885992
117.74709705662828,8.087399436505525
145.30853321519828,73.33577801145363
188.91387310008383,80.74361256416803
81.67344346556042,158.52087033563777
31.05596095495333,78.37750469215648
141.71001043663898,66.71388153694168
76.58006188022082,88.34651871509065
110.97598933874367,70.84566214009723
27.614825239066917,119.37463180838434
50.394668395519226,168.16919878904525
89.76410578395308,44.2532007816794
127.85681765711715,143.53051275597912
133.3436837934416,134.95887997221283
172.19752714896188,142.05197478320542
148.62761090024551,42.678185029020156
41.30631321708808,137.85142698616204
147.49001831765023,124.28846460746384
129.389802950614,174.71556596153243
117.60115234708567,84.69045388799111
12.252184145147648,9.333416861286263
12.31794037017321,87.48097993952398
166.41151121057814,159.76964809914963
186.8236496305967,171.86895661505892
162.69699397858363,153.35955985461746
186.8521575116891,130.69713559914007
153.11253389990355,42.08807200284771
27.58458283141158,118.62396580169938
100.07824475995395,79.48826282956297
160.5696677341593,53.381076872460014
71.86518264500044,68.31292786302633
46.86988158310804,151.54530885901116
194.43814782582226,112.71545164036203
46.28175932446051,38.3478142710534
181.37736373178518,29.193266508356807
174.1401383710835,29.34980672686356
29.611290545280347,106.7224387674189
83.09121981494408,26.046362603040716
170.4217947867657,122.9562315443743
82.85496209834095,60.882227518409714
170.74289644778176,7.392569157435432
55.982544496203914,13.425132599308402
77.20078746427407,85.2248956121648
182.155976614843,24.035635750811984
36.690494001480914,23.822311789687596
64.80368461234009,152.32249669043574
187.2342815621968,135.5184196543885
63.81195639837705,107.05368383547076
51.19667277226374,9.313883145691275
128.8307896269928,141.77993067467082
43.956182573159225,69.66003440933808
124.32053679414334,32.96811163327478
72.24834065943512,133.8542800521171
74.32467722580553,51.51767954208559
49.69978910482239,57.18738723136301
13.209896343148422,175.91074337278707
68.27329368535432,95.91557303952652
60.807005648601645,10.873165171098918
113.91110843464831,102.92671812066675
14.31832475987148,67.50277981349214
49.50922269464636,6.635088223458494
31.68606009221723,36.868025703295075
115.17017378501147,48.272853244384464
21.459868481947236,60.9218518667777
162.79000318312796,149.80496702751148
178.84682223770386,109.0011205902983
103.93388984063485,98.33141198406126
33.28283255454424,55.61964911283489
14.614778757621687,131.3063104513602
122.73682947287644,162.852812981365
177.33751517325618,124.89628061508017
85.34364584249604,78.1394123158837
148.30602454467044,174.78318766606105
179.5026183091038,123.73747825487347
17.698322454024787,194.40664674674946
32.67178943120989,143.1705790617065
23.515089969078527,6.168912350096335
116.19438841575344,22.47424147591129
32.42874618916397,40.44010638775366
72.24280115624799,66.34670664195764
56.35063314051507,75.47872978576478
101.43338761459653,57.62782368054674
119.5828104316817,59.65957692882502
159.34986502365075,12.260248597723638
8.80930878949188,159.4864623648312
183.4039295034357,80.31657882268368
76.36100865804632,78.15559040251263
66.45295984395715,96.97173859185637
130.50056392434368,157.48343175537352
180.35775159347529,107.9613471457506
127.06639052041467,44.32796468159911
17.208435779611325,191.46697302067182
24.9323188254966,192.84707077069953
101.21576537749021,97.24140045530473
82.5556440916892,40.53839298403337
102.06464804185818,39.690011591273596
187.4225535430061,87.4136935749639
72.84538117666652,6.791716617030062
68.15112952523366,38.115708896668124
113.75715737886627,92.80052488479788
192.48786443152534,140.89859511607517
69.11448425559414,87.52698458852913
26.18315646310611,27.111124794881455
107.60962156119339,66.93922407878546
96.76611198058042,100.10997886357205
75.41059008667001,21.979573325756036
158.04999957764895,136.625285882814
164.40172753099483,149.722896692043
124.12339562466042,81.77112743827699
90.69501667006047,185.43962775270484
146.12326633317173,62.41036858372424
84.03454169959956,51.752352446702055
7.836397050184914,53.404428032468736
167.84451216650763,96.24405374090031
137.57979950667556,13.376047766893146
68.27137769860173,72.09746156059153
97.31446783179915,141.57010356231507
190.4272646111569,74.23866999584943
195.58045780863478,163.0890717529945
194.9295004630084,129.62903773383755
125.45485694504549,150.98264735623732
75.72611029922098,105.51445893773673
120.2618350118763,182.5870425856059
58.505719654632834,75.37395355922061
83.80851719310384,54.704920744081484
98.20672428404916,6.298071927695741
133.073853052585,103.11001211741018
97.71898715140314,52.86796726795324
64.51144281330095,98.69074544661427
123.83706875508125,163.78158760594727
21.61738246907668,172.66999054713528
117.62150587513304,111.60885433815886
151.89234061696158,148.42112688965923
184.72645167497353,152.92277716843205
63.199950174029105,16.093591743977413
84.48740815595279,135.8080432250817
86.14558115657314,104.3271646588756
134.34994631786557,62.34665950456672
97.72869893031181,92.55445769572407
183.0412234896773,108.66441875657799
152.73515808778188,53.04026858365296
138.18306854139516,113.31465246130284
138.97938456272286,163.4671627759318
80.86413995894641,45.76877998109174
55.52749951737427,90.77496741764888
189.64267798766474,108.8997119663807
83.69897456515345,139.90985822467619
178.40505417386322,60.388040682357826
13.64752851191034,34.94784600690655
32.42220777319848,170.56591879843438
177.21988663772706,79.34804619664025
143.44635418459688,73.9280976865079
118.01981949356664,73.70452905628049
181.2694800209259,20.498292286238573
87.20589467659467,166.3469778484621
142.67784680570426,182.71838785269478
46.10564436071091,75.34974992719323
44.299102998034996,47.387399476093904
42.125434849867325,6.000295212457265
65.51977858916123,162.6855439147817
82.49797010004728,177.71355218116722
152.27150228774383,158.37122484154077
20.93070696020177,44.67259381638513
96.21045256116182,134.3221525623985
192.35003961276178,172.54971716578507
156.42428350494242,43.98820791248397
143.54013392581447,11.875906980266095
148.8633374436414,69.87575306459925
74.26612186877807,66.88226568941458
15.843276402249773,110.16536853939662
138.8614941115711,94.542295841055
9.832951754201966,163.6173865625147
125.55814227484342,14.112435034504056
147.11346008314203,97.3481557050761
111.51826570409193,87.90184464214026
69.93081036234224,11.953499814889804
190.65767517533595,5.114064470257072
190.19501014606794,86.89573003361372
168.24975952762387,87.89654135265164
22.624980318509092,131.3517127167991
56.10398989291345,104.13644036886973
113.05646509194999,35.57723008440034
162.45330592720808,98.31571063721536
173.56342779320008,32.55443408514867
38.39267369691968,43.39016047893913
99.31299109856624,12.86067443980351
24.662982319124104,43.34180689021951
42.562917238691924,70.08354387488492
145.84059654502605,34.61621735572198
185.28690563609433,144.53244169102274
16.846261146033598,66.1254235498978
179.96769633933917,164.69958568331614
150.00625106955184,39.376958882918686
102.91465355864891,93.99341427027163
64.32510993756826,179.283530185735
158.44087645742778,178.22963860744
133.19464907978207,29.049647114999605
157.37738356669584,135.08266158148538
62.25618930753202,40.95788208132457
50.80819875052478,79.16782604562083
162.71717096618818,75.46277852307355
62.75807113074515,19.12550864439269
117.41234356223501,5.255088482149956
81.7687744102403,84.9578525087353
70.91747828367598,177.7519545243588
127.73763023618328,51.7628069701933
81.39478036104545,59.32845978958773
12.398214545798988,128.67943010501355
175.53775566703155,131.3419472224836
35.86493496684734,38.197030832885176
130.22912575606344,70.90203434032695
181.62566553777103,62.9503200741477
152.42942688136543,128.8133402742651
154.6886632655256,105.5922566588844
160.37812300369828,102.23690371943837
12.41312071328898,134.17625484175775
23.314256143957326,70.62834149943653
75.35840060599953,62.550523945373264
183.99017470088586,150.55858536585535
165.24151989226363,41.17451176385362
70.6182665260612,177.31379647530804
64.30945637754213,149.3345193273932
158.47450915246847,127.70634391799645
32.173117986606506,140.86272430155373
82.6601018832421,169.1867204305801
13.415963663655285,174.7410985900198
123.33746676570357,35.03017517203339
90.74081510825162,80.37569650357389
169.8048126217623,45.758843920540116
88.94763813027018,176.08412106857963
178.841328333257,9.392889949282036
24.213139630660795,194.5847501272335
26.849446955959667,185.13772055692579
75.83469667926025,34.74515925364113
84.89650931370885,6.905043157022898
26.17029594289869,196.2585445064297
55.928932402892464,153.4494365756986
68.19485376539649,19.985702126775337
165.6700208076542,40.37605475069939
103.38070930016286,107.86562053644035
6.695869690108779,85.0265020906423
158.48109335610565,120.38844683315652
141.39063843606056,110.72853681230363
129.38721319334184,133.13381012907962
186.35628951861702,137.433855698009
124.89040083722776,163.58085263610718
162.77245984925733,89.89584346528541
96.75280287445683,75.95904989974328
5.172238870295604,97.3756492967445
131.07814777057564,75.5636475460548
17.701928384754254,143.7651944492689
55.6929641613662,88.58085230306393
78.69893375222254,147.5618713114513
28.936765858579506,47.528535627288804
122.89993101717278,184.90517221326164
90.74003370155093,14.996160782439846
137.73183801649185,136.85067028973495
135.2677529845226,71.38211315931595
145.35088835223104,164.57650898054362
76.80216184323999,50.58546624997924
50.757322478941234,28.966624489264913
71.94240354958819,12.197752642513382
51.926529393716166,81.47649736443755
34.45928841408774,75.25162301933483
98.82142783482318,44.03537658761349
74.19966034251499,185.4547860222989
77.17829146107049,71.34910494052512
144.71650194787557,44.64399433844513
50.7772852556547,54.61432986865292
117.3113452350556,78.82087373672985
55.335137080195565,96.60730335033752
5.175021766312759,65.98502102237639
80.9358791590381,162.7736372083839
142.51207515203188,107.61202082121872
117.51486536925957,32.04737937045109
171.01124344508057,99.6024119927044
150.40054905311592,94.79044802272712
139.8658948824605,140.84229335059212
69.67962812449063,161.4081982974367
77.92288652403761,152.53951426947938
125.78462670228207,76.76798086207751
183.9722228162709,182.14642070734362
54.52981112208939,59.98831195168648
89.04370761817027,174.67877463077502
193.1904890371482,5.548713562164008
135.95814957298617,147.58693640204208
141.7156695581442,57.61902387737829
89.95968669229482,99.64171214064774
91.77129280898187,36.32972413780722
143.26491780983156,80.61799783934185
122.3622551532591,179.31486360718435
47.96569799447025,55.737579843409236
9.348575396560872,174.08531414140316
83.85363105874568,19.58429548349538
40.09370102232331,68.80664477881422
156.3688046157337,26.488051831798664
23.51352670696646,191.9268885528753
182.1070002993535,148.7487501290463
48.17115682855031,70.59681757800625
139.93223995718287,9.303285899688333
80.61788824189144,46.40627626881717
61.39207709109197,36.90786237502204
94.76511514977491,18.015378440092892
135.3981600080323,92.34849014216827
125.52482638770881,16.96909083071207
173.30973766856232,155.93587327411697
120.71317108553905,175.32502288829716
180.7467499423858,136.16097535768597
59.63995430583828,18.525504483202752
127.20848351029629,165.20405505728075
63.12503797785371,86.86469138854667
162.14588070624507,105.26418492784812
69.07894357553121,173.18995571997152
21.761524601194484,167.69922362697548
94.02951341175283,183.9501394113608
87.92730251464423,98.81516610941944
168.32901338532287,54.50975538398332
186.09690046013944,155.167160072706
160.8156381346082,103.64707883673532
188.37141719239494,131.21210912967064
56.13915069464554,62.315891314857645
195.8972725666939,72.52833279657821
111.27059420134498,49.49128890669159
104.0121678381189,7.993054489879767
65.41484776642417,81.7453267053941
125.60143151469221,127.89089277437455
101.09786223309317,72.62325788021055
79.2855383646934,73.72245997111173
110.68512974232858,73.91363924577395
134.5236627949097,78.44408603898282
57.71118417001843,97.25029790967031
138.60006365584735,99.89291395283905
135.6858623139462,124.71125158898073
189.62166405495665,144.49438952208678
57.84131082961761,5.212667307303525
139.46526155914543,120.36901411446141
68.20900186103306,101.04369515370209
24.768829159817066,112.81076562060397
64.2744189726418,7.401968122193045
111.69692899752873,60.06350204836305
172.08415346100725,171.74062234831203
18.41980319468469,57.59872974905087
100.47949334033241,42.750724306252174
115.96243486028696,49.0312721904116
133.61916557901705,49.31744654518983
152.51868358667699,128.60464668034462
191.07703528343475,172.93074572372302
152.78743399139316,157.52633400832866
39.18983179026742,94.2239402400071
160.05963373542235,63.92032161804238
134.78752610912625,69.3765625230356
194.2483731401873,121.72975049893125
120.4690424589798,20.074959055575984
86.68882110069318,100.45112347683276
48.96394847946483,77.83709754738366
155.35500882436074,115.17525740440873
105.20312073440743,97.82821142859525
98.18174190986538,45.85607251583962
159.17126084732863,174.8161008011269
131.50176668073547,129.6199236294
138.65034836497662,31.907616460637126
133.98930214066462,111.45136550652366
26.8210388040947,62.03149223788528
43.44359675306411,10.449469695476862
82.8813022910369,54.693468806961555
119.83912165588706,119.35948926599673
26.226729252540018,69.31365155687305
58.76779218531039,46.88454583175667
159.6922787091087,38.763688321656154
14.023371835189606,112.52913840195227
167.43591033347957,46.05462810498017
5.245847321525849,108.20020491741884
23.081316253795134,169.50549957915686
190.54284537490724,65.27777922336443
176.50532509386855,87.3401710226801
103.3505136713572,105.17880048114014
179.36254073112977,46.63155745875645
66.51867173067745,30.995832770238522
191.26359882535257,73.99667068302021
14.192385558017605,45.95317855639736
166.1454017072479,189.4994885850552
82.90233720655807,17.646927564654604
30.32242446630585,71.51161824533584
77.41371614346433,147.46798732966298
187.26390456853173,100.99327955099936
142.67442324856984,153.7437378504884
6.45941407074643,108.89019693626396
31.97843388577206,39.73494905309947
13.56715818661477,131.73376267940685
162.18851567266137,30.96076337060362
95.04701510142422,39.088155539787515
120.46697547802594,122.28657538269327
6.420443948127044,76.98214800883301
191.00445143839667,29.129660801139153
29.489509448166917,56.01082267081078
62.20734061191643,156.75606701001692
173.99169927104208,54.19665986472369
62.12367834430206,25.031396154194347
85.25247475899346,21.932877553228888
23.982723870739363,138.3500840585502
140.28478947820682,49.82631962613451
24.232272161995837,61.96019434721454
63.7560512106016,133.25387254391444
98.69144117966522,33.6223741191784
124.29746619684582,131.52461956957194
105.07988088286339,63.6912716018126
142.6412823182884,103.32892105092938
189.78902404615576,10.750838683488174
90.89827763984447,71.26566324202803
19.085050701558274,55.873984371398095
95.3076044216839,88.71055058772203
146.0101696568933,34.37710385049598
21.74663538452789,14.119696938005351
128.20879418131483,130.78206322725308
71.5101652701506,159.4495416626813
162.18320021785928,51.11854975188346
178.20566736370793,44.60556670573419
54.89724240044261,106.6960734487693
20.02873319466428,53.96084644111776
137.8975622394247,57.216106535119856
32.04251988286752,24.065683313573327
182.29879435242037,159.3999866774189
83.31515362248591,104.22029209629126
56.66653806509795,97.35645454818396
74.00974060299728,148.37493347755063
196.79960486245176,152.53408353017022
183.04945985985748,165.65542829931928
170.86726841048684,129.01323409489942
160.68340817193842,163.77060477991384
104.0978251311334,41.02739039942158
141.47832076988274,9.009970075713204
61.479138323655434,54.22458233312944
167.14360965244603,184.15793651657913
38.17632627197489,93.36759759904871
152.62826529681064,19.93327996615736
47.59248417438583,97.57287815840492
164.8027416878106,82.4519821713115
43.962852165834065,91.11716752090875
18.85209160317825,65.49481241338876
50.81270417468737,166.7722724091253
52.36915773301593,45.60524472575465
32.3468542339251,60.5546795759814
155.7252951598766,151.45434050346537
127.48158751906396,65.24009698493334
129.74744403576761,160.29179908720263
154.39697548844157,104.04232487007796
59.38573971795976,34.479745500851344
57.15832207760751,83.49478572204832
167.71066430838619,23.483916381729188
196.9828300116719,8.570826218533927
169.4484734569871,123.11489639479433
11.38027028072391,160.91869175857104
45.0982667780382,14.221299930625982
24.50989972653279,57.25354115214099
57.16041101382876,33.03611725321461
9.418827089806095,78.89096944725635
196.51186038058384,29.396988422927162
156.5258435166051,65.88926813325175
19.708251912678275,40.79040766038381
32.03678420442378,99.9398045342432
75.63997363910508,15.836855655844227
160.38367725693854,169.80534747187215
52.76449388063797,14.756192129753234
30.398234513447125,169.47491700908512
9.95130601475408,7.351893647827424
176.42443794250224,176.2266371030551
50.292014157713645,50.4418883828833
15.228941827513527,179.499366436839
26.3021669005316,50.1008529864294
51.6803495583194,97.5546922638287
30.05175677221157,105.19674899969205
139.5751524580742,69.69283368217123
98.98799139566077,49.59148216105164
7.319572540971359,126.08430824630986
170.88313464936095,183.38135523660688
172.9692917177714,5.7459544321945675
87.01409757243758,137.98816175203675
14.646894660888542,116.39160346324752
162.48968556817925,143.3996229872679
143.4753848636505,129.09213563293454
83.08890505237679,12.724194155819724
122.42390146287424,36.39643204544233
187.59731583384593,40.1241802521675
27.705915442195362,36.17908611896919
138.0165467554366,65.16351267491547
54.49534120000119,27.5797621687552
82.45617767932953,163.5396304005744
136.6732076502534,143.2488413182118
193.98962196060268,9.187789353329297
14.85221332652232,8.830558178788056
77.11180474401175,135.47614062403687
83.20836337845961,58.02521508683404
132.25318403544674,33.070862373088616
173.20616878961263,26.366948843204796
156.190805292407,190.10325286440906
175.49966017215797,145.61994385476353
125.2686212301522,113.10696555301284
144.74325531607042,165.4535624798604
109.30434847960893,83.78592467676643
81.04150055330261,15.480108558108787
130.672618719936,111.87204861509207
6.934167932215046,61.75067400213434
41.53895759381692,36.9591090575278
23.235832888254116,131.10040143321305
148.1393565043205,177.91451557190084
167.80043701843996,60.574709203772656
61.42425657207387,17.415248821226832
14.083488885080383,43.16259592972205
35.19952499408922,158.8894083103144
145.5274551166808,47.63042785742237
164.3401333528813,105.96278663801009
97.68444557399326,61.231755753410766
16.50462559117403,185.9972069443575
70.92812606347523,144.7741109346524
152.43497531784905,42.73058536337436
74.49851123026832,99.54516365954012
34.1333824542948,60.47311922811543
174.21663665710457,16.87526571330956
178.4722741330666,130.18520916930336
167.09274325293,137.06172195831437
174.32535206193992,122.57546504605831
130.4773670285876,75.55342332852643
11.494254621810917,46.614826478490976
21.64597497800953,99.05561146429265
64.55788098068241,79.65492442208522
29.780986953255557,128.522871186775
54.411037456396976,167.10521949874132
192.34028335120883,171.0779115581691
6.70490034489789,97.53098954437218
10.920136522544405,78.18606653331018
96.4211578120755,174.30602726658978
179.14468208527134,151.62017035315952
15.621769644236673,62.374741796977325
161.84051756444347,35.68448413088813
168.35152578010076,154.30373333564705
83.26568874117295,40.23848036414149
72.32396466933524,137.48927510005504
40.366972662720386,27.45799147203949
50.002953086052976,139.44482761043432
163.59590676526705,56.861548468505596
131.1154908660688,91.02132146693097
82.74262479738005,93.35313111058466
44.68632240719123,18.58446984968974
170.25420340944535,174.43589769117025
133.76981837858753,83.96507841062868
16.10869889915033,166.09683015942232
167.62999312071406,188.59617628779324
174.32280687837678,178.2434317929048
62.564338762319615,153.34452122964322
127.14355969970724,66.1268257310658
109.14512085243813,43.70205111775683
11.783356737295685,193.7254196093207
65.72157346293955,142.0461914658775
160.88787046116855,173.54104083481909
77.43994354910606,161.5642379019597
176.57047014331073,140.32013042414607
112.45968302600261,85.4230649996216
64.1248508828669,35.31418393814307
171.8037720995024,24.966550479609936
191.24648866262046,109.13673909303684
119.11876273675973,12.886418078722405
43.131598537133534,10.326201502808456
135.97092781293233,196.46334663684362
162.95061886004325,165.20694541802294
14.100712359353603,85.8154192439064
196.98909278650459,68.17712019317104
104.95474468225055,94.13580444159412
29.35955852242285,118.14013626450668
21.15916268779403,190.92584555812385
146.50755107445093,70.62694033264663
73.61583604422357,169.09828065773598
78.21883333233906,133.52205914570303
69.7013327968061,25.08392745613604
66.86300032931105,106.5002290769349
78.52586984903469,97.94475103328139
14.784208548199679,158.68389039311006
143.18485030265774,167.43090190784562
190.69242245520945,17.51572516679464
47.04057508954696,158.53059162681058
196.74223195705605,114.49935289638267
108.60438185002069,12.98804686754268
79.1393944243648,84.81393347504411
156.3573132118102,53.613991412814414
131.90332747721388,32.12109307976904
189.99118456903616,82.41166873797862
6.735587683871012,189.055499174001
164.1406827895902,27.934757827948296
188.88687080357155,165.81066445597523
187.81580560865174,75.0748990360931
17.702325239163976,76.12796557751285
165.3373759929624,149.09088173701926
112.89950388861716,59.78326008251468
157.96173145377807,50.05573470143836
29.886945442774078,12.110192190978262
95.42390285548822,157.8411651446078
80.31123316903853,107.93634149154144
188.9603005725078,193.37147090633385
9.737896647832294,75.41551775599899
178.25088642646378,52.78199404326196
50.85197389867791,155.98934664288294
61.83259553319078,161.63442344595197
176.23327835615467,193.9028163307291
145.7954511351752,141.5245457281808
178.15367668301923,186.86173469272947
161.7888293803671,87.71427265264516
57.704689498843685,82.79922189053536
167.52074367168615,128.5049859750509
39.116655830467444,143.74305372635231
40.23341215649406,181.1657630841673
192.2740287440783,33.62650092879387
83.25713389632082,34.76532518099337
15.670953783011697,143.3826364151572
178.0299551851359,24.398439512900346
113.57402445135044,20.723219978164273
196.23349628564017,179.21729793794742
81.45558714186407,92.63239873540859
64.61417579038415,22.81849818002225
182.93220871874823,119.76063156182579
168.03789395111258,176.0475054620178
73.01667498859877,8.858261769931405
34.16718451709434,21.287276827027743
161.43822082718052,122.28513013511491
20.838708120943405,15.105667514893323
140.50725934259242,123.77008514476762
122.51972563516108,28.091698093971047
61.539085509803144,173.19766993616315
186.90409593670728,102.6615473168952
58.333774238131646,44.14436385494032
86.44762735750628,84.45994734765401
149.68357311724247,155.81621396925613
81.3954856497848,101.11677083277286
13.143324118536441,192.68632982916895
194.87347812509734,28.689829487222863
94.26806356893879,34.33961765524444
131.58317914558603,165.3965938731343
138.256928892407,114.60352666781446
138.61060689872357,67.87925785909798
135.91028832941947,147.84812872513862
156.1851193241184,82.26622603385736
6.5052552654289695,194.44996210454593
134.89085693923505,115.57953447544784
83.70172821035959,163.1567997212515
121.29570987384709,123.02938558621835
144.46942695850387,31.98895689614428
149.00312016208022,151.71696021348458
67.68501444317424,107.7519843853476
15.214457882806144,149.19074157086487
177.10074224249212,67.3701324307423
106.64792678180342,82.92025646240629
13.08543115988573,96.02631436248967
53.97813785696698,160.105726101349
53.45048589001224,63.120745541602425
77.68425093701892,52.75513645492751
86.72423957399214,61.15954548681428
92.6839101888256,72.2251834503
195.87918929623277,64.81159710460527
74.57827284249427,156.18225255985408
177.49084509454795,19.5552398476004
20.929779506709068,13.398272732642937
51.636519561813344,17.20341226232871
28.689860074718162,104.25967048947915
165.60629187101583,93.37277283881342
139.74771529042175,50.54506606100109
78.76609503163431,77.18954764363438
192.35025496698282,55.568098259679346
40.91524515978595,44.125589758246946
192.97189725437119,10.090084979861405
29.354833044483225,59.534599609478654
71.76474198491934,110.43757516827077
57.03347435409579,177.483833391006
72.16846099126846,158.10164019478376
78.57566299201812,90.35801172829595
120.0210490383264,193.4726505736701
90.42982895208095,165.21321748386583
97.17952921412245,61.574726778386264
95.37813269595179,80.29743095552156
160.39505289152507,134.396153056787
58.571119050456694,140.21903017765771
106.81307656035413,78.88332363891406
107.60912573363007,33.04732320566164
38.56545374882982,180.37890671547217
142.9700312057413,78.2009081555446
192.15655032845953,136.60180741986858
57.700833750241685,87.41138864187594
97.28103476007381,77.64936838820203
163.82146400173934,158.91998836519753
29.36717417051282,49.789853239632144
152.91503371590798,76.57057298238148
45.752720363360226,165.74643026533354
151.86786526914074,111.15851458290388
121.41270952540941,137.1078551054469
60.09517126022799,174.05673461752076
17.792362514056574,136.57224778265203
125.76775469159186,157.3971291960152
97.95247036528406,11.556608724142377
49.1518287565383,86.57881880777654
32.198665666408246,88.1603194568604
142.6676343549653,108.99606327735783
97.07346188762382,158.51493896547785
57.32169822016791,144.1688349912574
94.35063984081141,59.50315097337183
190.96925199712328,53.03236222016398
33.722007657154776,77.86911593389901
141.65899371450482,162.00759004268156
177.00282348199661,116.43980561427303
23.70001167584389,35.49259640623202
135.0951586076743,5.230637059975854
135.39454933041424,86.66542568895268
94.42451571495145,58.70371220731933
84.41560204801193,65.35532410800346
74.84963741105382,11.625597065053139
20.630920803432346,100.87619378833611
91.10989965674241,80.49908100135532
24.115417515149623,109.28358740961708
185.63075101162812,20.526134370925533
65.41114148791301,138.46209368599963
15.555779610453044,76.25179374974662
196.70240710258318,11.231666312343322
59.93831155868086,96.97070160010267
16.678491667941707,91.73377035112125
148.8927213930196,163.98545534366082
184.84384930756787,108.44976633261004
32.69773796545942,133.5472401026597
152.20290920968836,28.155230911340748
70.43458589312718,142.02116938694334
62.906741254801986,185.01300154898374
114.4223051527092,102.05036613746631
10.0,25.0
180.0,180.0