68.40632010030936,185.40327949807866
168.20290310108336,189.15095919903644
148.45752703107726,24.01912667691827
105.07778513692348,83.95136791336684
9.764101170860569,14.250896693614113
35.99348365713755,183.0152937707633
9.938434567382199,185.945651960222
115.43612711257876,24.56891903216702
172.68921376329743,186.76055376056183
178.92433905571352,105.86008702682328
81.84039807797689,83.12123779749521
79.18931378649009,16.118350399797833
115.1487290877557,51.10659609407381
112.74409800943465,184.5073772435251
62.776935015818864,101.30396620504035
139.46865221442746,97.42309862701828
48.86995850657827,147.5977641540425
18.054386798344538,110.56376204745067
108.82719005147358,145.57241459271933
142.59935688061017,112.3493999006436
65.77816023222833,153.97822955696554
135.18570867004163,44.86157063302194
24.20208120960305,194.00222329616852
170.62118868952146,169.61362422579435
168.07347565226178,83.11974473738067
115.43400321003543,130.64824366681108
9.06975877248359,118.34229499647407
27.064223776458455,95.58465794392892
129.08041721639066,143.66667955007384
155.6530152721958,37.492935822118426
91.09152164401935,30.380238995651514
144.5878835844464,196.79672291171036
183.98888961067698,44.60444883379544
81.6997488039682,6.928528593721024
57.09899300365828,183.41997662604197
111.3396665840209,191.04289130523273
10.21179800168123,52.20405161288496
131.94014148111734,95.16025744695938
51.96720582446639,118.84029784501531
84.44647591496685,61.687495879225175
57.97882154234771,110.90641740859374
56.75673254726836,181.20569215590749
124.73569014146608,161.50372084256261
162.1011361590199,81.02470045142884
67.96948674637164,148.47018032841197
61.7873190399584,170.1335431351399
159.28886801032857,104.54079389233857
108.53469710602955,111.52736941083522
112.88088881229032,33.86485941683865
88.73937738936313,36.91487514327868
35.6584529704366,48.01284156257783
172.62259054892877,40.445375696212146
139.8437968240549,136.95223800781523
143.72550918672422,53.45107593959184
19.948681282767943,58.33886318916469
131.77864980382333,11.655448387241814
84.52326466623191,51.010834423854995
92.60751802280372,119.04695540681054
167.26805770448033,172.12650740832913
63.23567330201019,33.969382527255824
23.95288995702083,60.79212403897533
164.64565051877292,20.992304789776835
30.238736958884232,60.152396680250476
59.51443989672295,130.05452501172095
7.436072887368707,107.42583296420159
82.67536036534958,156.18374837653417
180.27380442734975,66.70917571716373
31.823446696921607,137.9714826264627
111.70406657071884,196.00010228427175
172.19478279499603,163.32861621179467
146.65552252809488,101.04555554759371
157.1587760571622,16.684975992962066
190.53150458480516,30.198194334132992
20.266471578820223,179.9582881323306
168.19780748218756,9.175827051531932
166.43607792875352,12.2472799875271
64.32865673625602,13.387036083104185
38.176198884647626,89.21442448210877
146.73608240602627,141.59931497644922
167.9102253228279,171.53656684515337
62.18659297842291,21.58718807798712
82.56205213048763,170.7140729271076
92.45357710431587,16.733748369666408
105.67217987998193,156.63963984749617
65.71864572321788,127.20826250296548
9.42031769779052,58.846774972101
99.25095739404036,183.33431606665263
98.21340789698985,85.11410827918986
102.43926462295235,196.96874380914707
195.2883027715939,43.72053593427002
73.46832945099833,42.00818739292634
116.69985281505615,132.89414099727895
153.343113996363,143.6970234083298
114.9547215219312,162.0172370195348
191.4055754938294,161.71489035295295
183.97982693359654,139.37111775434454
63.50423055261415,11.710581303402789
13.051336599872599,67.40315885891073
39.489281164215754,76.64978806653521
86.3288680800322,196.08617956911556
65.0166798945368,153.3053141170468
164.87657959207908,72.93707208637868
171.49227059068616,93.0255070158471
7.583395897285371,127.40954504254321
142.95956411336235,148.2114943473425
101.62631401853213,62.758559373424596
33.3256543131885,70.29138539004012
30.392612170610022,97.14533450019533
36.85048113600406,32.483939236956786
160.54258779927508,190.8809744952254
57.46720513520635,48.04882245603837
172.20800358215232,22.74489759667965
193.94543213054817,162.69036164026454
142.70960142363643,137.27008856345225
111.20179482243131,8.273430094017405
160.28970711420337,83.15083354376225
162.8379209947256,8.036880191865194
78.24815609180922,127.53717507688572
148.51180284360325,58.560867979228306
68.90202118102354,134.1116183838153
5.542199965587136,189.8976825421675
102.7781876572365,134.13747707254475
25.074295717062753,137.49207840691972
178.4189256283742,109.69880661280416
12.83397248168575,138.27407931254479
68.05739864716949,71.0128976580793
16.398346948975068,194.71339320529037
146.71103398312766,35.998362526851515
61.20479021414514,155.16925884955717
171.72940650617392,134.72397035488373
58.75997988397127,156.4037043881037
5.892398944240876,12.094797592874333
22.114931118493054,105.73660069985056
21.046384854391935,93.39482462105347
31.831537454034567,142.28220221784855
187.25786423410935,173.68477690752854
63.1306474171131,155.73440985157134
60.24501855910809,53.65377866583009
65.93161284463125,123.96173369147101
74.55525867512833,196.84073347967112
108.10675620879336,176.86204011127705
180.16092052955784,155.48052154087304
132.94952053952443,193.2919310328129
87.35784290526209,117.9847562721984
82.40167281588081,87.44652610367501
100.17893806183434,125.13585060602577
19.443221957806617,59.43181062523435
66.2440264833493,145.26997070082248
164.01606895248523,32.518058719544875
183.36034880833577,190.63860938924435
194.89243818550545,6.964928196222811
9.077907512563788,89.04168373126545
27.865429259192048,195.9760917152587
96.33162536854563,12.17125473699218
107.36253284314982,72.34647701787873
141.81172005259552,114.15234979186047
169.0285757822496,173.29428917628266
118.81217868102586,184.379485545441
77.07666485115902,136.50033522371828
170.100745620891,192.33484408513897
111.61127052340295,189.00311660291388
135.103627932363,163.03986506632089
152.78288724825308,86.88548265037525
106.7269571701898,182.58074433671487
32.522805950290575,145.90003291739544
78.91335905179392,113.95652053586552
58.66348479212133,152.31388221388553
24.32253682550851,61.32220259858178
27.892904061478347,29.841042117764587
94.65632512599504,57.202068140805224
22.477041918719458,45.44028578096338
148.74619030472115,23.20620360899479
155.14808743844853,113.62937966260607
165.3862805591812,194.5211583223234
190.57652447496824,12.534926822130014
62.835567290626074,73.34665158615638
181.70588814508608,140.03842990690922
99.39965010749165,112.83229084840842
12.01210656468777,196.17429613012933
159.0848132744435,12.26133361356418
169.89058691361925,110.28805806257286
62.974188252115006,94.39377353122148
54.072091936012576,52.193538372310265
138.52083505941292,93.03791781109143
52.623743782420206,181.91100951779313
102.9197811086377,135.78810340713434
75.22201509414337,130.64096115666254
72.3321171455792,60.921642216148435
168.32613011704964,167.6223575719265
179.9611405084532,30.561387659288155
9.462029505049134,158.91618687279842
97.5182665246689,109.1936462692852
141.30361195447708,103.54467098815421
163.81406410798579,176.9303654759653
148.62500288437872,52.26502976573302
169.01834053520844,50.06128388077927
38.248158546643594,71.34999262643397
67.69994873225087,141.01208468926848
127.95623495912267,192.7836343641429
30.799761434776325,25.830616793452926
167.16915575745108,104.95703691572247
38.820732400698716,39.035098081079816
155.62335375107077,38.59309842803121
75.29630171478108,70.81987217002158
62.25508727961652,162.61797611638517
90.6994294828742,49.43823201331479
158.94466807431553,20.789204696708513
51.57811825292996,73.43177397379056
133.19545572349293,138.41087330348645
167.86977593235272,166.3948192006625
35.23508875487349,36.4485317358739
142.74612849678493,47.92454767802884
116.40149007744807,158.21955836340007
173.6627962670665,39.403541925390165
103.58939230217939,82.68476005737563
164.77236416191033,13.52269126373514
11.307203285761576,49.2948157403469
68.04906016718425,159.69878736867244
52.45801979646141,146.1934699293652
92.93592239291023,38.2671205075508
66.03390112717527,124.79432646080393
132.2240051082458,164.15736702583897
82.5769947987871,130.81642313420065
141.52437131474233,190.94321522097283
44.49945388738326,7.056235020585625
19.06259504988904,5.575503010036029
141.27018619225169,52.677177813095206
64.44098082824686,35.4395111106661
72.09195228548468,87.1339171524127
55.94940239607549,165.7733563844677
178.94700661933766,72.72983200877395
118.25433085663957,138.7944069027954
21.250743164065216,133.18767434581326
16.96094405735507,156.21848892121497
169.92519732277967,54.83645055548603
95.44827433202985,87.23463899010726
70.08298259445618,17.220429095391143
6.962518821763577,110.89868268827517
17.34911846279108,71.8435016358328
182.44084867892965,160.88742817234274
167.13988946820734,75.86402799969368
176.44634742718898,114.75103306629453
88.95358173012819,78.9268051255096
6.091651924193766,128.22022937992577
142.97117145401202,44.66641089292407
43.983222287818315,22.29857091017256
154.79301648833663,183.85731702516924
94.85350096620522,173.74985917366888
149.18802315982657,107.58222751405155
30.334608543099453,129.53549070709101
171.2136392693509,196.57141999008323
36.483458315806345,88.19659495994578
128.18529646211633,151.66737351817457
57.28618352608503,169.793844891287
75.77532464752655,126.4154821740991
15.76460800589285,150.25094312456127
145.00667339657022,163.24863185374966
50.039527352768694,109.69830128746702
14.565327196868413,148.37116516217435
170.52927341638863,52.67212347598807
66.57941791699821,164.3580957843903
82.77951041075445,138.19287283245367
16.232040025848182,38.70564550441429
61.65384691266416,18.967046208438745
73.99839845103894,60.460816483915224
61.60794904409568,164.44754608605098
95.40658122890623,61.89997786297148
120.65719457313435,170.63316386283557
133.8437276669512,178.62211265963924
135.11942991219263,177.35171073275268
160.86383570026223,94.78646575564518
168.37185016495334,84.57407089827828
160.29706874771648,93.32837648559457
153.02325229500883,104.74636276842348
142.06908813623863,159.35625999826337
59.53296487342458,59.86187606476445
110.58399549973927,160.84457610075398
157.03751069163505,81.54049555095408
127.63793989409882,173.3548262881952
191.19330120071945,187.17390732440154
80.54145065095678,63.242647274225945
178.48642441230794,82.36816912700901
186.01457479961832,44.59574458206798
180.82541296945752,162.52990409628424
142.38464790400948,177.44583173255066
38.62315198676595,40.41582680391975
114.25752769292997,39.28401231114813
9.247142915497625,33.511833179174474
66.21830944703274,50.57582896690005
94.05772533297083,182.67880981906754
81.77008608412686,88.01596236557927
138.03709198862757,38.682376378581516
138.98850980255764,188.66422521161104
107.68281608519804,182.10155936938085
95.39637384401199,166.7758019487079
115.22818051610118,60.134409523668026
153.871590611617,151.68530055668262
189.37869657439265,11.944859007655426
38.061513949299304,69.44459531336214
58.95374020444338,89.23615179662664
145.85974862404507,55.10135677360217
139.37793391091571,28.028162276369855
20.17343095274007,108.65076658811486
16.847406550254554,84.38356196884395
29.115673982086484,112.82750712478332
16.11724430985383,5.6890739890536235
99.69725420281218,7.880262021261276
27.269041573904882,31.5860125291549
100.28640336726644,121.20689007979868
187.33363141650932,167.55012876941248
167.1917394712021,189.71538249704912
146.4833619437336,24.95844254983209
48.7773607132353,23.13410246892789
135.33133278122816,136.9656389811994
110.52540185431883,154.55899709514568
59.40532764830498,163.0853466960378
36.91573269170324,188.13063382833764
91.89863375621309,131.3582420956627
92.44385893372366,157.2054136830356
53.63119916978822,87.201274767511
177.830122559064,163.36566826080914
74.30001078121465,109.89411719769588
31.358543325372217,63.19829296101052
17.508203499986834,87.98629234045413
32.402075133223626,178.3303084309479
19.496483327818698,144.00400206657739
89.54533437347504,190.5424071350164
96.01956195492143,186.73995639147589
91.86014022137972,75.05856045747926
12.502669497880795,76.48039617574051
11.06851311567598,101.42673602307367
109.46799314333376,147.57378907914125
27.355626865290972,192.20571432668396
176.95495388579064,78.56452430981618
131.4529597502946,32.6584098346346
58.288016648999985,93.77696084934401
155.29072116818122,147.3729555737102
136.5245564293367,30.503601197042414
157.94291202110463,175.05638150428487
5.708598788480386,179.42348931329389
108.58081300326145,166.23830554629882
146.99776276117558,193.31194357757366
136.59625891938848,169.76797471168572
9.773269423334993,193.27918619732984
56.55260718829268,177.76206270889
196.1518891854643,168.93734530013637
12.947691786507324,76.64776706422754
65.36200970786271,43.977281092242016
71.49796792534524,128.72882397632114
143.84580240860544,149.50255927577908
125.99932723915943,135.36779055763594
87.17589705226332,162.23577515148875
81.02734195435742,163.019808694
34.88922118633986,42.835568906805754
68.11525317006682,156.0857370480866
178.02317502411702,143.63361669395272
162.80821354511934,149.85105964763957
11.006042517917125,5.804305120190043
107.20057344662112,187.7195163647364
135.7437122557849,136.32223227763245
135.12403857762354,164.5736017921257
145.71782734819234,12.431688339163223
80.36454336180176,112.74573624438374
189.68810987158494,172.45340923612497
177.4447267004251,99.81289300474847
37.20022760907774,22.887931626395858
28.390077842880356,94.45046341702297
26.975547602324866,47.49108735860382
57.24414342529545,27.000417468210223
64.04212350384208,36.895401065189354
190.1136353124568,193.46586464371092
31.630862505157992,58.9182677648135
115.78877346405052,120.71145412281814
165.3126997024186,33.49712960337381
128.28184179637873,159.5236192174851
78.77919583845082,172.44160957573976
51.25595726768509,97.22234170605921
83.21608676831919,117.20698790732547
103.08556085088968,34.36064411079788
165.78586263901525,34.721762342153085
134.6898370821276,55.444522032030584
138.4765003584844,102.0138588938338
143.81386882388674,45.844857065446845
182.18495989997774,168.50264116384858
49.20574867798713,70.72352673313827
61.170318600539005,12.524091182022314
179.22046693148366,110.20106770869855
87.40593425040822,44.198927893796466
69.06915725435226,175.04874155209149
187.4544838987116,164.631717953156
43.592495522883766,192.16564504476807
28.606485687463472,10.523488994830112
24.37225586754955,188.60751883608353
146.34255537687824,25.814216215981347
94.90697808710047,160.77614342011674
195.82241355155335,31.81925570721394
56.862366405578946,144.79737747122658
169.69004218407335,103.96509928794401
31.498303839500203,138.943009225577
130.43084815032955,178.96063697951118
48.298105446290236,70.50817004132591
89.41972261423815,116.58453119177908
172.91761190375678,47.07243591222863
164.51595889178546,142.22855963448862
169.9747323420023,20.30080312017995
164.55872140709832,161.68274026430734
158.03634895114288,51.42589248377942
39.49557554941028,53.984711953140604
103.2433675708006,41.20747064242889
154.11040046618,18.17443235069302
184.02964606901145,160.7121208309972
168.06506716852854,184.70346389433132
16.966456413689393,138.72617996240422
186.1632876766564,31.52132265592902
75.45198418214211,53.66412034381839
9.668186581007163,105.31992427702711
103.19205999940687,112.05896971121378
167.9282861662235,23.375826428351175
34.271235074907544,43.74863963432647
87.37427946777855,120.0824448378447
185.23600220165582,196.0889720255937
161.36082720411443,113.15133711350474
82.70644406880393,63.318016326185294
85.19041965059787,139.400361809536
58.56708368629002,71.33265156501079
76.5033739894399,170.72259369221862
58.04749313352738,157.8339609970038
54.99347392340041,150.40420609560152
156.42326889953796,32.71339976875566
139.9190727960074,100.06084637165195
108.0615225945096,127.0008499760601
147.22802962749932,166.71735423816688
121.16196457447707,168.05878266826673
111.32384089034778,19.603543376366705
75.36475006650859,84.27500917847793
45.7767245404933,53.39963885044192
11.149434837915564,22.122725244498884
17.696400063223983,80.53839888850993
173.2317697866899,113.96318851374517
32.139514818789166,45.99112153709537
193.5943847908057,156.54748819476848
192.27106084545196,195.80631043239623
84.24362062670664,192.28769422612666
57.996332674054194,77.14430085216915
31.276495790122052,84.09456580265812
12.571491814479367,87.36404416600297
109.03972035894178,18.8746778398714
97.80312193208538,118.83603842436334
160.51128099505803,150.8597992362804
38.86968667707667,11.055003112042257
13.610059644949903,132.02308152600793
178.34236004836842,80.88437175869376
195.94753977192585,189.61143619357335
68.11113157100712,157.22528778335396
33.14924473450318,76.67110173787674
143.59317005960787,134.45229721621206
139.44836053889983,170.16752310483426
98.0371541945605,13.105571946759582
147.58644680798008,23.824339905773716
156.49952924314698,84.50316320217682
22.88731413358583,141.0232767742847
65.44971115725569,12.912323509440691
138.0939616981509,35.06495336547417
180.30398483495955,86.04644279666981
22.142820132258073,17.095627029548407
161.2320093091692,167.23129068605544
192.08934428025637,179.50113543795467
181.25827727079704,21.188905813189464
64.3098596014994,164.8939069619769
153.3103025271427,42.237605278906564
160.55224166215154,44.246984537875846
170.007217775739,91.35942776611387
63.480631603580576,74.86753904437077
13.021994412281142,76.96018164203304
160.54750882928835,151.45012681804283
37.134200922423084,21.833613116187166
6.145630680140615,149.12151645515232
77.24929343343439,126.76091606429891
156.89277634069066,6.776942692188414
38.72957952384486,16.95234237087131
23.471669357842924,115.02914712059906
170.39864558473573,185.20742549380046
87.49599454153406,180.25767150386844
71.30659031478739,127.44664745492238
108.83184605507167,171.23099885810075
164.13245154116316,20.471589532860342
15.553618727084206,68.73782778463459
142.66890490278251,24.633018730226354
94.53048852758455,29.220456893124037
160.0635750517593,132.13813822892897
12.075017289980375,102.76054118974162
147.85871225585606,24.867422699485168
112.23382267550814,182.86797490220658
164.45171545938285,26.807957831683215
67.28590670776471,23.31072193368432
177.1292416475992,47.058702031869274
105.64371648937306,84.998201710113
132.1825727667357,150.57689067301598
62.46581395653676,183.68171397587273
71.0673568094901,119.74876831876884
185.12285845944976,27.87789388789461
182.7473245691092,172.9343488469438
151.12333496069294,14.434757045203849
176.9732658516287,143.4274940321648
76.09432143231302,187.47389673336818
159.3794788949889,60.46295836996042
194.94647868302786,11.058226077859151
82.15722368000795,52.680478395579755
27.55951462016965,151.93382794571474
29.903030318879136,182.92536157403958
169.78867563836084,73.32828688600354
169.67314858269393,26.882926193504503
5.599505065781041,11.105514405742264
62.88217796450166,70.57826138128863
14.758818284016492,88.8940880157744
81.63224689998808,132.9038267058868
171.0509283035003,171.22970190951958
169.32354157317533,64.74075303306631
69.89504453181439,173.28552729214383
31.006559663490442,68.91590293863477
18.768081010326323,147.78246452565108
179.20459104701249,169.80570555203073
102.37057577768263,142.1041928413699
139.64748410159385,92.68124000803196
193.354447351851,148.19598588393058
144.6709217658276,170.02762780215153
12.171594492424571,9.518574950781673
159.9808961253733,169.44011657402484
15.777852597318976,6.127849726185589
184.79985761803982,192.10678236056592
139.73316462330234,91.70113867847458
71.47526393385021,86.31576500827731
180.4373681886984,71.65136712189714
143.28209370398096,49.548171377323236
36.667561534032885,90.97814012808232
172.84347626864871,99.60473232675528
161.53085311959097,49.78827656589104
17.647562397641895,86.18177500299032
108.67319590504282,113.58481658033004
178.35694427055594,38.01924712677199
157.40264428992623,144.54958443490816
65.67013697177002,42.89634369928428
51.81449621629131,68.96497736798773
55.77020778068438,74.96428827245447
120.56978434269577,137.4433849892429
65.26974017765613,191.08593183517337
30.222624613156015,11.032097941810553
151.2932988810901,104.91730347461227
149.52811264333803,30.959986842395907
62.50322436221926,91.88445572494068
73.97603655615727,44.824122591277465
19.160372035459503,90.0450421076027
140.97611174625663,148.7448280981696
158.34034334609203,100.59997946075842
188.85554622012324,146.88486551895792
55.860358422789666,43.14649628586982
139.3726323774508,75.2694399730667
172.10510137353543,157.25310844384296
8.50583605817063,154.25428780624463
25.58276381524913,66.74275282963072
182.54524776746567,146.6960596514594
159.05178676126036,52.49116142336996
120.00176635389529,194.29688090693173
54.06813196976853,142.10794111801056
132.52058533236453,84.76367778794383
139.2244759477542,70.57617340858258
182.58182175595212,196.69697633783858
184.84173513238818,182.5067710523399
53.16009933744266,69.23331356890843
157.06698398381084,74.08155644310837
53.04623039612327,89.29632025789837
88.80829181438767,31.20631361986232
137.5643285652882,112.01947231054768
71.40401906347721,110.05585051504119
166.26103885587418,159.37450148404824
128.9034628254043,154.40547546805908
13.747348109340685,149.06853039509622
88.95604141397277,65.72312278321407
50.22900291386781,92.59648911101735
91.2458497098378,116.24989575504367
190.51404161577997,34.363412349049284
188.97832961035783,41.67046733798138
8.021238923813288,40.310206347228714
104.98315434106225,11.081886530419206
167.33752555686183,82.63149635229084
110.27390756355976,116.42067910979277
23.30677108683632,103.52884855634214
56.21927846932613,23.638458255368867
185.45755761840172,186.98239385168299
90.27344570753361,192.48953223678632
105.72093566902069,16.361887718169264
81.5120059056829,64.96885736281064
180.3838958786623,7.580576829801403
192.5469626123428,20.6418825702031
94.49881681024549,152.3303699098527
122.13226976350056,156.88794960154738
141.9315654281281,6.339010667542048
184.764513144632,159.03199751810578
146.655006882752,136.54866931506143
70.1309048251903,71.86112042170042
164.63049808968134,54.85370518614351
76.99961826521303,139.4705458938506
36.57451624934432,192.75319268091403
177.97387674575387,92.97030094525653
148.83419863083904,170.85128222419885
52.914729958444184,6.188280785835918
189.00824696768362,194.02765058068553
90.84137949870612,127.28851558434486
171.1432868524304,189.04455314893508
18.856611508250225,141.57609534343052
17.826862122707194,120.38836846388678
138.50311103966456,171.6042543155835
154.5540399264629,45.81395089838733
72.74897305667568,13.441534849485375
100.06348321876088,110.88455206932042
138.23548767258566,193.06276762742579
24.51610654591101,56.62904608436831
61.487677811079585,94.38204114657196
171.02164314408597,176.07605459491694
159.93771131378307,18.595208662415192
69.73582710988035,182.3117750774521
94.55119327430745,34.493264385359936
11.92826665289964,153.16266943511314
65.33848097140023,126.17722051698986
89.50460208777582,186.27742022763985
155.7898855184744,103.15083741684934
86.01856812064835,191.39657274822233
70.52961139261149,47.8213488728001
143.57044669009738,9.985237299104899
95.67330975027548,69.94544181021284
108.97640202373286,21.787042027208102
93.38995653933063,144.54405190159648
57.56882708335921,101.54193135370647
160.3668184360023,56.61049236301915
188.55075388532998,13.385233116423576
149.1555823787728,64.53420975939918
182.5475905227218,20.83859493494679
149.43797353627417,19.011690552629098
86.83257338510134,129.26433209600765
55.379402137672294,113.1148029159693
17.669618926613452,55.98418765382521
146.01609001314768,47.95952760317836
164.9830815989167,104.91429265900551
141.5015644087881,12.657773840593634
59.60961603673642,48.00267406317405
189.03094768853805,166.11662869672756
149.48131904953138,168.88638985702732
156.7417063391885,28.40543918303298
42.60075605114866,179.31064004377265
163.209007680267,67.30658893279002
115.5074567049701,67.8368353747413
139.3877070184266,30.384396304547057
127.73325677757283,195.8875380559071
18.40373391322878,154.68054646805186
83.03069523187803,147.65900215967454
20.658816775292564,92.16219298183206
130.4208967331942,181.4145395113992
104.87436003379987,89.96529976959995
164.04030501795364,190.81870058531848
167.55986687837864,163.60370808038937
62.36064842324047,32.530837277592795
51.14750191188699,139.3779612941749
134.76235477675456,151.10113567551466
181.21923866522894,192.60520548159363
21.613498792273745,111.06349371065645
95.6109331895396,58.81790206419764
40.484279931485005,9.356824189088277
43.903387881010794,193.99268429124123
113.37835895287293,161.08943623035722
133.50640525929143,23.32407873905962
155.76614561196237,81.409090100439
137.46109828140214,11.475833821038366
167.67278309854942,155.68978392350746
22.712332673824765,152.38983638838587
79.20124089319394,86.80298116840112
119.17503424186455,164.05341239169323
63.66979312535068,123.26676578729536
131.91486405806648,94.66739447908785
33.69771102685903,86.63058273143322
69.47152995755467,144.23075806085134
116.82801071380936,140.25461156372089
48.70988945299404,164.71656283472936
33.23937989494548,38.34443397271958
155.51330036156136,22.607421220405506
134.86600000659155,6.7625851644703765
56.468893826574686,112.11861132023193
180.06376325962978,170.79706916467225
142.30054051367028,180.06816352439787
48.60418720762178,128.5982429788874
122.52788806836625,162.44472003085778
177.86933483922385,84.3412075042877
65.6342645241511,69.43343052392038
20.867250891983208,22.839395387253553
98.6391947541723,132.4058416131249
74.41079810036189,195.46871453236483
163.88796938325729,62.422730678020834
139.14340559866758,147.44077111543032
108.11681483469634,144.52612946425918
56.62911382405939,40.68408862488044
11.171606286700435,9.456738322856337
10.53743082796013,115.41571439846803
174.12270543993216,60.30664127061106
152.23632916182336,108.59495093653585
49.91000417797591,92.33694545725741
86.77258633544686,179.1001120177131
76.57473320834147,51.78297522328729
92.75748084949277,53.0843000330468
87.77079366999315,31.25562009113183
103.63738009609719,27.89966055572541
45.217165392483224,47.41147221496864
169.33609665644082,134.98181957874542
140.0156593165823,142.23776322153964
178.52321002660307,87.70306829335095
64.21004667933485,44.2436543476001
78.10024000335322,16.49876554187961
98.34015460344072,70.66233841917686
5.448916856412649,93.64278642343167
154.82039075580224,145.87077402103597
175.05793163326624,182.41248419443397
149.898384205168,74.7734285673229
65.40040990703048,11.446930514371818
23.624844954004498,107.3685461635011
63.643352148284166,67.01541525292316
51.02485172925234,121.01690684825924
67.34761997289485,80.79678295268825
83.30002422475934,133.41035538414894
32.07491099425974,25.888784998413403
85.25473790813108,28.395808708851852
147.6276380692092,17.991438856146942
196.889277220971,94.3211091937057
22.808397270764203,188.2251494621482
13.127167269199862,11.804183671918901
91.24417560367567,78.72290621682409
121.26682435054747,160.99636274697065
115.51852690976757,154.9108362542133
9.094110649850553,124.29119813797145
94.56567536492231,58.955025203233916
74.47271565910704,44.94871811468472
177.7941594449185,24.999633153069365
148.26929724604494,179.0389674446083
69.80444251769045,29.169413244933953
10.078221456429628,113.08991584156767
127.8763057376209,178.3633106518256
188.54221769014052,164.32382752314493
194.6124983539856,15.733055991479816
112.75661067011076,32.45092292606895
7.015070263801484,15.771847474796735
99.09140814415602,7.2573607589258815
56.07437235716161,153.6540126236853
131.52577199012424,18.809671229319854
39.22614812559303,25.58536422812622
105.01693360968895,51.41533825359433
71.64731813457774,32.166737178336156
24.10836401744146,153.5983314882713
75.17758925230376,23.198308940645493
108.78730870855904,175.66972341891085
135.97008234596353,39.88271522383582
56.76226195847578,32.38527958711196
48.90379779103139,68.96116815042711
144.66843240414084,7.160482067237259
62.63147637481544,126.56686704300613
196.08568428808226,148.25285446547758
168.7554836492343,106.33361079809406
164.02810830104224,163.03504612604198
26.62827833687008,113.73541399033789
194.4134021140607,31.807681112690688
170.92599300501666,87.55943780364784
98.4130421651094,74.27658934805318
134.50321562475744,89.1763592681582
50.861893961325805,105.80254693746349
50.06137047147694,82.80938305276416
46.35643973664241,40.88457173298871
93.95030658054132,24.26746139608892
74.40083739164221,71.8244992320041
15.551222543694553,150.5225959029714
10.38189812136487,54.43720077894731
87.12770457971698,165.23992603165163
147.55663589923586,76.35408460998627
174.2303060272801,86.0414749560455
157.54830041947335,20.15222929864059
76.27592505492903,156.73436203855857
16.03664226035571,26.876805268647733
57.309186272769615,13.472792513526457
18.43146201534846,18.16693790632725
9.300154449812696,95.58917680104412
53.66077533201162,67.17764056730847
167.1044297052678,52.97332054525284
21.128850868246257,20.92621159217129
15.768235627141141,47.14270429892924
49.58248968624671,59.559610767398254
194.81369019193633,26.13073509571306
114.65812125993011,21.665868143211224
144.01619122706094,95.93094795372156
51.91836090855968,84.71353201362945
174.9199395824562,163.37538353508197
133.81639958011178,145.86567256293435
51.57201648344873,84.0945269111693
150.06197755615568,54.968918701985224
27.155161828932158,147.52442730297838
80.36831079067429,46.175271932143474
61.28005555407625,15.261180531028387
84.83890185377112,127.94641296155598
90.44583527470664,13.93416572785116
96.14991861019617,185.75611603412952
171.87293032965707,154.75300576546113
30.189637410446746,97.53917743093717
6.851739731459076,111.59867932770277
91.34406752220015,163.65279938602666
70.67332375145483,112.86198789076249
98.37711633422674,60.07512477160105
164.02461680414876,31.107894746341064
93.22531033447419,119.74362141016192
44.651471125605234,47.86859403451496
169.32906941774158,181.31731434325093
100.61508829362356,8.48221922923977
10.968287217274293,101.71999425393822
94.12450187612147,134.8793545784373
109.31148083540609,70.32065820490676
80.80958748589397,157.12861827830068
169.09083782875788,140.1771400619127
190.62568535778104,16.670072015134494
55.14637102494364,113.38790442442426
51.978538092652336,6.065794105193031
117.28693117006307,170.01801444535042
109.8422789428064,54.24477253775608
166.26172817381493,146.9398031500041
56.73280119254863,27.67922877555841
36.604488617211715,25.862352619739855
45.68434517950146,180.88559483096031
113.31888637976078,183.9871158777885
162.6324624013881,174.4691952687503
110.62287442725211,48.11558624870549
144.5089340588001,78.04435720785189
138.99133016313488,94.81680469395383
182.1195746820814,5.571507267786089
195.42900907253627,18.92541248609939
195.14704321969677,5.5046635478912425
66.68053721012264,38.23910648081647
75.82847286205963,83.14307591628184
157.50913439917613,154.09997268113054
100.78346310801791,195.84838878142602
84.67515160953859,54.02928492164633
149.9250052625772,73.24924804320096
39.18920277247232,75.58982568386497
18.988058947388627,51.81855230376639
65.02563888920166,188.4458229595913
72.30784115769163,122.9152521160404
108.07421667101283,180.67661469139017
149.2467776522226,187.5763171546654
179.30866993898755,9.701799820726274
26.64059402043168,89.81371938118922
175.6897925184439,142.9359088552541
52.3021787397709,48.46049541354059
142.75668895314175,156.3877843291706
130.9474206231304,174.14196981288015
106.08729631222279,185.932041316299
87.14822994778329,79.55539690933952
6.582796817721467,136.13363055045002
65.51873208553316,9.221062833274065
40.76493362240189,191.71657370988012
183.85545701105409,152.59361513639448
54.32307955541337,82.03935853018037
177.926954194719,68.79394734912782
68.43009257901883,129.62959252963103
182.78041518202113,136.20550371363728
108.40486926866103,180.1745625873929
58.9909654183138,151.88081349862608
136.74609035667814,6.254057597139742
115.0443976240905,65.85758469916448
175.8266039366668,150.64352751897007
144.34688953148344,103.61836983638453
108.67264535666158,76.6685622728721
117.2498583068018,196.34022047146573
104.27223174242778,48.562277486992954
34.29824396898401,28.018485590432572
94.36106754171526,175.07042244610304
23.908059638687334,147.69955635348973
55.7700276393239,176.07684039183823
180.95686140443806,77.12523387205499
22.97987297083793,11.678146721508632
23.769501516137378,50.90711520802852
149.64899682912082,145.38447094262486
76.59642547829561,106.10216219908193
169.0681141245363,11.970692448228885
88.3914512701687,151.6239709923648
80.31374646527249,14.98483606278288
196.16244429957666,174.1281474781056
166.59950580429455,136.66289043817983
189.9922045663475,150.1012727102582
28.98762063543838,81.27101162849496
166.9711932606684,29.862585691000533
135.0000418901517,81.64667379674009
165.00102601021493,55.849503211014564
165.44313905852852,24.14197294983773
64.37634077236862,113.81101679186601
170.98562744228155,100.51780689260583
65.99066292110749,28.46375888279077
147.15727753933436,47.962269070845835
93.12721478865477,62.735030128579815
158.19188191497588,7.680541101678453
65.10136807789902,183.8609089809457
155.6080097120543,36.02639391309687
121.1772612529554,161.40679891554083
153.10456409893266,168.96062958224275
83.89007985841583,176.7462290158696
7.932265595070479,130.54561881103336
170.91226674385894,138.8802112290895
178.54011467408017,62.71224050592757
48.173226970039636,177.35009741922727
59.77483036076362,170.80791653826327
17.80226482106732,87.67452066442692
75.57528043645715,178.88589133087453
175.87753046346532,13.566813471633191
41.66952500492939,57.730468133670406
74.89826836209171,83.87533777282725
94.53659259976705,69.78243461259859
51.633895617590625,186.19210026232096
99.38068068633193,173.87926208282263
19.736045618719476,91.74762246225544
137.66300704318897,88.67683333446271
26.697684226491024,196.63394316140005
65.95187086313057,172.56395447603126
51.31883640370302,87.56664036387407
153.36755776212271,93.46809285735128
153.42122534982346,160.85304362659866
95.58003652711886,143.44034019345432
101.99274687872156,174.2613906555562
70.6649042821033,47.106832968259496
178.99044110883065,139.36319170241734
126.66950857061981,168.52612465729032
66.36955087251793,50.17129902175101
12.525130514281393,79.25762300916497
109.36102498298705,31.700030664189153
162.5390997808897,182.4000414370501
148.4256771801441,49.46675149401902
168.07268363176377,107.0066754190294
167.15427178801932,40.33378403188423
112.61260958288956,40.20671038788847
180.9912314539605,171.2765941014709
115.31748703393758,145.38269064916636
160.9860720939775,188.80266439965084
86.73253584895197,146.71546543033026
104.06106849841537,181.91131165976833
175.6923419550381,48.25630001004158
70.83145196031214,30.819740443598302
121.05099360594386,188.49808853898506
176.01583793340944,50.16722434505886
19.29458469609848,103.30781775681791
109.80235575335969,45.46314730448435
103.85216695738694,39.26120244732323
58.19714820686092,164.36764352670596
132.99147761696054,65.14953786666065
132.74509208234662,39.95068451526464
171.39710700742998,78.44824246708217
103.30639497206802,36.81983346411312
71.02630757101889,54.614336889233364
153.4336190841349,10.468174106326138
191.6978744687428,178.79616957240233
137.6267337636763,48.10762639645481
155.1846616442661,54.511866629260645
68.59130116777324,112.64064303073557
60.50879983611973,60.207562544488155
87.29372367847532,20.65556309543572
176.56859648273976,194.3130704911748
137.89311891130976,155.47914061772084
37.401639582638005,45.721014295309075
112.1691379496413,146.2028456318602
109.43213842176701,38.20663453536682
144.31332963910748,173.12351584738002
138.30934863055256,151.18082303177445
73.25453758611843,119.4533836165756
58.000642973042766,132.113484943648
161.305775355685,84.88121452550824
9.718492215668,140.5916554145665
145.86700739735036,76.03155843475074
69.5583722018503,192.62758236893202
54.570575153814964,195.04738653920373
161.61420368008353,187.52834553598288
71.02126472427364,185.3456533585853
40.556588883859426,12.55018439984614
57.78709541352447,73.43508276508871
139.35465963639996,21.981683636295667
70.37380259603967,141.1074631388622
81.22193552131453,111.20273064932083
139.76862745947952,56.33323914478321
57.33262972146189,30.95153509214962
141.77880899144654,54.58710161891849
109.34803903238898,122.92951777931788
63.616866608278265,157.87616291697904
26.5791879733405,136.68987979666485
175.01314454397837,24.519750845937754
156.07445747261878,152.66947730419136
196.8203748002853,123.0626615386202
160.22551659953615,164.43390131427802
85.84738982210358,147.95673778449694
9.206814400918821,15.617867530819167
177.96417176472215,115.32999581223196
39.89283752978086,82.38771361580179
120.2745340477009,189.5257365714972
184.48632891049556,17.742111862023233
99.44662296143335,66.80370705668338
71.72745671811573,152.26376956429263
29.604638684665407,18.80065003530081
28.034157709461386,34.6962355281681
69.23480669264025,188.18664205488696
183.1403352129241,196.26205587878212
163.8523450452896,137.4722111226243
65.46218813863366,36.85507667639451
191.60020359066,155.0507948867016
26.41651824884746,190.87670827567973
55.89211294226859,182.18012795709376
24.02921382702138,136.8146249480177
63.014244661287314,51.273268391004585
72.61437103667745,183.28268179916572
108.51332973074356,22.463863674345784
59.7004107100177,14.338324495928918
42.77868451371022,88.53940685194497
169.3973193283704,72.1990089374926
195.39566405968733,132.10599338829647
163.60177821457577,29.748874024026705
69.03009075869566,98.90317423720437
102.43375485217945,181.85703475627554
174.81174914428013,21.784133926101433
71.6983956025976,88.89772532152357
168.48446995586878,111.60555763711116
176.1907928142353,42.75187393899708
118.49757523457575,138.46776853008717
87.33369331446272,162.96766939187944
185.56095952802033,144.25552180088187
97.14597560138465,122.86501620944233
162.35609362717886,61.66369197953658
145.80517514845963,95.2447664405908
28.31762413928496,24.41200379084711
56.78698272722431,20.6167288673858
153.80887030268337,17.354401489131206
97.87990989145877,154.48283253760366
11.229636634450026,150.91773266150935
180.5830122176355,181.25382577383277
78.92742456977511,39.904928488566576
179.1109672143864,173.4882302300988
142.28151662542348,68.7930285979566
14.386890347539161,30.176965152939502
84.78032611999048,169.66666221579823
20.539606275677727,129.27363801826917
73.16761958819887,61.85858624479328
37.68112818934232,80.3507418339709
132.16223933088787,165.72688194763714
114.55052884563811,54.20997380449659
77.27465299424621,157.570452551054
91.90965563554794,158.4394684471169
24.068557936630615,116.05619568326672
62.5016340487992,152.821661508973
179.45700599755267,96.40460151301046
170.21217005295034,106.94159740091196
182.9729160567276,191.04588545166553
97.48932572789639,8.611039041680833
81.55511928766029,148.82297770857306
172.93242493617652,48.920130559389975
68.61656973589736,53.92020409470228
157.12054436805366,66.5353002956501
24.826652820257856,97.87574415306509
19.442243844012253,87.8322595721516
26.41514998994585,154.13363653488472
174.16961922752876,141.12158382950307
132.4058649576897,111.84391337215368
9.96051843365028,147.88860985552688
67.7359638503784,135.06543403431985
7.845369106371393,40.21145550346661
36.330112849618764,61.977255368940725
73.34056975217196,134.83368699535393
169.97776974271952,95.33003947294891
43.68886798267677,78.19017156475496
26.724235210790216,138.93480858866414
169.982743987064,174.562123923792
140.7235988070559,146.53182870235534
58.97070082217956,189.85061164064766
95.6889315587948,121.33810375524934
174.67347692559068,92.49281224941997
92.29005931325983,62.6240275305347
9.434802902328759,154.3189392808305
115.93546352633906,32.30912190715281
169.0111086675662,64.78209874113215
158.14353051082261,109.67903507457503
53.58087017310448,53.305816770062314
116.93334769147859,138.67511417872188
73.90239621453024,67.79470050592833
70.40421534244521,188.96417470383264
176.45717258458814,138.04319879154664
159.51988690030487,159.5117599847942
116.4587054998686,162.32551381052448
192.97467259586261,154.08931140026854
57.777040546140654,119.14262178864769
95.66817257341017,58.20600218897095
105.33287308410729,132.29203187662165
102.92557425036965,9.46517872836758
13.58427922573352,53.29396431312958
28.35275048002929,117.78987260660672
49.876116355396924,81.5683740812669
108.83102586798859,19.182037440397664
100.64416593700408,82.05703317380996
55.61543476138589,91.64467918648518
145.8054961925245,146.64504551970504
26.709375451901195,108.7161193144772
9.687021853787055,121.33003339618321
177.73828582762437,95.52733134052991
164.52861360630374,102.00799465672937
53.45675830809295,70.2074256346281
44.00050921496369,13.211234690412946
71.35730138685126,56.35308814907428
135.25787963426143,153.98974558908424
11.197720199882129,5.1397371781049905
98.4836796394981,74.98108588698652
48.04373159388333,127.95576417931798
159.65562227234116,53.39666969225187
27.234729251434143,107.83401818598607
160.70686002219273,114.33941953785856
55.76449767317963,12.701291005399849
81.19389789537009,24.6511218579259
170.3575915786173,195.9745417995732
141.19628076591766,17.969490296475417
172.80741544502067,59.756516042548796
31.436874020572844,21.80463769646453
48.79174985585974,74.98522907617266
134.13712109630788,134.01029041953393
9.337304058266156,10.930001850700538
44.1813443441863,8.012173863345382
136.98889925760392,116.0515935789893
75.35983478356583,35.9565007215752
154.73066377249583,61.4573132548476
7.329132502616092,110.12628684220533
70.08249465160328,190.9448279378413
94.44093104334094,73.04561918542706
55.81684993198225,183.91796320024406
136.2335414680083,52.93289051326858
34.644145185004625,32.49408064213744
109.95487635002927,142.23694055807724
76.48334177196101,108.19176427530141
110.52460243690938,47.61858453314593
164.51369610710043,72.82744833481895
124.43714155121589,139.82525000863595
105.30495350546099,47.66432232634971
99.76907235331124,117.56971867965383
65.57768485734934,32.284855298508496
95.12028702059219,58.48127571292191
39.86410086218689,14.417340086053327
92.01498796496055,44.55464736822941
114.41924866417476,86.5092346767014
135.58366868461013,140.63446553072814
28.800805570934013,72.61576279498787
87.95555467569343,149.5004393630605
191.0544244421849,29.091406906206352
92.05980468663891,11.261939464888869
83.05958489401088,126.96698399392768
32.11676362289734,183.7878797322054
155.7387783319095,11.915922669784294
27.995045064159296,179.0403858054857
190.43101800526742,185.05890937378817
74.2695750959693,14.12816772251911
183.910208841121,164.31213813100365
108.89513638183318,112.47338898008606
41.24854732749431,81.45737064467004
9.461464713993275,187.06370864582277
93.16254084873928,181.55640453399502
65.67351400438183,106.19123627947661
153.90398620938603,76.54452281394624
16.639979913677333,46.48409393206013
14.350438881601978,101.75963699653072
154.53800033507397,73.4198300903266
152.49819590422516,23.798847518875487
149.46836155222496,37.439711346082284
51.95489158157347,12.437139873420705
10.18888646481707,181.75865682040188
24.23829792827269,124.99245186527327
135.52182649479366,58.617715124045766
116.37241754730037,153.35534787571638
17.174702801278634,140.0584305599582
110.71653667816653,54.108159981834014
101.04057122945387,24.01969443206003
169.96996004161306,14.822477394640213
73.21256153478933,185.29322187772888
176.78924432250994,87.14734414395477
169.3482640689264,74.83684629343733
78.6248558234687,189.3569260525885
73.6456830482749,170.32350965431635
80.36757535550345,163.71092465104974
173.44354708429898,132.97655568538192
90.59491795897772,88.55687250911353
98.98140088548544,70.97747328537045
188.31812992686545,5.289297392381501
113.7365836973391,61.62309259892396
92.73650158825411,10.227247969401354
19.81931661717159,146.5883683236139
39.442704211611655,40.614982245615465
101.91187431435202,71.83178848508518
169.88908908662657,99.09164076838726
167.787674536551,61.62995640736792
41.52966882656231,34.468491038820844
169.44824882475666,137.91339759874046
102.0608594271889,137.3513141089869
177.544194869023,88.24514303430777
102.37627411418543,171.9279056447207
101.45421234853498,24.449728755102985
143.40384671872488,69.20622612563409
115.47212733313458,18.54236855840147
74.67248330447372,118.44795607961142
78.2210860130581,52.9968454314728
86.28548823284544,186.80621251182203
62.344614837835586,147.26102190764357
136.3531503486475,191.9994708028645
68.68742145046092,56.185165618761424
10.987926953083411,120.35537137616899
60.99385656439979,52.43641135557985
13.266628681982064,135.91566978433517
37.690031213031205,16.346939299001843
142.49988814459294,168.43024345234872
15.77397407644202,100.64223245445089
74.6087068876279,84.63749132864385
57.95975772268924,101.88473942733158
158.78469791072635,161.25722229846585
191.91351815954917,6.199721833311308
157.21118438473658,77.90059026098636
27.095792637259454,104.7343170721928
32.164388375030235,110.42110396548797
156.7628748006522,112.02121601455278
29.216449853240142,64.60379142174531
154.95869588049183,68.01405065199178
161.72861720540516,83.97032381490271
134.10617283692503,172.49516191306188
111.48970097584305,167.99426733176887
190.58564003218243,15.37401058148614
40.516838854750716,71.73138106196132
110.6594339781476,25.715772336615228
89.58576551165585,107.25287950340903
95.4592549837942,158.7973342221932
132.90871385594855,116.06532553105077
104.10855832155052,168.9286448171054
160.6310968269392,24.19972539387938
154.65454354573336,27.47149389088546
164.861162456756,105.76338884093225
37.30387541209397,37.192633182407135
29.464101126945117,108.98684194899667
153.51580977173694,191.8312731564589
13.837026065983796,36.66018451263722
73.00356723894492,196.95280427957576
135.53835792105207,35.085739104713525
52.99742139668394,185.203697530871
38.20819809127451,58.562946943764146
142.8918211967742,196.4411521560297
9.46116009866901,130.24335715643141
137.97392279979707,170.51797426655423
25.354020286046676,36.84902347370053
30.7279180561902,88.83044793844365
77.3512518166336,76.29662950814297
8.795842762663003,5.244000290955516
176.29644584152797,149.44742750205154
84.50429200331925,115.7329500407609
49.33930454637789,146.51244649986603
166.5062261454849,97.31931839721051
68.46357998297138,85.61321445290781
60.82596580831475,57.258500441063084
48.61580969254903,157.1849799746766
104.17816128555397,181.9728843010988
160.58248529589923,146.2819000094801
83.57866396010054,154.13939973783198
107.52452484612718,183.50563926733017
68.55470839343485,46.55264274574815
156.5144250519052,155.7932288096217
175.34894277016653,93.84792848928511
69.1678659982872,130.2998904502962
88.8940500756023,78.87107890832294
72.20895739872302,166.74601560749886
7.247038287372398,85.63135249059532
68.61509214253697,87.29055881927924
95.49832389121946,111.85952452324416
58.76128972930266,189.1503461666911
153.3048021211025,12.853221630472417
50.15691116080163,75.39300603585825
14.490082249024502,14.443483108430701
27.15701830986462,90.49652325536249
15.258313154494294,92.45274694499274
18.929494652057652,59.42358712160704
64.63957699766725,194.84145350268963
150.4440748473493,91.61062686548915
172.00388105869254,176.83190767979775
175.7119634897973,44.68545086232628
51.445578759983846,134.88464149743118
164.13101448058052,152.54516812657832
124.21690644400861,139.78247689860274
78.56271069025077,192.78830871040782
111.33677059393375,142.85905131550194
109.16460798127143,8.868851916333623
158.48720652644482,22.22675161736879
189.59501518148008,162.65573929195025
84.21465049840764,83.0452195821889
163.56389342841908,46.789880195288895
80.14368477989355,11.70567172798844
99.58834837770495,53.03958393041637
19.535488128009703,43.703964901422886
18.356060014931757,121.38523214788208
64.16061648296761,179.23450602988692
162.2147760201427,45.86455497689624
36.31625689994567,62.993255099313004
60.63419988822512,181.71227087245174
75.87756855143422,141.882063264464
122.03547563226053,144.27167420075554
97.23355515150794,158.78627348254642
59.41239268131996,144.0750255674223
84.96182659648052,183.85502566470387
66.55521942536053,24.560017024413483
102.79170812601332,158.76308037520613
161.46681108188602,28.131203036466765
144.68547248654687,164.89187709422953
151.65781452942926,105.30288819852845
53.7485073651945,21.86721317771308
73.02646491493701,149.86118177167563
82.20900567841447,53.7210940862598
159.3397042499246,82.7924775515529
60.00993371915542,23.6071847542365
83.37011445406125,46.39054580502109
145.21051193227342,81.15039098198797
172.2257722670823,148.8076450027698
97.33137210637719,62.97477215921029
189.28478396950155,21.557769834300615
178.30174968433457,92.74515850130916
91.15685954772523,85.31827035596427
145.17371111442404,99.1751233912562
143.0245770015302,39.193357697703235
121.34515482008234,153.83570803580255
150.34455449209594,159.6857423836757
95.89723711211312,146.06942589778834
37.350615287820276,29.889206888885983
65.32493318685387,148.49513446061778
113.85649925810559,10.882909878848853
14.569091622406024,105.99894961134166
85.3067065296406,64.71345357069804
58.68669529170744,65.75184147886667
193.70999785787862,25.518497552711843
26.671432267299387,65.6065109980641
88.72266572049192,120.71998234598595
155.37503079648806,157.9369717986584
6.777915488993607,73.89519295969684
187.1326683995731,19.986840048131352
68.57785164244358,34.28217495530048
40.43068701380128,42.95272045685709
53.77634865752164,158.5633898382365
28.191728389035617,189.6767925066795
17.086026208459554,102.88129397726043
39.76278811550413,31.430348942885868
183.195118782554,149.86881125733984
61.75837991058269,33.82655206307745
154.66944610659397,62.95332406652713
26.3703481431884,135.78969391369006
167.92530172883852,39.88063428399767
172.57622608441872,114.78739059077456
60.92535468980221,81.5757334760232
173.42106087290568,141.33872873968443
9.228909153635083,90.61145890970647
184.27187536385256,151.15775219321634
162.5039458463731,27.547357819932788
162.5041454726985,113.98512907769718
135.54940322256874,27.93485264316662
12.385659573968043,159.06250779916127
32.797574851927955,193.85932968522235
20.894200105340182,102.83270592640244
176.92363849304652,188.58855307258824
12.033417098556761,34.124270902340385
98.89024336949055,134.6605080545663
32.87671106327213,77.81970839871015
24.89159947024368,151.8430084211379
113.98494660945289,157.16649443969766
82.73833379407777,126.32232976675257
138.4435571477946,48.18773007766358
27.211107201065737,39.28581380591051
81.26285262690077,179.88382786387265
127.60070752268622,157.2765497708426
132.72806378772694,191.91133115866464
87.723754426795,22.729939751613607
105.94877092507895,124.26616993186059
156.73630658486644,151.66714989580717
8.440495446514356,146.1735668134008
21.73577030489169,156.00019680513103
75.43010594021497,36.85853780650748
110.56083229405525,70.61536761205333
20.488083038197367,50.16198390346565
175.62645932297445,49.194282526252934
144.76710664149945,106.70670458994587
56.80251315406609,185.0120717848992
90.83946058036787,69.38481005198163
15.827241192001066,53.081840914360335
182.94526303198464,19.06394261340686
126.68721377920534,137.4423719361341
147.61572061682557,95.15517131876058
26.97050990699234,128.5752699410989
98.63014666700082,166.71723104848218
147.89051544250893,17.344323803105688
131.4987491060752,194.53587159347512
97.59039113280363,35.88128093638089
180.302414404819,95.99262988964044
64.32350387166342,40.722127819372076
63.07893023212082,97.9235523814059
133.72332759627866,166.1853563757329
35.54135396068807,78.6320100558703
83.4085216962737,106.4082511743301
155.95789587880003,41.83276261867101
57.495839888081704,121.82930192440249
47.69202305596233,26.700232790644726
45.09333776706892,81.40247590439562
92.29323643071521,45.68882555525545
57.906251277282855,184.12947896648095
16.27637770244808,32.51714518389486
180.07500332940506,60.33673472403557
44.482017158216536,39.89969576126824
91.88129047329323,196.98670985927146
130.79973147651032,177.68474355283914
167.4581601705028,89.93481106625367
20.438654447756527,108.35224058235652
55.458927192390306,134.90273668373672
152.34229581399296,95.41677613833858
50.689892149051055,123.85553749737862
114.799189612868,109.14118561039862
63.369621350422776,14.278879189808876
24.254795508779807,34.334197097526776
54.456410741769005,128.6724152870488
73.67646327551425,139.67113121561493
54.917917891281,45.67097420345699
182.25604392849255,145.13272439829382
77.99442528412885,8.166707560265403
91.76918838677331,57.76181097466534
20.52777907725984,152.39717653266655
103.43627623532684,22.49052303064948
166.4213879943513,65.26915911096393
100.21542201106854,189.68658966838458
15.059779683006196,60.52273829574276
177.22772421214947,190.30923986404304
83.14911135039381,58.73112833109808
71.93284305155761,124.77195846645543
139.3646918567852,103.52579781133932
34.00350421690165,72.28896469032468
188.13976392227713,21.044526807745374
183.49585806699372,167.89633940237454
48.88740056497382,73.434705075524
43.18039456200192,192.51163234164935
73.83124972360412,178.36085683328645
138.1332758054937,154.82213651719695
136.1155541806161,59.10703948636602
152.36410958434988,114.98899576301409
172.06083050255077,25.894484150789044
64.30100998495975,183.61904623937082
30.439823999763615,189.21222091626888
73.4797483161888,195.0402618889345
82.73134454249333,153.66992105431012
191.2274676263039,13.924706063035373
163.01279898029472,156.8885816043188
148.14748744602252,37.275298147553045
29.37769420197217,131.13042284725958
50.41204819714817,57.27938765780092
134.6494676042817,43.6749012022328
33.34792520161299,191.3114248858057
97.80231373971024,41.60207713661725
70.55093903277046,195.4395954415712
159.39579722037146,58.52011139388363
64.14226417795832,193.561504292936
85.44388452956811,174.81041385897538
86.52882559133437,76.49947903950716
130.10724841635863,161.7390231483541
172.00294230815604,194.6969085288944
102.65546307885296,151.91995849212543
81.44996493876408,39.42595900954097
151.19150691804288,182.6172217773813
161.37673937046213,45.02070586364695
170.92505977227694,71.94216107522388
155.23419297749223,5.885431844768986
189.77503304613174,137.77226144881183
55.44179599249543,152.8482434832725
107.76512168928976,158.0141876795589
110.32143185783652,115.42894221442546
161.50866192510367,113.21364441320796
51.469481752651596,113.51531368370657
98.8332197306633,14.390305045580007
95.94502020038082,111.39577252499993
47.20241922195098,7.245536225199093
126.86854726589561,142.50698057669229
89.15871386224772,10.000650836011177
98.66288038462486,170.52567400318108
51.00396884178154,137.26217939700854
196.6192266315886,76.31162952115001
152.439864809931,91.49002250804557
7.733535138815992,71.54569506109371
26.1146031688459,9.561887457055978
104.80163587575976,46.677914318990915
189.87892841313953,172.87996687848607
41.04719203243724,180.22704003708114
44.59596672092644,7.017850139061361
59.59465355381308,42.116545804131874
184.32024616188846,9.920050784101942
24.184250947896626,79.25467628689846
131.62819179913396,75.48435270806624
107.69504866184937,47.74740089674617
194.80059772385158,9.720107968721614
196.8156570199587,19.6507352736543
69.97150480452905,111.05256555559859
76.22434826933882,33.81912727263898
67.79770189522003,70.93552632419829
51.08669381413252,104.54091256415607
139.09564592160174,101.89426427618285
171.7087732618475,89.2184564526079
59.30044654859639,138.7504600360495
148.77954493480584,92.63776980477394
193.65782637970557,159.43409643800416
154.49352198292087,26.52276388347729
180.34191226562166,153.88379408324695
69.67918802823107,155.44272752763194
28.22899694623886,148.8419480078987
37.96491900900157,55.800666801222214
182.3873634353341,187.3374111484166
166.8330793671682,78.67047521615274
78.79368592171757,27.43228222584192
67.43337799857697,133.1335857053154
72.73329173549408,22.30359616924459
182.9286822544921,13.891514006308718
29.245282238863727,95.7050795921341
55.29120392977618,124.53685588929953
149.2626521052784,183.70931839596503
82.64509808057572,147.16604193336843
56.145207684817116,38.99519552339293
80.02400158933507,20.288224397216442
80.23203137781154,35.20527686462402
80.41400275891739,67.06953982551636
63.422566294419894,66.63483476259964
71.85702300170578,183.13457148497108
68.23226879730706,179.39255573465513
106.46723514308064,115.15684639760022
55.42183082050362,57.30980697105752
146.71652229021842,110.78274488479686
148.57354894918754,89.80596022963834
37.003812402876726,39.09449862086187
15.117504443148785,113.45203066956347
13.80290894558801,62.34486969090839
180.11130888286425,166.1326572166097
176.14896332364907,186.44268346024717
53.968530403849826,35.33508612485617
13.129719790308325,87.08016553604769
140.7097708042423,85.04178675889078
36.85991169287686,64.91775999997908
102.2302574663149,56.03702457737759
67.13620796978336,139.83547995127688
159.94126092620766,43.89912680745797
159.54253245203995,31.568902018173436
68.15240485619131,96.5002922876108
101.21528991179802,34.34097819788029
104.45264792222886,107.2936809965537
25.357372063730594,86.04743450192049
87.76019732633429,113.90388628613543
163.9785502143505,75.29615456277212
59.1299817310507,91.9288915020185
71.42953720017978,117.1280269994889
92.70993219036227,146.03137436998722
27.68973961269714,134.92889234749632
141.05377083469597,151.69509940469376
36.352118778581016,21.59659543165176
56.20161793829793,146.812759377776
54.61260907514247,172.5464165320142
56.086760660951235,138.89540017621755
115.4824072219743,56.51988131224711
105.31297751414348,17.194343613684936
159.83663025398894,104.16739362854422
188.68654445026874,32.4652359890658
18.002111240765085,157.2227204685035
162.92765966876192,40.21084250367454
12.279712179489318,22.379702373417622
96.97397398005876,195.37047801777356
59.502472283146226,76.25991284713182
125.54217804652849,165.07241079240137
175.62665538092506,44.8051331589877
74.18359011039696,84.94668378147936
155.34345353878064,33.2191889223535
23.743869465073438,128.650037462865
164.9370628348479,59.23847933268464
150.32766551892087,175.25830475383947
96.22088282505736,173.6261169365346
92.47942674945068,178.46069297707143
157.35101537927994,139.80165247451185
152.68078902442537,138.3301239890003
92.3879324147302,7.893340126131617
51.799388435577704,43.28113945685968
53.33939282071935,61.04054883241234
163.824591021717,104.62739142076018
51.32384455234412,188.1622088635746
92.29126146074076,129.3183258235674
72.20312760305659,64.79467559224707
120.42677253824647,133.97429116062835
73.58226304789306,42.50908237897844
126.61215465213537,168.11598939781248
11.057132735259174,48.05911186043473
100.83054840031303,38.33162682733053
85.04351336317337,84.42406382386852
168.67186678068532,91.23436505902544
111.48718369925251,119.072056123629
38.90095649712933,10.680422382297841
139.3650382852137,34.96179504751515
19.986970681798606,55.07165802447633
33.26527157129037,35.52945033355021
11.361240314766496,12.913003887982942
86.6360050118792,34.66289949358337
35.8952708064184,30.540329283439778
56.3136594507783,32.141026586054195
60.70843099106715,151.1795140665397
46.81574746249652,91.68679437843748
81.90566171321413,72.22495664669657
180.17855829459324,114.77986144587358
22.408362723967343,101.48536519108293
58.91827056627524,117.76825954595567
67.59582526230953,63.9521669465584
107.51353904477673,61.897995510093665
91.4999408853008,27.141575702673006
107.25323235364738,80.2475751378748
150.268449946639,183.77325848266733
71.30411343162473,113.60070078808405
82.0192647248899,40.37590192234753
27.878812701610315,7.658650390148415
11.482618546142774,142.62506648559545
25.857690219455247,190.70502694354803
22.100824032349422,120.06166581231287
167.43057479037404,37.648581783357315
50.233017178389865,60.749062983486105
173.41792679482302,37.40260502376435
89.54139063832885,133.82943195819905
112.82288554470911,13.287624751391151
161.0430245394664,194.93073815872017
31.283106026333826,184.86899917696664
5.6728880750142965,177.2039439810272
30.25626824441377,142.8720204542325
89.95023781327468,24.934837918126625
25.317313648104516,150.89387579983944
30.953174441060103,66.55845337145544
182.5392586972175,45.100475953655966
111.58215931672524,152.6802450858061
114.05760747168723,32.17142493546521
165.23482001594923,48.13166120059938
126.49526183978179,156.6079603778956
35.51469307266274,185.22339757163027
20.33144034287763,12.788178872656431
24.225451766931393,52.42155881184845
65.59792735141566,59.868135041881054
78.57440024790372,32.12292564838293
148.01223356629683,188.8952209160761
137.4874015680581,194.89521511417286
92.73393339050276,181.9026290608262
36.66110418516091,60.658915710697
111.30461750621593,78.19676823426803
38.3972892030887,88.24206640292843
146.9117103588311,33.197155958145004
196.69044826683174,57.66213154572497
116.95643591539222,196.60807592937508
160.66611108066067,179.30429246060635
67.51103812948953,149.3433661530052
9.736467878993809,97.14409992150794
185.29289311073592,171.97381287761223
176.37180651210306,102.7804959752606
128.4661893130469,164.4294888957639
103.44673217544482,176.9707972872383
149.73055523602397,163.77232180141132
73.6477374688847,81.96336296747027
75.08869061146952,75.07097165604615
23.680246796376814,31.822829567511516
158.70220253910858,80.75453523922698
92.16692734911308,61.31692621345872
133.62070763616185,147.35498177276313
51.891194053913935,55.03077929798632
147.96613244883218,164.6351857572606
84.22565579493043,42.862035581180734
129.0089237769283,173.7715307046339
127.96079508444015,169.4695202406888
112.39755630840634,120.58243506894357
53.776451789471345,48.24426933811661
134.86173512522956,23.544964709763608
13.094968446693938,116.59343727955935
66.64022599580694,173.2947596373031
149.0447121250186,39.50800895549881
184.37082415691788,140.43258494158843
101.48425511379445,80.78752491031159
114.92401549246857,84.84331898340479
6.7555927478294855,131.13995140848664
91.54374008149713,187.0860860348615
67.92639052792352,62.51646895496294
86.24131229959633,118.50663535306843
92.42179190466388,77.40766605622849
151.24572847376984,29.83124289434512
57.02664477536111,8.593790237647859
48.141434595330715,51.27602916501101
64.05900771760693,11.765229668221481
172.0962964890777,145.67791628401773
98.70151311077389,148.2158348111873
12.742916230082978,49.51387880193038
66.19710308002126,118.08002662012335
133.8707691560643,136.01877304940137
165.87298037247572,178.62739508418133
196.83808646014012,92.79126463751577
79.59207427565948,28.27935150725272
140.37698906340827,111.73491224994214
185.4181632388867,38.7595673000069
164.04941448753283,80.86612532195646
176.89583760607363,38.59441567967988
174.15947590115314,176.47286776718067
59.62963963600941,175.53955068930256
53.85018928161706,67.73407014117292
11.7152541418475,38.03065968275013
67.32125273832243,26.547412161685987
180.2537735618017,75.0095994269555
92.03858929221866,28.976039661252447
152.50786222779882,184.9534985627345
182.13921887134094,157.64762065140891
33.97107935737904,73.19784241603197
43.052449858779546,37.930878531627684
64.6786121958424,131.13390915348953
64.78049785204972,36.64881464768856
72.20061742134463,20.794064869891688
107.49101768551763,61.232468405648234
171.60836946965117,24.433744684868508
128.3432288053258,178.8293684022274
165.77107349598592,101.30203234505335
181.1254020177187,149.2640717446487
139.13723973633506,17.350860077683375
33.424039272697485,12.458910077155315
11.617024509265905,105.44420056399183
136.94992517144354,30.831824849192053
138.74721186100228,144.42301116840503
73.7792447931053,110.17478554362917
193.4850765824883,10.177998920480384
158.59178192392133,153.81884770446305
32.16381118485105,139.92986474883645
187.70650318486707,164.1909687238077
35.77917118979623,91.33409331327852
127.12994550932184,153.1719944940661
71.8267089423578,34.563591577871684
172.33430899788624,53.755020835173035
45.06465170647189,23.147441592067587
56.92104276614214,96.73592180764905
16.284803426394138,92.55875151799736
159.42673654369256,169.49037420761874
26.26965443728673,9.805285262957534
172.97817346697562,162.85600729038453
31.68096863834553,80.8330938672511
193.7052832346967,136.99825499529945
158.68953603024664,30.341846376749398
50.327231372827605,73.39706350291739
28.718581110450916,177.33495133634457
162.4884253424545,158.73151112132447
141.5386895793563,196.4534109449506
54.11308254056214,130.35634008464018
18.766154398469443,130.27728344994946
62.77784279410932,71.2264876946156
91.87567665930551,191.18093623212928
150.00802028110814,24.256945979129327
60.587965076391285,61.49718221934009
7.309932083641245,49.217577904119835
58.92199311754464,15.248273020001955
157.9835435860836,100.55760572347303
110.30763847440308,71.72565977271093
79.32289961007618,71.8018634644472
6.679908975906632,180.53638438874628
76.85032340515696,22.00022368245715
90.74972772285187,165.74038990905376
79.65160915640789,63.359046483972215
172.6249812725656,104.9670356894365
60.83209100911389,127.63219318171821
16.983674358288923,190.1147124857219
71.71542284768258,141.2415650818202
194.64233693550813,148.12666679608068
147.2133231959473,13.411350740744231
42.78638990892091,23.27159206364832
10.736914873294982,123.57663125529305
174.58839514622983,163.98089603301904
103.13806360098543,16.07219008293052
143.30027144359192,8.364084779372867
110.86763179180288,168.64653294768252
148.09710038140628,67.35070614164795
163.19387878438036,173.8964914543
83.87294079611736,28.176066343217542
36.66920814991891,24.0403846794192
21.4387696897058,52.7244263627475
115.20283907048488,116.03692194881582
74.80725657785975,195.32913145910493
28.95311903295269,133.893371560966
140.92543791701047,114.71364253691259
9.903960311257334,193.6012392695137
101.76902685279103,86.54821160850591
64.30733791339625,29.16115070988829
108.98253524092657,88.50039119953755
95.86863503317751,114.67790985944586
147.65013904789316,70.24342138392967
21.869016233312692,89.59084170138092
78.74070160472172,132.0822083378778
158.404780951927,179.91723448282485
134.46610803578827,155.46372892290154
94.61250806219583,38.947556354685354
164.54561906411655,169.83741847929895
159.52201751926464,133.66525170304104
104.09071649403334,59.398061332140884
105.25640161023051,109.93727858915496
56.33438549163285,25.735618637221364
173.54716984068446,52.72245301561817
74.38095057968799,185.45071257815934
124.042081568374,185.2655933083114
106.95930740885379,75.18793327663361
147.18082135541317,8.242243950822736
14.297406621512888,101.03633915121868
44.65448687103884,34.75416410129805
108.10251094712065,163.6295758549473
113.71254353103429,66.91430533353392
154.12073348735487,150.21243279206908
82.36293118889276,175.83016033393594
144.83882257714828,81.07903385705879
19.809696537064433,54.42812294132391
49.73826563728204,29.792863480265527
61.51973120804395,176.11994031358728
89.00856774717907,159.68734702836045
164.9355174147318,42.85940177768072
28.824073796403653,16.67760206393546
154.48444662210494,39.39386866536294
28.523640805839353,180.5397923185601
121.82663456428818,155.1903874077208
140.75959723525045,28.718189268542094
22.2165252551062,23.79654880532966
100.50164132011102,78.39019507602733
121.1966015722962,164.04107467480947
8.3529353976751,151.43995214275654
169.48347094510345,96.8089514767541
145.837787716249,189.330116427966
12.16136045058167,186.03848483420123
157.30346367451784,54.84945273750674
57.95938516027192,193.5009973277081
89.31969453198651,126.6519708214264
113.55153937422708,90.28643158812866
14.544419038592636,107.86628813012435
32.43645208218454,160.86576268433492
131.4236716379318,93.97804853225507
70.5056342117303,17.141454388715555
84.51621582744701,61.91045872224415
112.87208462619441,191.3794293008419
68.70241785172117,131.0079338314677
146.73241708505861,173.4394905268581
79.77874726953115,115.7610434210114
176.62264066441278,32.64097542038353
163.99362253639535,103.82467087024379
41.898656432750755,19.586506517851138
64.75846378526401,167.07753351628136
7.244441774172935,98.84057099286932
61.54063197215906,33.732426695469535
137.17742241637583,96.07845251877498
7.149889573363517,180.71882889949035
29.10212950506723,28.249744074951916
114.06853720138471,82.46106497725685
91.00481587891672,41.35756070547364
147.51872987293214,58.16693380849016
165.39812096243284,187.25841962550214
106.87157837044809,191.81848781934895
106.40514306056433,145.95150796736635
100.3799372452576,123.38051117208958
192.32656828391444,142.36789206273556
56.31227285667884,185.54771888625336
108.55648239619308,158.45954135137285
151.5448300522449,147.96665984968033
93.01560698031483,113.86115082600283
161.1546579783426,86.00045954833735
91.09964442148268,76.68653590672928
21.34795753328683,59.80310460787999
103.85431753722008,49.934165303186035
174.40751786375162,136.84572777339062
180.83172715532865,9.969220178229522
84.21144683690805,125.39364864865095
33.15944593147819,181.28509472547302
184.85138490356465,138.88560828476554
21.85710099934768,11.677176360653245
112.24110645084467,188.59550551495118
123.53151227362795,154.32116260406676
111.86596275731169,109.83002265437587
55.810451091141374,22.559633078695807
184.13948838098054,182.56553093307298
103.42402026011955,128.7614977715069
162.13112490957192,16.14907692132698
165.9568572199358,91.45104690533302
17.08691255558476,49.55131764396435
53.506724432390754,101.12977517304279
115.39318846830258,70.17170470651438
163.4071820836352,139.11856174900117
97.54961339700598,61.17402156011611
71.40537348115707,52.17461736914394
110.91702816878528,159.1944181104721
193.7993293322661,33.58289791004106
92.18149624556867,181.98691161466772
106.81746526764779,76.94274648047744
9.724593750554066,182.60993466640028
129.85243697403283,161.02985813673797
147.1357760389226,166.58787536932664
95.74735361567672,28.771967711489097
37.82291381646562,69.26447255087697
77.7388364437021,32.78901796176492
157.25820416085102,67.42147608754878
17.682379424960903,127.33926947572407
77.48411117445302,171.64953725469394
70.06402594874969,191.8304179918236
136.4743061899109,169.20795234181224
85.99512511179454,140.68175172872208
54.38798718933028,145.6099016890215
34.1223439567994,14.392510783352757
169.1262850120161,159.80096808709115
189.746115027075,179.97925985301586
100.67679629776835,155.94327925898423
30.66867970848067,146.04350530077295
148.11476307595072,165.17666873062737
84.5038301047377,126.28658534937955
38.09726667654087,45.87439437335858
109.5374028009431,83.64171472197552
6.213047626477909,97.97810746643368
129.97356276293152,177.2660703035034
101.06564517145411,130.4354772294578
76.14753597125242,82.27957140369344
194.67856557314485,132.66260705759362
97.58940276754629,18.71303156599485
79.64235231369103,76.88678619746148
34.303972669394696,71.66254122787454
27.74187868630237,127.70758078477331
18.756198639188458,39.21181963929956
107.81437880533151,57.490071972772995
191.49404502237888,35.678962940742935
144.0381647334265,182.3389117221279
7.190489340072105,62.47168577748272
81.795705494133,130.77804273192098
125.84021354255768,143.84782066173508
185.026041136482,24.61088779026852
123.15845802527859,196.178315367586
49.19930423482197,26.04809535754325
185.52187567035858,8.561933329410707
49.488354054904896,7.873222383283654
106.3627206805844,156.2800939083559
168.9213068341277,155.1599545193624
67.59501732611356,152.03162755072697
105.88309274599023,168.5265119377139
169.96690550620923,108.22950649819695
164.08092493352657,180.67856666031602
101.21058348225685,180.58498127667895
169.6534973276569,142.55609698352154
38.85699331706396,30.8835520931743
88.89391208900433,74.20619518525757
132.42555761495203,88.6589104197814
102.15854808876728,47.782717366321535
165.80548235371032,7.9890929534655175
194.11474807054924,37.98403622203426
56.55871198959045,139.34139814881297
49.41321403808682,82.76124286589629
102.3804698401936,20.642309105610558
83.13060670857512,22.149442791907003
166.62033574579414,158.39473795731493
81.56558609479599,129.67786592132563
58.07476083889905,23.026333908262025
150.72475984543988,112.28877516540068
49.56451591283819,130.42857237877718
33.27014642634373,34.44319266458378
20.051071560201034,152.31332590767727
113.74525256581671,188.6033817418698
81.09231032040728,186.59290738235265
129.25042553298874,153.7359388506677
84.07972109299688,138.63882953812018
149.17983867871897,150.02348375737742
56.001923705154915,40.50687909468863
53.226649497944194,86.50859776882523
62.556526778284834,145.29569214486222
17.677911603507418,191.419179731949
58.147647178601375,160.80020941354076
28.276813998642687,74.13554884491997
159.68689124031926,161.96177813099416
35.16609526071646,43.35147330720133
100.07762094118388,6.976388185740619
134.22311531109327,170.86139386854592
87.2362977080771,68.93846268087142
64.27101322129934,34.16885051112429
148.3447845775104,178.75616280371662
111.7581439602564,31.252516362926492
83.22001544269115,115.0266547681466
141.36206908101516,156.51175335833165
81.73546444435624,179.1579596063882
91.45452077551072,186.2140361229
64.21595322082001,117.80540371447616
135.8133934724082,174.34194625681192
139.15903382564164,14.482765420656275
143.82757766094065,92.28910712024977
89.3691431853527,121.22209050604614
85.63384066613831,40.30672990953358
93.80130676656259,62.0748782872947
36.37257406606495,43.254193203309676
97.65989346214778,106.31585830638609
142.88370619762287,191.16899138147454
117.79324638565288,164.91921480498348
97.4294029692934,127.18460691991203
62.52058828160187,12.348488721779217
101.60290455176063,10.707717561503108
150.64286306883386,37.44254656332857
196.28427877109317,155.03850403105372
45.46981019600713,13.355211011511086
105.11614599461244,89.29264599732647
10.0,25.0
180.0,180.0