166.4656450776576,112.71338210246337
55.02341163191244,91.6589741880217
102.67808560620061,173.5911338550092
41.41608378951511,111.96236093494102
127.69437443650142,105.34950634096134
52.759593522854914,101.34692382314407
71.17283312580173,183.96261482411944
14.43441544931816,148.55411186316758
39.50017050457271,79.29882337534653
167.8664432938471,155.9367209849579
58.3554133024535,21.26658604358152
150.13007718764212,10.45685524325477
185.94146337363074,95.70177051299143
29.36394272931521,104.42906839349398
26.04653784394706,107.25267824263135
64.64342959392481,123.00662903921982
72.28615200964948,178.1594708919078
22.732026365578957,129.4566328981171
40.053185006780716,70.45647036678744
31.148832857252295,142.93633573109693
118.08190201184576,174.00892480445094
44.95773095153047,61.41959873535686
6.067437236354433,106.79656560820308
151.028971081285,194.26437451162758
22.81255074775069,41.250922414136504
65.38432413596438,44.84043791593493
36.99145330262483,12.934036058102611
148.2260528994177,105.33190662228269
186.9238726143385,85.87855879005058
53.44371313641319,123.88227499156346
73.54056843206929,194.4508095665138
31.799168148498964,81.45485524173274
61.0884417088561,93.06418781212156
8.42739845318686,42.366411619441756
56.81030363725982,106.4129820550012
64.69192270547352,83.03067686089588
170.87276451530008,149.36913751592272
128.8676319401453,144.96195169271797
47.51225341931033,188.21566362434586
48.09478707574666,87.43242112699373
129.29415735990054,77.61669410535451
127.54887572306727,170.58973516865322
49.664623257967385,55.63715586020918
58.10364723068999,130.68566106176706
177.3774196921195,127.42582680733267
72.52072266884606,178.96306741752178
148.07478563778895,86.41761677297364
192.2896218830326,22.09646762925423
156.01237446698764,48.03881910627816
196.35174672232347,51.6861905872423
152.4268624896778,154.87253506106566
23.395797961677154,19.703263448099513
74.31951619067425,78.47346203609067
184.7114127756177,150.80981064028506
15.671807630068209,133.13897760575233
28.248534747384923,43.42770252421091
56.47157129521105,90.51358792695164
156.26326651872975,163.93907198937734
54.69138156521923,54.0448499417029
28.926108869406452,152.25033650029246
50.67182064576724,47.70658342563174
46.96907669282404,19.45085341890932
29.040974216155625,33.48614633252799
53.99942757543295,120.05370360922521
192.10450396653846,94.38873095402776
39.16719442872429,70.33797276438295
28.1047531574799,73.87555857454579
30.181006244715686,84.02847582554838
144.2502618972429,169.99508368733794
69.10178609662063,33.52615760081246
126.01724256639338,89.04319110042441
181.56698221585347,108.21422963494365
57.54142925409366,103.07916495196488
47.81111205792891,61.85290663319145
113.06234472550301,171.19519863542357
187.40926159332415,94.32404603718552
132.18499799331744,161.16387089736537
151.05811328085403,28.40830785592436
24.61981171682187,94.2040512526735
66.16824939862953,194.4427625003821
175.80738387219145,174.23758852512293
57.42575182988336,184.39031574861644
56.08030000542022,130.5545219866792
165.48615360322393,29.610344181098736
42.56726515797632,105.10316102938637
184.72839142328613,123.23491765244279
130.29272033763272,191.2954497382171
25.989345906202367,133.77883294685844
138.71140223472756,52.92215704398846
129.20849639085935,83.66947255117515
156.41724999569223,115.3632178202138
174.52427964502846,83.54235035622595
126.80233196167727,101.64734957425247
42.216875014926075,66.58542921796668
176.39088532175649,34.482305260049806
185.14784554854208,111.59319721082917
136.45559281467925,148.47072391106914
6.997637305146615,194.2586959491002
27.425909676368978,62.711782902401175
180.0093751876341,51.83919152325507
68.95983360761342,86.03691259003702
175.95949931876743,48.79704215421714
131.27537476262765,17.182463311079875
30.540554863791463,75.52493133549555
46.957758815564624,137.49010113195428
49.085435982147956,94.5893581426246
161.2012635252503,76.5501053569119
189.27102321577087,173.29795177232452
70.67804282824748,7.939305009784214
65.29493104145078,175.95579561821262
65.1465737007201,77.05089487687438
172.61729112051134,141.76983932400046
34.24804629155147,188.59998529381977
57.23795171182618,155.42893657631848
159.1192792582144,146.5835853876192
144.49232245128394,189.0076115099139
9.911013208404034,8.774014567572074
179.63108946077833,107.97247171498105
23.237714294611965,12.298242950188413
135.29029474330957,160.8521423996631
10.543494466761137,33.26411577506895
32.50844657282713,24.42630152219959
159.373191884541,48.69664922638864
16.478550291307773,99.07785494209384
152.54326961857683,154.669878083648
47.88197264196766,25.988494678224086
132.2456345272016,140.9131254674934
48.31540592244523,8.797207599277582
51.9891587562359,172.0610090278123
176.21390197384744,46.794261158726485
39.26290923983894,70.96660473420202
26.127032583956392,91.9906406460242
160.81621465235412,112.22279340960074
7.339552034284158,192.56593378918248
157.69139061681346,37.15408663955674
127.66258115802599,161.5196165462362
145.25596778892182,166.9732603254218
144.73759572022277,83.29198302659253
31.794725642366643,138.71804336163996
179.76199115324832,129.043314498565
194.69685916956243,12.966915639872825
170.84090027171464,28.048483495911302
36.42024802166923,117.07848121717028
155.87196867830022,21.881856023184568
156.48816258528723,102.11794842418935
47.1497391223193,115.37656299270813
21.457297975786616,112.01785079932615
152.271399738762,53.56360420814977
158.3023228625103,109.0209449666287
65.47684882409446,112.46269799089741
21.344599125683064,110.6981181159551
42.32380599691557,175.42201312249261
13.782161306434508,48.479785023186245
52.54593847143916,189.02380006842515
18.02713439990496,122.42828553674673
12.810076914120476,38.247269873317684
160.26313193224397,132.82914975765087
130.13893728980997,79.46311759371206
132.03790587227653,134.64340182111093
69.31338242324448,99.08758076391888
144.56328451102573,93.72587810866094
28.763954066284246,132.25469445245503
150.37202063710023,46.290956797409024
146.57067387657804,84.48448994667491
126.26848094619247,128.7859614697215
147.59370938581142,176.76618110684475
153.07911657564213,47.72325101719731
28.413205355905653,128.18759475344882
38.625625963219804,35.5246872728247
136.64217847519427,88.4984833123953
48.82549892172061,112.24761132664243
180.34286080214096,53.430136830027166
195.84380942010606,89.63176948985351
174.38506857991933,41.23359814337618
20.20537022001751,185.66390153299142
143.6721090216674,10.172340939476381
159.6082282217427,152.81364953564042
48.587874489551126,127.89280289288241
170.443006279505,75.7010402057427
13.09115620764524,172.37018049794216
70.58301868414691,195.5804935131972
165.7942097214782,22.49522249205345
148.15940141272182,25.45811762338379
169.93356591950132,118.86119647189602
42.75258736422325,117.7568403987836
61.93886899500418,79.57322399745584
10.936736351499327,184.58019155249522
39.01389163511855,145.7159917876783
164.7449704681655,46.53681400233489
74.61346092550822,44.37911794521361
130.2392099942848,189.88549654157498
192.58298048552078,81.60222720292604
154.08188334289719,174.78034277720485
149.33290530799684,50.91488894639296
5.658368964896934,132.63613353307738
194.70272635133014,150.67600531780263
132.87269884095528,187.53971709901774
175.6834342064682,16.769904775212886
30.994139920660416,135.2021420273621
196.71076539410055,138.54708314524652
128.39496610553192,34.70092271227847
128.01266272285017,164.67561230223458
146.7674879258263,66.23528981653251
178.53602127108599,66.45615833013605
140.82778731545446,51.31187289680665
95.54378496888349,178.05520372962803
172.25018861636468,140.6101938465056
101.20539882167151,171.1007530150415
166.482359895292,101.34583504606864
129.19133237323786,117.6048235748741
51.25990525227377,121.71832144492562
157.09392647812845,192.93776620602193
185.96690526970886,118.74633549389279
161.333656695308,141.29425568951905
149.74798169547063,104.00503523614151
20.40933754235258,75.10494224819833
186.77191937590538,173.0852164904879
34.75298740454854,140.58056805619836
140.06240565068745,92.16853557116369
145.5636387306274,184.16830314924678
41.716335103732575,193.40721456831415
33.95850807967235,18.065797336523385
56.68986807199156,6.238412133811336
187.41326732149216,90.34202845739948
149.6760639166484,102.89260420093109
39.565946345824244,176.5359306658977
181.66169681520077,48.88335513796498
138.22893283595553,183.6561826357312
70.16032735429386,8.52802402308337
136.9918305311828,182.58320249159914
79.99328850828192,171.20178840712452
61.84250010510539,5.949731610284644
178.73245904294302,114.13305019582762
141.82407955928548,162.125989107925
178.8384066155698,86.44031114582118
29.16714939112818,16.76353152185374
143.7562527750513,144.41604938846427
11.843915433872423,74.5456333972777
130.56157132875265,168.9814634449971
36.15776522621357,193.27564848188737
156.8857565342254,170.6018860316963
7.44358210390927,158.23674839406706
159.4437757432032,83.45104780139106
17.971970078305134,19.051449588494847
15.873181789812914,105.67404407843831
131.86008894560408,51.39769137006142
7.358789159655914,81.84349493405087
19.199502867912617,40.26922307234873
35.48436509843099,104.10802593675238
11.52829799687417,139.69665993171836
74.51744760299573,179.27742898693114
174.5940112516709,129.88448800731376
150.02371205980077,124.2261879746915
151.18625217163938,53.234446127682055
57.08811004429755,57.49279893237391
6.439616477152228,184.8780127796924
61.567570378207314,178.23623827274645
19.448934325304762,155.65815339852986
173.26416508833864,121.17695187441585
37.850570952858824,41.03369303715018
158.70408504155913,118.32691876212687
152.3243357781237,90.58032126115198
188.20390342157648,20.054734686138083
128.91128637478752,165.85837150003715
11.001971283209077,128.12443271158733
45.5526863394877,64.21181790776559
60.58943031554355,163.39605259925642
158.25092691532237,63.832795309027816
32.01259395655403,68.39254372210529
155.00286754921476,152.62229009902097
5.624285861014057,120.35094071734127
48.01210910952778,76.5458778676224
53.944675071109934,58.6814651322044
13.43046125839527,191.7699735894094
194.79291279890836,152.25796588186762
168.64757668927075,184.011889488536
75.11887092687589,92.38739199403992
16.897867190664904,130.6400578587454
161.54671906906103,18.759255535152377
35.96065874494776,46.040890604809306
135.9500465146236,149.378926090188
68.58503339687394,178.36736447429706
67.59123307765817,127.37033507147957
136.12464796884802,7.8659591281188215
182.81300552320215,155.4966203586811
149.03598287069036,33.40531308353289
194.4885588591035,194.51407956275278
163.94686733732027,136.91007287909846
126.09567209954498,157.98347524980855
13.29342911648227,5.3027146114890575
194.60347412257693,103.98718441589614
11.322341273810183,192.63097350686678
8.81763182895673,133.62664770326566
143.32027810992486,13.106153083305216
156.86480717653916,166.43951545587439
146.04229675933476,172.71299269272444
147.23618713163532,24.84771000885903
190.43974484635476,188.9800166998767
18.926110626541238,55.6056062309886
74.11560163791803,55.92858187087484
151.78868219762902,123.06727539158267
11.02132541026864,97.23398366131548
127.04762215143512,159.59137752447734
124.56841863278981,177.52690982688745
7.0404838213475935,163.83991862063442
52.44370994930379,182.36290736891092
75.6044125484925,13.89100799556887
183.16814209827737,32.074029409877326
72.19912530198366,184.91985057123577
17.168127471749763,109.18901763816002
63.25897655306863,163.4687228179736
46.49712144132941,97.0129623172476
59.58841186423885,45.49513685254848
157.07764777187944,73.96867247708903
74.35123758653899,101.56349726410475
194.25148650781847,24.714576020501266
49.65164831351074,45.10550493723423
38.748156252680545,96.13819541279803
42.71984254670783,149.72038952751285
171.27087493837965,153.17781745029046
75.00405353257996,184.595741601262
39.13182060027809,54.99165750966828
134.3406447131382,117.44252223437763
50.60079394335324,177.72634254952203
58.81180710671575,84.29053441484585
149.5723973768084,136.21651667567318
147.44338078301024,35.21783423436941
153.74778544995135,57.14043794740385
159.70552844447067,23.655298630341484
143.7784019408449,63.30808704557132
181.50178241927492,91.15740969253945
9.907159899196035,171.8179876866006
34.690940424000146,40.99673960632067
148.21028443011897,58.64479505069688
16.100995656085562,75.78373022258485
182.34402268115204,114.30168480598441
65.61599584897338,95.3126377068083
123.16750094258099,171.42464974806396
167.17500643971766,174.42489100856193
30.68756504919852,165.31114138897843
146.62594431658977,77.47571401211795
143.31182923012832,159.45840645380463
63.65111113027609,51.63203857940501
66.03017772126891,48.020240182018945
180.07364313317657,195.4352519186773
25.250899849332583,167.9536150479571
72.10575436268105,177.97384653560877
65.32125104741283,58.2514217024749
54.55193337219857,127.03290015660244
169.09147037337559,161.17348122182744
38.82501323518288,86.30233150509363
55.238757533810286,42.30521784259617
135.72746693003302,144.93112951327737
18.405322562162603,181.26260421315425
18.58443909623745,85.96708147164523
10.487761298840088,188.21676578807927
174.9557197111354,188.84936495190058
180.477102934244,147.9517311996128
163.61053411543324,194.99310417971682
147.79547866822824,108.23604768003915
176.4988500434667,162.19287436630168
185.50659478472775,150.11528695417314
192.11165867213916,135.90186291761123
63.768309170899784,146.6833361541354
43.47496368525779,89.42804642912166
49.30919503045118,13.728764187177278
15.142890630436247,192.40894824555812
6.93448280023807,48.98567576203957
33.47304759329965,52.54780341286436
44.21972172195403,159.9638540921772
32.80344060074002,160.0419161110802
143.83340525685807,86.13870170278977
34.80302258066032,21.120857764440892
139.4398442946333,22.09313499558135
30.17250005294205,128.607769277052
18.44376074384182,191.19254250600028
156.0457293364001,126.38247608081593
155.61759167971863,142.6870055312569
21.23503708003884,135.2926769963991
169.170203008783,80.9330835984713
39.734178265837905,98.0109819890249
132.63901447933185,85.60130913963414
71.45630324161912,128.83439359031004
186.42952589294651,139.71950269056796
184.39306629626316,134.6871687430521
158.99835464829263,108.46572783056985
8.965394798223087,86.4977576565566
12.223881652277404,94.92653284995588
161.52137113640273,187.86330967223876
128.55931599072505,70.4362348073159
48.28196757273691,97.97613104335389
130.8918980665574,86.19842478920276
67.94433962488415,150.08984209245776
69.84988904917479,87.39073431072566
51.243789058971785,66.6427208261011
25.237032046742335,96.17435046037156
140.91823338665304,23.654587999864397
192.5179139045383,35.513370663909846
148.83277916124652,83.57588385142805
161.40855308634758,183.6065893883505
30.48127363918462,55.73788547357091
171.508647975632,184.87400821417322
19.478453954016185,76.91481857542875
137.69182538747964,15.960869679193976
35.122535578930716,157.94801787777746
74.02167545305733,167.02865593890263
176.64025334340567,104.35871192787488
27.829925035987277,51.25422312281361
52.600039873394806,33.02165309267844
194.74224747246663,116.89165597180963
135.48555369710223,77.91663997591378
134.10261688963394,124.45477214285171
180.17660347813734,128.2561648207729
170.5738513459651,115.71374118172987
53.91666963336881,147.66127509552527
193.07564398794483,69.81592577374249
186.35528504876507,106.65100376971544
138.30345470873,13.349970261855375
16.391915386718257,178.14084250384826
185.7890051457809,86.0479766878318
153.54586656476036,182.92485730424238
192.90535864339813,190.48452994005842
43.04417758574398,140.7963243872198
19.525980974357307,16.03445002616138
41.96290562247924,189.12883758985467
43.34106792193866,67.95908235513357
127.47816712770585,159.96987954319405
22.282753437184724,54.46202140865323
21.59200266332662,89.59840508398192
194.6589264103224,166.76650693171456
70.80327468300385,99.8059610352406
190.13833476678235,40.259490671253715
18.463940901779882,188.38240682159565
187.15516707442674,16.18743748980564
181.84679548372395,169.1702071093135
145.8585622016463,148.9288164049052
47.29325981546353,100.66270379026581
165.14538053202998,175.69052456030605
39.31536486504456,183.1764096621228
145.06802481038068,141.4308945547893
72.1178850427111,156.78664183330363
9.204494707390571,84.1260689960213
193.41709586558602,160.58827320042082
191.3559366849405,75.93100490789762
139.7200892295575,191.76706892069475
24.697070358848705,67.25148588937212
181.40921199817413,35.13456622436413
136.70860271806805,68.33844330051431
154.19110784447787,26.186343238620797
20.34076533632753,187.94279130738636
58.991241793118434,11.13256238273597
13.95653564924414,11.681960261631382
37.515635872120214,117.55764708071155
29.37986059040551,54.922754484232414
148.89806856389808,21.58459426208521
185.86436628865198,162.88142515358868
38.38626728597214,144.86678386099743
164.49169062642753,51.092477687372856
178.67717949698866,126.10829010546142
49.65898392081859,15.05868291722143
25.580201842490386,128.17532275069155
49.16765444112592,165.96748376615804
177.35141331258095,144.4911452147981
49.002377302689354,135.9458752308171
146.55341411685012,150.79599784958566
61.28782019710844,69.47976178948387
175.12366597020855,191.78505490092863
126.5835474350257,16.26490824066391
175.19373359229814,127.9000044765211
154.2220385777358,130.69797744811783
8.990834872796656,90.6628873982729
163.5388823433707,58.89696775072765
29.41616048432695,69.69853095926345
146.62422255856106,20.024898013765906
175.02464843606992,148.66068965288355
34.76392343587732,160.30732167053466
24.62835273234957,136.4858880781968
69.78055901715705,157.9585286483561
33.74198467239254,51.326378558216994
166.9042860724143,63.4026248570252
174.5203839157412,78.05116672724799
20.04256984159987,74.91186374967911
142.97379145815614,29.665951768908556
5.880098377627581,104.20278249081433
159.51021026421247,32.19163065862346
185.40261471461028,56.01198467268173
5.424830587777802,22.442766191049117
6.631204664768805,181.146868918717
6.354025908660117,134.94422026923817
180.62928993279775,24.93559177120302
166.07344002870005,25.254663693155607
186.7480235926482,186.19662818734832
69.95506909246627,23.36858878538896
68.49105212620456,136.49877885380212
14.216064449817384,54.959709570467574
160.34726049315734,184.70141389374376
15.771835121189996,86.61828478241493
174.8867010322222,91.88235512806868
147.83065908844569,87.40981970916992
152.02348614826155,11.966823761702582
46.42551331263306,25.926390604311873
59.7299258910252,69.84532128607091
42.11023027090745,196.09017976079636
40.5893484552231,124.07340110463812
149.42954777332343,135.4272691587169
138.4230613217124,113.25828355292306
41.019140676279406,167.4388265173462
127.31951560667382,58.78070050191563
72.8575508455644,140.9593537678454
140.19660916237947,74.2642291028882
62.45501469845602,145.62686626112065
131.0873574619701,171.25415665896858
22.116897768506576,72.24749014092691
159.54119395563674,12.65319415699484
41.179607923725264,103.90823683352136
70.10599634046909,145.43215664863362
192.66704573225206,128.99402322655274
190.19585540171732,5.132189964178419
10.911381399600891,47.25654063999394
72.2050398031217,14.07251652267987
62.39446508300459,186.00014110942578
19.244581553344087,116.46830556091838
22.568781572972526,114.38777363292817
29.434505919684987,93.63161437485489
191.16966026720465,12.577885813572568
35.70590167789624,104.72082885377765
137.41920642929807,99.24190700309232
173.65927649331897,25.930404165319707
26.789352537046728,81.59770795643888
46.585151156944605,73.14378653936524
11.163180525506418,22.36707124286599
41.292052871772164,96.60414408659379
54.48606274578325,187.8965101802413
26.61806794071794,63.346765901180206
23.38585265511251,104.87605353186983
61.863096800111165,13.501888031952868
33.41721041123495,175.63710734609907
155.02055074775024,78.18211438506346
74.1803289308028,121.12115321301117
28.31759451910264,94.08590753409952
183.99123371068828,39.89818998121194
21.06345150785576,123.80705759501255
42.321970118806746,29.68886120858155
65.1992217400444,71.2008297903703
152.8100639290912,192.19270432964893
174.76241938815136,13.458059154544312
12.952828491456005,99.11357260153933
175.987704536179,59.349084750038514
57.81606345682728,54.427905125859155
161.46284545955834,130.21124621480553
177.51638885499153,123.8729824093567
42.497096106484086,62.17818199792968
33.71104589949396,156.89337983267677
46.88704987538545,106.1986756356705
195.66852809596313,176.96756176412794
23.151091767610833,98.4662950764398
18.23127735623791,58.98186395256341
177.52045209080998,86.31158401630962
34.26040024901882,83.76623596747835
190.00829398525724,191.30809611397655
17.620454830102243,32.56538086685632
141.71611798144346,31.221005861047345
155.7626295268112,46.09930448461118
172.6043920734747,160.39221195444995
187.4523119773506,179.06558243270823
173.4587739631262,185.12727459663023
172.7934030607854,97.3239391157325
67.42235182764598,36.37102759899615
157.49846588221024,49.315276612622036
61.84644391091818,69.75740114701384
177.10486183255944,195.59867835756333
56.23743768378339,191.59958133045063
159.3795628245185,183.52529706027343
183.40927533808983,137.53550891854158
21.14975563623686,81.68104530259423
145.1741508848167,18.10414031494487
6.914683558215276,116.1469848005946
126.01128109474091,106.46964257218684
63.19336459280511,13.910271916313643
33.29081358739062,13.52395045149685
76.83466434572226,168.77506402424171
155.68348189885964,170.2276672697205
87.1782479835208,175.1035887756122
128.127260715861,43.51337982139025
75.62596028471137,154.21162537775749
156.59999183830777,135.56226035485528
134.10455661752104,34.082215955916155
42.52487521380433,47.82085311340587
175.91056466018233,34.042224187533385
30.555378237431956,134.48274219833095
196.76990359339175,17.512091637051643
134.22677080100522,75.23716317281892
174.28758161742243,59.90552480362255
177.1598053098189,138.85544090697528
174.4077964299442,101.4899400406296
21.79291407422812,121.77767442791757
196.74102761049272,31.275324457290004
172.29878975441343,166.6090140279266
50.78725821637987,102.71515065783724
16.222388271092093,26.70668478391891
138.36816694038103,22.780065749071824
59.220493980471204,133.5061697528108
43.41499485130731,136.77265166597493
128.6552367392138,82.42602416005094
26.950124840159614,47.33640799326182
30.889227137470797,182.14874679696194
146.7848249286252,184.82617524116108
49.05595468316846,159.36595832621364
19.297391113679392,15.614161800816051
29.61098365796942,166.05603539530688
38.578595951543015,158.80181875209763
29.6629742593347,39.07294400311607
148.05464697923432,118.52011141689073
149.55024357599586,119.33135257918738
34.84687946343571,105.44435144707742
13.46586458773777,111.12500384774064
177.33542676481434,41.22775988862178
5.885739906001043,59.72517059626112
50.595049107567895,96.71073207608406
173.6404895269734,106.3632334479062
109.56562745784302,178.10221059504744
31.591082265879955,27.51734109686829
28.392270510541106,135.98868739390832
8.958587799457794,32.372228987787736
136.36889748956696,135.28866852987173
155.72944982364692,106.9124687809151
142.65243867234275,193.2795974868667
28.064763676356606,27.877748518737125
69.3759854668537,33.81599984766335
34.38900040060578,60.70095740987039
179.6541206490376,156.9585599515816
133.75173659762694,69.24582605814099
173.4959872330021,20.516149426054685
133.82055947452457,8.31395713887109
19.933493752112483,91.45162282273746
163.95527391686662,68.21534163993763
87.6280378126356,174.52049851489525
22.346814420378042,143.3090915713452
132.72754610978208,9.50161030057667
189.34800071782897,48.45260921542337
59.33534305673684,102.28225556191131
154.70402779944314,154.50097850547513
145.25749083962475,95.38571690011406
17.909577761935,163.09330830668472
150.91677591567327,141.86413769542003
162.88594396811706,181.67615917916362
126.8469054857683,135.3926573959249
45.84854035027188,60.98211440266805
139.57549385194923,24.830216997891426
27.115863130445966,164.27440457861638
26.027046393084376,192.50292908025114
54.21890069828117,115.95236727817169
150.0465141078258,126.05906036376061
34.9209719844796,167.34396077758964
135.8710358618528,86.66746244612293
61.99801401620618,121.36231884125819
75.34739914093564,22.15585566675178
33.73861163465102,125.68458428181043
186.89395766807058,147.1348310021384
45.70231961707965,103.1962716229448
133.15939744927707,37.28582879214299
167.48471091541114,139.49718756132265
97.34564406706866,177.64855104969303
159.6567818911012,58.34109343632244
35.23041275634192,119.45071193506286
35.71883029156877,106.65948428259777
61.460396613399084,142.4177554848389
155.42234659845334,195.4273453059343
178.22780262289405,9.66120570154966
34.026988055728964,19.333611690689047
12.872649361468515,28.95343674576918
142.305008113998,65.9343971529241
34.367325914762965,120.22146109830584
68.64940255543296,93.54401471647728
120.39057823615643,171.53466184633484
55.76625899388058,84.88721211309071
11.189756266141428,39.12517626858912
133.70677377186567,190.53375688571072
181.80166968973353,27.55462065679143
195.70483714023086,75.53274712517982
149.0525503823208,190.5239088907345
178.62574101464327,120.13283309852777
45.000992880222356,37.66693525621024
35.58509855931667,36.30244696297079
67.51648946001774,19.589442733327555
62.087158878074156,189.1961906591608
169.6961309940696,101.58231541652468
156.76954632979542,58.21437467317267
185.99132751469037,37.962756477685616
166.68935716398528,86.73745991813986
21.389170742144834,126.75392723590453
135.1707260839208,18.688687353661557
70.89496869820117,174.49571405816656
127.0491398605402,164.46533364802957
43.10414167433609,60.2717902966319
73.06301112852749,79.60272210188948
14.660275859074245,52.58598255684539
23.57336721674145,8.946433485369575
178.24640083794117,18.857392592527745
127.95104793535488,33.51299665260356
32.9049804219817,29.40890705083639
137.85676351442712,151.0899685191587
186.3871459055814,181.9256077577831
154.709736220429,118.22257216510795
36.76899078086416,173.8328718180282
129.96700185425314,5.361264667885096
51.24360612396552,27.682677005514435
10.033853425573446,27.74434042147589
173.4830370309263,194.9280458708804
48.88215170121258,153.7063942026921
28.397218909086053,12.977351560420276
181.4007701156819,168.9469922144169
193.4342193166861,18.053238104545997
14.389864738724619,190.93117638748427
155.63741687868685,94.12689180148627
48.12214528215666,100.47794586379736
44.8951441024238,102.8289520449064
127.71189990912684,192.66286293255004
180.46239146308358,123.95559436435457
22.258776888046256,66.64710347683572
133.5112783369818,95.44706654532045
152.83846555019875,177.2117289781487
8.621852194258942,68.19397246456425
38.047094749595345,122.05860368305476
22.34486090363714,140.85166681900563
196.03810844181444,108.40546371350653
33.638093663602135,119.83795960000383
71.45135351679238,75.60349179434168
36.791186156626765,54.75600661852696
155.5443213818408,189.6391252113974
157.086732255629,40.655509173621475
130.99875552073857,141.25112087921926
160.75256366468506,138.3863913401379
35.91794414971797,161.41593040941777
39.77702159274124,103.21085040291227
32.46857087309182,61.344776306451344
151.4157271662665,62.46620863636118
132.69526417137212,93.57453213691524
165.25854970105152,100.88150438344887
195.94755929712733,36.58529661464567
72.78751782534651,24.931213346185586
35.17069983327829,169.4997360030743
70.1887301060228,111.0278142285935
14.956975881364635,138.6294035216251
155.69246617117065,31.689043823819766
16.867087416855025,178.43954297084616
36.028278860006154,162.0047029711681
180.6668730554697,99.74640922495854
61.43384981504479,51.897176457057405
36.617655619195,151.52664964483228
174.88981288916634,47.98137435724509
154.940028824413,190.18958589366082
74.1641038660832,75.9580302869634
154.85279837469133,102.57742882308038
158.42368945409768,152.57500061550186
56.076373769544816,28.402986537722043
32.03336422820162,144.989642791937
71.7191751066611,176.4367564492548
150.37865805997995,135.34248644890846
41.095556251072345,56.11463358473336
26.093292732464054,84.16462419485535
155.04090023568932,24.0319746114965
33.11578242970406,25.951749863546674
36.853803957440284,19.611624662992938
133.75010131045133,114.70545277072836
52.838472999673506,41.98684432564244
62.038464065380055,20.939702433117585
159.7298880958355,138.1847276059131
52.4444954683021,60.71076152888885
17.291966415263513,62.28172957189116
44.38971742756812,148.2329146175812
150.19946842487803,182.94000825624278
158.9909050124283,123.29688090875578
28.572184831752836,41.8939448467105
158.38219870461828,109.35587608342027
129.51572898374323,45.87895261640473
22.259580963893914,25.59315888735235
183.51566226385592,54.652118501091785
52.89164862076317,73.79751394863263
166.77485330662526,69.23947453520194
169.59772516770508,129.1205979476256
189.17788113760133,182.60549574354087
9.550575672172998,167.4214734536282
27.715248404630735,11.650819836432905
138.2875671631599,170.27149163543388
56.7099519443388,73.37152348637441
76.78220642199038,174.44429818653322
25.63335393713494,19.031975045128874
102.78739610937977,178.51204762369304
56.25042610948332,48.55017997059269
25.25449893817165,89.65502636939192
118.37286239253714,178.90518423712174
126.60472868379165,124.55948615010743
134.10761642348984,53.04283291657096
149.01722201992553,6.307167445170908
56.55725700528663,169.51464918173755
21.150692778861465,19.351658869415665
34.445176568766655,140.82463666509435
44.068213171868315,32.750266394266546
184.45327612465815,133.20323986522274
43.61951044429819,87.24315680236312
20.478885848419473,115.61280935246077
134.24389405602867,20.83899398041597
133.86952094589375,28.25496474256733
44.7905311839994,39.21020802093357
131.83321628789258,92.49910133738064
127.39064469772548,34.51529697830336
164.92245259634515,193.6767342955398
165.83280818278564,58.54236196300948
26.791717882238476,154.06886529822174
127.03958629374561,155.60353074424506
73.1114996735238,114.14073994517716
9.566966153728732,110.29240846653738
184.2482758262919,99.97277802829402
68.0466752077295,102.10405028284777
181.7141554195508,175.83176146848328
9.120944348038543,101.59826658324477
133.08243748389904,179.4662531532743
195.045183685487,145.530453762787
23.14153196383219,51.05511786737419
40.767477303960916,193.1256317785787
143.10306566257154,188.62031989097483
188.82258263836272,158.16516742907226
170.24785861537697,70.44859887785724
186.00923640152726,160.87817544522386
32.642382372502205,106.72342147248285
75.12808112011714,14.521981021164738
174.91762531308675,184.94135849830843
29.689732077561015,93.3154527259531
148.8557774518042,187.53853679457433
144.06887671541745,57.00500713239466
20.16867084209533,185.03916085368684
62.827900961977974,128.66719409408577
155.816735225734,131.193690788718
44.58662642678283,142.1820523284484
37.19985225844677,90.37458293098604
160.20208869431633,49.71614772144492
193.7851787042764,68.636222664849
17.278503112995327,136.45267183713773
130.42543978146008,82.96470778504732
115.06027492744825,175.29394505731295
10.28170562499151,108.55116983561165
71.1531585125948,103.96973402505274
139.3632029031609,52.05400026936359
37.58043318523887,15.175516319597987
186.2066802279741,69.58621047022268
36.91706114420573,76.62680809371507
12.896047377317526,108.72908888781745
170.90159940176173,167.09200837275708
37.21601026640314,57.88381361835941
29.015187068306194,179.7062557456302
180.12726832052746,14.29799540653125
74.4784464051167,47.48542797783096
180.22453536277544,108.50120841561542
144.10129907592375,131.5207907949786
53.15075547888911,33.25212971012945
143.7309592763643,182.49172705173652
153.41633791941666,84.45769143847039
56.49372453783607,44.723558609710814
46.831074071966285,194.76365683982934
44.58239844091631,61.24556276648145
24.562797753054582,110.5605670716357
153.65916058411443,150.18361016207925
95.82709650502179,178.29665825347487
43.966902650714815,52.112743161510465
190.21732414619353,80.2393104962475
72.01141368527661,100.53062347579764
37.74550040902614,82.183824814786
163.72559147031853,19.270054772968845
71.7283628130574,47.0700668683998
69.781321387647,157.581381784846
139.56418734500068,15.485511339304306
142.5860054435133,5.442842598866075
152.66599908133702,33.85657861878085
16.25696314917396,102.38475198797116
62.08565957083049,187.229166319712
67.84517452545286,44.226609688314554
183.33444243641125,16.373185018532723
130.73523132157587,174.67917069703253
64.35800312779232,132.15856978922224
172.88684841372034,182.79497317481227
182.27998512531232,15.01569083168952
42.09398400753416,114.60499687982458
63.86416579758326,127.41257258082784
50.49286932072164,126.999881129496
132.07074207825406,12.878691270271435
147.08425040895148,143.48603644270557
184.54118565866182,88.04986451810113
23.980426090043952,51.23040760233236
176.25371135308086,190.60018756850945
192.42172326527222,141.86572065580538
129.34903257840932,92.55006847868161
112.70596786399618,172.69873735482747
47.23666054367584,52.089655190646184
32.943143873649845,192.49380880146464
119.02853803683227,172.93548281342262
190.12723079219478,42.77132805635803
21.69571616798903,14.202359522724617
23.157683395073914,38.848374225117276
29.31304837555305,94.4053870059067
14.83087896823884,10.086470986308068
23.889695651772808,151.9475348252057
153.11064737418303,60.70704884856185
157.14895757597316,130.21046649497936
49.26691829384902,5.9612341349217735
39.65607912616141,140.7503911799177
49.17436106203291,172.84419118954025
168.765793607719,118.68438984402643
71.83014056903852,192.12481338160063
49.3069921619437,189.48657690814696
13.811230004544582,70.9015170386131
193.57370899351935,32.86831310823462
170.23662351611995,177.80917183371457
185.87953369018743,171.16302269486516
75.25141716536439,37.24276044127757
8.102891864105862,93.3698567461866
182.49142655529272,6.377285859586196
9.422489038580107,123.62827841625516
177.6022686373739,196.90316011319467
63.41826456890306,97.5172237829377
141.2263238448082,101.46909999193903
132.0521287063097,75.18636108205204
158.9028242661597,167.58652515657388
15.830799657176337,72.67182534058335
59.08786931455008,126.22300477326397
12.535823011599645,101.13636488004296
173.52476000860042,184.46548357184395
53.78626097559497,101.42192291515956
75.08679086770401,147.2708666333253
24.2829512162816,150.4369529134249
133.3585973287707,122.810767770527
139.94907856751232,122.13022127601296
76.83359964761047,171.83562385259748
8.54897657290287,88.56606513288706
50.44776288194109,67.99236360860294
142.97941453581242,30.55191685220381
66.8250092582826,146.3213793588034
12.765812872978707,160.50497554389864
148.74718192028817,166.36189159887093
53.1729076914775,178.53107342570104
192.6954107793379,49.05629059973137
17.119251909955505,91.3888006339044
144.57712657673943,139.43489778977752
135.05046536693246,28.307748408962702
189.11599795553164,140.39558948516034
31.96585305306177,173.06372732850045
57.491795976132046,43.3712656727728
136.04909778828056,72.08079279702828
178.08389584501182,142.05336683120504
142.98053307258667,79.39388250187477
164.28778592273977,156.30605760285465
57.234980227857804,138.26669109759442
147.98267211333098,126.88763013794402
6.491101927585893,176.31533727923298
17.452800496129356,37.90232857347068
8.012988648417512,46.12561265188596
49.7547850068298,111.33897884052125
187.28251245073204,79.57852381130041
153.41874967347866,115.81040699461542
127.5948760414465,23.717594875681286
161.25315108757178,83.85104717025673
12.565819703341186,112.29825853011171
43.54050287620366,74.18450469842267
72.7101478117132,37.62144485865333
142.03870464145365,108.6660957323184
67.26771108815292,192.38585132904225
190.9433930215474,33.519904808505295
33.74529998170111,196.18760734068735
136.6888512142291,176.0422662957291
163.6562501143276,60.75395869592412
7.652449667305468,187.2278107238159
18.47087633027032,16.486393951184862
17.08141172078259,123.94134702949115
189.16833272499596,185.74876209319933
33.78817493929325,185.65050255982567
39.25421975752822,194.3127261340627
63.17479017559286,186.77225216065838
173.43564060065106,91.47709765170157
48.03763560470133,54.96981999526164
12.42280293499606,10.082288337262053
56.6125949427737,9.485378070107021
27.096129863865897,103.65611432509995
65.90627621898233,17.748038772088247
158.07812464781068,38.286243955465075
66.51474447091883,60.73175530131261
135.27026719815754,132.0345174269659
55.40494432940434,121.32627414918181
140.7302926538036,140.80613903572484
149.79737103122747,105.0588299245635
28.192795320948054,57.50875823598932
48.76286398741057,80.82988854094413
191.33667603474478,180.27543853553885
22.9828545310596,145.5881983989859
167.48677055797177,33.93600438466637
167.09994694580683,121.58140874966861
51.38367651613689,7.775147215052392
186.29881296991533,186.6669722424128
59.87555495853299,47.53614515325752
37.3850398762098,173.2293062192452
150.94073920937967,86.91173080608762
185.245907728949,187.1427662704791
173.05315050930628,63.85339283020247
165.42784102634084,190.5309367767891
44.26711628221209,103.24911862720835
39.975265350707936,151.92359786187802
133.67801301398728,9.567732636067204
139.45103979084425,89.2615365230635
170.6426468768288,92.8068495568132
57.77974833680204,46.41354106813381
146.56366960183144,76.34291822974323
37.88060686775009,94.26804966871772
143.41361011296576,45.26384690608412
179.31452244295454,29.09479998494286
63.19569604764475,28.793422668648837
165.55867585210717,60.82527480010388
137.38195863500812,119.44573961318794
61.51906155005387,183.1852665618238
183.9668541762038,90.67418447889253
45.85964885046738,43.93173691466589
184.68126551691776,143.4231315406524
141.3751297853466,173.7789253756818
58.726058728534746,58.078026707108265
155.46883611440953,13.980893724304536
32.74191382091361,5.556740025947647
13.999011796866462,79.42807554130806
138.80883640619953,82.57059564274005
32.08848122611744,95.16518229330924
175.12454528876432,162.204472428347
10.933032902369089,53.39466459191888
58.97130089842283,146.06791753399864
45.37704290519878,150.58143692558335
33.18064560425167,63.53768733492097
187.38481360361558,60.2122910728693
33.448233157835894,141.4402043966967
63.3043708639779,77.39399444289208
57.662936890882804,29.319187869894883
192.54928839660818,25.737117306320854
71.99141889253858,151.40976035785917
6.589181852044685,48.177282929193396
159.85193199203584,94.05750968450874
12.348562430161614,105.6981488972986
166.9769972015386,186.32444928285676
20.24650409142347,47.99487985899691
73.46528871513333,24.17900767027379
189.48575776302837,116.86646253393164
165.5827730729625,93.32827199733644
27.055379737512105,26.40296450008698
194.89075348832995,127.02987649184895
65.51523454848495,149.66375125101072
7.412171106806376,57.923667455685006
186.9689321830481,35.48913324297316
190.7449162288784,47.89824088577465
35.88232981478215,161.73446368844336
6.908020215186664,170.01872212780262
51.05204692902879,92.87723408110794
145.8435945389502,51.048562551738826
147.1319977081887,106.70476532537775
158.43888608854076,123.9596313590571
9.471370717292597,97.90984933305823
160.83362943060237,125.56905040595177
146.88161188187246,74.48198562351782
190.48121318751365,21.003827111795104
160.49758111048254,29.218791913788102
22.353386166549626,126.42605303044328
193.03166282997853,181.17398365549218
135.43101210028232,175.6251398830602
148.68194729096084,39.513433219045936
150.51970251917018,129.55795553048495
9.804693914889125,62.6287394669717
21.95833158708663,31.63815099523851
145.65864166651087,174.28439677155373
188.44687725685725,196.36023837922102
194.1668303258298,16.263275762685968
66.96642555159401,141.46193969241398
57.20463056885986,55.000688023806134
145.09100548788692,27.754743358075707
35.46342354109952,41.0761744841339
7.8542389381170805,159.16973869713937
173.5310254691884,48.10367306279609
64.81740767666412,183.75747615936393
173.6625592227889,57.32056923854493
56.41147333135334,133.67875478868217
23.61833349410523,192.0666841955984
6.66515278317368,161.5393074232354
67.22883056182653,45.2109799108811
44.81169931538639,150.9511527458143
6.303267665684138,129.8931499703602
29.269493944947467,180.10051844320344
135.57521700944272,88.46448644756065
174.57846440568684,32.4813772210801
42.00192666186812,143.60377911649937
58.91802992343763,183.56081563200752
186.58370963429374,58.97797116950779
165.06207237264056,151.4462866992763
19.25359560520657,79.50570302590324
44.8694776189276,66.82897450796082
16.94852516222671,186.67625437699806
186.74485368233022,73.39139079944196
60.46070329013782,166.0668491901969
147.8990708199741,5.448506558433434
187.85878412606553,89.97825924604707
61.15810526719626,67.29566674256824
54.503869418907,40.87509626949452
132.94516113786503,168.63096408175204
194.44002358260101,49.35313985826544
176.20889009272486,157.87339830574686
157.80000122985422,189.1285812201594
46.77903774381816,25.248964820719934
137.6207914638036,126.0688553598093
184.57463630995895,55.66987927900014
156.76022867856307,11.24814974086903
193.34456436531772,157.1035866963808
157.22175431365932,111.04270920854836
89.32722376152171,178.1296064775679
64.14938925693276,51.26629476346201
127.79511040760744,133.44301255892026
166.07142515438798,15.315896355332633
75.14875637049077,152.58612476328608
184.71657166910822,33.01639621837427
38.94887773348418,68.93854072155759
52.12036501018325,157.05494124187143
26.177680130929538,118.72839257169389
180.82774766176783,17.306316828277293
155.31309868125476,35.27897308350923
163.48997224640905,30.777113010061235
36.810127728570514,141.23694982299753
19.063543546741244,51.97160853669041
68.61844252631366,129.98211730248897
44.74379974138934,183.79770343708404
13.311119701820498,9.704498872702166
35.92718288199528,194.14858552535085
149.28643446553946,44.96119018141788
139.5170132865859,104.33642163918869
22.5275791416652,110.24780159561456
187.21460703761576,107.5402909269505
17.263577573898083,20.49667744694674
77.53977420092629,172.6584276616756
129.95359234347893,47.45865084890694
190.17334803145386,21.99473400301122
155.79559519813057,42.543489463559325
46.51613666953751,81.4842001013944
144.40513923753574,180.84459228993748
189.96387609639618,111.27037771479452
141.47178374381392,39.69422099732258
169.91816292781704,64.4970680066402
130.44179934708293,66.64646905851157
186.8364770178426,113.3405291765861
28.192915147517578,116.84040319472568
162.0030544501167,83.63736877406741
163.23731524852846,90.5310945768244
133.57310736364457,69.9154090726532
65.48432759554245,103.53778989490019
67.08391289933745,8.264492738755937
68.03110943052214,126.20034424480644
187.04417084358596,60.975899592816916
75.75031335548576,14.804932155859946
67.55679981462568,121.14510030942819
171.14698668702366,141.54707289991336
11.10866904480448,23.731338766187825
40.94142658624673,10.108622735106929
137.0865957862511,164.0115740358119
7.075344715955759,147.86642578826266
32.05609292901064,30.55043677797767
73.12163291027677,123.64846075853718
192.51514334692104,110.38412637004974
67.42184525067337,138.98727794240665
25.768133289264696,19.64556682927654
132.94138884316826,122.02738099628965
160.94030604116406,45.70186943588494
139.69815749746385,43.685524032776414
66.52106817467133,28.41461331490903
99.53013001928463,176.03121314800399
42.32793057416514,144.41621090740406
47.57168176574881,120.71051869178861
18.345757589172784,45.49187443895858
25.426593869950686,76.38410643038598
178.2311667386359,16.117229014334704
9.688731416641184,187.22198221919618
155.54645730456582,148.91448053543004
179.36898767511934,142.45170880435217
181.09698314798425,37.552224160065784
43.30594838781858,64.43653635659919
44.00012762853757,45.443629900678
184.5689934900275,78.50644909676015
59.437459468697355,112.65028868195681
72.17440790771533,133.1809754696082
24.392999649840814,182.79610385980672
127.17875111469985,192.26228656765838
83.18123007514846,171.48442819173016
159.12072141367955,67.37963842955624
194.13595796338575,31.420701757558227
192.395642830148,148.37275671468075
178.77490209248978,183.0828803532326
74.3877915657247,107.77949379528742
43.91442566442842,178.7590170882428
190.3512150950955,62.79847430703302
150.8189777850871,86.72086311470157
32.810326305763304,61.640897330789336
38.05931404162042,184.21755842943628
59.89829057533823,112.3907395687122
28.10585649396872,87.45377222737663
194.29511433879114,179.1237393137794
154.47571498446348,170.29684087239988
191.13756264157408,127.02734823793462
15.436712251162334,171.30059280057114
154.59239119392075,189.52428310270577
196.02563913286107,25.41875122105172
178.83735680894807,172.62237925223187
151.31205207143208,92.37581552639085
33.64565241155375,173.02883891826966
147.64435897498512,158.24725683569577
176.26276399536812,44.4057205043474
149.9369818717075,15.701535776220334
42.870357604926724,30.90947943316297
149.01593578346643,151.05895736204727
54.46367425201841,122.7444516629293
13.317239795954508,62.9724542607791
131.84038108001621,96.23263863330662
24.915447297833612,54.22201586991064
11.30724915730617,82.06158425962204
72.646556015734,174.66442141791111
49.78024471009,115.78179384030314
64.85014844123927,75.9972918715579
36.788947686686356,184.79569358877467
7.883841859289109,192.16116992987665
52.25843665796088,24.998013283282774
15.114771336611716,97.14144898870266
164.44377671363276,132.07211019539662
36.259360455236894,187.4309713464271
169.8343413724324,79.2893038418482
55.170949295257344,41.57866859554106
148.9072975201492,17.845539472762937
192.0457491608847,181.71095935897608
71.97139462813075,191.94263862643368
184.2558915904769,98.61589676076898
20.857431032850304,166.36042445309852
10.966966610499588,195.8667506442085
194.81940396859042,142.4845024736304
160.99781953406293,38.9669723480971
191.15988012503482,168.43452165516783
9.438597264152788,42.70131895258431
69.54840901537695,102.4847351297983
143.92513049147672,20.759748516732884
187.05092079278427,131.68333427689882
182.28891606774783,15.481696673736462
67.23253911626963,81.02581554779361
64.07335989877522,36.249700347691935
62.46700146756995,143.4581071664353
51.203376754471165,64.75910454194283
144.95793383290754,129.44903889357283
168.34022885147434,190.51190955332922
188.17309332784558,180.7891719035787
43.34046157090665,10.542059907382395
178.73679676571618,138.1706061144382
93.06936600047912,172.38715474437168
27.477569607229274,34.480845219165744
65.35315418652135,85.38012845235302
19.03295401867336,47.632230924733506
29.299174420823476,184.9076221489189
32.93981319042586,164.62847093970703
74.12802361141902,18.543899689031228
179.99162943304887,47.81502061977349
44.053997266637886,102.72967033078473
6.617221071443869,129.31060201902937
152.4034402959931,110.28691630259362
142.13003951448488,67.47529253673001
134.21774309937885,87.54075432584095
50.553922485565884,186.60158668343746
145.636855954721,181.58895848261255
11.388887178961092,109.83296157056219
174.65050530072685,127.32844637634133
63.01708307007205,43.5704239710511
192.58358508669616,146.7064241470398
20.896469951412172,195.7785820709443
157.50238378852802,178.4337050937459
50.84829748820743,84.98329278197384
56.20995973434717,42.57747546230563
173.69141052343855,85.62005347827409
13.223932151547945,173.11953861047738
183.00382385876281,110.70586466248145
180.3127544875915,191.4795219013582
34.25533895432892,180.11130896290163
184.4823763401645,131.32375099240923
66.05069698515202,111.67047273789414
9.273362187027473,152.6883556588113
44.75796405451068,95.9980604994819
58.49221809453264,131.3193499005531
41.81163959028612,71.66319345978
85.66694535280841,179.3132689249461
44.84886582033219,196.94701086640814
74.64008970533746,141.16471270268954
75.5060885598759,101.21567115770274
160.55221148119338,184.27924594124252
188.9066976911152,117.77652418079624
45.32334428247702,194.1891752632102
5.6682673722588515,91.00415675546868
164.16947434521845,191.15177058600852
55.385275380991054,124.35960051421611
53.35464498551549,108.74467819729375
159.19998835713616,61.27198280422522
188.25619542273407,81.48635445841335
141.52497325823504,175.71539048756244
165.2224656928767,63.8377396816229
181.07256252275187,83.3481793222449
148.38530908984143,11.62265860419612
193.55772007108806,156.81875567068317
12.753525104222758,15.867867109862946
140.20639247123947,71.04191302247212
127.33695666537396,95.36469829887956
23.79996434535119,56.743308792665296
144.79935907332657,153.00106915813862
46.68994075776279,37.34910673861062
34.081533821103676,61.50981942748282
169.98074977173638,149.85061477663388
163.55106601480247,137.8196231972975
196.65895716832097,94.93885168755659
60.81925182885388,63.5160379325117
51.44268284035022,90.92223061774575
145.25636189127482,107.22526256257763
67.51658154358282,32.758685298715434
18.8988313478959,63.90091285475734
144.81074700446092,126.92239202351
141.4388490919112,176.65185661497827
185.07958454026593,68.2949663455266
193.4443409197063,141.518577027047
57.64888442378853,78.50823398667455
162.77327087749381,51.4526054000959
40.75146747151847,62.16739333152656
134.96708922208492,114.39264127470507
132.03328490390217,141.627084087405
10.192065360094333,120.6906471463698
14.052380144197018,53.690783591461354
154.30650257440314,96.45139248537107
190.49510907010927,11.743831593502716
59.45003373834886,98.02676088269985
67.81266480888401,129.5200475697862
148.39614157893,120.58128246246423
141.1677833227384,162.9665579475694
50.588278278679844,94.2261901957667
11.731581786077905,118.20572413070398
152.31763934749534,173.27977308950784
127.13046126107825,130.71355711197654
61.71381971782595,168.62949876577423
11.442926227557255,112.74553081601523
62.146193489323814,41.71235664593725
10.508097765653293,133.62435498229138
7.09102129620271,23.808486542436118
42.930566403494836,160.16866024461322
9.275770981378034,176.9687670929598
156.14345433619945,110.18699880800362
144.48098300043247,161.967539803969
166.3306420431233,162.20121790937506
196.26416675208543,152.08382532646613
11.52149431605527,130.5190452436858
159.5070723698047,32.189466584583776
173.82208474900614,145.07422011711475
39.79693204240569,109.55939420175345
178.30266511889607,155.43680128047455
129.1688829272641,59.13673191497929
165.91129928804236,64.11548061427763
32.41763792243538,88.23676275961043
35.31594019354347,102.34890272446846
16.984524921064743,193.91170875596512
195.24279828329387,42.15176271805309
193.24848531930417,101.6153830262299
56.02020613563306,156.75753001998245
36.935255366284466,89.47268382918406
138.77334749337513,103.4572071535252
19.864830652604564,147.12693787426218
77.62302815607457,172.1914180625162
128.8112859010613,43.07593890721465
23.359874898113382,41.15536793281372
160.52368070529033,39.57456901965148
185.00213524879211,84.5461872603949
66.10552691088519,112.47457224999846
13.528908656591208,95.6852143430614
175.55087428075169,51.24283543727414
60.40609549526014,70.08568991438095
58.40296678288836,73.82717769905082
59.608548669905176,185.91886172895119
15.919968794672958,42.72329458228638
151.3077470702263,49.132890156978355
17.407812653121947,181.21203232131006
148.31537981239816,164.207744550133
68.77266219317856,152.6501206343245
60.48657855400541,170.03755522741636
31.041376825117865,11.547754622593585
182.73411485100436,169.6515205236353
135.57380139519017,33.2687837673146
177.74379696955808,157.71173933928182
149.94908952775833,154.8478586685104
162.05328690759913,147.5674430548174
148.2728852746591,132.90478263948296
17.961721798812917,125.4367877368613
35.604153302674916,180.0599601122205
146.9230364792149,165.2800803444112
157.66193287543192,168.31620267964058
47.9987300332143,30.112894819054173
154.20716091596086,76.15524073645969
65.6913703927445,7.386039055377809
163.00314808757716,174.0782138561937
65.14867447028684,109.86036172900636
75.82230995423745,150.9845837802409
167.85788472150264,63.069692119959605
15.33318159495695,50.93488182653402
35.97433940954599,28.68579957335999
65.35558787158699,125.24456251438015
165.28433895013046,50.63341261441215
64.42913165142288,55.56240468099264
131.19755887951092,94.1042988902755
125.56409878956421,173.20524771371868
11.493928810103236,168.2578447681677
57.09363897770218,174.8408140320341
61.66282082921432,67.12429107175421
62.8757841620145,50.11411344536428
167.883146168774,15.85829428436796
148.17844691785962,98.81809837203225
40.829115994941226,12.841276731607643
33.49586991716295,12.320534856722308
188.16721000109894,11.480169727706748
180.81583959635591,54.04922033873568
177.43982053497092,195.4201012581318
66.44697669951155,114.91527983898813
49.276487306398735,104.27219042870405
192.19828241771881,93.74552188922749
72.47276924617773,28.87104857009688
141.55602401900694,105.45092625097718
174.64224351726966,88.00052529409942
177.42402021385914,103.99061483215817
140.00271873348802,178.40443922755102
168.28913156942033,113.34964500229235
11.528362157824724,21.615703164420193
129.69964762678134,131.9535316348036
190.78557424434507,136.80334503088716
45.065424494546676,12.256343339926511
48.76250051013391,62.411135737718126
149.1177747311643,16.43595324001749
5.954632392146991,101.32661073436218
164.714787425409,183.71930710975948
196.64968821795935,111.82563468711491
196.05086720254508,124.47747059738248
85.00032130598635,177.28955883313745
32.0416469404793,21.489819600113673
164.78991048824065,144.54975824863246
53.9636600953641,74.00098845400386
193.5046631770496,174.86567790152947
133.48930814423366,81.37536927709354
32.118393045799124,167.4371278751756
21.856366589866187,106.09598532098397
68.33115122106676,48.501423698304045
112.56369028497322,174.71752895931172
15.040429890011735,156.3609110775342
137.69198867359492,128.92740299433123
71.19114581559305,195.85828583343078
32.85177590415161,112.64093693066113
162.11186170632604,155.65303492875
43.44996669628516,104.94212208170664
52.821431457649425,130.77258490978755
160.7874113356352,170.40110780567272
153.19820675716227,98.19067793470488
127.7040983922855,17.694829006862555
139.9432782963203,16.231477307304665
33.65117526644486,147.37295523300108
49.472478112618994,104.99460030732746
47.926232789711825,135.25793974021434
127.24830190074215,81.92484925448116
26.031906980562965,39.77855250288748
39.278577379338245,160.0301403368333
8.279589479614271,93.3751705575986
39.54164009035951,188.70092083949964
180.53789057867016,150.4745474250443
157.92407883467467,196.75695281114912
195.38186264980283,52.349645226143
13.204975364564572,13.170575791521905
16.924429410688294,19.811420835959588
161.72923065833209,32.7356638336697
147.64536850035825,111.04556783261145
155.1768942444584,11.504456656770525
24.743672092119944,160.67792339321056
148.75700115282572,89.96013264666313
135.94186263459346,111.56259668777827
130.19705162914494,120.70189499553234
54.767131578774,61.42665069455947
29.20660132676498,92.21884661653806
166.6947548066329,167.73916324606546
147.7941561004956,163.35157423206059
166.35035732520248,85.97594776324567
163.76980289508447,7.135612663679802
19.24302292252021,116.71403714900488
25.314492333186916,168.15380662517865
54.21510125506389,5.361367385826044
22.58176792845203,140.86220588912977
183.417810939766,182.65712534596508
182.80709524621759,63.74187687483684
165.34400211705932,23.94131457699762
14.21137774745573,124.4693188729509
133.5167888803931,37.55115154244151
18.35290486088385,51.56603209889404
47.891952242958446,61.54198055388193
163.48194804221666,60.827807736923276
159.20411137023757,72.71707837680236
37.779706362641406,90.87785231561031
75.56812057022553,107.61007734872652
26.461848649531618,194.17408206437827
170.4657526508341,186.31832055818032
146.9439137730113,17.00970870979519
167.55223938656061,6.970700536875908
156.34880564530286,21.009769408835318
11.712301110068772,27.68309706193733
74.66742521794642,190.22518077693985
63.808016399828084,106.26258294397041
65.05304765541145,88.40845309846416
175.5232027483099,152.51729783383533
148.5607166565281,82.69605682078571
14.142536305676108,68.45306468993924
41.39217281577086,80.62253131444983
59.15058675587588,135.13128232076934
135.22663400619538,91.25665270620675
157.32170137241053,42.318040081664364
29.299715751563284,67.29171326471389
64.90131884974713,167.01282942233524
27.716173390684514,66.64877042654649
194.29780358386748,84.05279587808607
38.190459868954534,193.6361326062803
170.27547681966962,120.39248783960186
178.15645393844576,141.84220845191243
141.42787235076204,28.696189877797845
137.2146146365001,127.40852167605458
51.092969510388066,157.62043825938161
185.4674828163511,117.69415147775092
155.22214906302798,167.6746919768315
95.43356129098086,171.81762894997777
68.16775429402789,8.22580186050377
54.10707858862881,143.29614359168679
159.80295100000816,106.2688305667377
191.54488048863587,73.48303027552136
21.624071310413626,10.451472446030548
41.08399018299032,13.25113177111477
164.55468484008472,56.92922326393629
195.00002221438046,5.795940217803896
190.6317905202138,171.15806132167577
180.0927273774675,156.8476655784933
163.5222914361119,70.66285852600986
29.056938319744564,22.05862133390025
61.175456198145184,193.1650630588985
16.112636345926504,34.47014489639549
44.1115918927655,89.77912873570993
55.23165018233501,160.2983974935325
107.34429194185239,174.41999627571212
128.2044411143207,110.08390293702175
182.42348045050227,129.90825869945613
183.7742455270185,164.7784970588333
62.4870014865604,32.6829147195383
41.735858217647646,89.11106508047139
23.635530882074466,90.85086323442022
185.1312648616688,14.582007068752675
184.93117989741637,180.82920837318977
22.23664454742869,33.01614330122762
149.10759457155785,152.03082273627328
189.733205686051,85.93559636471436
12.636739430621297,61.94572151705877
145.95446860369896,157.45612287033146
33.889846651880724,52.388377249362605
159.61962856956532,114.50010768483979
16.744985767900445,40.95532402675929
164.53947108619806,20.89459683799538
181.87235995553485,51.65523118787209
167.74459238841064,120.3296494614437
70.74361132186786,90.96834607959308
74.75103577158511,108.52885222166091
62.1971694239375,93.4702100996938
125.79325266109876,177.762629033153
135.68577760202987,138.52967535879108
169.42460744599032,15.026692727601917
15.637007262479186,57.04489792699438
168.3548173544386,180.2729336974679
6.9546844127833305,155.2137111814086
6.136800888242053,35.605484182266686
61.47614555664063,169.3167110474267
153.51595365387706,59.294011517105396
7.38933387036255,78.97384677787075
56.92403571947377,49.06591165071353
174.15224187144526,153.3144347771557
191.85756737506154,76.99637893295746
134.90778515812892,193.20952497816552
126.79183825320474,80.92729313657519
23.36018631602714,173.4735273986412
10.330823755517216,122.26339111156992
47.743647762636,77.85564718964338
194.55678690515504,75.3838908107718
54.23038457130746,64.12907562266315
144.31430003102957,87.36400510444855
70.52784142426991,192.64568249178305
188.9138448565061,53.30048216384398
158.50615814134747,159.23811590583767
74.20644340265821,180.70331650629595
72.59661286441765,118.9360513511594
36.898208877124674,189.3939441377783
43.737427340958014,27.72744880261876
46.32342390288918,189.7814734697008
141.69423372990963,36.607843636518254
66.78886819868788,141.94022056430234
21.95041676148753,157.89494039313485
143.00161188229825,13.30477878516195
37.74119674150952,17.531878628133324
17.519607320375492,154.69132874944356
137.27619144036916,56.806353883452005
71.58494643683339,155.38456376180946
113.55544469482506,178.31350671386264
186.19808231465285,67.36545222057303
192.75393711555094,126.88677329662103
165.89110368827295,105.64047697510277
33.14246864576328,38.71679822800989
196.93727091376005,84.99521093775573
129.14614120137813,64.71259885491669
50.02509326963976,7.0674365940492585
150.22806816793167,124.97557907983125
183.5738142542374,60.79028315031093
167.15359044156685,43.37630402122728
163.74818836220774,24.531953480081167
180.7636784110952,98.96491182893138
60.11176835787332,69.52113880248513
69.99975803277273,137.69537916161923
183.10375899118796,17.895589173137182
194.91032319402925,88.07777807226623
21.950703574858125,190.69837760194395
136.744562891163,46.143195692331844
175.42701932437518,27.88328221075791
64.64537030864133,21.2491142856315
58.765249126082125,159.7881612865597
145.68121390443636,15.334770083715247
59.77001600843751,86.35456888208664
140.22577867802542,160.44453603348035
167.30988572776278,124.92357499975095
176.80481748178772,108.67831724890566
166.5345527076082,74.90414239570065
155.00975169931021,98.31237293503769
126.36079725755113,188.17284062411488
15.568367862334263,37.713843436401845
145.59857473253788,64.99775612563839
38.23919351817131,23.380277446807032
55.35949693109004,140.47873867610153
191.65307255142503,46.719289316631475
158.03337229944609,186.21113247202902
169.19657277696135,193.68376287942593
143.4136600491231,19.043106209572827
40.53659519404006,133.84488875182942
40.08880375443862,72.15676247364804
42.636165881011706,45.66592080238614
140.55536775728214,19.581054350828605
135.73891061631855,145.46859059390175
27.61978263400925,80.95253469474662
15.766428986926943,175.50839183303665
184.4918754778007,90.85854501479959
14.509016502247434,157.613141798368
187.86063887552166,48.81409365941772
158.52684469218164,196.40702322774646
71.26760645940585,99.32550871648051
52.17657774085857,164.6665495387057
172.70256597191872,143.32245975020555
151.3318706672048,174.62466913709736
136.1807012632573,165.898987133671
140.16565662718662,112.39026374596982
40.63305176586028,67.16646986152682
8.32393137933849,12.512535441533414
21.226214779467323,22.06579951273578
183.33936457766626,36.070861213505815
57.169178109651675,142.8964800269955
103.31438198108803,178.3705892643757
63.077986542712274,150.9698779812245
149.27578917959752,156.3859005603032
22.925891007395897,39.52816076573719
39.08191829817047,75.2179183969469
133.77606808143761,92.23828632853791
140.18430165618648,16.769758729771645
49.97492123824006,110.32791151861854
160.41467259930866,106.24678703283251
29.069639535152092,173.22975390549527
38.232986077845794,25.83361108107107
167.72876894939932,157.1378924559292
132.08150519044105,14.900541895868106
148.81262946379286,31.06261037310635
63.26694125778841,153.84892635357244
48.281677469908786,134.32246326959324
66.8748881990643,65.20126762179856
37.01981434497711,93.63834907141886
22.132395030254013,68.49999780423586
191.77968621537306,13.196274900565214
6.656092921087755,135.1876080228343
176.3057018108504,180.4731106835114
37.71876211660251,113.85580242512869
177.79473142670423,108.95406574515671
160.86530950030948,130.56403726834324
74.58520332992629,87.72285842154591
134.58208672396339,67.93022343653635
58.987804483509215,129.4296484559134
16.333539113621274,68.3891417009671
48.16756725116947,183.55127668949154
151.425113455543,42.54018248022457
131.44982901498403,56.378852073269435
35.0240111268603,6.088478635119455
8.984043460635673,84.82904257889065
196.33222518475844,33.99339220285201
165.08412430811413,139.1694311643942
53.782921233913,120.58948460006235
165.14097587671478,133.7014588500374
127.02744013322058,57.895064719951996
73.5333757979833,15.579442152936776
192.26219019863248,11.618966631556418
26.50248463908493,196.76746000742688
27.108005441213713,178.21177767548187
143.22264027116606,22.595550725419308
189.97870533844682,188.49632085186255
136.14511668633492,169.74648285737092
30.065262667857862,37.18665344733298
165.44094459751113,110.06789984693496
179.20709772784065,174.98970270205083
169.00269002978783,57.75647903543708
39.95679412203457,69.66061589112164
189.18880811885117,87.74484966155127
10.823345867995371,153.75638504355373
180.15157216004494,196.09043552905544
44.03729888342567,42.54254078027502
190.86450723352516,75.12137302314866
177.72539552422947,30.448348762703453
55.753306429292344,157.2838634770069
182.51787786369195,172.69499496435992
134.9571083983287,37.99850357302085
30.591850117989484,88.93167617642679
22.304532097722987,80.40831326863206
6.318244607621622,168.63406347132454
51.97158165561637,181.2853875801865
175.35773765371835,170.98532398902495
5.985480466890792,165.65529863178858
18.356798850928456,122.95688500971333
143.9104802999908,80.37789757403249
193.99470660698137,171.2967042115119
156.76393439862497,61.621733126177055
95.17837411360121,172.1332355621036
177.20807994490326,114.30492449248126
74.87748526200623,43.52485042620497
20.84591038627638,136.69784881833897
63.954187628482,15.648342815262577
162.5542866383444,172.53801140818203
18.39070793434472,127.68837478947546
170.47039538270806,18.877501343298405
10.453033682447483,47.55312685271717
36.71561100466765,154.74936159551248
171.45108716169307,173.74025195573947
21.27465064048234,45.525153960410336
65.24741306073261,116.62503142933745
160.68378584567742,52.036490921987514
130.9402495246058,77.89036721548815
10.400749060237331,44.500568931823835
182.92256428744636,104.30528302444141
58.95824471290422,45.47849801452704
186.30082398734822,121.98371044740985
41.84910084005147,42.43735539797747
191.8111664936169,133.90595953187915
185.68277069564053,102.69715170315126
52.58227304838009,134.59285567085473
193.06992810444183,146.2386699037857
168.6819489172502,122.27691763861043
179.6593423782166,54.51135052523154
171.81565826594087,176.90015922444076
8.667879729533631,127.81148816661631
63.60182332207245,87.34153778783437
156.3168143830771,140.50451285014825
163.3396556010837,150.04469892829002
131.64093770687467,27.326719845005385
9.87439197326574,32.10671485426524
37.6637573998009,10.39101929047733
24.39939900684734,28.107565626826347
166.43925252244156,111.85468145852045
17.6296657569233,70.4551482335599
37.14923850599611,23.023410203856347
173.2471278790754,45.32464936753785
173.40130162499582,155.8248786392999
57.576412615236634,6.150480654388765
136.12467238932658,154.4658221016587
59.76812129749745,106.32941622683289
30.40543622833701,44.68097088754688
135.22746166320664,128.7691271611969
136.84597548467454,111.88909050148523
32.63073615252675,136.53758441494224
168.5663081352204,78.62440607151305
43.06943392587233,122.25691793665399
182.22236519797605,126.48658555875502
105.7542655258408,177.18442265409507
10.91025558494548,106.11513550123823
171.97293772506032,81.26802899425765
60.62625773944601,122.21287526473421
29.583784963747377,64.71111359528363
48.53602608025073,23.76705403711717
191.84051597286668,50.84800404242329
192.42154946265637,179.62278970482427
179.0545210143527,12.9941276070904
150.66601232709505,24.289011809193603
141.26999488339936,184.15364560075574
182.9145554081355,109.50620387910789
150.76120471602087,10.80076242276887
70.2809894204653,49.898692872792644
162.45883431165052,190.8438807123389
74.09253953695259,59.698123666311915
133.32549455739155,33.650725742460196
155.7658183155289,170.37042239585247
166.36415899299556,148.69569133866486
152.53121102814882,53.258430924957146
45.640243864380544,187.34942866934347
58.877711584110884,38.90163424479864
130.7333788088618,183.9625651153785
156.16812368628425,83.03401439114866
143.6393839430295,96.08550723378073
129.15209648317494,176.15162944429338
22.932303221691246,143.0232227390333
43.68355948890649,10.76507711964005
193.6271087660603,49.61726240040321
7.817862030456574,193.02959378601233
138.3375415947691,158.70884936237232
48.03592958187024,110.29213695023645
72.87767063915169,30.268000032858467
15.467614832604081,178.07328095660986
131.36637056208016,99.04938776894465
18.860616646813,65.2968614305546
179.23756828363122,102.07150922286587
54.955381728007026,72.0368146079253
190.7160545553906,125.12424551990094
61.493332604655144,86.12657178678077
53.72445185325816,71.65330967563911
63.56212842457953,15.204915924274843
150.8189492066576,82.85882513092827
54.32739737423778,168.64412737334902
163.78420251944104,152.91539200599354
40.87435096867919,110.4998674366465
142.08470244148631,6.591464491439834
185.81864642416843,122.11585393012095
73.86752436770826,181.11945309681053
9.545340526212016,127.5117250131427
139.21207920248526,179.0761649242846
22.31846800767937,131.24853375227895
137.62665705529128,67.45803348807107
15.172222971855659,124.8156552898676
130.8546309136347,57.33637107279647
38.917735150876496,125.3985500245674
13.146142756361447,133.0245569956695
62.479839089325694,72.8228247162295
14.999783685182368,84.95629868615191
49.50369919744632,80.13701104836602
52.60309470233782,94.38761053509522
144.77643864911443,58.35111695387985
21.626960716778825,42.77269119010577
42.65175135535173,7.876648184859789
31.40215637837695,155.64930965207938
194.99512938030514,10.31079841613198
57.604178032877776,62.62444833464382
71.5949777622682,9.480307334571183
171.30861077342303,95.49183083532238
22.77689671820034,157.1144753120529
47.2502476751848,42.94335004124829
127.68093383109456,138.27011321099604
21.955976308652076,38.839984572566046
161.20657611021235,149.19809972957995
11.910907882751282,16.274559436173625
149.49668813049115,92.23808167054088
26.424234058352646,141.65092183315082
170.52432572297113,25.21781140798174
28.199222247163643,70.71553351595941
134.78841956758578,160.0953954262959
152.7567146110456,90.09487202131362
147.41466293818337,86.09276965910551
9.716694595857168,69.74699036521226
172.65614018351337,153.52554288528827
152.0796866899809,30.17480067444816
25.961436821163836,50.06803765849247
62.52509989278182,13.112598533327317
39.105888614921035,162.68885894826224
67.72223336774283,173.9385386684215
40.72135865679903,63.191085861857225
188.36614744019593,35.44800706240097
191.55279058277765,113.83265873108482
176.03347579233255,52.09718868662778
14.834984723594197,181.05365609445192
74.24218476917997,124.35932934369346
60.532666277410975,93.94474882586843
72.13807421603207,98.79330492547439
31.049815730063354,195.30010827953924
189.9385089435437,122.27605475531813
134.54709746261526,170.6152020838917
174.78387416047718,169.0387835466041
30.251182653575466,163.08467574594695
54.28460487534421,129.26472362780592
100.79218206437658,176.27328347166238
11.50951207696247,191.22628181119185
30.402962029514377,75.89999887949656
44.22162498390019,134.08809698361645
141.64172716246637,172.5904479569654
126.4500386372773,140.2993193451294
69.03211309332981,56.99717587292127
38.920618573275235,73.2022507324638
162.65760431818615,24.335040058649362
168.7098682211739,111.51787025733782
157.9055829615643,128.9711322771765
149.09524157583004,50.11298247870979
185.1000768603943,100.28255341112762
45.78107790120701,31.501655165352503
128.87143119923402,97.49186349239055
144.2375051989532,92.51820960061664
55.018683433361225,66.5332202493814
193.27199917227298,16.769891257494596
172.20339284148392,161.19109695570077
140.78983396219147,178.1521550034444
156.71007077224223,144.7516659309784
54.69907801294879,157.3464149217679
152.78354794899462,108.70813077562158
166.32880018765678,146.62724759074612
170.18097581404737,44.03295694206509
65.97255393375907,160.51841291296088
178.10016706322332,131.21153085165503
164.9466429960256,41.8249493710118
104.74368172274883,177.07214879275665
70.60905093288794,141.46658380019565
42.93455396391708,79.64591171358639
23.378781300087017,134.24304003757788
36.7015694747946,111.95887955981337
143.08772249846066,18.549995032766656
29.342064676083275,130.39933115217644
193.99082749548373,120.42226329846594
15.890543037781454,171.85252714823125
32.30994920195242,43.94776655668456
156.80074713581212,121.42475486592704
165.07689928887282,19.041980401637293
176.75379081078822,13.601985256929241
60.10581959421825,190.99933082390598
34.245091065007124,15.424883537722815
160.07650978447856,155.40988961025536
195.51378595247655,166.68998824202882
185.21213468137051,177.90961298714396
173.41768059090177,115.18694950395722
63.89781809971082,177.898053311945
149.37024699649314,183.526787763295
61.30824958072111,80.09306927352452
144.1828397119532,79.6532331840367
69.85903897452893,54.84025858080772
170.50067459613012,141.62183214964722
22.999530591146225,101.56805733116833
151.2738200679441,108.95566842817382
25.958055416423228,180.65071010448708
189.97699756485758,13.932718370502222
60.706072260388574,49.28250920027972
45.36013661497189,64.41538823960069
37.773841232687204,30.28700666063359
149.21992546838354,29.3596455571405
190.1628174860819,38.937439516013754
29.253930353434715,174.68164386441444
130.48827754819249,16.785609701172508
74.99084142007814,156.15934934836568
194.56577187432273,136.6424094694291
181.86804267259708,151.56561410816857
184.1907034201371,115.8438466164902
159.3572902667125,136.05890646555167
150.53733951795533,27.32728123359227
191.60651363462307,161.89134671194702
186.72360971017025,192.2695912751837
151.43124847546926,88.67259767835812
68.39859513814952,186.80032248550384
46.876937463667105,119.06325229793723
22.81813463415314,153.3659399287589
136.49668810679339,174.62663133922192
186.68838874151567,196.24132768113833
62.24287450293542,15.749550271704305
56.42359385394024,99.54459605778554
29.718588289350865,77.5228809210652
18.60961138769804,88.17440036125613
54.032726371466275,168.85042222194133
50.21057202274374,69.93908320648177
62.62684120680281,160.64086220525326
146.19444674355967,35.957697625350974
192.36865284728506,141.48282835482433
190.81411121518798,58.21104841912307
157.09894732710592,189.06492315938894
50.410708247650696,101.94300530900858
17.395443465406657,69.16302984332825
39.90365714786619,88.31144271721396
71.52318130774543,153.40405790764285
135.37995741883566,34.60687212435876
130.4853225649572,49.37974850920785
152.7165579307,120.58236258140333
124.86711014866084,177.32428951929305
193.32922122529192,57.26308801253282
45.760528594084796,58.404154154444996
190.64848206674102,141.67949882331246
38.00017910596073,195.30080894021853
40.355421753778096,10.135204960732494
22.66946618153859,49.075116372531326
142.19443035596694,67.78998963744202
50.156491879634,133.43319113252744
57.48232859206299,133.35027002717175
26.371791374176055,57.94369794638188
47.82119812730973,43.96966682699558
189.49679022538794,73.67394199723617
6.512993751715571,168.42004395804386
10.0,25.0
180.0,180.0