105.10094358667244,134.60076032594918
196.63496017187782,87.69678536765832
54.25626778607997,85.75804731497641
47.13090078364119,23.075678986949296
178.72868085454127,66.15499332792801
14.84542779796504,132.60940780974775
116.15663904202727,24.06028724525626
86.43565007924344,90.67059064399895
115.40232339577062,31.074771877509857
93.42185633740975,168.43058834284358
76.67676165322743,6.130040301442918
168.19864653444836,151.48919073385713
153.78480806929844,32.69527100104895
8.648394728213672,59.279233432513344
108.44802621205523,54.01326687650857
110.58378690731129,196.6132656395851
166.38835606086548,74.51539371086001
68.33317816445087,128.21876807650207
194.25868966416726,5.434087983791603
24.12698246463548,20.435855501366976
105.56334397717099,126.15339771163035
186.14936030662565,33.665934200693435
123.88825457058941,102.45034313868283
105.94276936857084,99.96841349571275
107.78486678223102,67.25608025984445
94.78164451216966,133.36389101467344
89.51584067336319,183.39369885629694
98.44506666533772,41.21472110618312
51.45466782560858,79.83344472640368
139.4930742962786,21.602865104157225
11.280346491803693,90.97563262836671
17.61441085797967,187.34884148246286
68.59247439265701,171.37371157149383
177.23164253386366,163.37789377955306
169.1823787696557,147.1086466134036
124.73730889945774,28.87265363704627
116.81443934476178,132.30683588054873
97.5244946707178,98.92635409327343
86.77767633731972,95.3023956906985
167.72866239630542,172.73471074204613
154.382833788951,9.947220389140263
7.421290972245642,129.5683628760762
124.7018626831656,14.443764374560226
12.950073670698771,183.59264312225932
99.73192488978974,137.28463074204836
48.69957890154161,88.856589570348
135.3510160555938,40.225486447602684
111.53984222005576,115.19096656111635
130.33957393460196,29.62085227572471
33.01138937282751,145.77882870274735
149.51793755289395,180.94395773404958
89.11153504801366,172.82897018051867
60.422347774936114,99.82674848977119
25.14391044138737,23.51924955832266
68.5323060884059,104.38467804949092
121.94291841920702,195.65347457903917
110.12472097478062,99.69632313587171
136.53259689492668,19.998776612076693
77.35820268821466,167.50167363469444
108.76013937719522,73.99814233588586
153.6291714081198,194.83283857924874
48.846056799307014,9.94262830997133
191.29190485035687,146.89030273122498
6.19443380419181,145.487568764377
44.17978515294562,187.87445423235673
42.26957224359409,178.28846304017355
27.622303270317115,11.336911169489355
128.10731877850722,107.2947322104205
133.03230368127242,12.149918153687354
10.287178997261243,145.22987174582707
190.61391858475895,24.625929710914914
166.1710516262885,34.27571558465602
149.84686681002805,41.7490103076744
108.11878884987712,113.71204910790371
99.37994700622048,60.986212368294645
119.30746897002437,19.72435822488353
67.9649282608104,69.20343193165576
158.94340897562373,29.38534460185313
35.2488074624777,13.798632377532295
56.95369432616419,144.26161670475497
177.0287969883008,9.063424358536393
182.46886713912755,148.98829939724527
52.64468582935904,9.024064782123869
111.98372225708957,189.632686416352
79.37155805774998,178.46006802525469
192.81489187596117,82.72117883748031
107.10997874662357,147.60580791336042
173.23425136200976,17.884683330810883
181.59761902835064,45.69125474516414
188.13338739561738,175.25387387024134
159.79842684101752,182.90457838022905
91.7441660507695,139.70333815398098
46.95118413506119,78.6340329190398
73.50438850761977,75.99455819336855
115.36267630357133,184.00203157479885
18.717757790730687,179.54988639370202
148.49711744939285,14.113471425546884
120.5542912090919,102.16828270045418
100.05481829042101,84.16562240058276
77.0547582397894,121.08584417341808
87.33944505886014,189.32607443567719
45.4938821382084,65.06602268618265
150.1166688207343,21.575580304398283
43.81456650133724,65.32260608208747
189.068235749319,164.76027628938417
185.86060479133457,80.1659890765014
89.90825505443853,118.79264622933081
167.36926499308854,25.436794725707365
92.84514085730571,179.2922523214396
194.09363360138016,103.03154540124771
96.4782644059204,131.40555237096171
105.58265220400475,58.36296461156656
17.827877946973715,29.266006190675757
112.83215169621432,46.20674258561375
118.4938672112484,76.00505614122406
145.76580759504262,173.98160284329884
112.33241558214499,77.34795982329226
114.51450654470582,85.18175460140012
78.78519471582109,25.36880789629282
137.408797344336,190.2842064645402
106.43229790900918,169.80105696944008
80.03485643095169,143.21582002383926
9.94429494034547,136.15448422374646
91.46670424010736,47.27104112156508
10.97056187468202,183.6622681899478
9.67817282775825,12.355740006604535
139.80658031537908,109.16680784379808
19.717507153306396,18.04930468866338
79.16697872282431,130.6114673017235
76.78397332635771,186.836234230651
161.13145290519756,168.56015873813686
24.78544158342123,15.492179649649547
9.54221901887119,190.59913733595718
46.6392490459813,97.33810333781858
62.78633264562298,20.81660992661234
79.6172526175647,183.02745683719465
161.68964088480803,37.08925995586313
66.4690671601257,131.43658828967813
60.125535064606915,183.36366796149073
95.87986516659196,140.5993469592637
47.31887502305887,66.407419250154
14.512687920846549,142.79370349150324
196.0350161826637,145.6965799041914
165.97809011716325,144.67473895332236
113.66979647843362,188.7536942492439
70.26043184837364,16.031974523248824
173.28868583552972,44.384431594941354
66.60438069633051,80.4573094878863
101.70394273249997,184.23785636714453
45.59899939818192,128.7884601859909
97.23362795501517,80.5766765104523
144.13069070840703,38.12468674760907
69.25305291784842,69.98787429832166
83.83929548373322,151.65782188920195
145.50858293766666,34.48781211066013
87.73349033592898,51.28942292091688
91.87722295242247,169.02695827905984
140.2941395306634,180.29219245767248
49.37074753104196,78.37759814409097
185.73645291921176,13.67649969182132
44.54912475404677,20.90648677688381
145.5340378597849,66.03482026765374
140.73929391286853,180.90598064013514
159.57769040357348,154.62485683527154
22.169100271768254,14.73919802716441
83.74422480199124,126.62144746026071
56.43356942446125,82.083655677173
99.52177908931581,79.76417552036546
56.33667401741602,60.06663094833391
38.796025695238356,171.38240973450095
107.89459107255391,56.34134660355948
130.28698170318475,24.071887458725712
65.62492583719855,132.23824339135393
132.9558406014232,183.91851939476385
121.76429874372216,181.89888269492567
26.29707371033706,29.71428243891906
92.26070445381754,95.21687694597843
143.9254527966951,12.186595780735688
188.94658714924722,169.0009912869342
107.29281773460218,33.27577562921105
150.66997403686213,41.13351541516442
98.96370469313078,153.59994289694157
57.771718121312425,137.74735371358815
65.63753543721947,61.033590379950226
117.95947780789952,13.31975465461868
183.61914005688055,180.73127294524866
92.9708504590356,189.37519129571618
73.46846080817294,126.74689402799538
151.1530450111276,177.24814106721536
140.97219489028186,112.02105314477981
82.05190813706798,23.181222835023966
58.03162018595042,23.993198401286786
100.97583536825239,145.60492437352437
85.53646549776306,155.4297753672401
43.32690068383938,177.83964450718756
118.05792897046086,116.76406217616261
82.46368075095829,80.25557593057334
171.34065901330396,69.62553642492283
35.18802533988536,28.59258014448983
177.09922614451435,75.18799531255
37.64646664660804,192.90605473079125
117.22520413336319,82.60097102165854
90.35236997837632,130.51632306508048
94.7499917632888,179.88542268162385
107.00772461720385,70.42783083288721
18.372077058888102,126.03176663817932
71.45570881514652,23.602516614804102
48.43429606629349,10.644695420607391
12.359892474029152,188.49466340529779
136.16106460482075,26.71980289221681
153.86025608721548,67.00109185117104
25.882063459739875,20.766997924733598
45.12630287807646,62.8374550487764
13.132183251358935,25.91526365214943
150.84122398416892,9.299482149431244
91.4580311829713,115.66420096638639
10.553854664745096,16.009035284613226
14.310098040404066,134.68564388090718
171.46607464940448,16.80455453679881
69.99330001143949,102.15425496494301
77.27706619796886,95.56741821469922
18.572336792243295,6.665334418631034
107.29895414386702,168.65495610576977
188.290020279966,190.0266588595833
75.07297548597022,83.44034743730414
5.188774603572384,170.45456577629713
19.35742446669468,195.54115018187568
150.69362836153107,45.88989996675784
60.12969910918019,138.02381823315642
99.34448827886295,42.952300796477004
181.9195972633458,150.69797778462805
22.58138928633403,14.431360838134735
116.78841930200191,22.459331843427606
17.36097716904993,33.617846386135476
82.65023134926152,167.89356537979353
27.964562877456185,188.95641260916898
69.926740164974,137.64079636702974
55.10921965864175,80.11334888672042
63.41728208206696,116.28996535498428
49.15269755630948,169.59178764837165
106.49812182767711,59.35280959947816
5.761137264855989,63.64538118329568
89.64608411834575,119.02111814584127
190.7709890178602,24.530861734189862
138.10040396261326,11.468190355335292
106.32548356244257,66.60421998733707
55.88682727703119,106.8347946718327
25.848050271187624,185.2945619389643
94.77631639782857,39.662284137811405
106.67336906939867,41.56920280279966
64.45519082808094,83.0433754668061
118.4329455763846,31.485229925289822
76.75593505055974,7.520497030636221
103.71619641003963,60.10829832596043
192.19450730372913,8.976766965411928
14.837598815245498,27.28292535471702
20.746464407626043,19.87105137966133
18.178696672699182,38.068059800970445
182.1041252373836,176.80965335623497
97.48543054871267,152.78609650115277
105.55641547940353,148.31412850392888
33.045935066849246,6.9259520514085615
181.89866882693076,187.36992523951923
107.05361312877461,55.28370038909164
70.96951891201716,67.96819953096816
99.32933632942797,136.30891925820453
48.693627738171564,115.62590416969552
99.77866747079239,38.76975380126998
78.71720220510012,178.96428850283155
122.32707946962519,13.54326227485326
182.372723983342,176.03950896018293
126.87675544423426,24.42149226505395
44.65320300742419,113.70120280906679
191.92202443045704,99.533137512592
32.21725641064707,61.14686922800857
163.65426467839745,24.75604204769982
99.30567058167284,143.8376624823055
173.11781813460075,172.4538387245366
47.3868830338376,89.00349219642841
47.02355947544463,141.3302429625495
22.12244472840034,11.05864172686272
173.34872702352558,165.07885305770114
88.06685813087174,173.63212614657314
194.1593657099794,159.733265689215
115.61970270475406,89.5008811239671
76.20858832293828,96.22272189072969
178.27841007259238,29.410155971400535
45.99514283697031,190.12963675276757
148.94573694112017,166.5450350136872
98.45515428063739,188.29884341633633
167.24567619492223,16.047877816784776
154.37344120997994,20.050078586392708
10.820230203210862,15.74014645715161
183.52886290541247,31.397694046356108
121.4648307026838,113.54146924889508
191.55966609848608,39.97639007205772
191.29621067208333,172.06425756910122
191.68878085574494,114.21313411756584
59.63309681971781,90.44176942564138
45.57178286106678,13.929299036314527
9.77240140688511,171.9196934232298
77.89094318562589,124.76216763931023
81.02634915407106,28.935852269652003
114.48023003363014,60.07296750165631
180.7956262621871,11.050413442509663
123.73339017959981,21.228707487613452
51.095091481312075,129.39544845439204
78.39904280449487,173.9983193423968
167.19208094480945,5.8128042363646335
91.08816475802453,162.8193617940622
120.87070901630615,59.344215689350136
79.62620451042133,141.1147995521776
195.88508349834677,121.44176174479216
155.53879708397915,179.29424585812222
80.64056196995497,58.938080213059415
91.41144506394625,151.2500149528559
97.55138268504193,107.34073316194761
170.87543207268436,45.77590952437827
86.4940572689495,92.26766926488341
167.85445558894386,68.98159344208028
191.1240961046259,138.52015272809808
22.06508347517608,30.594949022716055
133.00032108685912,25.66510236749331
67.48144070526385,112.60818892686892
155.47847250796056,67.18409082981367
178.8784533882415,144.21154449593774
120.12340422979649,191.6751912761526
107.11536340957608,194.93171200146782
47.96371976020817,189.56763609696546
118.1114132887715,49.908879972252784
77.42001858928798,119.85390065487586
94.04634035190945,118.86744247584649
178.45517093465696,38.70850513533314
105.38950385514194,138.96216549112674
48.24700599731803,136.7186049047547
196.78539500371622,183.0268006640673
144.25830494209092,162.64107957194264
85.1594721674622,180.68861264622603
36.105814558392666,17.976398162223944
133.3851495358769,108.30606737287722
155.7301045564218,155.41630046694158
180.67394677821954,194.36055600330545
172.22314953970852,176.27299907298953
119.00731073634306,118.17307491357384
194.731389559191,34.00842386462674
84.12045513004445,182.31259123248924
164.2500828854048,158.52108074116776
65.24928131431744,22.235828993671277
68.47512262646568,109.135161346263
186.48455954322404,27.116353764067462
74.96703923483015,169.33298984799904
70.34392841227869,6.88739044555428
97.53966069714374,184.33738403559926
12.681607076409087,62.75019693379894
175.3610018121088,176.30502776366865
120.55359580069442,11.317311619218081
83.25112722522844,80.81778280328268
68.67873047663838,117.59745076228043
183.01591755385388,43.829764196884675
6.016608516201843,195.35268410216597
124.18717129456482,7.922630994371039
73.81473766475229,173.69215266101227
175.35337471837093,13.476711225326378
195.27699871286518,147.15780453142253
12.630585068416023,140.41604946858
179.72505612942965,78.82664020202556
59.538206978512875,183.22524499192502
159.40324326450067,67.49623629518757
88.96795013224641,40.70253191905822
191.95087977277032,183.29679992118164
103.84485203273701,76.62350561035441
109.4815639086062,137.49699394945677
191.26655207178732,155.13675469943394
39.50695912644416,176.4927782001016
70.39169114099086,69.60092214179699
71.92420019886644,21.082142846609813
124.38483831007647,44.753308918030726
50.38873589078597,65.16245621234627
20.019342004725683,24.860685783757226
121.74923599588233,99.43173194048451
140.3858513875909,34.7231673939858
135.35622504990664,21.21868775692661
71.54857630936286,64.56643247912272
185.6201462299306,19.782735621606616
113.56672086591487,116.65424555337385
125.5014706296629,99.82286591593679
32.945902021980075,174.89571679437677
165.65264787873323,33.70971197164675
64.22025584908154,107.35273381604283
106.17753710001826,134.71125437756027
175.6038715708181,148.81803109875776
103.49486613905478,180.86969462951689
112.27035960582452,70.82625315991044
102.26690883225211,64.17776484449284
30.44162867526681,8.657446772791685
14.351571650384303,174.1447204730565
103.68576180093639,93.45271559581704
112.18221838186788,181.01745012086184
45.580625570317025,20.546995332056387
171.74398226597765,79.31661334200588
113.87615847523148,116.94456281022728
77.69242173984136,135.60855903307413
164.9421383165775,20.65023075340985
120.04999745270199,105.44396300327223
110.45556898009207,183.24422403575375
187.89934922888233,83.07549615273851
87.49029670657103,77.61022955382288
14.96310084795172,41.16647859218121
178.87032955307686,26.0664888414927
65.08142941691935,107.17371708999094
25.930375462062365,8.118113888167784
58.35731021169985,139.8114317393653
81.31164792166844,193.51998703925904
111.87153653071998,93.1883519092767
171.51697641665572,166.27848795126158
104.51538908762018,83.62656275002013
128.29932532900963,65.97587953609936
63.02536365626573,142.1771890987555
62.466713546878644,93.71736834081199
172.73355760107088,167.5094241924733
87.8549411558893,183.2019926198315
181.31739156173026,73.61719826104061
100.01492519360005,53.69739238298494
57.07967478246282,143.72571690957767
94.70776063220788,147.78620373107535
58.37261702247088,115.96527448870737
97.13542147841235,66.07001533590598
73.1819123734001,69.18731728338277
190.81243662721172,170.6305937166298
195.66995104781515,128.5526588268222
159.49552293950356,164.1957488471093
36.96407182444896,61.912939360777685
7.417273951606988,140.51654919827394
168.54313378214334,44.102015129684204
44.1335855765379,123.25606329991503
182.0850142005317,26.57092880725597
162.14595332222396,77.71863403279895
183.74191409701106,84.13963663852543
37.637538687149586,177.5139486532867
81.87361875372906,166.46643499494766
52.38247296905659,139.45929375162723
117.45160615196941,106.85043936539044
77.91582515233202,145.99477582363457
27.017672728329888,11.271412803411781
116.72487310832877,33.74960158293267
64.99747415050415,72.28051418518528
74.22617061872782,104.50116284708719
62.0078687889008,16.424892438908497
26.29556493066849,62.78972553017576
193.63860063575243,98.67190480040091
114.95832926131685,128.17127596942942
170.21737808159466,21.949227329455557
164.1921834140036,190.0747785629373
99.89466384160106,174.86951471682784
13.004785792952195,39.38347237748033
129.7046747073695,193.34537012075347
129.28663961671143,32.162778428260914
44.34754272682959,112.90167876101253
154.8423015833777,75.92197080806207
195.819370684282,151.47116598493156
47.19232628729139,138.83797394085525
185.51176406292387,169.5909580395245
32.92697007504181,30.710682228117424
159.43934594276013,190.85876642044394
121.72270104782406,192.73880143471698
79.86974567059379,21.37927818869875
19.762229541316724,196.11294817949053
108.18876833560314,164.8936947358005
121.43052683774658,33.011799530290496
102.87902248387785,185.66146045802932
103.4505245721903,63.37308405884381
162.1007392827821,151.61592952944054
111.67991456789879,181.09941116324893
138.49428997815835,102.79287941942177
188.508306372292,185.87600785656767
108.60808002099142,122.93892855216994
137.0726951554368,39.17355493485422
181.75864211272025,158.97664784388587
23.067703353025486,8.06156302863065
19.582389579376517,145.02419575855532
25.95767582189246,195.45024110892174
176.46399182736624,144.53521330337696
5.4503005539213785,56.0449382967223
118.70573643762138,185.08122467593603
112.39056702730693,107.27788041733525
145.48923790628066,44.61458968400219
148.6223251693581,169.64836011882048
78.81713110471458,25.02448609375764
64.08914459879462,79.93668904352737
176.34351954651288,189.42867848215636
176.40751145178206,144.61383881257416
123.47736800757079,179.98913462601325
80.5108015549499,31.699232932906
62.16079978672562,55.36769664365522
16.10075100570761,139.49769727734918
70.80330191583259,143.36742143623516
57.17279517455003,123.22723372662344
139.14147183950615,31.623428630059443
91.63888309746802,37.75797288648504
79.0118620989893,34.11270009566837
195.65672647527347,188.12375273782632
155.36877850125725,134.31072053589173
173.08117802786415,170.37075326929778
101.06363702733101,135.90401693442843
73.96409949658018,173.52037710648355
196.1278303629046,88.57682637972185
85.40951295259977,190.12273388927665
48.64305313068244,79.41054088039184
29.71826349625083,133.3404248903566
64.29061643368487,176.7660171137127
116.55477600356495,183.77711602321457
179.84731448557352,190.29925976375733
18.53150537455256,129.4388974475493
128.57639546852158,45.829123411346615
59.10609359063849,86.90209698794806
24.937071545307887,137.42574811862758
110.70000829332106,130.73354627733966
130.33283565401456,195.4773056921254
69.89963797382705,112.46353766640954
108.1472949390529,48.08258168291706
156.2829887839148,67.72390225904596
19.823085619566964,178.75281159076766
188.81716823747325,79.20161448965358
185.7415876969061,173.35314281690177
103.95882195371318,48.52736505482449
103.51579106926684,194.07577734983198
71.24434218937944,72.36097056361429
155.3507499378469,14.83461442081392
52.04551354350736,111.8701951900304
141.86179378596063,190.79344858248635
168.29890477037037,144.24692774596178
82.15288724106625,172.28547876767945
163.46084250696757,35.90411664092754
67.86305678268961,121.79016656948171
154.04179158388854,135.22571493027675
161.7567167981361,40.72947653289057
39.78563232632833,9.99708043878059
64.92156106613126,87.53419033958153
67.94126466046927,21.508591093351615
187.8715963989621,100.52366947636915
147.4548902621023,6.572066522333109
114.03364206072033,24.228666142429894
162.96741626148142,82.44617502482157
73.72492271154601,65.47490795997507
110.22423836855651,72.9254122692147
120.39160578972438,190.83986311506916
38.8445855249253,177.2287161375703
191.60829900387643,129.32934566978327
108.61551226814728,108.58472979291372
161.0477929061803,167.05678948172235
168.65358790724545,9.015708187832072
16.603954945226807,33.645470935303365
170.84070695239382,82.1872916030987
8.961108342236614,67.45223162062287
44.44346653435598,122.79192966936627
75.08146657259984,57.09132180807409
152.82160978260893,137.98151145610024
158.46084148973685,159.063304701415
35.552843035341084,172.26525835023648
62.81137130678412,176.89606422703312
30.439615923805036,171.13039960846325
188.4623365031139,14.159403514259406
58.09714533983637,70.85610620209724
167.86189499858764,37.22570008533343
151.7788677150198,30.588977678267558
85.9999724630319,36.68857587511415
176.10073541271618,10.139217581630296
50.810617157892,137.97599745192767
42.989019339608674,86.29219824257436
118.96463044039336,195.8120925298735
37.38685294798112,18.074362085979065
125.06833406961977,100.7678958561524
156.89104703359234,138.59081698823138
80.25475267385573,38.82393593332667
98.00317295888645,88.4317801607938
142.39071135679615,106.41012321437039
68.30712098650314,103.04878056644584
78.42057927901408,54.04115794809791
141.4269082744295,28.30462867103727
172.31484733762093,81.19774537713604
196.5050691723552,121.95766792859698
102.30819302545835,124.85255933059193
20.68810603242123,194.0288991444394
13.574691962583524,36.311420244529714
181.65892005628982,173.44484887670592
121.0585518829394,52.08412930815085
8.003452812652624,69.57751050844773
144.4041232018028,175.4881651802141
43.215163628390044,140.00507689019312
69.82429645160141,134.83262258139501
9.679975794122868,67.05374113706395
173.2142559768623,11.942281168571347
41.27795925507745,141.7898852071955
33.28986055749545,184.11674186396544
52.85667553483018,189.87049402182674
88.37868690757598,42.29495358925566
32.20643791852921,138.4491655678502
166.11904919465806,184.1260602580181
105.19443856077359,147.73100614282498
81.33890016722913,131.47762689366004
195.0390488281545,68.20522723613642
113.53916321492436,108.20894607041869
182.20173513970875,183.9882073093148
91.65427973271606,70.37598935066325
120.68447838338092,189.54974066068624
57.24784574338397,101.42300310362185
191.53701320718943,69.0445510948397
70.91877235807975,74.57341068177861
80.11761612207206,171.20050150188982
56.66564537287265,85.36750990029724
190.73212055307786,114.61167057173915
166.99494415141717,43.89758100356119
7.325932366588251,74.45788481462242
87.1002386892987,79.70077259304445
91.69698630104604,182.18337633532897
139.15461831489623,10.591427802501897
130.51841205579552,32.23645410083241
54.84436775864049,145.23466726154533
58.25803873475499,188.5329384855408
85.50187891400414,137.36595698848495
36.28311516494623,127.7875933850399
70.41727350101588,80.45044163653353
122.74756430148845,60.03474649812778
183.01653010989995,188.00630196640236
171.33020758148888,39.60167331925972
110.14747116495181,133.75541406929597
43.60218310502404,69.28151347695592
131.30279824136866,6.5157916340148425
41.87821900162784,179.89311704143972
32.96759088375666,21.97569391799403
104.82256128315697,87.55475578108775
196.12185305205298,169.17112529619772
95.446638081264,143.42951361008235
105.69706134382365,132.09885366408287
79.44345341925548,57.36187034968564
5.487791164128293,37.090671826942625
45.76774609943312,23.43560068890851
107.15270720278592,157.59815015356827
101.02624707924652,85.85626148284042
157.14029001223008,11.258015776231368
52.48582962966957,179.43020669808698
155.16309864410732,86.51223429188167
6.887946439634014,128.13744107227205
143.3894122952034,189.01375890539583
85.65095198514908,130.4812292910699
91.92230573668907,148.3191292449767
81.8715880043383,196.11935087000185
17.26386700073084,184.6396096735868
193.73346677165185,151.98777823925664
176.88016996129082,25.560628715805954
83.02846930044275,56.146280466201034
100.7216148557514,188.78338410220303
138.43554395966498,99.13883982484818
171.88521170502477,73.56371220530069
144.16646941631018,179.17547830454035
112.83436316391084,111.16299261292525
21.85983551298477,28.368918795119065
120.63943316661003,22.93961559395151
16.640247933230086,171.39617022081845
28.112586352657786,129.04291515413735
36.82930932906464,10.938782798044219
186.19632272556174,34.57820983410843
176.3433845719601,30.172945540821637
15.306705180903418,37.794984035726635
98.54758778750279,86.69313210490564
157.1409264487937,142.19375449593426
136.12015938075118,23.950953443702897
145.76516383009258,24.361787209975695
143.53719753538377,25.084145864366185
61.342029204848636,95.70867581861243
154.53796525009562,150.03365448519673
86.38724458539743,194.47780585251797
56.86754475142973,167.75403676507665
15.927789746686255,58.206215105634364
100.3904897132356,40.28575468021524
49.193760875112545,102.62588225171181
77.58626665471147,73.40140725332215
21.260872449908533,142.9887035809835
96.50980344487957,177.0833702962499
72.2887471498438,96.18609611154484
78.83491814339736,105.71914851000861
62.90211287044099,56.43968592555196
127.17546456250517,68.19651539478971
143.61524584350437,99.07199329722785
187.74114620487308,71.91867064925759
132.6079966142438,196.94117430488555
90.82312232466107,47.59351184001791
20.9745020740028,51.327753818610006
185.0104858359037,6.822587584452981
21.012675527081797,8.046852784000887
85.78321068018049,178.78498225164543
196.12988438902156,116.08369654044276
41.24147414835374,11.88575035876942
133.92549906185366,113.36927449898116
42.592476401127584,22.312878065145892
85.69604227717402,154.38939052677281
161.54577426193165,191.9187624183432
157.1552574658117,41.278239778157634
30.496332238531377,134.05228853828126
148.46528916724702,182.62936808125605
67.58462965142158,139.71289248116636
89.94100668393507,127.28262863391326
61.87258971685166,70.5888271144845
40.12355897712739,188.111967878791
79.72367407703607,53.53314538724257
39.45063535691666,121.89755453921057
77.2388595778895,87.18085472249129
104.63120972759327,194.61925270784326
143.01763495350497,196.56282168074677
89.06044750054491,85.54049774380965
105.07975380160278,179.4639773600177
57.42973237863561,97.1837140280838
98.83047302931851,96.42373806980424
87.872309773406,170.64203019919424
75.55735694002502,126.90284510926618
61.92966314476969,80.00156372528583
186.59724257210047,158.7826416206535
169.22450868853343,179.99265099622937
154.37798788491105,71.44309037566839
106.02130399903089,161.65241128582318
187.02197728018606,174.37089710137693
54.77170643410814,82.06032090227023
74.6845443373284,115.96448614028755
123.80530244524321,84.10850166841333
109.34475546775722,51.51118059821426
47.49003725298255,106.1157833017719
152.35593017151615,120.10697226776882
100.29033019258402,138.17738463252635
164.24359599855936,166.81593314873678
112.4816046855249,101.21144068259035
112.96121033175199,51.4507756871785
95.83836820844023,128.59565015031438
26.538698178382873,23.452752752586434
26.180875298717584,10.127810073701554
34.69441933305511,132.7232483003708
128.36801927615747,189.18565103733712
82.20681095753416,8.588235286681895
8.319779177332254,125.76903131781019
39.7168034642052,189.70954542982554
156.88224375830612,32.218000451101915
47.97532697519195,19.27039251837492
185.6949212307181,177.17830315555887
33.05407106817091,196.72402135156628
98.71133878302315,187.40362708657347
99.60380978370696,47.263739572795984
74.27153359538146,23.95975424061278
189.9493544711995,26.7500411777865
191.2923196867456,168.67770432126304
118.60496346487982,59.47031881578884
46.11663968944495,27.14485545587846
83.68679121437955,30.305397896436645
100.9795599767356,85.5455419281857
95.51581373508483,161.93368616027834
57.83902177259205,23.316133941943498
93.53868561213469,76.5398004026148
69.92004021887165,5.375028133874254
62.04878265511313,75.13630513564246
145.28124112488618,162.638015155042
192.4546703407072,156.46115984013812
51.44750816468201,20.450683629208545
22.38432167441318,23.80789665199435
6.466940110320038,78.82707354741184
122.91664754926848,109.1008241599308
49.8281249720938,63.777305037047654
8.399149395432662,92.69005416130139
115.18833816402943,29.27925964136978
54.310171769433396,9.853977540249232
42.84138618714697,64.45332963950634
106.19247762796446,63.86728562770807
53.63298726302762,93.91027977634928
165.17157953719732,194.99451601705093
156.74463960959616,161.33574532312272
172.50547571473948,196.1041281448967
33.59508904635815,16.78430509310108
119.13939077109491,27.1632978679934
100.9374913450657,51.91064417551332
193.41074175436896,93.55774925467378
150.23137094065925,6.267094935113153
12.866606120949154,93.41815125399421
90.74634892954488,130.20127265987387
173.97410114931444,28.055404554551092
187.61577856331925,177.2745641130734
16.151216677970584,140.7709622019666
142.86041411603253,14.950647277646798
114.01395732827908,66.05246100585285
9.181449051171633,140.13368175245688
25.903538122850513,176.61366006785
139.3375078785475,14.305664596916515
115.33063868466535,52.571806504698614
93.62546706936753,126.764880306199
144.67726621243253,167.38737385626203
169.14127815142874,144.67941363369513
155.48835835118064,41.93155322354518
174.2077641242556,171.49843563815347
82.58214896289373,146.57141836949904
168.3125821097671,168.01656546717757
194.53020142294025,141.80237309901716
117.8752025445752,39.12833816153045
71.89029672275295,115.28827383364971
143.81462081012572,22.334465937807344
154.3740060844607,11.171649697491825
109.82690953298312,128.20599496057324
194.47012736077275,169.08588524424923
105.65940739706717,43.07994684993947
100.74809659637314,86.79674685389155
196.8735938389728,183.0195991637769
175.7790784231769,168.7241899360926
114.67128363838819,26.671571800983006
42.86547877485775,13.4758070403156
109.6778436731761,81.48406664737051
116.92858293188866,43.80314259949416
18.625281320608625,49.298268018089985
78.44280984736639,88.27189502411626
5.538776754618223,196.46965688260974
182.07725618315047,163.4572060704519
73.25427728315402,173.36623052854353
44.552160883697,85.40701236225637
46.19598865810906,18.25941349534018
97.38189339609976,133.34000963196104
51.895535116870484,116.76882224123781
180.73431330247655,78.14619378467648
52.899124614208844,89.14822351655691
154.75191559176136,71.82495708833034
43.73613711467293,131.22857857094542
113.56590184313411,54.7898384640978
17.77401975033741,51.197438412298716
14.122853042848377,143.77066112968234
25.069706212693944,131.03204987410902
8.610869626331535,14.023424420701392
122.79370332205934,15.690929309196399
34.09632795345232,189.67516005647292
154.43460631376243,67.51662621006244
172.91405298213337,74.8846893292058
76.17258192692347,169.00279000958287
158.1865180809342,173.34639416559043
62.62689811148199,132.97036222606587
104.28882735305399,105.501765532769
19.665908941337577,13.874343768884085
178.6234785127943,193.97676230104852
145.17176283891354,182.59724615172337
174.2436661168123,177.87777683063942
77.63517674347796,18.9288867558479
62.984953875331904,172.00156766276282
56.54087557779497,115.43186137977764
106.08707453208969,149.368068593755
187.72080627376405,146.45438595011225
122.12782654400571,99.69673084481992
102.70482949508404,117.55736813962166
154.92606227669177,176.7496781149164
183.82963789013488,191.36039850458283
116.22932860879709,126.44943131329931
83.08515304184353,127.75025683951377
106.65079084439425,101.5336882999587
83.4464215174595,196.64315371934492
55.209204402922914,70.2413552325972
49.669045791308264,187.54044222312956
107.2652523773976,134.32418045001737
167.30999577229264,147.4256926651918
94.21209302470807,92.28926913437509
7.384100604018023,140.08018875985397
34.872596809667485,168.5761073778297
172.23207987345307,177.23659310813844
84.45378352360999,142.7730960604727
12.848091620911397,22.611542582711866
141.30152809779833,108.2058472530704
103.2661381861392,151.07270574580156
77.18574196472025,107.95898875947677
175.43501105537348,179.01795074150294
116.02926608213032,15.620196718450444
114.50461978310206,106.28011621294384
102.10646856742987,89.29675837487552
32.21035709587528,140.07872707990484
103.42205251912802,116.77188496642432
67.83743644772679,5.669459758801666
74.23816815563112,191.3147039939955
96.76730066623321,48.75536500420016
19.350782632053708,52.22023393394878
19.800412396148307,43.496912746484085
138.41882528444813,105.82111739662463
114.74844109534203,97.00531074117094
90.90370786499888,62.128721099992056
5.9367071506358435,179.09013740026978
131.80880359951684,7.143838183654804
27.555666995443534,167.90132284524532
144.42203739144927,7.379521617598361
184.43276832087085,161.81773032807067
107.11218605145416,81.88464824390398
130.1004126816288,67.6872349453362
173.05985028829085,26.19934387596903
61.06884746662125,12.541507166668907
190.07538748873898,90.51070187406157
45.54792973042386,64.7931494279244
43.556078131210526,106.49752936001848
191.50707594953866,91.96843635168581
172.42646488876497,154.91890769072134
20.525798181321715,191.1033351278816
112.90830881254335,186.82066923537445
67.2929402858541,88.96110152576132
111.02859398009569,108.74352098664004
189.03330757551868,115.8068119638019
48.79704019008205,27.43625714246522
158.95618485058196,160.63839099088514
11.544883801604554,25.77063191453094
180.0438273386284,156.702265381696
97.7116955717599,195.0350842598876
15.152847689557735,40.82648273399891
82.72692216365297,60.42606029605284
169.06293236953863,8.0505217623714
190.89749278190072,12.408491914048845
144.02874537692455,38.599629708863304
70.19708824310955,111.83903302410823
134.0365960813016,100.76247676751925
107.35040198035847,156.53544440865338
18.935529539920953,191.32882500880874
191.45838360939598,80.44773544508394
147.71262609458344,167.24447229648345
127.30255426858636,185.79261691464765
51.95799431117197,126.9221776479039
42.33891670785283,7.3903719432859045
56.375154694912965,85.24223354870875
83.43614572782305,5.519544103562648
72.86621320857093,9.676901516278681
114.29620025259956,181.67870657657372
76.97345799434818,146.25328638735516
80.5393535515767,97.16266820865636
190.77458140729084,115.4893465584379
30.64685248268715,13.435554344400149
63.39646201068642,112.97325538299224
159.5933356813739,191.1793903639409
110.66975311092348,188.38451563941442
79.93793404511605,6.682358903577044
99.41797776279246,79.3431435604786
9.049036589291056,166.39891244749515
105.27247163641752,62.75819056337457
79.21987751345928,102.83821355801807
194.48455610449744,81.65633792795322
43.96774382433181,27.844882298138035
75.58809301954179,144.3642526424975
193.87537554760118,118.67191813906635
54.19930930946641,55.297412313129755
44.51407228646392,11.599838683377914
158.64929254940708,10.033623632767165
183.22220929223474,82.97175427473115
108.74796141486964,173.71133669201745
95.61116659387872,153.61470984398045
86.03886029911251,119.52001804195403
65.08361577011439,116.41730191862685
149.72372826403586,157.09989405983455
10.530869671374813,50.783528121515644
77.18094530899837,164.78305046180606
57.10088375132338,179.93105359089466
133.60090417642337,23.711639912737937
88.80676371197919,123.83560375412794
83.04343825624835,34.20178760425582
39.91821950729603,178.3805438770125
68.70902245332498,65.08243810301927
95.72764871955248,185.66677105339133
49.77508924573311,83.19817152714778
185.35431068341578,158.71798725031144
107.06425552630978,169.08906583265448
104.97295534158671,144.9804716787576
72.580229878895,167.14241835142343
176.07258266788747,7.456164884513376
195.24291717891685,88.52102690401414
170.1096221297627,185.95827151833763
120.67888187790477,75.04469470296671
85.9487559215353,36.541867858694445
196.36349900449602,40.00029980438621
25.463397006219864,195.3966084101001
92.85837642714345,132.8651191480128
196.67541960955455,118.87017082387895
50.01710181321414,78.20643188706762
192.03136038297163,167.45288121678485
164.26494694175815,81.89460407792583
139.7118818774187,180.96082460204744
127.82350038445573,27.33438882093892
119.5291215475442,49.72181775219677
168.38600055007885,32.0232136944395
122.22062508639179,9.115284907593347
68.67040472936557,127.29712815543908
149.63434259565233,99.33462578583834
185.50591802103887,45.41577407537636
83.39096300146169,109.4466948953149
110.93858984938183,72.54172323324356
73.47849487058761,88.25240506802398
122.96177882060829,94.56349621614787
172.55232392626542,178.33559091330307
81.83456494055207,87.91420917613598
74.8668760873501,73.09233307282999
188.86365492142997,136.67963637965508
105.71265760709939,72.93074980534809
154.40551831366892,13.293695103719632
99.4648038343967,49.272502240989596
180.2927861239411,9.190189309940395
194.18621452100163,94.74857723679985
61.83269697408911,119.55475880616063
7.24344245719759,33.47098519032116
141.3008287491632,112.28442642559956
53.55913588306699,84.55951722127905
148.19203126268724,6.843575514367694
16.591140251579578,31.864021579685474
87.3220469240474,101.22744618558353
43.48418601401614,167.62193383913177
47.3798089515346,176.27206913434756
52.735017124329744,190.83095865761635
8.230588569393083,39.62396123325214
50.317663421586516,93.46218157680062
89.76406847603354,115.16714595946567
93.18307055668829,159.22500099128482
70.53676568624513,89.43018767055405
94.89274686390655,85.49020975305265
179.0783454232846,152.30951648131452
38.16532821733613,124.63267089579062
167.86716244247145,168.10422338736976
47.531306360260416,195.33368142675357
107.91601530098905,149.34897191889348
17.787386921708492,47.498808470356515
79.55398976106753,98.33737540157156
63.12786126997785,116.37507234329814
81.0654382342914,53.945696710236106
126.92733302304646,111.4088349696054
59.67739836384267,92.39616884657475
80.16642329361345,195.14470933923718
8.245382366820126,57.628415985948315
138.9383591028167,43.86514202999349
100.61903782963128,137.15224322272365
101.00341452221028,150.651114307024
73.91940566717145,178.83615709840572
195.9834529645075,186.7863447299628
83.15414018934652,77.91427015467887
102.3105981455426,85.5496050531354
78.48264713044769,177.3749160705662
111.21158340166609,69.9130043388888
21.342260379188144,172.8730412672535
195.93095047723548,66.7302603485133
196.70411564483672,74.52741530922303
157.36249010991688,41.48859587774394
155.1645339908511,156.36975586973108
86.64129501713559,83.32284973834173
57.00108196851744,72.18344513216672
17.77343544032803,42.53596263519599
116.81908695258683,18.61250068922507
70.38028233102337,115.84683263571667
13.314819511227906,193.62004911943419
155.0691039459597,138.52342409311655
41.4049861404284,29.477168334487843
77.83826180900357,132.0259277361415
121.4976891438378,102.71420822334373
104.72142431316409,120.58240955223877
142.38826955292458,25.19351117813953
41.444809420577734,84.07084152209983
74.37807125755947,195.77377935511439
63.43593823870421,62.35606316677747
31.835144106156033,168.94591164108635
66.94400147151016,72.32533911344613
184.78206549039146,72.15873873830594
171.28245264856096,77.06184460953234
23.58444242756866,17.97482159946195
154.92357229395162,12.335845213245141
54.03880900921399,131.86100770650768
113.8243367702296,195.55421700389405
91.41414986137882,70.55286903585991
190.97132594992846,71.88810951088216
54.18900226361563,21.043269966048868
47.57579878234844,86.80143415924061
189.80194612729431,115.5093363019282
173.14269445824735,21.62049110858475
99.46622048788251,173.68757191765863
45.50525733851383,65.35505972215536
86.01132034578976,147.6077751037957
162.46896807464583,20.853005659959607
66.5739977519077,135.25039329968578
105.35992246218184,179.67252020822772
178.59446240241692,86.36771111159541
77.14760553764242,186.99204204321163
69.93920455393454,124.55067410100835
42.09473237638231,19.116767266786105
107.20191055476134,69.9382135375436
119.26822068883024,60.508704871485754
73.07642669978539,113.01671881308523
11.678074159123561,181.17462404700655
79.67612266727404,121.55737481451497
58.239419471627485,116.03790032631674
88.9619499649166,151.33536827213018
194.5622857388378,175.76474449670542
156.14121771421847,193.09738138942677
111.04913929693932,184.03332658297415
83.8555373993707,22.014962970019536
15.253273693111181,20.498254858066957
186.67722657402004,25.266154542587888
47.743810419547806,182.45286009440076
109.02174536718913,64.92770504921194
45.84341329172229,125.06090068524354
33.14295519450082,12.640856631900963
165.36078640072952,42.43255312815791
6.724217580940712,190.01546998025762
75.08050999634467,144.5720690209179
155.75585053395304,16.372287555118856
139.08661320699593,113.57814006219111
39.41463898161102,141.19357065827006
47.50541605241913,26.456767784506916
49.60834200639078,114.53887987390075
185.35608620607977,169.10633388126422
189.77066371280122,103.89830499932282
20.699117264961462,40.19885447080989
35.39677285799469,143.14690329878005
132.8207913317305,180.5697199651061
162.89906654780705,17.517720217340116
82.60990373402923,80.28967349297787
34.23006479629814,176.8456040397062
95.8365858147799,134.30848073805168
154.97721775848584,25.217391792808066
28.16331677362991,179.95220785352052
96.69223122911296,87.33791108095546
118.5465137697081,58.486507091126356
172.63784797405668,191.23408451799887
186.15780780861388,103.76617134308611
130.49495445791788,66.72187762015284
115.74849947011323,194.29840894712163
67.2291971311582,69.45563417312212
52.098392966201914,18.61362245019984
48.6972978985202,60.833071059030466
53.46525083596526,73.4056417020965
36.30861026159168,131.39603723112626
114.29672246647566,186.75619656249097
106.44243367813365,84.09827175351185
31.70743597638415,18.826566591292867
49.909800695298586,168.7826577023169
43.23247353862628,73.73656922998846
179.36945398203684,73.48427413139322
159.1882252157497,23.418873270134434
120.53875194743189,190.9452141081143
86.02256633721193,92.66847424477476
94.9715623347445,195.00026687853006
180.28303609382897,144.49817893885464
79.66456019968952,158.9348325963198
191.40086109440787,156.61405931780797
10.163199618641492,195.37191211266475
164.36868760678226,45.520248262604085
186.1898434141207,182.91961490167958
119.13096360844654,52.28093653385347
18.362897196925847,11.110038617153744
80.83280412832737,173.527628606832
71.95238722438715,90.89042895914754
94.93756944011824,45.489101221289275
112.16854645741378,33.04390461706148
159.58676062817017,195.2113195405806
6.076906291810654,55.022201984793156
119.56376502710073,50.23361895076362
92.92379232369913,195.98376928996524
147.34958087158913,161.600572583621
95.86573022307041,60.99421049451971
136.52683421808263,107.99576438837046
64.17942225362825,7.662671321735313
193.62592259860097,187.710067036557
95.0208999678351,47.09153485574646
92.61069577473096,184.8844875341799
151.26136476923034,107.92111798984033
18.73177014298764,54.2440930047231
81.81764506479497,115.18244807764273
61.52001061335642,193.0286858867489
46.246067959634196,172.9453007544778
125.38123736864164,66.89932890001705
179.20432778868434,184.57203747730395
18.2917486042013,50.13402264421414
10.503528511917379,186.68163284488318
40.77613318772669,10.85388783779726
76.282378583364,188.25632089573938
165.61182569934218,165.54258183225014
56.45902742364285,107.00938105176442
17.341155048809796,20.441843947200805
196.99097858049734,113.76814481379999
38.18239064268453,25.758735044871745
93.29876440084664,106.39844137998925
77.51024430428687,77.54711247979968
79.02349968642835,168.77432198218676
25.49173303083464,181.09512260812102
104.11994651171442,65.06355104683375
153.3440742764139,23.984222135393697
125.90665138024521,110.23518001732312
130.6166569328615,179.46756000243093
94.04965699065913,45.994239575605704
51.882289281764464,70.48866139577993
46.113616338814616,83.92239724536856
67.82231083969226,60.204028903084804
154.26542654758174,45.92913086872848
64.6080836524113,116.00878921623587
105.10542439325805,103.08552966171803
190.87509724402048,168.54313481113945
91.26573017665639,137.02305587064117
195.20965473197907,128.49748468748797
90.44045691936647,86.09129688782974
50.43854077953901,125.79432917542671
89.06368455195755,150.0106762641905
43.93410064829233,131.40726647818695
39.668492405567555,13.220768755743762
190.1551766529198,165.37328630392852
14.421859385801502,196.649275962062
69.12789765947154,77.1244253686699
149.53317669508826,27.035988993939675
35.08252967162962,17.00613644378425
70.9672535305376,64.2006384189116
21.88893391200491,182.88304048980143
80.1270334590685,131.3038904080301
193.54282100930976,18.961931619343908
44.87533597708055,140.066614204882
165.16423644484541,162.46889728796336
45.61526163659751,109.57435714394968
84.54007701631974,115.72745716567728
153.7800931379151,181.66501580178354
62.96777154942639,109.0430872093142
38.02947362097267,181.41775036624009
47.325674125884575,30.07710684157965
91.52677232541268,44.08938449358417
9.09180627270526,29.679575236430047
138.83530017548003,176.97189992794247
111.58524854286712,35.26317807282931
119.64330122313257,115.35789981403984
80.39865026515395,183.95759128165773
19.02286643969505,20.668261860609825
16.599658465296546,168.96420293042408
64.63946532162252,65.92640731411598
153.9288564091158,174.04009365421152
114.00841780691032,49.20960656781319
61.7831495296797,9.862792223766544
111.0108981103347,37.04056271600534
120.68599878318828,55.86846416946393
136.41727468945405,99.8668604636002
13.781197311371075,61.135801329978776
27.463193326425042,190.3022497206415
87.50797056136592,154.4032549089624
191.5760921796812,45.95266088191761
55.208042612491084,105.45747775192956
59.91546033247232,196.62876061745777
44.864692045159536,180.07781175785433
123.85598760376826,10.614473304154492
59.40094705646399,72.38262864160842
110.12071975305342,103.61802963658704
77.11991888913576,163.74519509096118
128.12502661628176,46.52209029298265
31.340427804904028,25.950392923767446
84.64934800766368,171.08423619659024
58.7530609969132,194.99200946440337
121.20344571121778,84.25058374110807
12.891064563015112,93.75211479418275
161.52035433066766,80.89644004126282
186.30084752679576,83.58842906046851
25.18711590663351,6.64683612538052
130.01270128565287,187.3352488467603
74.77507296960735,147.0289029163093
53.27690472013789,181.2172056446639
25.63982770068008,192.35639214831002
60.40296527187399,90.96450462165913
116.10633450792103,51.6386930957734
71.02492611488276,100.59438157979905
150.67483653900314,167.43284788373347
56.60126807529058,108.08015587342254
78.68033009176989,21.213258029285868
137.91756713657244,30.17874658552369
91.26282799874383,120.27315150858263
196.98304606331234,175.6839873316612
128.0966479680528,184.46174524173705
97.94761901625098,97.27551547393449
89.06028948795424,178.25287861462834
134.345392909509,107.12484074805568
138.12203779010662,41.2868530543451
9.315239743827682,39.74511808814335
91.34420972161361,137.3443708333755
34.90042379156444,137.17262205503363
14.37218895556908,62.82970588849512
31.46590166742118,142.7637893999514
35.0313881169456,18.431738926226135
166.73354473798878,40.95956965275498
6.612092037839452,129.19891730608003
139.14990801380378,13.110911074001626
37.32769835988293,120.25971221677985
172.30200850277936,173.53304264234706
107.83620707271655,144.47853656295135
105.81935755484719,115.74958583674346
190.45552349300726,170.2023000094553
128.8427199193147,180.2339929043901
191.19739349566564,111.79967434712444
100.90264396625336,194.9716304597105
173.2909689392041,147.54052850813272
64.97085227894725,122.96071951393165
122.13498367995334,195.7145290432563
190.322316401088,162.21468133341781
13.661479478290602,185.04881975079363
166.50469470934053,36.25957666574135
166.63083652301196,12.244725765823752
36.40483015264772,133.0028332692148
40.08983425323139,15.206689561860287
87.50399705731908,93.89286626289969
14.4011201184931,136.1342236553175
18.243524906238974,32.48855408867399
155.1721162573517,152.75463623052607
71.61831258467724,88.55324372830383
160.27387369049399,31.912490169522698
189.3861201611025,13.63044317698342
108.76249152505277,133.96036997439566
114.9502820034676,130.75767003781357
44.86560384871043,192.42808356277894
188.83149449258457,84.98012705842874
26.12703132830954,19.519046527128285
190.89827381889637,29.3021039857482
194.6007654662205,94.25162887437673
77.08001538292375,96.3435735464372
121.15790545845762,94.93058477238425
62.79229936679104,61.54413112758505
143.72505695004395,162.80472011779
130.37995786212156,190.05905645794695
186.39964940500255,166.46059796830824
101.32424173583559,73.70969210453879
31.198467996487658,141.1936174507803
173.44781447622125,73.97058186310333
12.942651239118279,10.655834144033951
128.57158325904533,100.96446952048588
118.52546523548838,78.11871571012207
66.94400781832351,56.08232622574062
140.37082287339726,111.73212946021796
21.145259894205385,58.998006114543315
65.92459146778427,80.19169054454976
163.26275570688557,85.8852422093578
62.496304489894065,141.72973363659227
52.43726629741736,139.54669565562426
115.21073857397296,62.349086048143775
44.526065453453455,122.03680227326404
117.78951085785907,114.42218715626153
135.13410234540913,17.13914645286926
67.627188755508,95.59925424517422
172.0987059330207,150.91981489994376
42.49005620704752,130.176098139779
60.70050061615816,180.0440566214225
196.79323623860355,132.79329677711914
103.47434949985958,39.88859313567501
83.12658873873576,132.67954262719573
32.56170737113637,11.15615407597082
83.91593505063264,93.93462892798443
123.8330855565504,61.34099696164258
16.250419145641814,6.46610178030268
72.02506439168376,97.15751982110112
182.40146091925934,192.37986414047478
49.82051591348351,110.7131842325815
121.59615731704851,16.999215167496285
47.50182893129182,117.98276758641413
61.522734861189235,64.80534714788173
99.50712184265488,81.91893519499644
175.430408086263,144.4135491807345
172.42624232719876,25.736244693514415
152.36260635888112,37.31087187773009
184.72971402779496,70.2725405533682
35.15625436555472,62.11208225639024
98.11484757300205,112.94513098667318
83.57931335928276,42.23403082876668
92.89809844548103,100.28287705669676
149.6669267721363,189.9266360822497
90.80698382793767,75.62737640506805
144.1141507611916,45.37952276366724
20.851692304115286,188.29906239697806
167.56667217051978,86.4406380620461
63.93809932976128,174.48095502373184
170.21654265128586,82.23095313401899
93.36731871623346,173.72848517963476
98.30365085249589,90.89106610988729
109.85215379886645,32.99824547614621
83.6317966771922,50.492968830348254
191.902956041029,176.36510388372622
148.94206669015406,14.838085485796277
161.70844032645118,184.24946911649008
163.12882277771052,152.79888030189923
188.03423897021995,189.94983651682867
95.86229672455211,95.13035727223699
194.3401930548625,17.483239162016552
19.430684178025825,54.44472709313304
195.78067390265832,168.53068087452658
70.66783723091707,143.5243483239965
137.43377831026837,10.968784419577554
85.89483348537746,164.63480923791798
84.27101509816816,187.41243305545223
43.95712724257095,110.59981657932263
20.413641710214222,167.2133852873818
14.291155306945932,9.231491420886417
89.62289220970543,82.44184908597258
136.25712462567827,104.7382651993315
190.46687793849,10.695805696831968
35.62601708357773,179.35390448905932
91.23630979635946,44.02697263195039
174.83596804688867,184.36092996188233
13.993733859875222,31.145668402186327
170.94187145773506,184.63873848417165
180.7517568615701,194.51102079098646
5.767278478084505,60.37703317864466
88.04139320559541,169.10976428488226
110.65199902345545,62.61768220880131
128.7931227454051,17.538713366944364
86.1196422913458,190.37006476619095
84.4475178982441,58.06589675826666
167.73738602248693,182.1998582449783
115.99578135776842,40.84172951468202
107.13027784751762,132.09790116648358
56.79161132879672,144.5935717079186
167.0686110008145,5.737716742998238
126.58778665697047,64.20280338426444
172.1517098133649,148.28644408716312
46.413387217358746,98.86929963761384
105.41953483706386,104.95980590063023
129.76734130258313,110.6641154336099
97.02589940640367,168.3778257792055
57.551685182466805,66.26215671449593
46.74657343127863,167.9683045674373
54.72699498717023,92.95458004040024
189.9287528399431,141.44230392074522
190.33118703642103,23.898656202713575
166.45917351306977,41.505812311233065
82.61364934591387,63.373509188045325
99.16180221572029,116.81668794038325
80.81900928066544,19.411495176091854
124.6342576271634,6.66465191291024
105.7883684135893,40.290719029224164
42.788611838209505,76.57221747275709
118.48234347551319,10.483152966215364
110.70202839872918,49.26348808568704
117.37827702745496,109.7860751275077
69.43172290930039,66.46724398070924
144.26039005238746,20.107413085590665
19.984208996211418,144.12790072666363
60.86736217965512,60.939051031883665
55.04576496701426,60.76299649815281
148.93723585619819,175.29161776915615
58.862982698930054,83.86449387284773
153.6766569045563,131.41481530126256
57.77666981800486,183.07811562651162
57.628649452569235,5.695370183609546
53.776570374997306,17.435699009496105
161.1957132640543,188.96685192321962
193.9323172788302,120.84820197467904
89.633079362575,177.492302326049
75.62257213694296,170.5772670883282
132.78701496857505,8.167290804931401
29.732187792809523,138.11253872835007
48.33710873373839,168.0027596934754
147.95441753536755,99.39551585931306
84.82814528617686,166.40377280643654
110.19741512500957,64.25854213692827
184.2410944020109,151.30831531366692
69.38709109973442,125.65848687165936
154.89064438836502,145.7095625394144
188.18059169288918,142.45698271477002
13.99609896496531,8.592915384076104
47.984729850022944,136.26694106434832
169.96573933444762,193.66339618642783
155.41481954687515,185.5260664088343
88.76835264814045,77.19748799451392
25.256487243432556,172.93714631731908
150.33959408604724,162.91966028312984
170.5912507968418,150.6272071817092
38.41640062590132,11.291787881712215
35.478260215126454,22.322421224555562
51.452158441458835,191.47562315442042
100.01029582314936,171.96494678948758
195.09741555381322,134.2436150038777
10.54637413225259,46.86225327556496
48.07549801624138,141.36611548732378
123.40471086155118,70.87568638811248
122.45908729124424,42.281172270202475
154.0970668256129,28.15536877179157
164.87016671764206,6.379388385492883
161.90130721985858,153.50165390470136
111.94315237062366,92.29388474725047
190.2229051607843,99.29960424060098
60.89481985078685,182.30558025520185
168.87727937014114,177.00817400624405
190.97123501977788,192.76383217568574
7.09446672551668,139.09771722977968
58.68031400128624,173.03879955482535
9.786804952107108,40.89330032624566
193.0129202214772,97.21036556594765
80.19353575142587,102.57973352084328
8.964142813216625,45.97205425741285
117.47550756659136,114.48767846420894
20.374413484844208,24.725493391289195
72.07145091737766,63.31417003119197
117.11248733996167,60.05310181278966
21.550772320976897,29.79015321139455
150.02392614711033,107.6968906463479
189.1356947351923,170.9731472421848
83.82976707344163,100.08250897555136
9.90403117926314,170.23928703605708
84.15448616178476,130.0203188083349
187.07969125881036,135.49296912595628
30.209299208336173,138.38339645959465
132.07607883829448,9.130690587268226
110.23697517477076,40.13751463228621
73.18792229251339,7.637354017808918
53.923765114262025,56.70002583444792
50.12056697579952,180.81785746675075
64.05323040000768,102.5973592910126
30.70314077536813,173.31285886814317
14.850447220506265,136.3170852789694
111.02360573884049,182.53840959617102
92.12939183762796,71.35139525648032
25.030230015222063,168.55793274032078
92.20807276716995,126.46333044370608
78.59341861940824,145.97144319118817
164.6611976364164,146.51228215444445
77.40402022738623,99.93533848940524
46.40592676622251,86.48638171212431
122.18278701392309,86.28703632612459
117.31863113863443,33.54115766874166
179.96920213649577,9.39682033867711
170.48477671867548,34.50962926016083
23.327956915173264,180.07054787043754
32.74577156639932,138.85951574452992
14.810367129452223,129.1502202484449
59.86711159688963,78.3671675393714
109.07841767241648,186.06368794026992
29.447243588083467,126.19424714747329
61.03257457272525,175.45184593488108
196.36020281831017,136.41454356076005
111.502765000866,94.61364550466344
170.30891887232627,70.63778893039668
68.79232461445741,135.19569331010442
186.62291256931437,69.54929762068735
116.6729345750501,56.19303679482854
24.77384112682177,179.38518727163645
173.07580298857656,22.782068470403125
189.2840832586649,180.50808110993503
159.84881858428213,152.49561922431434
70.90293934316703,64.47806895700647
159.3609307921271,25.324377119897125
166.15826490271226,185.30471563922006
134.11144935584858,188.83184697642548
57.399576803740224,140.62866880377717
11.859012800882839,51.249169820753536
80.79714535145983,86.69824663491433
84.23845004863087,138.19966718231117
124.83907261925681,18.97168769373402
196.96121207952007,79.8504529334139
144.93183078796685,16.82946187496183
43.20182189958032,181.43596334391466
186.05109351401381,187.95583194178246
149.8129953778015,67.86144674879111
79.2181267472518,71.607794929049
189.5373568302584,144.66365303726838
185.87970086923582,31.92614667926023
99.27540979991969,170.79363351771755
60.877484451041795,191.63827405875006
169.8678523579324,72.67469376037235
66.35103341283319,139.4498487431245
143.4496477831415,186.2520181639076
47.345189323130256,117.62784182189337
111.66080410567066,86.70252649866094
169.4424973589324,195.5934300555633
177.85718893272565,175.338663780712
165.02124309181156,39.21164979446437
166.6928139270613,149.1303695366407
110.7850012140537,195.7967899737145
159.35658700045218,83.31907637581742
168.88487289707123,152.45544329522454
53.34071117879117,166.91397975646075
95.71830557895359,37.146406128383134
140.62298313619408,104.57672366942387
63.5383458544498,133.99612595483643
98.26289192984133,131.6692122910533
97.59068263115503,36.428294888503984
8.388067402479939,68.62066014758365
88.15085136070317,35.18076685587919
134.49558582171335,109.5149866054533
110.14664680972615,103.73428156843303
100.42238019802986,79.2620975747373
55.222413219790845,13.952543449654488
122.91931652623668,50.421006256408035
39.53530542871965,186.43264306981547
61.68111586005322,69.16678819867401
178.40664669013947,194.81809000948692
16.8581459986403,37.522095931011755
18.45015071675244,177.71973988496745
155.22594214594977,133.207625624722
179.9769444661216,45.84544405840174
178.26834262708488,76.00110376042198
55.21698204960387,88.07921139378881
35.717291533820315,9.281281735159851
99.27812143698767,64.16476882125582
96.11051134744211,82.46957833874984
28.274170021586915,129.81148136089413
167.3891720641287,67.25460181046678
144.79317620739434,34.97520257143193
39.70633269925135,15.368277033764288
59.416252219885635,93.09242135106993
38.204811324990374,142.2766892411566
158.08589521005973,71.41594610104215
84.92451975449087,99.8266579209021
176.81435664167242,21.90361841190924
80.14594037321197,154.6508084470725
20.879648881281376,21.782496832914454
46.38952787339083,186.72097546546772
57.43225169219921,186.06016270947964
169.5519584548561,164.2082370211864
114.18469058116892,68.08623328421267
82.80181207497536,80.79329436410042
172.3020384804369,189.1953571337491
54.13075751118326,11.639380519409007
112.22462872345132,120.12148625763308
98.0529837799289,114.27112186563362
182.6490206347266,6.9262100067822905
33.857868981161296,5.464058647935543
100.03492851364686,170.57698883594088
141.87881417346847,15.866967642897677
93.38158061710897,139.2561960956346
115.82359820007224,77.39692028798163
138.41498126091568,33.49332742842992
47.45657566370651,18.73246826500638
175.06222021530553,78.21983191071259
105.11865971991948,104.69219561948609
42.9737865573005,128.6259167744643
155.3784246029185,35.944390745089066
61.922213148491814,23.33796893719118
6.7085824676176085,57.75115810221941
42.87634981996194,194.9887691552548
123.31473512781999,74.28269644269416
129.56167414754387,112.90524966030434
18.399215905631667,183.4960273602565
179.66327492426876,84.66705287466851
98.26837179242648,192.77916568583152
36.277907377712275,143.93761730068744
114.6668370207251,130.09653346914848
96.27613801994134,84.8672601282898
75.71285493710145,119.7467827304551
80.25919208687425,45.02380724290799
30.60941213762246,22.622861888854096
108.52347750327277,73.4472913191001
90.69601254434183,176.52291742071242
181.75014127422475,153.69556597808773
194.31916005245455,66.99953341576108
101.81561835193601,185.10582006349387
72.66105956291837,59.340731260737705
96.26618001233805,124.52007045374975
36.60370866291664,194.87329537389368
93.81608429260311,154.52372145659996
67.88962908528848,21.732428649030698
94.7264281829371,34.917573416555626
166.14866707543067,165.8146793525819
171.3020352071235,168.75244531373215
92.31819184691822,58.83179584363803
121.51281008529173,127.36639516279772
155.4944746569771,72.24928614764191
63.544453509394835,72.17105858708365
5.694109492697361,39.63372241805613
70.36871587690935,59.14188945627906
161.51423955271497,86.85364713869338
13.854342045892118,182.86099152918027
36.38390034557241,13.781382768023423
170.3826790009665,5.266326511479187
64.95669250262998,125.52380807721124
24.317714565091315,177.96627215700664
65.45448503558443,59.02720756684686
56.8708982988529,5.13307794435369
148.8341197796995,106.20089357252088
21.68992801454942,44.323139381868096
99.36084122179332,95.15025341221046
87.215232753727,149.11880785002657
94.50268346448203,50.530128430946284
127.74840047712914,183.79021759220706
24.627392214318622,185.43627451486392
37.4576971083055,119.35033651528725
33.50286741185293,13.7852484384629
67.87479717164344,95.77436510790811
62.5187447592603,88.16721578487697
21.00281324463299,15.480307712693099
183.3197495657731,169.49833767174934
90.74248990005655,57.370518259885365
65.53011612662584,193.29307098574958
51.83233108194329,180.75290430762698
123.53373869086167,59.63092219825205
71.1272031337626,103.6570657960583
132.4601107998188,35.72635267900078
95.7091579168133,36.834832198857164
94.06256540546224,69.137929500379
7.365463624363532,54.615357642923705
63.49124591532136,123.19304639848698
191.1637904281826,40.859697069004284
168.3256652060941,19.52740507631057
154.77387595732228,161.77539588130614
170.53665407462023,194.6576013149789
83.35479127560284,156.33915015956694
191.89522275057894,5.485223718128006
119.49098845410616,29.67819984248574
92.92215489006503,113.77853792808664
60.81372609324901,102.1170405193746
164.20045225347022,28.11398600982363
111.89068973450992,195.95640794342546
170.3849744271538,45.40936779125681
143.6663251213055,18.883875011852897
195.83687237214528,148.83054281898345
123.52941665749469,183.8524834718095
94.38187832939055,113.5941691583585
98.67581799719866,118.51133191981351
92.91380953078787,57.9097718459671
9.244936199597541,189.20267767183176
103.39380613026046,154.8266042472225
75.2308339494801,168.13017825710804
36.853466563156736,168.24568762532107
108.11316064848693,178.5977916032462
69.86660415088905,22.9155906004244
158.98292772032136,179.0546932461347
108.18329729909539,75.86352978824371
54.1880080797172,63.70145517253249
87.98280031498018,161.10341646851867
61.096934876946975,176.83913847228476
123.7868500263774,7.155542515945276
82.74102373730204,74.4386256852253
98.29027936114153,45.34586336944289
184.40873080761585,90.37229461083933
196.49982979790738,105.22341426317344
75.15190244711557,77.15844785430043
120.74330981308596,94.19804172069612
84.7245225575919,50.99989975564277
33.73108325984861,61.310149431381106
143.81042327986313,169.4401688204877
141.83668257619894,162.77661280669415
144.0578909607192,21.436090347088694
110.80814554043235,40.92752094757917
83.38761891196893,120.5224035275213
80.07853570107075,29.61041888729279
190.25585013487708,169.77123336642106
189.04026828896843,193.05955790441067
125.47050602454341,45.56250448582115
85.01959552409187,39.11992256977859
70.00012711920463,143.3163448097949
196.53893596398828,71.94402882209542
97.27475060177504,184.58967369310486
28.018671924201705,172.24037993950495
31.944212986461636,189.20927256475534
25.674562104896363,133.39634883092725
114.74390827893318,103.42460830488612
100.88651483351724,159.53509485566113
73.88114884254674,5.71657573986554
83.2367537403611,9.657654612070933
44.50207726814592,89.81261543545173
169.06530029844265,173.09783790791408
188.07729435516262,142.6446742574616
107.00712476496686,158.8813646338168
127.36930133125512,179.3337479877739
164.45339390087526,41.43680685093239
76.33227531438502,19.80879105797055
125.58935484900354,35.7502965497898
66.91194957979405,58.64852978040725
82.74953891447615,128.1834420012392
14.00314013684997,49.0091019888226
85.80475649597349,129.24625494053723
15.871817033241244,196.17058052689023
69.35995690294739,172.45428570137003
165.4018903337023,181.25834406780194
88.90757897094306,177.19338261500562
155.62260904608806,16.408796613068628
175.1906699748857,148.17104112690174
114.4859496517258,183.3153764445061
14.52644699024432,18.563066210276318
74.28392238235577,77.97716665944027
6.82642278813902,7.397156094104302
93.27374986785578,191.19927773235673
182.78229033542576,22.434182953929415
155.68980210909393,193.47339095579613
92.33662226484584,176.8477249792025
96.27063000753228,37.09231477125419
179.19478430416964,191.71426135065238
12.323446377211416,40.529447681772034
93.16174538243902,68.79800798109778
103.92678729722728,157.9573711601716
138.4085630498875,102.29917059787401
175.52096109219502,178.4262388539792
120.65702643228143,38.417902898728464
125.09389052061695,61.945541670311634
86.00254951965745,65.86522745626506
127.4165145825731,191.89749172524606
102.12409956698437,174.85450210006564
115.13093182091681,57.57727086747738
111.966250595911,130.1256067810505
163.70985877618014,11.083288989480542
80.88471247345711,72.8840629016937
102.15260604205122,127.74625225329628
93.58758192449842,79.4356104308079
76.00360425886542,119.2224477789838
120.13779984181882,122.32378119639286
178.98144836649863,37.422083235011605
112.11214115949558,185.2777096558372
85.34324113317714,163.83205610215865
111.85504192047297,57.82161507075111
119.25996698005679,180.65167437801247
123.88670077432222,111.78865166158997
50.75815683477893,16.357501837148952
142.07902635264054,173.46582075102882
46.93335532857744,116.90228285033052
59.5047401940119,181.9435432757001
73.70944752950683,101.93693802381449
128.84066023237563,186.001775560523
165.70557742746843,185.6881458249793
11.105836733667482,184.7857652054113
166.33104637845912,79.7992470678022
114.57089396575952,67.34329375204577
169.3624358722026,173.03291159269415
71.83026050921424,5.816756652457608
134.45484054693804,31.247408594667647
64.97790364182268,192.73217294454443
166.92048931222342,174.24548546536366
19.353646222791678,173.68115577549577
76.55209986271475,181.96011439830738
180.764937210698,83.56036085846712
109.61855451527488,52.23031181474011
192.24759183051225,44.00057286114441
89.60238577005082,130.19495551962083
116.32228886441632,62.88657435553453
74.29141231882902,166.87005837875213
98.6063876454716,118.11766913578221
106.73653249225418,54.08205982606137
100.20929986317432,96.89857761283311
164.08381234895472,168.4663195723194
9.35051051916305,15.06948588976528
159.10827720199651,174.36709821681208
86.18643253394458,75.72947917965651
171.0377223362301,171.39886686680873
66.58995607076113,105.05831096315644
11.169700671536614,11.159554291875052
14.303777669778274,26.979306257589727
81.85195282170518,91.40300216411875
166.6368263490852,35.63883662983834
24.17160863471671,170.9564921616389
112.41143116834392,84.74936750083457
182.67403695303412,187.84366847366547
195.25283914554262,146.58859889079469
37.52199755954827,14.117653749905434
173.86934878559913,70.5990687360694
55.44258168370347,108.29077941557071
70.90143786571791,59.402636333939014
98.0890706268959,157.19670085325683
166.59832257519372,12.09064195602267
82.5164055680501,110.90685209498207
141.47907237524657,169.4590825892124
195.1734429442214,137.7760988912993
14.437073618664312,16.306175758557014
5.3368883666866935,70.34989175195382
164.63089944111306,28.90683500208191
15.583068002009467,166.9041023398645
170.1209566711931,145.66821480891903
72.33356803089502,20.997183870045475
121.17150168819495,93.45089449174354
8.062297430390988,14.16050305310373
142.52230035570767,105.65783299874671
70.06576869841899,5.489717062656469
59.127624752497915,66.44593723206756
76.34849410960727,177.68387305541572
119.55690354267507,192.30419957783096
193.144731623478,137.61937687374876
191.8643154383154,19.414568244296042
8.025393933114373,80.11636098072665
190.79727502942913,123.61056556761997
144.5081409732563,191.54212539269167
83.05056032110437,146.0966577251175
193.92290172029652,186.1382997211717
171.92883475821372,22.45403222222403
111.92091965589604,180.37626303755255
154.04711695127543,6.939589140512909
17.28427658769765,52.050875250861
116.30988643889047,96.92931819212167
183.6832108746202,176.22137528468946
120.19281526631539,123.33811671312058
33.27271262031128,132.74577273322052
43.46047920276855,63.52978286055119
101.8246869898662,180.88829342438697
63.43620165280009,121.72116871555673
9.33831190768242,86.2933510253196
50.12476563026871,102.32198602299397
106.5992079088211,106.80243018979375
46.49939884917438,174.57278282732204
60.70430421882189,70.26265105990483
15.900709300550028,33.75369195057221
164.80755725780028,75.07857305212212
74.01506377512781,57.66075225191575
168.7476993375316,177.71065313331107
55.78726877172232,169.96859682416252
101.50463239937267,159.9978183973555
155.27355116934743,182.21828768928773
186.44030411471974,196.64800588422133
101.60577717480437,38.75309980706088
82.33424182741743,25.23408150282853
119.92777516022778,56.544872688955174
187.9223543565035,80.3346056045206
18.950016202941878,175.40340956208928
196.4986119675992,149.51310650070002
105.5385573994818,103.63873485527132
81.38484070623794,172.66103664989404
107.29935090985525,111.97853060366157
8.794300913313146,169.08833307364196
55.971523702013755,128.95374721023762
82.58895276483403,17.83699713434829
155.84444217075838,80.02437610414492
166.87581648768614,27.786569272299612
70.31349716661168,17.20184230216424
71.43283338968091,115.8922605833624
73.4972793206343,191.23636291825196
10.345278837827784,84.7136297282577
89.25801946720946,109.88325824885295
148.8351974491475,159.72690776704917
12.151997497467415,195.53251800691976
61.79459534189796,10.390653157762841
102.78812666721366,193.23590138737464
76.64560222816108,61.31209379298852
106.84601816876582,177.4678831159871
192.31185012122953,41.444643078277664
7.343121496774314,77.48726292168988
132.9331333328884,7.145204739288493
23.37730899503375,128.86303955917558
180.1950243171576,36.60819479298033
150.74291352220314,5.873855889417648
140.57386909079872,177.29676703758673
172.17541923004578,6.351313616548838
127.52933427686719,98.44712049378825
5.654020344680219,49.458403914662675
101.09825979228287,112.38228519411784
88.3815730320726,73.570372446761
8.995785920390997,41.04726533430137
22.18810974096119,183.44905780575897
115.93680653421947,196.55251529189403
15.790945831968209,145.0227771118949
190.3267868897692,124.3509728242668
110.44730841623245,129.98763669743025
147.10157383227912,189.0888730533439
20.89150463919596,188.6150220031666
13.718219244501235,38.48300644975306
163.49300594525843,73.05898268248545
185.0590345139633,22.445005247972283
117.94840145347897,183.818205552154
184.6261142339244,177.42099362216527
65.83014441209397,59.20398575123208
67.58618399066474,121.83693212952204
168.0092337149577,178.20022041798518
56.570018965451276,78.29654960257987
44.79427099423861,123.81915478140131
149.98048355591934,34.11958929858597
110.64626509283552,114.52094201669989
102.02710774526065,156.95776726287014
100.94362995541177,165.86265356227767
54.257859127437904,177.88270611144574
70.34130621151552,19.321132860289502
93.86054569525615,185.62881033943185
123.48404031630258,49.34669053073279
96.53128967979752,61.9559198982601
116.22508386559728,88.79812019355246
96.258420325207,139.22759465093546
46.084928596792345,63.88659434006635
92.82981242242796,138.7733115751351
179.84733656320918,150.05702317592267
171.0055300035622,69.56029139986755
190.24630104145274,127.43838792925361
85.63375951927512,97.73525417549263
180.33201657202645,145.55172711554823
85.53438020141712,46.00796882414011
175.73025485991568,76.93236290324604
183.8803196295047,41.17126427661588
70.84254724857821,14.798672796009404
59.47577322684908,195.02240010242025
30.52429511079509,194.8789593452819
109.26215474793695,169.7317165697382
138.47897545906258,44.92994015104809
178.13809736938728,167.3553989468033
6.341920512588586,95.50171786963543
44.311973999206394,88.05953278399411
92.90441157921099,189.9918955984243
60.974669632918136,72.58654563751944
42.8871112844986,124.2447446156789
90.32102067038574,195.24998528017372
51.66545874476519,121.7470033966857
149.4507363027104,108.59644002177892
118.36802692226993,33.53474411476766
94.05660211506999,160.45530418720267
78.70088740901092,95.57721567649365
103.68529848867085,165.4511600164965
188.41475425445103,123.95759437497556
117.84478385024819,50.76237927417727
151.44688196319126,154.04274298446413
77.84170709505028,187.41780558561618
113.64968686409878,183.852716888135
189.56202370315032,36.075539699664304
126.58258164416644,24.145150781870328
62.86511719044116,98.23573309992783
19.74611791807082,60.95595949783447
109.1585504475868,98.21812357467287
132.80368333725318,13.22973499226567
155.68484638598468,188.31239104689593
126.90010880433388,27.52808791294423
96.89771148437704,191.41736308189985
74.27368554876931,78.20622925048426
43.706720784084865,174.24723824083435
112.00350903163404,127.42029018918062
55.12107410922237,64.88193683949382
195.94938233907612,101.0500517684217
81.4677688547785,114.61173256861292
44.774508552661835,24.679678970389297
118.93811062018305,131.61938360295605
59.87096908474086,63.168937835097566
47.41198519525681,177.31553410194877
10.0,25.0
180.0,180.0