91.15016240581879,46.59733917096052
21.49048284535364,7.331821835900516
29.394625168291697,32.312945328173626
171.14159152638345,46.170711715621906
193.26752736387823,161.01589938575995
175.85683961205277,122.41500894365839
90.68028994262144,161.29359567334598
92.13456667306764,134.74642655661268
8.342291640672663,14.965600769792632
44.34884457951361,183.23721370965868
16.161821727956102,12.344125878170637
168.28095505511385,119.20593416665683
190.38222091138616,43.0974000668718
33.97945659450841,124.78692101094498
173.1827224584895,196.03740089025604
32.808680618849664,140.0199423875464
183.19034158078716,118.14435405165881
118.24585302389133,8.271096511182762
186.11055776244515,69.5067478644854
181.31706608525818,127.72383208518548
120.23868820326948,151.1081828443359
187.26992361369406,141.41566379202047
162.63213589117888,189.01525574301587
14.407911511274486,190.56049238563298
174.2193407582663,27.937617861920714
90.43466377358992,21.33696496763334
193.42239469529943,14.393913764156439
20.54787290818433,144.71741540098355
106.58117325617235,118.02581535066601
183.9820425762721,180.64935781515814
164.56938739221707,35.728138933820034
164.49311254344832,53.383484966246634
95.78840586717314,61.97743373941896
89.93892813651694,52.910770166715416
34.18366942466293,15.89048963754535
31.95166324115937,141.8637002733752
63.68087650121081,183.21584766567045
25.353094635874204,189.14883210601872
111.5722171199713,142.31259298543898
18.92842804182114,9.486774197820328
97.22695649696578,19.398085699552833
171.5101816191513,153.26384312469543
185.71740442815957,117.00370946305158
23.600732295589708,32.36082002153834
8.121108466041193,78.9892345520057
96.03599530912103,55.4844613309307
114.21676721340047,18.39940697276491
87.31576640074948,195.59573422655438
40.32107428174574,116.41842074757137
28.920068976505636,38.90298657805552
40.02374340177465,8.418861295377063
179.76167874833467,181.18952181182675
81.53466016025311,183.15354767886961
92.58988883197796,170.40287919358548
92.62605274690989,13.960963148705982
196.80140242014707,135.01762436297219
183.32854057076722,119.52547498452239
13.628446228031192,133.61882050619127
187.21032170887162,107.63002048199466
23.529525700517144,148.7001164510612
18.961335617956582,140.36350795696265
114.26199552273988,57.49278467486229
30.677592482402176,117.10208367925095
185.74806420400068,189.21153725802745
102.06099144566473,151.00969492485765
102.23646982854643,8.818037002516421
177.99220053726543,115.76296843862654
104.49239137577156,61.4857737753656
33.284544075800845,129.31203936715542
7.048019573232643,13.951778823999891
169.7617105312198,13.717895235658752
5.0886055376932955,134.38410612838467
40.66039140216663,131.50267988365252
22.331057927212754,34.28030247730011
94.13895754838425,193.9450384858111
175.12506435850514,166.60697303161575
166.31353302864835,20.000866230256456
173.00544391158056,151.3844973251906
7.561851366696594,132.73306185224288
192.86004526969015,132.61789733301666
35.31594314728653,146.21549793840254
161.73727359809212,121.89306903861616
40.12977274222397,189.57751800164675
181.9518248421425,121.2309814144219
18.30004038152984,124.82604060836825
179.64898599909068,67.59679239359689
22.8155743172691,41.9735293976553
21.055699990267076,71.9677637480873
86.54071414752894,50.05723375297618
164.78830798509696,195.79116088897686
16.153516879017268,171.22393290697207
85.13373066577955,103.00294278691976
196.57351314072253,146.31361772766232
175.55701487930784,150.27907036320417
19.185649190413997,43.20549990206089
194.54252277935603,122.33480212727757
86.76911835835618,95.23218803670045
171.3362476661586,38.17319961441093
65.3064768281408,182.19722420437043
190.33673332272707,58.58363605492982
115.85277588808307,196.73849483575594
8.303580979358523,123.00098825496896
181.89304362917034,144.33213720668365
195.27668096744137,138.4172266435967
94.76570893239831,65.04508078962402
189.16971726082966,71.6337353272176
103.67557125529932,190.42811736852062
180.36705704741388,132.4409257909715
26.693605838987455,77.05362696308296
194.02394087507923,55.5483720005004
107.67608746243302,111.18821856755093
22.220001395239983,23.38547548303066
12.51410079802674,17.964353541213185
178.83156669305637,172.4091015507099
87.32751514470226,29.813013770520904
30.015195557268044,122.2881036432974
90.45051375926003,147.19505992617883
34.180007736729486,184.32588656978734
37.73387977611342,189.8312547998412
169.21743007101279,172.1453858720666
32.12525406602487,124.46430705309928
176.37157903617097,79.94767122816639
189.0114971461907,22.148847838401355
173.66432781675007,11.907656979325687
119.73394705536734,138.8171986061624
8.587561864655184,176.21403999462532
193.28016127070399,19.155447467442443
119.50786385722837,190.66599470623936
95.54749525458392,34.40719525542727
194.7246902137405,151.87188545547102
26.9719363265598,9.915041516034616
81.31800281895285,196.80462734438893
26.239403897410853,69.5773771918216
168.95118422039843,8.938686695205543
191.79259828748883,87.66678612361825
99.52205022290833,110.1862063950369
101.97721715116835,190.9853337121994
171.47175370024175,181.55281810462216
37.289431866702536,148.37051785971164
111.24976533611277,157.90904681792128
85.0604859983692,149.01114423953496
13.186109945023087,137.49751138717485
11.060193639121993,171.23036628377645
87.44506158754233,77.97111156030215
24.74370823246045,40.33146992197668
87.02968857540692,101.02259038775178
7.19205579787503,152.0397034649686
97.14468429530854,168.28545173714915
113.06038220402574,55.21753355665202
82.68598643412601,178.28271783333238
115.47088963826884,94.15016553767178
83.59655469432087,15.979909431057653
115.71455472204403,51.45573983225511
188.14733394287353,158.19498931884678
87.86088310985637,46.325997395725004
103.31859781132782,119.8761308555253
113.96080458103748,14.666663229904017
96.3473020637401,168.79409677311193
166.51297852065503,74.51675854248897
12.411562796809775,32.02004005745963
83.10856624363363,64.07409461985633
12.776601433137982,144.57828186695454
26.015652561797353,23.572493788593626
9.629277414520107,43.94093042115493
192.06235437811412,60.63464549192837
107.58145922314392,114.24172705321247
182.2099078188815,172.98101688300198
100.32847317200186,92.08083616527749
13.017041698356566,196.1012254657247
99.84262595351322,5.4544784030647815
37.58685007949008,32.99500497269887
30.623617891997824,95.36265545100073
82.188533434281,152.1385232531615
20.580127087963014,59.58063357495738
99.3388594644133,74.93125777137456
96.82983062376054,140.10883507916856
189.77304164819176,30.080847358967066
114.94388719110616,106.38231731205812
106.70705840355328,51.79304023145426
191.83348898540422,111.08741072403237
84.69810799163807,154.76071089928848
7.873718143731083,78.598819241857
145.80529569260867,30.837729289245626
40.8024320370143,45.1620138825674
175.74672671351792,58.09520701896853
187.45246549590442,61.07232226903789
176.45468734643117,8.269003781418421
178.885520131365,180.0385826162828
98.73571338875927,83.01680659698569
28.938964790911992,52.78311094700195
10.051210928618257,27.656256700358878
117.139814045222,157.3293701984775
85.53643873381512,97.3909913787743
96.78382182516577,61.353211908343816
92.54375309300802,185.16538247121406
154.66592660740932,33.47086369406689
189.42400170336225,54.91288380985656
173.39934724878555,23.178411067352137
190.26146034554603,94.86134667720701
97.31919209952994,17.951719521141538
89.25211916588069,135.23610566781062
178.12365625105485,53.957522880278034
34.6052594238949,103.8313173212162
194.23752293610855,99.2135467423369
8.466214007498161,86.62473943514414
195.24169103155327,156.90878936735896
32.892938809151616,98.01350045231908
83.00402556334394,39.92813964663394
101.91832237131084,7.546535937183797
188.98448303335195,122.38822496957255
14.313309384961569,132.64551733118
184.84099972211845,161.46026779221148
13.924575108811212,154.05813218033927
180.39467026379697,65.5903725578299
85.77643474382995,16.138156011194138
7.695693126956662,124.22966930001286
103.54260774213476,148.06282272125742
90.78508054503652,17.59138535105262
8.27507907361737,123.82689252165147
29.22562766570263,141.17421401357538
97.90651918175219,105.70878411915977
166.18875751538963,79.76931979822568
48.76511957762378,180.70126375319998
103.65633879186096,122.93669002180582
17.40107210426836,121.27896928954108
101.75959795652952,141.90959887737105
172.3865480300861,50.71292775599455
8.099156750678073,24.736969573266244
177.5485320405412,79.90214517045513
162.56827536197633,159.44839262770017
31.180332468146158,85.5467882102055
185.49722792613326,164.25298066039971
114.50416638848333,14.710032585946658
167.37875399276635,152.2138566409951
40.50223261756816,123.36018845917104
6.405961687060535,169.72365513134764
118.03182846778921,146.2608647333596
105.91662540822828,190.73303721906333
190.58415509147812,160.00734232536396
10.703552436401266,145.1628106998089
97.72545216765373,80.7108558432416
183.23666887376453,76.950809061794
185.80609590112581,129.51679895902825
9.107290080163473,5.32263984815202
20.16862444753299,139.23565544505612
194.41194924775664,152.53458935770064
91.10187369433865,173.1516960225172
185.99443290590756,129.26283927638505
107.68653892555135,126.37992265653176
185.4722284387598,53.84401521582262
34.82253695688633,15.880920945583217
34.40421327571085,6.003313495312092
100.80516395506159,120.51035566040127
187.7477784952036,31.319640264616986
118.95352686940741,150.59467719877907
104.22420900418273,94.93915832551475
178.53359969356913,52.17575592471181
11.735996447195989,130.25388791253542
12.600286615840886,162.46047778963302
9.316386869885214,30.991253763229512
191.48717865584922,11.730718198023784
172.66017400158373,63.92949322627922
100.01200771895098,58.02262860061724
40.68365068766022,130.7956809313705
31.627916302532704,33.703770232408495
93.38845005539868,136.0431513497207
93.44086200263028,19.148173001852413
23.091850473666156,145.6768418198907
85.34245581394404,45.33733086391949
93.2021749634489,54.08169581498305
160.8834126355456,25.19788599055092
21.884979743430012,69.98555143688421
11.510236984228795,30.03234992660009
184.91363996123943,123.71581018014682
93.37562434195455,185.54027060431994
108.02986075272517,103.29277288802642
112.67324721936936,141.10763181415984
93.45750092868718,182.54113873911874
102.98589730269852,56.30981739627545
29.68469799887187,190.39532677854672
189.55742615543687,106.11279489270154
161.06412265948094,54.85710931703666
95.15650554979507,54.44055014412129
90.48169092436792,24.140122911892238
6.674292341689821,170.526365471175
11.668013952113714,120.96017819356895
34.25443082276302,121.02620378615012
189.57518268981187,65.19426559522434
91.69053640408599,155.4600457097645
195.82192634734784,164.6457434039385
191.4931231537646,7.82334783164578
92.72283533047012,71.56049697649887
111.68066193995433,14.289257497974866
190.40158288419372,170.48551940797202
173.5829673358151,135.41429925929668
176.77043479005454,196.8573002295267
181.490405788825,79.40741154998362
98.79063000355943,162.04381530171423
23.42141302482437,143.70340871772726
31.063777817845768,136.05286887068456
190.7121889384531,125.40091327397076
193.4945083735313,39.952725560682566
176.82521095784358,15.23107478511024
174.61033473345805,79.57403089501048
35.139861129869715,119.21176449335444
82.83117167756258,168.78393638250313
18.991559185300794,68.51854991617861
181.66129922594052,194.80264937688045
182.9104457226296,75.4006785136459
23.18691269769581,137.6640844248719
98.23015146406838,132.16268343627183
99.64724659828055,133.16350876089444
14.126628186904519,67.22662091496645
37.37050575699577,140.1941708440496
88.14171228773125,98.99541135449175
115.7544914052964,7.741942329904854
24.274760077121147,33.602297980226325
177.67465272467098,111.74595247384138
114.36804475948686,129.4796108396559
9.579265851389119,52.27335170581904
193.49412406324498,168.94846790726933
24.846710921097166,53.119687146643315
87.98907545189734,67.78221158995456
98.66152786200298,135.06708808074808
182.8494113203665,179.5688647304405
166.53839860902136,44.88617488766471
182.55850682515694,18.213907241929814
54.183022396191724,179.5491104615671
28.62065438195062,12.543606712431416
104.29990505011558,142.94737968555117
107.36390009017866,6.950722077572852
27.218010689550105,140.8906645341983
181.18226493367075,46.84209703259616
187.3530586157307,178.96864814702408
186.10541022915922,173.43385756904664
162.08157382891753,194.40511098085898
83.39273121565637,19.552964832432217
78.18960410363142,183.49490413321024
25.711109491288962,48.24452907647957
85.28717544778789,73.80552683045602
32.68037902665614,33.67826267913774
14.792556165945898,177.39842786978267
119.12852925216805,131.17324137196292
34.417850894348604,113.45684808745071
177.97752677438436,59.869745594128894
131.79693679068947,32.71151127230886
30.334030107189175,52.687954963555754
99.24233219286475,90.92443627760153
187.5388186661819,37.69463138977215
35.948936283226274,24.843151411485533
105.90986625034878,53.595581435201275
9.59710170818881,58.58953123022395
94.92966491302899,65.05390538562033
106.5583707485846,127.04006332117511
163.13178956723766,55.1752709182618
102.1038003995296,116.12026829428152
87.0206408981102,93.39880884369761
195.0434959439238,155.00740032191717
27.606218606051794,151.7233538103437
84.55496406342421,169.1717289247132
27.56972149867672,16.73519526422138
24.43584953690541,85.0733244780526
77.95318168353033,184.58054257569174
27.073602287930214,60.55247694458688
101.89103922737146,145.67949448339635
86.6194518500874,11.77041377034655
179.0855355123314,49.4969740760208
161.65950067759627,60.90483154755104
191.44084294130076,11.950062204403613
31.6345085613963,15.65681997207126
95.22151532472535,187.91058139366342
170.6227232691783,50.918397437875555
16.049947481743253,79.12211920003581
89.67190112824254,153.4057074689883
89.47611301849615,59.48219361902948
8.67264566963969,12.333975212824024
167.56445506204085,48.62199634864174
180.44737102155642,165.40701183479766
176.97598265793363,59.39974005068524
176.9150521758671,131.432727602923
28.121419353599208,137.3714845045134
180.72433823313997,161.89249838546516
117.1114394801219,19.15327056253752
13.991653387318655,156.73228700594666
171.3517934010102,167.53395182666966
193.33840553338598,152.21401544445627
98.47969841780069,51.688628497729454
188.1815267823442,141.01769797099735
126.18990691275894,30.80139003099293
20.298957709528896,133.73539527031076
120.97605395048022,19.762962513413466
164.97253864324588,155.83996216148444
180.0397426356316,168.0271187498723
30.730002875935078,66.68662846472375
11.315317454812401,192.8651453060181
189.33588923194648,134.74302260682617
31.97464659090056,94.51759379533665
191.47379349291865,192.98740924699734
173.5458617849622,23.928575364211504
17.286031734091203,132.81410949631135
193.30198827709307,122.736655158934
192.79390535283173,29.864328507939014
92.17923754545485,172.20292536652818
17.370486358967497,12.969048647965012
12.600665266802533,85.5160314150646
167.22987062838703,166.2280766876076
134.6060640000587,33.719339090162876
87.57225219186074,95.99598154584166
120.56765234714622,196.71879956202756
23.519270775024133,124.24210505630379
28.24487212023454,67.81730618925741
25.54681397635832,72.2394337810952
170.94856483293668,16.078962413025543
7.863447992705291,73.89893453501908
184.97034061110077,11.819396925707172
171.16967606213566,28.168355905670353
135.78034755612887,31.37086936783399
191.07438267791002,128.00232765045328
111.68188341960646,55.104131424351486
183.47867750304093,151.5225461247492
108.76904351514936,101.20947274006357
84.44833917864608,195.40637661726382
165.54301429888346,180.68190514989672
183.57381968966268,148.79563315583667
183.75288298627984,179.5618457808922
165.95143209802475,21.066451413651308
30.85424731867981,118.0039060860515
28.81566588244161,76.56921653782736
103.72830606534517,141.57600643151372
118.79385561088498,97.38255453705393
108.30584360226123,193.81854924649
22.58241414652826,124.59009132856913
158.9984441759713,33.50546167561993
192.95865091832738,41.5495860049239
27.707881438081778,21.341703715119106
116.96695361441952,92.44578831570381
194.37809764529808,164.98618359288346
87.54085759850187,33.47871037749681
40.82103451002074,108.83678497374798
187.95871752300093,163.31265599562474
35.09017103894597,129.52562178753487
33.96210438224054,117.14334366860122
26.091998111330703,17.3223297013929
10.462250235398606,34.1593465542458
164.49936383794372,66.9166059659812
131.7878642186021,36.19328734441525
23.248394072086136,147.28945563281627
194.47549166956438,172.917757133758
44.5099882504679,183.78600928897973
177.68027908351755,147.59366730515907
35.39448443872665,33.44569642752765
169.28375032758728,13.748263769497127
9.315556831151882,171.35126113730954
186.53651848907515,50.52625220199686
81.5523842377812,185.66919547657918
194.89774800180047,84.05347127381688
15.909880518710196,36.855030195671425
192.83310763030178,172.59612874430357
82.00493432000911,177.91537810160267
103.0130255851858,83.09362659757014
83.95387449080211,147.53442880993086
102.1071641509837,116.49796359010207
196.62583251455595,32.10214292900276
25.724268798066383,12.791371438246632
11.116177702920648,158.31595232494865
16.09252905525021,156.25920588623214
85.03598456636212,55.122626552625874
12.555796124354274,85.96569412336939
10.408499177179852,55.28863925726739
181.85625730920137,115.4503023208485
166.09328464936124,36.15902485798245
178.65146521335313,34.718447984993546
177.52271460237253,65.9167166606619
95.06337807816686,97.96752352657624
120.6153083408901,194.3876153592434
188.4241457570494,120.71975753121697
14.985627295443283,151.94528306706516
87.98796646412089,84.37083487873497
94.9950130512559,156.8594915524309
44.21378031892063,182.86886045374635
87.45167802618745,63.26505200402469
111.81753169519332,127.1192218715124
7.066235364995227,126.41253200566412
15.050482022379299,120.01151071268376
161.1991442666785,155.19720809930314
106.5787661381005,106.90578945475056
185.50359037769488,51.79890050793086
117.98550588614162,12.248678812975728
187.50074298471034,174.27996310580858
88.72775440263348,85.99748758058713
91.4794538975265,42.9495453808937
113.09361724875137,107.67722007017505
15.527028535573606,30.079523660861764
196.79667461399177,103.11890545759474
29.80166537236165,59.565672523837215
176.52487627533594,48.190110522518815
31.615659189313266,32.25053609230356
31.620978054941997,131.8058756694514
176.49946921665398,50.22473925713717
100.08535631539904,98.42204853089675
175.53004938773466,142.67058146648887
97.58663566082303,92.00238051903536
187.47502270647527,35.36359152026156
180.00716687370056,57.882713217031174
7.2513902044967775,43.329220583642794
175.8646425019436,140.6318028929346
16.428997623716587,162.61352127082233
14.670742515485594,41.313772747700725
189.8041073884539,190.36005757793362
176.00245234094257,70.74428322881707
187.18345587055182,183.0033185424453
29.294261963819167,8.478675789986626
84.37007583975428,154.56256519231573
27.241057958018096,43.50908786306735
84.11377081557417,167.22592163194224
192.93881547344958,110.99232385622068
107.1709017791293,98.448630986199
178.78576637584817,72.47018704356303
167.05902056878554,192.55746768638727
119.70917365764808,195.13013273262283
40.94201631300089,123.79446076221969
187.27746121144781,14.640128308593544
177.1115950518562,131.93836886182453
101.3999152041301,105.6289405398171
16.74193170099067,158.85316243517713
180.0055839591494,175.95797892636796
31.745214314275202,25.162938378701824
179.32998978225277,121.82262705000738
119.39882142943321,148.23315046731287
165.30261038883225,163.95802976283096
87.26720619529294,85.70222183411819
38.11267188649937,51.42159502306059
38.4119125760176,185.4590747949003
185.8223293521278,53.88658885797829
178.7609960634768,110.72821959136049
101.1361336689496,131.07337220853807
105.46279745491421,115.66964552339795
196.39902369561264,147.30145088484377
187.91952267185653,194.63037675666192
195.01197491350771,115.93638560850079
34.191615188557385,129.5196745477338
171.1038330335442,79.70628932101698
87.30685548335674,176.5135245948837
165.36141226368642,115.741342285624
30.181427120408305,118.7208023014845
195.7731890738493,72.92577148932722
44.179027789264865,183.6804546779696
83.85714760464577,174.69559738315033
112.167855390505,55.799452529769084
166.7440476726403,39.83176912577238
172.46067936954537,155.7239783867555
195.61059659192256,28.927630319853716
18.282783133532877,135.22815457711252
161.40111124750857,112.10982427783125
177.05733351950374,12.843757496533753
6.658874382164246,41.20365993061965
23.138968585481003,46.159989843466114
195.20313978726216,37.85780846961792
189.9539221620274,135.1079223667914
116.66094774518209,16.13048203905462
95.72640191905586,96.09849192832792
188.3502064374741,92.9570984292995
71.01083374706202,179.40010696474837
99.66573661023867,92.53047962549793
16.357156102028558,173.52561483707262
102.8371319309575,194.941773669065
172.6357423895782,77.19850291122624
196.91185737238771,168.39671126787928
166.36630682064575,168.79393933264438
193.30072926497553,173.66957947469513
15.574330885727976,18.15876371114926
25.60219974354697,6.360944138409117
89.14950231041277,21.885533073099385
30.080215166461592,40.901091304714846
30.553326693125232,107.64188154155947
8.446644130911357,196.55530674283204
8.064537077367927,152.0913406706267
109.5748510291724,131.22668209771717
38.277507838452536,130.31635409539535
39.16037297313327,149.21943870649207
81.20656821366292,152.88509071436985
15.185506803672782,18.14874565112543
87.98148201012634,41.96795811069221
180.16195043854177,172.05182106868028
87.27911500981682,103.20739625670366
179.46044543678173,24.161551743716146
8.484952160228705,168.2964672949492
96.84822174473615,85.35519598140812
39.951108832530075,17.011018207697838
190.00430017419447,86.79977214969838
88.97171031270737,175.9893023824791
88.88260633372934,145.805941742164
95.67075814592563,153.55012696009703
10.64844363311061,122.41840063720434
92.14616978650338,8.229402967115224
140.82013254365808,34.85395160564015
11.783730001595174,196.70455923509348
185.4828441028771,8.276012924419721
177.09813724503474,56.80991730250462
5.170073399391315,50.87270365892958
19.448325309745012,135.48226498395428
107.96568650923587,151.40082030749198
90.40382557819721,78.98755975100546
10.85216878537851,73.54592691730292
189.23247263486536,69.37010722506342
35.945333150136285,6.233106726954844
114.7932280400928,51.49603234997599
93.37415115384276,80.10318719049958
13.465560908894908,73.13237055083148
89.38062897448349,35.40930361353667
183.018252421962,185.23526698104345
184.38390682841123,194.85724615108532
185.16597889812212,189.1803905900921
182.74369242992748,20.57200969386667
36.485258270226495,42.841026442464155
167.2360240060342,6.276738548656435
23.10497684756917,149.253175431646
175.9759698178972,29.696751309822783
17.999022073711913,151.3601285747105
114.47126300747796,107.8295257605075
16.70133507524249,181.2349518085434
18.20851770038987,135.22769022920423
95.44370341077905,66.45309363122549
189.34979079547838,32.96449651776416
100.29381683418315,11.491351409344908
90.16895694966367,44.05668028814145
7.374969325752561,138.60720307433246
90.38938276443457,18.110752970564032
186.8838088815383,191.74437010359176
83.93277992895466,98.92927436812413
28.245138140819623,193.78445187356976
10.614414343242611,79.31515685747445
65.05267379025864,181.01543909393146
170.11245930152438,76.20629417625234
13.885438648059944,161.1970813212521
36.19305051717429,15.928306650732553
7.8223878866297545,37.97803594211008
25.634078723564073,52.98574366607596
26.89787941944761,93.10711916903682
86.63849762009386,11.04024375223718
12.01703968608529,30.643745517022552
33.30075339152995,27.517180191151642
95.34766585555091,193.01653017345626
189.03056882675813,58.77733509211381
192.44445837421756,170.2797488677525
114.07774459425994,15.169832320024803
31.951311126739853,116.37777159463246
167.90719444772452,161.57949626704507
15.269841034848021,157.9304634320472
98.18099832723286,90.1568671811032
110.37569208330963,92.14555541012862
195.1925523420785,116.76126740865472
110.35943695984409,18.52196318667905
175.03508482248088,162.8393054642688
29.57794702896509,82.10739944010305
94.78891325899376,43.97438001487281
28.00925737687554,117.87345530240607
195.6636577849998,174.84815118362235
17.446424248853354,147.43286502676784
37.94771672461371,101.83177898974346
166.6363751252258,111.50417899641819
161.6461819194326,195.17955296258282
26.968555613561488,31.466621916111233
29.504026541298703,58.971404635415965
7.879446529524207,123.75174164799579
187.6928439390633,79.69742263535824
105.31177622483624,91.5237671537964
180.93740810378327,175.57032619944746
189.15765115760684,27.066791167037422
190.54627406490076,107.51419200206811
105.42394404288224,15.062958633055487
105.1801161105983,115.51152948591007
142.5519190052119,33.7347047610843
17.351164436563895,77.04962440058227
36.28954649148011,22.29908212142551
190.27041891702436,25.686453564041198
107.04077000233423,137.02913807894168
118.24311932335917,151.77296185642734
33.57892148549845,129.976307832626
39.454338120311455,108.17356549432913
38.336565712419365,126.18365856223828
165.48394322828844,49.664118337757905
184.05982659536198,120.20785642698664
189.51540638592695,125.87520283193102
188.69278647823623,42.050197503461504
10.839509796838884,52.38904452413098
110.63063533228991,148.94891663043146
174.90515176075354,180.08306724804905
32.89025090844482,193.94883639840486
95.96065470942715,165.9930102492259
161.34645056326522,187.46678046845904
139.9113830600529,30.428565506943098
171.82012011580647,48.30301919356573
100.99586910504223,52.52006619835997
117.18003080432227,51.90728687128033
95.47601492137485,41.27670084053582
91.676469195424,82.99562292294272
9.60346506494711,60.303037864732154
95.58815101953881,85.2046632306072
176.40692556772987,133.81473187595452
182.71449813635772,139.24283066787072
106.47978030937959,122.85312676836747
96.7380680527459,99.72390207431101
163.37997371397623,37.960453761963414
109.2111223161045,52.47895977982809
190.64945983834528,180.45705094567742
112.31392125062949,147.99434237439377
28.115626455000733,28.9140489145879
11.701604470520376,171.40272178052763
90.9640173945552,77.51292268820468
169.7706003486555,26.929686131641223
192.3366757142464,37.369697275031854
99.31236635668701,117.75032389583056
136.73214615257777,28.68740361026767
61.7711350375674,177.7093430584173
21.78140710126982,35.4129754905493
21.159503580361648,142.46449712650994
114.11161601357702,8.605607805553678
85.69648796052718,19.982843590825507
22.304815474110416,184.05597573581434
10.025038479161024,12.675877903192685
67.80551499603408,179.79975824061137
99.87541476513117,79.40546636456072
90.03886136119121,11.720965108242204
26.315291173291225,147.71227717940292
186.79394628583415,57.64993428618832
175.46040478985006,57.11367189754562
99.8948387811941,157.7703080484487
98.32709269938842,186.6790632221452
133.26363899956792,37.301470921301
189.71744079041684,65.24167988985761
120.0768218451251,153.95472121366865
190.70443968957608,53.81383862376337
82.66672722279543,61.0199278950561
156.29582447240858,35.7517393740807
98.33618202625057,175.46953652771984
20.628583834850758,73.53044401735679
29.27351750240702,73.11831257114407
105.65255689627362,97.74898883199874
182.5625275676081,191.2049728653009
117.66371076803676,5.9361705325603715
35.15088578713103,51.93566071980214
108.68715714929633,104.76490776502419
170.0523493521204,30.630970218552196
27.99007409115774,135.77919433842655
93.96217877520502,34.62644417349192
173.8528146301091,65.8963065390987
167.6408495173398,176.0855921190524
95.94422752188088,47.75055831534261
15.83874308174794,81.29905081208956
81.84496508092445,63.75538416131179
189.68070152498922,12.052901080485737
176.58506217179553,148.52896963763396
30.37049197038388,56.977531841084044
34.95680719056705,62.148113029937484
120.77187148252305,18.04448573084695
111.44716459301007,192.73147145769013
86.93935757202121,60.376329022205375
83.8241941253486,14.230518438933947
32.29631285738682,14.02165855956483
176.71590231562845,55.35668607320577
31.229458210928566,53.755229929934394
187.47423356622957,10.847019343909778
88.56659493358148,39.27410601790215
87.87681800403479,84.30206880077
98.86830315230654,175.9076483108752
183.96144039098874,66.12553531700868
20.703025909512213,84.22564783776374
40.57064889036071,152.68498469541734
164.95333545769697,185.16732406139838
17.94155936803687,36.65919852996741
173.40085306055522,12.672013253674997
36.2915347355705,47.25074091378342
83.30652729909868,160.3489937926988
190.42950410148688,180.00935290411763
87.85545121757876,191.30152993400233
191.88993360277286,142.51330477268652
99.24454098662034,52.506726974180566
11.760885952759116,17.730408915216074
98.10491666243581,60.28795819194547
118.70632661235189,145.16313785049033
33.98920857458016,122.78243073344558
22.262091719196192,82.77441770437309
11.40804039197592,7.608453669412386
185.25553809648582,192.0305616920508
177.15349814297963,144.3633410865478
82.06539849103618,190.77953491419393
167.19944970186754,19.87279892402384
176.0577900770542,155.73999343456435
34.517730586609176,113.50637417473709
20.750293293619016,29.936753732559744
88.84206121931767,83.5266051030097
27.34570797497547,33.512930452135215
160.35979814299202,31.616383594583244
186.16860310875944,28.372848929660208
100.4259271730536,69.47754853318948
23.03354552830685,51.32056847888839
94.27662792887372,157.55223639657478
9.991492881052304,130.9858489758835
171.76185496334745,20.262294865365106
172.6646610587042,181.94110452217146
84.56530644502631,58.679824886380004
116.83968515248229,146.75941763649556
138.86171632706876,32.639205961080435
12.94111066224444,62.5563426563127
166.33205003632207,113.09484259698887
187.53529834219117,152.6202455047489
110.17245715425358,50.3804478745193
29.071048477988803,134.7888963222453
84.35089717271185,179.72806340262633
83.32305901556877,78.14358682158266
100.21938026795557,83.10368463004403
195.61383158762078,20.635215880500773
104.20503314928636,97.57390942407588
173.15066698922152,23.424324235243812
104.96701816898926,104.6715895624123
196.43261216789173,31.958530351000583
193.5643439770648,184.78910771643933
21.653013405278415,129.2094544395082
37.56639891443673,111.57161278579026
19.539918144380202,21.356986066766574
35.653276922755474,141.9170745959951
171.90440544955192,8.786321267197556
194.63952273007317,157.23083736583436
112.62217505014178,99.4237132250493
15.3485355533942,77.97008002539974
29.170790729934545,91.93152795387054
95.61838010917525,145.1368192910207
51.74584394927371,175.48615354148401
10.989021233843909,179.22399164782
181.7899978711486,75.9421869530645
84.38603941525156,21.342539196943896
174.24541142885607,177.74433707361894
165.85856770650136,56.89126963118619
10.743456753360372,67.59377449419841
39.91871818090209,52.165792724713604
19.671000566495028,14.788408738694201
183.77427160470404,147.77931316632234
177.03194615527974,38.45191018797323
192.46174768581227,72.24174846416749
95.05360339181964,56.108352186051974
91.55507610141902,193.19559558015416
189.37532208390826,38.25704563002928
82.51659287592771,185.83131888836178
94.98559187097017,81.78375524275594
82.31736126753296,43.49167432988611
196.9201713847575,16.93595499343812
185.24936730535364,71.05100458731502
173.32339438670908,194.41781523920056
86.14627207242644,21.434326650416942
195.87124110869115,177.50375189209885
185.08837805077883,183.0942676912444
86.95309825506004,6.022005482137199
7.14494949885276,77.05645239774158
35.312722724185825,147.25460354102972
13.830523593009898,9.006594479922432
181.8961154090434,45.344772893982665
5.763036493027298,83.5517216184609
103.75980198317923,6.520089956788418
38.08034501601555,102.21282101295371
95.1306464628205,196.7444290136925
98.64926913746775,188.66914351838503
87.21997455358746,145.1930564603403
172.04666606785548,60.983063314329286
189.44076150719565,39.02992655272448
5.566609600888243,53.75999918293987
12.938452066000456,122.88809541471318
111.21019003441617,141.23796746232455
22.232563696860574,187.95318853686865
157.987467447446,35.45984349089325
175.75904323126105,123.05686706660394
140.77840117093047,33.97723261714765
160.89764896944757,26.249113784800887
93.84498285468608,149.84597893954518
23.563508110745214,75.89074911681523
24.17656081893031,8.247179196067275
84.11389794608836,141.2593420642009
75.42552017565905,178.41205062856525
166.7704002810896,12.291315033041823
18.948552812378324,44.8211578219372
14.428199746550183,14.316910555764094
119.02963215715202,157.07321563762838
193.23814547740082,11.086530194263894
90.49935572778207,87.1346960042815
16.93946846119366,86.14625912666384
100.01330138699498,139.09413480951477
95.64227608202255,79.44252228478456
167.8980459306445,188.30711379348054
195.49482709580514,83.88289062850804
192.94153229828598,185.17303062189828
29.0812081216938,15.95528088464055
181.98084889851992,164.15441158972064
27.422836549360614,18.14072697130158
90.34033005626009,90.83906711198213
88.13471593710302,80.11967104142913
99.93946020155279,115.31305852142233
93.69613155978519,77.36840196369316
184.98217444723608,50.551732132505435
168.94698557776522,16.40404681104148
9.571171735671607,173.48937375623896
166.68962765346942,155.34203641888055
28.158514619345713,131.91151007707447
164.87114088521204,180.81185884496375
162.0689840617189,51.40443560406109
196.80579535013405,34.95770355278892
181.27340791342934,62.691379735282744
109.58937440411535,126.83528904484108
196.19125597808977,122.97037985683883
109.83931468334904,100.76946327385477
182.31229334684096,189.19094836453175
27.613038477054516,148.30301308689866
116.00998766822815,140.2099820202649
26.9323388110317,146.2425814271575
162.75376508542573,44.62469383933915
83.91686202148607,188.9096715788649
12.533153369898491,81.03701492116633
179.71297480952936,174.76786818133232
7.313355948303467,30.859532944143265
182.93688953232794,191.5497390334036
28.029634203262816,64.66766161636406
13.629849001869516,6.245907483370553
88.05703917556035,74.85212501061993
24.466366610314612,22.764751387907495
11.351359769252916,72.78025488131708
182.51969090703383,114.01867678780724
195.21000446225577,131.85737459191407
170.1759399196729,111.36385993512896
167.42905959498785,79.57909284436126
173.72900560582445,24.726224148052076
16.10262433117533,31.228428420389573
23.835146368585637,85.34368104010774
113.90879512349795,143.91179974127638
81.37069251123518,179.92223887873388
192.95134911608633,166.2197574345161
9.64017614623077,191.82559232557867
138.83519524568322,30.69291380395187
107.83911356340715,148.42407743164344
29.89414035274018,19.460185354439645
10.001119780437326,43.956348519471106
38.98135796251565,57.87824169404449
191.70117306071546,17.00394548877373
50.4043757827538,184.96680316132944
173.21044512363505,182.64515953475774
110.02657681838636,134.94835517549498
109.8858242426651,98.75187565376024
93.78610029382448,167.31676305671812
168.84498612405497,165.58679715831772
173.58122003806596,157.49346591746627
17.081143747649858,142.16858793277353
170.62043657288376,170.13541780481216
179.80605576711562,183.63468487130797
14.967647862331386,118.36536846772516
163.56951272817938,38.33474723839606
11.034786941106947,166.1126821671452
26.7032499195617,15.978947510436901
9.784614886941423,126.66279298250979
165.30241677522437,60.69979530461525
9.017448872688632,126.0646833738716
85.43747926933565,76.71452133339588
162.1976435840986,121.20808659409306
185.34318023786847,135.1402608174036
104.42355061527671,109.57121173629142
164.7143225840644,176.64451492312512
118.5725040426921,6.881039805963836
172.4274579492451,117.92409936446789
7.465398943359549,190.06873946738781
34.98691774058544,34.74709178710152
7.16831261174557,18.9892153274486
30.021224875561416,39.184446663249844
18.49584831115687,45.18794561866682
175.74742509895538,174.53290655807916
193.65099457337018,76.89715772273865
164.9260558596022,6.519336957249469
34.14023851649612,123.1644804626659
105.62554914086886,103.09431996037401
87.86186064120622,134.37859981197434
177.7233564906308,153.14469619660744
188.79351022638605,73.40133153340136
89.0073672885676,195.90929248783578
190.8501800185822,196.94244626697616
102.22306755650861,119.06707656414055
10.178647116320272,122.21193950878923
5.114427267882413,182.23976295278402
195.97065560786794,61.82309511027311
80.38465305263371,178.15490723719373
33.04480352358594,29.28981449796056
174.39291484759173,161.97503545848357
110.27943042169888,18.644363366672046
111.23536700231422,116.08016056720145
9.266780731595798,180.31851938400393
38.42873617864442,48.08964643216533
184.49607216215838,20.1925121885579
20.25912478289558,21.94933961448637
188.73493802699323,156.17847334538897
84.67255884043094,6.410586233743937
174.79321849494215,14.308554538033992
86.85887989658687,155.24292059628894
100.91322290820601,68.49728987739688
100.244811866367,103.6737141346503
170.22094238302367,28.47595665882663
22.339395477973923,47.153330638438526
19.92506513099464,46.868724666964795
24.977317845938558,112.77339303088392
28.122637879462527,50.69572657240873
191.86663082811225,35.53886540739124
13.414014995364099,50.0930767538123
80.96988372294604,185.09654079588378
161.8869773432782,57.34231937644109
10.634209539540727,12.535410932925604
110.3883781976869,51.35368810774817
14.479349688443993,47.63374169272056
107.07284519969967,101.8403073511797
34.847061820226806,7.657705586041332
12.948099262816903,78.31633587030554
102.36460846237358,120.16832115356466
17.173279757465252,122.59525811366302
36.41382720244734,186.47178452018153
5.3989630028110405,77.8387251069442
35.2044450139944,142.51193310716897
183.16548378498354,70.5524285894227
179.37361225408824,120.0692484332731
14.916342751416447,163.11720022822476
23.264450589930846,186.49216274840512
183.98888402570253,24.027275469548588
101.09612364277069,75.7744478476481
92.65504651500777,8.990385484040118
34.255975800706594,124.76237872445628
177.7976091148657,194.84257555913402
39.99631841553427,120.37869047011017
167.87529170541958,114.03498057083169
190.84155575454182,115.53254536451465
35.10152697295274,103.84821503499782
189.1752041445794,5.468170208014844
9.550302873813845,119.00388103876851
192.26892475557364,117.92095830448059
161.02040455322816,13.300634252149772
90.18722287980655,176.71021105481663
106.37910603217853,194.06810779431393
97.33354447824198,146.74645130451057
8.750398592144233,121.21214150759951
21.179549909290643,24.747513361276823
161.9860632754445,159.99278969653753
142.39072938114816,31.13916009925499
170.62590954922908,193.75245180682072
114.3697058570081,14.060524443907855
19.943116930204045,40.45296292297935
178.33371467625685,111.91042245723547
108.61996844136094,147.4094436146895
163.56354777068753,193.08419606467783
25.240814153733762,33.0074811624151
92.46212467780404,98.66663260670272
193.44299489025812,119.01599372010425
5.542904939361559,179.43952901350718
99.13297573900564,125.74479698114695
84.8716491001116,57.93757601328304
139.3467951624822,37.54159255476556
114.90001442013241,11.282432677711805
84.85301853311786,34.8858026423692
177.79932894736223,148.63832971382047
191.88583427243356,60.40566240483799
9.511670517055324,145.51409977692802
192.4313088042746,155.89976315240744
176.2347921769545,120.47387192237035
8.542386104130134,43.7967530473607
83.84401199486308,28.913691506793427
77.95051930229025,177.52989436496415
174.6052723058505,38.60322229100341
83.56016225949459,59.12104885405243
7.729451050039504,143.7415897594317
95.60689356503937,192.64488778229992
22.002595914132854,131.3353577853612
89.51570277908189,17.81870109176455
25.499213079271353,148.0773161678213
15.517303817071095,185.0262154169477
93.06572875099886,179.07689914302063
110.48489228203522,158.75596998607463
180.74349463200122,8.399335494352552
108.08443794051739,132.04464559217178
24.731898572498793,133.4812415244804
112.64464284909154,121.20038102524204
161.20688216044823,169.35169655225414
133.07717085352397,36.04730399388753
100.96518188363217,87.02191302287022
183.1222820087894,35.88062787138942
195.47385354957942,80.07074476911892
182.35240841292944,189.74688466867585
36.74102237784673,31.084698852122276
195.35667084429815,51.80643684076533
29.35588533065027,95.90394110150457
14.48460532952907,67.27229722547757
178.7522639412127,140.79053223629197
87.9899134109187,183.61541993280684
36.84527485252725,23.005978084942114
91.7706638135346,66.41606353179385
12.933689157540462,54.29452106290478
180.55520125777662,120.03808955833449
164.53091145587615,22.996117252953717
10.466430908723838,176.76809111931155
16.714081391064283,167.2253075498023
193.6922932062936,16.332059673652918
186.79347759715873,185.63287380637473
117.408973235621,150.06331349507383
182.4657830693382,182.31554303346076
36.174561958138625,104.76843224729612
172.69512294021675,152.80714040293404
181.7132667630928,7.121158943738107
185.13370026888066,43.87672953547087
11.588263098003068,78.09062518204722
169.52721017861575,179.4556708169479
86.37962285719894,184.6884591709062
25.403446281924012,82.34646587888456
24.82455784461626,6.755670489116538
179.75929361301888,151.2289220293057
29.017008757137383,195.19756078091484
99.75382207354806,91.64711788852108
109.32639717454106,154.25829700269307
166.99352631691232,5.054737692349854
35.9455597188957,139.73239812851608
120.20447946753157,141.2947293854525
185.5441083970142,130.53390554790587
94.25190059865416,170.0144678705518
175.75335124342743,77.18248905957608
106.60130255613404,194.10311116289157
182.28602486264967,16.060058456061505
38.85744232815006,27.296800640040225
26.129452775911343,117.93704812127879
27.73378802377445,98.95063405318979
11.559031068231139,6.647806913446835
190.81047538355224,41.07552204583257
159.85255387547406,26.605737749028997
98.7602210319412,74.74899314663392
180.03072364912217,152.20882031819156
32.21636461188846,12.880266639969953
169.8393245844638,18.814437477213573
86.99725878204048,27.291985076960945
169.7523126812804,44.22026810035062
120.90340018185441,157.95357616764193
9.080781841519844,189.6476437930493
97.20563927567888,56.874859668261166
91.60122143875948,48.3892824469672
13.398136702121866,42.1197424613554
12.281877228191549,138.07681156053937
32.61532847176743,98.96994085993387
189.14824379366817,189.2216076383546
88.64520007068549,155.72313168891864
196.15065916929728,34.73094460973018
194.84370711150444,30.76180535402996
9.701973353146453,135.6806687375056
182.70753267773014,196.67945971860274
185.86705092217883,32.437046061457394
26.55129470653929,122.60690673071099
175.56114019476738,52.876653711958866
192.10203204317125,84.29580164513173
161.04577986373306,12.181946972201931
98.06515915473577,101.16754451525418
5.744169618383945,21.437677400256923
95.80362600192241,50.78430973865276
196.46958854572247,46.54914895650544
94.99621519683109,189.32274616305637
172.11668861663364,5.6562628684095415
164.6051504984109,54.894273976021545
91.09511345882567,92.74119978869875
33.49357220376235,110.12173068145698
17.845086958776164,66.94732217455717
24.913461713577995,68.17985327042476
13.4801842238007,8.984613243629013
87.66114509633657,21.242075841264175
191.126119527281,9.712003956765042
161.00425147646547,112.39755037232952
174.23678482865972,33.689889019590446
177.52008811846767,187.34599044084217
82.81392715285301,91.91043521512405
94.89417604146426,173.77764078991004
182.9323527044181,191.25963424217034
12.840562160243286,80.77876657091382
169.646364476981,6.290725011455255
174.75546425100796,52.28931764129881
151.92188621702036,37.567923680991214
16.15090792853293,184.62339540355265
8.026591704970794,69.27523123545214
87.64164370389527,158.84685608430541
167.9224830584688,168.1794424514439
40.40655155275583,59.16241707957933
182.50822458582167,33.1121420870672
164.46637322571664,153.83231501196568
171.64845526848546,33.552054042299105
35.90834085624366,46.53636610590501
107.17440842245605,125.08207085984847
193.29974697231543,146.05380141199907
188.34796019179387,79.99181140596508
15.77442378271221,31.964715656687922
171.3212030583699,45.59903466475656
6.685457238709835,84.636319842096
103.63411407790262,151.2827303661407
27.941677837472813,108.28012199172274
7.09645428249069,157.32028531020194
20.15753642465638,17.650277951066634
76.1263611369761,183.8363221972015
86.46258872494828,42.805674790361756
29.129016381748063,29.284138301059123
167.86852329240563,34.55936390128012
27.327179135361547,5.524441045362403
31.975541377675405,24.393298254024014
21.861653309049622,47.29710606446123
180.37743301120466,179.66111625256002
35.71608165944617,117.61868976017158
104.70354889907173,88.33278807478405
181.09401742862448,21.09353692172067
100.95011916828533,191.51519530950665
27.66545411039093,49.95814253432154
91.86849206392469,24.679557620053618
192.01350331710103,179.82894777957227
181.45775793847724,136.987191018464
188.13154399712775,120.20808009845793
181.49195303701978,151.7001060695652
90.78586083134456,19.636179630218802
173.91627024341295,27.947301309324775
37.8842766481046,191.45301367418747
190.3290224412554,141.18002401389532
34.86666466109472,12.209827221246936
191.18603346265795,124.38456953709748
87.23858845525962,83.70210413109146
8.037337279638264,71.66875110443544
39.93052638264096,188.5214313132092
168.83082952802198,173.63341406875577
191.2357906911042,182.51521731175035
174.33419545135834,5.802323834436985
139.71035970743637,37.56340484201366
100.43543767523043,138.39979049754746
21.848210509986878,42.6820582319512
165.93170876223107,119.00599572171667
172.18754417201905,195.92716002961834
194.05849604482083,156.5026708641909
15.430432596028288,32.54997840224947
96.31202198961856,104.17069167925716
31.497570727420154,21.04147108225368
186.114186262448,140.3816563155779
189.59762231337922,173.0615925921746
161.66739302643617,73.77270604920837
23.9920184013878,33.242185775160266
163.70604092463185,5.964522855368186
15.215940324187418,53.872867885695825
108.02574269055886,155.12938068034535
180.20145776366905,142.17683631576156
190.81413883370328,22.431243959903252
8.660551949314224,8.558723963585889
108.91599350526754,190.11470603023048
175.14664448590386,132.43566718058784
27.885751821416473,91.90128588858953
102.67025500735254,15.127263278628869
10.164299433821423,79.17002634999109
176.01032194270746,135.75902209296706
95.93934718245676,142.55400097338594
114.91402164375543,99.91338889198403
178.2847193619756,38.33766317947191
6.315752697250107,30.787997138633393
188.67986133761124,5.248800718722837
168.69235543383328,73.28771703073565
192.72143251172284,86.51980766524615
184.0868108416937,48.87880883719908
118.99262592971296,56.54495995552814
182.73683503225627,59.02277070341793
187.37618220995182,115.7649549702807
36.62282496949621,192.60830450956055
170.55520647598112,38.67423602334951
196.70401126477933,190.34284407709933
112.93826613460693,119.15973934751321
36.857346794188125,185.18325573138154
93.13702015226127,64.89940095500036
191.88026247894285,8.060536625299191
147.58437023308016,37.657660756764486
24.667834304171613,140.32454113145914
84.3951006316768,185.8062551442349
152.7917320284459,28.261930655719915
7.8248122369809705,86.65346653266833
161.3848828336875,192.94902662436354
66.90475481158633,183.25598477801688
11.267357315119792,55.3571014668141
179.46628318733133,29.158834659605652
93.12703448908294,37.471198802693564
10.826857301633797,21.718097089295654
180.6235504186706,38.807265318739354
26.98994926635564,53.08023462676092
113.32361997694903,156.31747117408105
100.00041212045444,147.51059595439554
24.430680902670396,141.3504249120238
167.12727809843273,77.20829823906104
9.425861436636922,84.35536607279869
22.606409045005126,142.20602262037283
176.32614266101686,137.9175341064753
30.85152608864987,111.79700402989732
194.49849239047913,44.5858411844186
102.57366432439228,81.54432349170811
12.76895564827068,52.2885703959973
38.882061205490366,15.369878525543252
37.34060565850262,51.80876095686572
30.33778388982256,29.56406741665795
133.2514860474568,34.22199045947981
40.81465246231215,140.9106029497413
88.99474299296277,185.22080798931407
25.211851729844028,103.98493044591378
190.63599083221783,104.75308413540213
9.672195709713483,82.16126085985621
94.0062135493095,95.94461855324744
90.71152630127747,27.34069954785575
105.72051744216415,9.194027128511896
82.95413319794585,101.77228489530398
22.534988003056334,143.59884306074315
28.194307625034295,84.95585560679933
26.92192298358913,73.2945267114703
82.9426795486809,195.86838313097965
163.86598049454483,33.78746788548779
178.29782123429342,51.14697738067418
180.62512608763504,5.0673302752800335
101.06532957391707,194.66854558017894
176.88684321198141,195.55078132230227
8.979220910944797,55.65223395507653
16.563625217428932,145.7751381344048
86.52375394024754,58.534717796978036
35.085304868550814,195.34718094593333
23.16427386065327,49.38246770233293
27.820337537452698,122.78401110903889
13.634037421462155,61.3867072465674
99.48227624518235,69.74185245549371
90.79691770024216,150.9601934279636
96.7708276989336,92.11591462136815
176.36353286407456,111.82863105826631
28.195565501350476,101.55109996196076
108.65431404040034,194.8244736372499
92.248658098719,31.59989734993137
191.2850660127124,58.504355106705596
9.240239016465221,147.4438012402238
19.99231344075906,148.01001852019235
37.42291819466743,186.9308175960363
37.08749397375154,69.65712525131353
171.90604979939056,36.77191512136365
90.8606863227758,155.20394802618043
190.77175005610675,17.69545225799026
182.6982404438285,186.1564347878166
51.75660847427659,180.11892521945822
144.1228363132876,36.92389290171611
75.21625842911759,175.70557053175907
195.45208992518283,158.28743840219917
22.808565065138183,39.983434544431915
163.4936167213826,180.2621096008116
188.1262524009539,174.37168662857556
186.2152368048292,52.817431578273926
20.72115365196477,133.73318450078688
194.86191601863246,155.72815873114774
19.917037162280085,186.06963199505543
162.30681062442864,11.213439353132353
178.48652671402223,136.89257304710358
157.22813282522702,29.420146792592796
10.82206120092926,74.20808342349073
101.44527057654777,119.82092542428411
9.840308054258388,6.747774690108654
163.8334640881422,120.71034353331115
21.99317312948703,14.41639640324533
97.88572297475318,80.69001854842871
30.01404360048724,28.995164880527454
184.94887833982568,54.1245364856268
167.66500954230946,46.90649435504801
82.84262437437698,35.71206002168955
24.342234171435805,56.72877252134048
98.18108418405467,14.468128420687542
109.6842194818682,8.631871485521179
81.39614091556074,19.307452317399218
181.9857753979395,56.730311966020935
170.42304280282724,72.87718256741272
165.93267338950017,53.37538592320498
96.12717061681695,86.12871935639289
13.54546108875862,147.37962309507776
95.96469475466603,160.03614905451317
108.62422403657362,16.171813803406547
108.71223672361262,18.756917838613454
18.592079654764387,42.61455178534107
104.55430231651796,99.77529569972127
185.9871705559668,20.353653056290238
137.767222587461,30.698956161708306
39.18574408652434,5.572423708324448
117.81576100598797,155.62365309537861
91.58084450968488,62.32694274615381
174.00077484619808,60.75047195274018
109.48470586667952,56.84002708200109
6.289358887300167,86.03562068569018
107.73776752352663,116.07047296476047
81.07566770211866,141.3219074471545
6.937619512806268,156.7262591068703
183.84488466858178,13.255963990614418
35.06041517926343,110.42367415890428
24.454973884171224,132.83301083511026
11.52753234867639,13.992502121452615
50.5496567111269,176.54647375717008
32.52947611053,140.8483493870438
179.61315569379815,29.180440108911498
113.06665375459718,14.495411838022012
29.691600836059468,101.75507670039582
117.84951386957056,14.986874807932999
20.492925856698445,132.9024903197592
38.49925204532267,43.827190237264205
15.3605039328049,121.33456951598585
12.844702796627688,143.25538078636342
27.14336351943996,26.43344290096867
109.81928393288493,158.107653451239
90.1995068589418,172.44610950660504
104.03191373962578,94.18537587699095
184.6693260024162,45.69766084786952
191.94270174082212,87.59635590736394
177.2475024642153,41.175784980223895
36.056167670950956,35.028044644520854
182.11740508904504,135.0971346735829
83.94341035387617,75.60299802825124
195.13187638090756,169.85122796635557
37.38243719218473,32.49505328977083
188.35411621582048,120.1226176112808
5.3712899626633845,71.01458480045383
14.618151283142682,43.505508451162086
88.38198143155051,151.69155536124606
191.8649343464384,71.18671579655884
113.52589555368402,19.754238063726877
178.03690269553215,35.71025976613768
27.564096538686343,82.19947917734788
103.25516657951218,97.22910311530714
187.4436424688455,128.6890334624722
39.1190420489843,131.50651795758574
33.34036108289791,30.96406683447449
164.42557257363123,164.78859049573555
163.3333157478835,27.512130380663805
36.80876605286921,19.43969643876731
110.50612954867255,138.0532076344875
10.348070464305398,13.837692908746437
18.420653603988605,30.54617526157224
162.40854449404264,185.04300843775584
187.4777562902278,145.3885761399558
8.738769083163287,155.22529784980708
117.29738151764435,98.75276710850687
12.619812121366051,27.813531883407673
6.846004331820641,156.99135765921554
39.70046751087834,105.94142556838027
165.82962614803725,10.99465053585627
31.112384122844325,48.807594571376825
103.17797962653124,9.238547915170685
187.8979570852218,25.829104237841435
7.912509460027211,35.11400150003587
88.90237002156053,161.38055777524048
31.234069980838836,14.888651001937403
190.38385237801623,172.09234235107962
173.187539499911,117.76749430656949
13.032684887307484,162.75850239354253
14.275662263453011,73.45189122100533
8.629330716433254,141.28849590595925
191.83398126799156,15.570665252006828
186.85513601617225,163.92283677432286
114.18221612726457,108.41702074206194
25.543278514344077,114.00466344766052
162.83600025063384,158.57701371661116
26.184116278028444,44.69757629147979
24.632923219841405,15.843451770200048
15.258133496918605,79.3397146328314
176.60291778242276,8.323465065881376
180.3110519892118,13.892333445402407
13.122562017950766,83.99027684839258
25.367532864902255,6.557708832940221
32.3077279067772,30.8724373852537
63.09202232080982,180.13643792405855
102.68864652632348,101.10108294475263
104.94909111627786,97.86338330256714
5.1950875261181135,191.2558813217193
175.91350789622476,153.28006526136684
102.97302769285577,138.7330912672545
184.3728310188031,131.02899277614162
169.3854559820969,35.072453816101515
182.2627783387984,164.87111021303477
37.9177376530354,30.946344505171112
30.327384680955344,152.20148931012974
92.94411723479513,80.63060947226283
11.29283549637032,49.86389860988963
26.336214988535662,58.716053930620134
92.65351373561033,168.53370939636068
111.69395542961365,144.018261196726
196.37599189447002,116.37089912627354
120.81365343582311,193.86199519212917
40.10051769249044,33.41280992177733
111.6650382441392,131.78088193856996
119.36650762084572,196.35770359536144
6.285252047337171,77.750554305835
194.61017491051334,86.56345938072883
25.361650633478106,8.979604749897147
83.85772453272173,160.2097274450378
92.36453631609908,60.89460604261023
12.06516308888007,24.426481869206324
85.33897979674867,64.8020444106522
161.62489382581927,111.99687477906538
9.006490384872025,73.19298447129779
190.9815105674839,57.045933375444086
176.27962535734,40.903311362898606
100.31785275083695,71.00744944927527
17.233207758445605,47.979913979921804
38.912620378428166,109.60172088002014
194.48486619582033,148.48595637857707
21.62876105666348,82.12149074660182
115.49493670637466,102.14962360601393
192.50737037748988,25.62964084140135
23.90034428930599,118.92779777604468
187.96734570961107,162.74327890911593
101.85490260544492,97.22242848099285
176.77904749820934,15.150834395598824
149.1912464439899,30.0906624179717
91.10289084940095,156.46906202275974
178.99505300742206,170.3092504246089
82.52607883209329,55.40006989959384
84.01128897945782,157.72278361859279
24.381511938543447,12.835870427287496
163.0288666356436,36.554837408948444
23.312983513856043,78.54543205980919
196.7535076747379,116.0451669241496
176.36597839086267,21.282415473027086
192.58715524124122,92.47298853467613
27.476863035936713,103.78932952213277
183.30858368150697,174.76012534992728
102.1606009839206,87.36205989745129
102.46517391900674,17.57660760100715
103.34671806460715,154.95027904416887
18.40204607479022,135.46757031879173
102.47098181910842,70.23797136710373
171.87226027381908,193.22488751438289
184.39451237124416,13.994189220574814
190.6526419004363,115.19823118175165
91.92352130363537,161.3511373896674
166.8093289190414,65.17560203519984
101.23276076192505,155.9968759988433
12.895492000588995,118.54056290733494
162.2570238983366,196.67095624840454
192.45299894964086,140.01790599164016
19.7757189480919,127.15832502472648
194.4378842140958,88.3654469166375
19.050290414427433,5.887129488378019
15.627510935997408,181.28438315527373
96.78065259279327,5.492816494932373
179.9700732741036,196.9983605455177
16.831011044401894,161.16220882586515
191.1732733053236,53.754299696337384
191.46676690531456,89.93675405031837
166.2929499851293,62.81498093856636
83.47703154007368,185.92603710773437
171.10328778224883,54.130021128571364
178.62548075104345,175.6545969574637
182.720871101823,49.30564228852936
161.78023519755575,60.680225219552845
23.999820705056077,16.674917195983518
33.03429881033596,30.019604032821103
91.99826106691201,183.9391327839909
13.4685787814418,19.540106693834506
191.60742475603772,42.33092421164762
97.00480309765064,149.66229270168836
93.35809407263801,53.827894782341524
183.15856426380574,167.4453845205807
178.7599114997629,62.511818291367256
176.78326409359005,175.8679696350915
77.7801311176197,180.18747645054654
28.93254523056785,147.44598514905104
108.56794800005147,121.30636900301465
160.69660560836945,30.79274183360207
93.49223867830125,142.03160630508359
192.43977511978864,37.98341393630496
86.12334746090141,153.73739467856737
10.313990525924524,19.10164724702968
115.71101620757,95.30416577917488
21.520340313114353,88.27690450374837
186.31117966686216,74.71081341356326
20.366308331350762,36.25491213423044
38.26871208341243,128.93319360378385
6.511920572729453,81.35344883451599
82.28841067745549,63.9293973739935
162.71580369161498,165.82878398342788
170.4484079430766,116.26690773982297
90.01406330406752,9.485438572442968
137.478318621569,28.321754136852746
186.02051702565632,27.78251196669895
5.80337471029193,146.29344463724846
7.334597361578616,51.53638997323805
13.689473996201558,84.44839751489639
82.7869051447158,98.5643877151829
189.92589958986463,49.693035579369074
168.33415063331415,183.3774040859465
86.07540362212681,5.509275411554392
82.40441653692668,181.5970678294044
25.80502905185448,137.790699569878
189.8683573031844,84.00315646050522
95.0093013693064,194.8622870354898
166.12606451665854,167.74221230837696
84.42858832421325,34.798704501379525
12.053123805678487,194.07697916329514
33.53840620199435,36.6074842786881
104.8674112593017,54.38482442039323
101.9798102571711,130.90962796004624
154.33392100118687,28.32588516122735
162.15484676739672,76.51665594477349
47.00351268054396,182.757282020007
110.09054887646153,190.02531287968574
173.0537397529871,41.9686467573803
11.93248329874701,195.07200924403801
84.04235884077715,59.66696945060677
113.02975305254624,140.1913778340886
28.889210945672062,109.49764033465624
7.83406831200466,53.72588163143528
167.4622516304396,55.03713188722485
97.48471504661521,16.997482665459124
195.88086084858955,169.97850402927958
102.32556487456861,146.41804939659798
176.8392650742571,51.28663892360315
81.85371329641538,140.01960362226603
101.73274466381982,67.92291715973728
27.110108472484356,57.73929528890989
110.3771363901867,97.48869882869207
84.17502851259447,30.741569605293645
176.52888201489043,30.540462472949002
15.70522692532486,195.22527569600504
112.30570098452124,94.2217943829372
194.2831356581587,194.71072124640423
187.41249144102358,47.115212986223426
106.80807121999095,124.44332440074054
175.81017515430224,28.353586265875276
33.15572068212772,34.33124704284143
162.29318266360147,176.7038967780169
84.23931262369216,139.02992607693656
114.21687834821066,159.01402987306378
192.91315037139304,93.80467057398695
181.05103458587848,193.53701228431942
40.1209906047217,34.22491594567302
91.43500224503147,140.22218344445858
12.297088889652546,196.81000779168835
189.1324681907,61.06247691586871
14.487714404709502,45.43577571517443
110.18999002666416,144.78966346675742
7.8730598252463615,70.20493173461607
183.25576999404805,196.59873069698875
37.647900411032126,31.904156192865212
163.6581298992412,64.8573365909161
97.38825341000887,186.74936323905922
20.32876829972243,48.69233045195919
178.09830967197436,63.70155107952381
37.64308840649897,134.9481221467906
11.737930475820958,39.456254585816964
194.57239040658902,92.32121655637417
119.72394973361534,51.48062292549756
140.84153563124474,30.571836064549196
104.83168113566543,102.14206922144095
164.6445958141076,15.007500737574759
176.05640162170445,139.88319070521143
91.50130019854815,26.285430241127735
113.9553896387635,5.682102610573768
89.5850539758724,160.19849276772965
90.61150059336948,155.8672867231314
189.02651378639442,142.49376636181827
16.55541076670921,54.18334571468661
113.81983465461371,98.77460501436508
92.1634435637511,141.58221498148643
34.93824494390642,134.82010526785498
10.54078643697979,196.15359457367046
94.45974544382402,81.53798223214385
11.168988391413153,151.99996147730943
110.10462161458494,144.07860181537683
190.8176249105558,143.09560270678577
86.43008504872084,58.989301928343664
81.47999514802413,7.731654384335513
178.23955014286216,130.92567230881545
165.44667267465937,115.43624862723222
115.60164063810218,50.68306757299909
102.1079467978048,97.00946027748388
106.9431722278778,195.5118811471783
174.86355650088407,63.39144849119207
84.58619965357121,38.45614685690352
181.21395724669355,63.88278198183713
113.30332597123876,136.27271270820455
195.02468367918834,119.39236292803012
184.4370780308555,142.5620035700232
29.185410228288305,117.17706086693389
83.77871162453594,148.58447538379252
26.850853707517185,51.08649474051427
21.17100883571687,189.46843900055896
24.565509238539484,129.28684897345954
38.33703690483427,186.37188963236318
26.50302412158157,145.66328750510556
187.34058959477363,20.75921567482216
27.705106407760837,40.63221915869837
174.65829302862883,114.81431187515057
175.72031700123236,18.127538548185683
105.15072104742181,54.26423924609487
26.089977889602547,129.00224366483363
91.50346659953341,80.15319725228366
24.17940638868599,8.653718261873644
186.91269934635523,109.5612716020306
172.34930769624637,35.09358839188733
12.3615109136988,144.87271223372173
40.009656073874744,7.372207633661797
92.98333522914476,163.45326695867067
23.40628752186354,57.02207719063181
27.375233342190363,110.39640373259884
178.45908720089042,58.61685677085009
160.15083871300848,34.27236136661966
102.35698081987275,105.74034199113174
5.151981722005393,125.51118218073951
178.6274721199113,29.708921051223818
16.312717594628396,128.50253177172186
189.53842880504448,100.27210242568044
161.68104415127664,50.12034116417365
59.53299319446992,182.29008257047127
97.91828944436503,193.65413758916748
83.85014825350869,184.00881513545502
183.58544286651718,32.932946998542945
83.99196296490668,84.27624588224339
50.055340333313744,178.96889914428846
105.14919906438286,99.29857138945958
36.80474323549614,24.563568453210344
178.47292815638048,53.050477060759285
19.823815211209105,123.54535039532924
6.687215202703466,121.30187053019242
25.80140603304836,101.01963243714556
166.69088115215322,54.17693322417089
17.271840555473425,19.675657603303794
82.81228011913818,84.57496851516846
7.607379339290626,10.21745427997629
7.288146146841097,68.72318795555928
170.0265621294566,72.77402219065047
101.95664766218579,128.59665630973126
108.2021474401559,92.5407822878435
120.11235767374369,190.84858409162146
37.55683087417506,131.04166486464692
94.6879735880628,66.69285792796481
183.66961756129527,161.8667207337598
196.75554629295905,44.90000520858736
191.03853288439015,196.32134731522376
69.28747323448628,184.7319521498866
182.02166849854433,26.38953301041199
190.17205244056433,58.192789076181974
108.97289458875223,117.65766010306545
179.2159239672523,44.19111227540287
176.71304557249587,12.238330013168635
117.57604084222524,15.011800835878539
11.33291374864623,129.10910287815528
5.719391756383052,76.5955212730235
192.50970035342377,147.2595274605595
30.2272899349462,184.24760077051744
9.093815996617732,42.90950976965862
187.83424102577143,60.11526750168911
34.42781426794587,21.051895259426527
24.81426632573352,23.259729684835758
189.8847867989454,123.55318005938663
88.59614028402974,86.9830780679334
14.077119398015228,18.302286960434998
182.6085113181915,149.7894003432563
38.98185790967649,22.88330668860244
192.92731457665695,55.81390806869435
24.875468442607072,64.11083407562667
40.7256806309791,189.177759122146
23.534621465425914,49.26983598047478
186.8841781054055,24.3730879128143
16.337438433669735,77.19238107023374
179.19731710566748,29.427968878519323
196.2181036580408,62.89395123034564
11.564678893129267,29.788769943848187
35.26856299406628,59.304815919236724
183.84462325583726,71.34151257843875
25.088853614311283,183.86854228488127
96.81133122409055,74.4422123131935
113.67742764486164,126.42648892249396
172.8156512056449,169.54234869914353
172.44017146046457,160.3054225490713
29.639973916904584,14.5731196162959
34.1637033812471,152.68187559788686
173.2216943510395,35.368546621603706
100.85029468836345,123.06277083603202
115.46005335624803,195.38102945213066
22.615524051385144,34.90400963314192
35.72362359024028,64.25747992336639
194.57699862495568,180.6776022639829
5.208875931447073,49.81634629890042
10.014065404027273,60.36738188742149
14.995072313705498,17.205770630354078
188.42905505497117,191.9894865496703
112.97486461098588,116.5892028757333
195.16222076442548,71.45023152807428
83.62653204010851,169.09288729913652
9.378430830896217,61.78363572940164
183.57877790794552,151.69281914024108
169.46393931615805,183.36617789675418
85.5964504345605,35.74575877895227
113.09140089161042,5.126727876263348
7.867251053257037,132.82776060044398
13.071734561948155,121.65109097808767
25.72764727468852,69.66641049024695
116.84045286318455,7.102832840768322
14.010345443654758,161.23319111190705
172.12852077907303,46.91770249206978
166.98495532797122,73.81785725016358
192.6081753496588,151.27518365438678
189.71730948567057,111.09769474506543
10.009589479480992,54.62568470250127
186.192989942824,150.30386907665377
11.212466105675757,176.74628813064274
13.35906501336064,175.05956682638615
183.72384256587307,193.69863815129318
162.5227897661359,5.535538970996518
15.519431237809023,79.27372584203196
191.85456387900928,68.58599606758656
17.31743769261126,13.169258686459294
173.86283866218602,37.56210007108721
33.971210194871766,28.27080202615711
100.3114986078729,53.35147801633292
191.59433069053986,160.62943289955174
6.21719070578187,178.8726805742024
97.68425917977152,182.88401932337723
171.32475959265074,169.52073783995908
104.19914482127108,11.433857717100267
172.54843813522112,183.8076791546902
174.26321633134535,155.5607520845021
12.173374983569127,166.22277862821173
93.21964468266982,6.500779403650552
27.765108650809687,184.3623463893199
96.86329032035053,92.47307313069686
100.98051130368358,133.985093954679
84.91664988008344,165.7046546498231
192.35414935308833,174.09644291119946
167.93954282681378,181.32195821199872
184.97461419617417,184.5795570478734
91.89853264775235,102.30836894485434
27.13755383359975,81.66737639369302
155.00684728718704,34.93408139153028
40.070944176549524,131.8184686031554
84.3756101798288,150.58742280706215
7.1396992495835825,56.588736955224675
180.3386679809284,57.17092822710404
106.66365798946138,50.01592680407199
182.61177696457105,169.50858524589648
112.81393310341842,101.55633066101532
26.51705490945525,75.32490554802787
173.87169653722944,160.9746140485464
85.64822634609621,179.84134072256117
27.89359079000523,24.650332825646892
93.52497188840738,98.85795467105433
95.20458242663621,98.94595308691926
30.36240493248533,69.65000769103368
185.4417813993623,165.1193910628142
38.23065264922966,102.52973860639054
111.72991915595672,104.80919500853526
196.29527494639566,98.04354795237455
160.3013813949984,40.11792536170456
162.98747421855754,114.85829735749256
51.112996825621714,181.31297311804704
16.82207840891715,41.00944717790666
15.664462008138502,161.40021121063535
104.61953742320996,70.62817333138742
93.59391955256187,80.22537986147358
5.788713484467,192.53350383355615
171.04006013335996,47.65570287070651
132.75016507114114,37.83094576685706
30.427750310162768,54.18249977117367
97.09337070137693,162.50250158961927
87.4493972271998,63.96772178205729
193.52811527970172,172.79062697596834
82.54072542742692,22.214589943722856
82.81602862244628,89.5422483464123
25.07839263306266,5.567928037633611
184.5931661385884,45.64907102829576
51.759846609059394,175.42758517202543
111.16605889864651,130.7052601569871
104.22880767175899,9.59177808621613
183.28966874777944,67.32592323943449
49.32990267810212,179.56078645202757
110.56175327770238,125.62671312335272
14.717075920979507,82.24273446533198
183.51520138675104,192.50154573872084
30.068170735308627,112.31177511200688
186.19000788552907,34.253085340166884
167.63687905125067,23.28329485295398
170.01811396517422,178.75922995586174
188.50246147504487,176.22496578199025
191.0896625678546,137.4867681248158
135.1806035232731,31.06613587221159
163.13512871574,42.43483871359915
13.828873436600317,9.692461779723734
108.3218653426589,123.20593671743882
95.6546983471876,179.59467208823645
90.14887468874124,185.3955208689085
31.801796021458436,11.067316388818965
195.63006102302228,184.37515623507375
84.18150383621136,41.497405350307695
113.91524241259482,139.1321454711235
168.4831015364316,191.02174807609944
94.17535798651897,167.4479717627555
7.8472755509741905,62.44528924044825
189.400329778215,116.21837974045113
85.00569863321944,89.18166378053422
82.60756645097722,8.438464180268815
137.28529330470275,33.69150098681952
86.67058727069026,137.08598379991128
12.065688609595904,14.291346367825456
103.20462722407555,139.26089556293292
178.8013510573961,66.36674545521925
93.40683888342974,69.4817182711532
10.555331728799986,168.4607800584859
190.5865638455247,104.2636855117405
169.58493759855173,31.590809613742397
116.4900506495358,55.89190103070215
54.43184303575504,184.7366945675099
48.941714440333385,180.0088022940825
91.78382857904498,164.6375104281501
104.1123323705492,140.73873914606915
173.50092167785016,184.54031130700574
114.9545137572233,51.15953475936643
102.45108046808294,196.03693310621472
21.231241130644328,11.750546718735905
133.06806708961474,34.74995528305016
25.60627193530774,141.04049385200096
29.984046882472466,145.25466316097848
105.29112497152326,137.8510957351696
196.1415130256768,143.501069808838
58.160534263582285,181.9982105410556
119.80832994536273,134.37422154342775
18.78107519584621,140.6881888646666
110.25384888654845,9.556853703658868
35.161087700648444,15.876736150416649
18.62619878597202,182.45380132831656
175.1086410162805,52.61587729950693
165.48377749432862,37.879552936455816
21.679438287454598,39.88966869348838
15.369692729678578,28.088566101761806
165.00414794010615,185.35475375389504
39.69034893048635,51.282283796400996
85.32011220069393,100.13501418713838
195.23980496036677,161.82665074315344
29.34919656250106,136.71406840691748
107.49844830146645,130.12085664959056
25.9315028134656,104.30586723637258
168.94068921833357,66.59077231101583
190.82534065212664,183.77312828247767
177.7212878180108,144.97274389815848
94.01956035241855,184.56706039788625
92.29645699338384,147.12132818347237
95.04660496210371,158.13857244632274
12.338129801641282,24.93378816674445
30.459597919363418,59.504341718383685
158.49111186611705,37.902659163461934
196.69854019499616,147.7680207601224
14.040562400207115,177.2094575686817
164.2810046671908,56.70931226887529
25.512228024738565,75.167534679086
94.62092864590784,58.667149051408124
116.90386355287329,153.31100154008666
90.7092488121903,27.569441790048394
5.262341893921837,118.59806872690353
29.5835620693514,33.14797384849599
173.48401885475343,50.872523030528335
146.36113055124682,30.368425238303168
170.89325958207772,64.64352593098133
22.679422323338784,136.06128251440566
34.58418682033217,116.45247619012756
69.17314432610819,180.42503824878443
27.045006396810738,106.93713392173548
189.17769929901564,5.539392101843965
115.68743619114773,51.87808293355665
72.2028728275117,180.68187743118293
7.2591385323371345,45.275348294244154
81.3101333321481,64.49687033972089
31.539733429354584,133.9295834270587
166.67923988982636,61.269671728890074
81.08509625728985,143.09018322308646
111.95071038165135,138.03178552127537
26.362394770030193,37.727036962821856
196.69708770437697,71.65715376835809
165.57567755589653,22.827699773796
19.05886524889607,152.97199361417285
23.607073869180716,42.825875280169235
88.97281191011542,157.16212285879652
83.22818255837124,31.434636359990673
83.63774164108717,189.3606534809804
13.822013716832453,41.087147335272775
180.83934061562968,52.80335149679006
97.76153851861912,191.09856469515657
81.89212487941332,137.2556801174686
169.74673438862212,155.87135047340885
32.93967313684777,145.4559304782331
189.44007436580728,157.27390242512934
112.72413056340558,135.7952537747816
190.37490711422342,49.02262377109275
136.02889039202515,28.607029108802333
34.101162470006955,117.25138854051424
33.20065022238257,118.02334609229626
66.82794963154048,183.53066829416437
41.66660135604616,185.94148253914597
22.268454141336193,187.34836137069877
184.7821804747799,125.17021343033228
193.80371378307186,135.40735961423496
189.5933052434552,176.10232256908657
17.818490976966217,12.350598689178698
86.89912991510391,78.62251291596809
32.19026647221494,30.65301796814824
183.29371681557748,148.7665132999036
31.876059578222275,94.59692654003493
35.786392718717835,135.88465779287918
10.0,25.0
180.0,180.0