74.48040889373756,185.57980702652077
117.01432170548861,64.39925258480558
101.02664484634035,104.4382849040189
160.6127246294821,177.19414644914838
161.9178356035445,182.74215848422077
174.45883473744576,42.54459303401436
90.98126723438128,19.059021296730617
109.71849836468346,24.323425480672626
130.8224699762876,25.452735219341545
163.0710533472893,155.71574254274645
176.57046952165646,32.003741118452275
56.23247703524548,128.36932409345147
123.91875781318319,94.63797109199777
102.26731309591149,161.43800324545404
110.32258145497201,65.59759204670787
112.34949559640086,173.07287392489349
143.01955033759793,97.28474559099405
90.93993664551172,36.97360537752032
190.85392843001267,12.95590342376596
61.182898800456094,170.226644200535
94.7358138849873,58.09716654732517
185.7326878790276,131.32206374608285
31.03129838865466,192.1182532525648
35.265943892231256,7.144237086400517
185.79100954679456,113.7001312438697
24.96441980396701,180.28929997362724
130.6434717782557,195.14386362698886
70.51844323645,168.15925179202378
96.8148832798129,55.89245440127799
99.46246232715119,124.8739724381704
155.471466627326,159.0976041243375
154.12245442101425,166.4091554353357
75.48157676464254,97.21432024560212
109.41519638915393,149.8554203234731
118.60259775094949,58.454309230758895
134.65811137665355,105.30430321689498
156.59839351319715,84.49871438763569
20.437853059117835,61.56364549552285
119.19543852635884,104.2398931962871
162.51311520559315,34.692308325601516
49.136366533184635,108.71112929972597
181.3070168218596,45.11866301168475
180.459627877911,39.490143927004176
6.719852369071373,14.310801870200626
71.1432782456521,91.25049841545462
152.90133529840423,107.60398847177406
69.17482725307,103.66957894587357
114.80276150361823,181.30496962544382
107.66683562578831,10.544343896529536
77.93364549306699,175.2033849538851
182.4902438378351,5.28745549826601
115.89295249337886,27.618886712273476
111.6203407265583,53.25121369448471
195.91197985212244,19.86704298476259
44.174754772421046,131.94245750875712
16.8281588013424,168.18355088247992
187.5288322327438,38.03024691874077
13.16725024307575,188.85971580924448
61.706573486967265,136.32585227130906
79.44762082025059,137.61523282132717
180.19509020996526,15.932533477951138
87.98566187362597,78.53246036532343
124.79387351195064,84.07848220444329
178.38083828419627,113.99056708363956
109.04160440446348,7.089193285750655
30.0637210897403,65.99363251651357
97.79532182494839,105.83428099844325
74.57287952242562,123.44587720571518
168.42684684008015,159.00978296622793
18.001578632872565,68.5437198892492
32.71964230251884,37.847065775834565
63.898622800672904,111.79196016630252
63.04273660569847,103.47792305328528
177.2833885775178,158.9171215973252
13.734446382416824,175.3264333234424
115.64172089655855,183.36805690138922
78.26996890530363,28.94971360399019
42.80345644189659,188.09852977118192
157.82652182713971,188.37604766412613
174.61516208921245,129.74372228285063
88.3495980699594,123.27120762129685
113.08146750919066,124.65328863494786
128.62124175086336,170.98283249931515
36.65611094397509,117.64580366458632
163.57963172573878,106.99401527688553
11.138846144669914,41.787462476477074
145.16730714945137,194.71478772415554
143.37285645869397,17.7466566235752
173.3460478418943,132.4107527161234
24.497879338015263,23.18078937366942
125.32369978938085,14.527153629729312
173.12101099824008,183.89713763943087
194.61205449480903,68.85891130659147
71.02861929132318,102.51572086519442
160.86686041020775,99.45449671789753
43.72470323915014,170.89717719014652
174.0314014950796,177.1983304186559
32.51844603606847,129.36885572290856
146.69868668289234,179.11747812776414
124.68145768840247,182.34615694688523
195.7783786536025,180.3828528898885
149.95937806808865,175.0839276049811
103.56097645218155,108.80343241913243
165.32004193914563,195.92039624861312
117.71945619843524,149.33844286966217
116.96802835594974,121.49483681383634
23.379976691312304,193.8067001009146
158.00579431336337,84.0486096634571
92.73906510608064,190.5044448880584
19.531702809911575,63.157963959229534
103.92909981017456,37.27867642019058
181.21591547579476,12.515594829909857
134.62877897201602,189.16247592311223
163.8793200539583,31.281280963968943
31.21584086876716,192.259603374289
124.68706562684878,167.94686051762824
27.106911697393734,132.1725741363661
187.44588163075926,17.753806915571868
50.64297668692154,136.23445297340692
188.31075570117588,165.13340640423294
105.83300449763259,78.60531067908605
96.80223253343613,59.83412236513419
128.16977980952663,186.6155970264595
80.79948992413803,20.04082977287285
13.856001671631358,179.1385383117426
99.06275661545828,123.99440912949413
72.9719339929837,178.5545017831031
22.44254971837348,19.002067665053282
27.104948214345566,33.10240683103626
29.27092732222665,21.3950163231735
165.79294421281293,192.2090704461567
140.45571812393146,177.27962006249575
189.5486625169754,146.03165578400885
21.757710723407488,31.13878382467889
116.81314453822574,101.67014892170076
86.29353186006864,169.71627540252982
31.43464258625819,38.42281562718485
195.57120352847178,116.28170198578943
94.81266014262661,67.8566599801856
84.83265804543299,156.60471533937172
160.5734823315832,170.0711722769596
37.81130857123523,127.6408637515448
176.56177255909256,179.4104750926811
10.318935312215787,191.04051185697247
191.25112915658173,145.8577781100711
158.16798807025748,25.025935312362616
156.52883804367437,183.08592743112894
44.81509299783411,195.07446219839693
31.34473360817922,26.67335838006478
191.12767883322022,69.6622844874349
173.41146561177294,39.9873232912405
63.25083652665668,177.55169797534663
62.94440080491015,167.24304952052782
24.049056377666574,177.8066293039116
149.54850267464286,23.92020371029025
75.66628896514457,196.05980334875005
184.8839850904261,116.21888976702249
91.83822506730924,196.5640061344155
54.78425538784995,104.56350130175473
139.7779114076452,43.64707398686606
95.74334409768055,61.95549244605613
71.49902262362843,106.39635722367036
67.99265168132102,185.13205581524826
90.36674498656166,13.478158053529397
168.78577980967717,39.551438394241046
137.70554111321914,99.6936574416431
141.96860931408426,162.19874455134152
103.58315395985132,10.890598694552288
104.68620793733645,127.65095609013774
55.006180791824896,116.26490937578954
178.57456652415874,10.767289638854484
176.95804663069535,26.528821996497733
105.82195032629511,153.40551880195093
15.912417547376156,40.88955780224257
64.39602370694779,103.97731930262945
9.123332655291321,51.8848045535298
109.0551169389638,94.19481104089824
84.62162511162539,104.7645985049253
154.76159151686593,25.73155084516131
127.5429761329304,154.30669750833223
104.0899213174202,20.851191063493765
87.13883712810456,9.42915859500389
11.657557006553887,7.151983177142181
10.794299841931629,130.09450230988784
86.77822161800721,36.05974392013575
78.02492131526434,146.0696346042133
73.65511172332229,111.13858519523043
169.06775822238836,128.4300774331597
13.5188880855969,66.38407412467714
134.0830620960574,165.98908354749926
145.77926669606836,169.4206106731279
74.41070753603165,137.1389080505948
113.12884557090321,132.47463805085087
193.16927323286833,166.30816884058322
130.94184051945197,76.6891088096797
114.90169136402213,154.2581514460749
101.15218785552163,128.07672275933572
160.03984474326535,79.41432848030081
179.0680998132741,164.8156995023669
37.521581491609396,15.125428461208543
190.48885003419068,186.31254057413983
125.9820045480652,163.53379887016308
37.611020088385715,14.5242355908087
185.27184144348055,153.40632356180268
160.1967467573221,106.57584551920837
122.10509608771423,55.384121358617094
61.707819535965356,7.064681095899347
157.24024279886703,44.91806727961762
109.96967265757657,163.01853151050497
145.10063390640929,21.936052023363196
100.8170677192582,62.636051831050864
73.33992443269379,192.352388257964
170.17946477447987,146.71565680125767
50.304137314196346,144.8261695644386
196.9435855687788,164.6731808498747
108.79419387938512,106.84748577589906
102.95338930467607,168.4345672051432
164.65361786434366,112.01540127108817
114.8258873124669,163.7190033532714
33.92411143643972,177.82884736798744
183.57782222605977,11.456443280964558
50.31644397597634,119.36335581869363
196.83397083581835,130.99116419021965
108.89323711650592,147.27383848697005
132.682158096511,24.427752769335235
181.55510994008625,151.26553719390265
178.8985188575655,129.88721246657897
161.93839013207923,112.94307218232125
97.16616059417791,129.50935205011442
179.67732332916648,24.544482817020107
156.71435264322838,179.03404204223605
179.6042513911079,26.942516651074694
157.59775989892955,67.75125532471253
136.38081075221123,28.838970121393736
74.01102029077569,17.798230120771887
92.58422185293718,89.59146627169294
66.67986855168598,129.48360057766914
123.22003641179374,161.08775547026
145.74449056658585,18.2392557658352
157.6271288333391,171.6048988048727
144.84714753444277,69.12103621727917
167.45341482971136,189.63028867807284
158.57631330336926,86.62364033910096
86.19730127840621,156.71779439508708
189.73153309707124,145.31836959701627
169.22824300261146,26.756336594134734
133.71520324460906,75.02489676853776
20.2449633633901,18.992657799808946
36.45213127580366,69.11761572648628
96.33809580909765,70.91466498167364
96.81924710688207,126.82493488922756
76.18054324296273,140.31684107314675
149.51662193200124,26.83763143738815
181.91645958180086,187.20890249002542
185.66225362670596,166.6505628519426
135.46015272074604,169.90392004513006
189.52219877976626,194.81381933112706
19.509929006048957,132.44499111387884
108.77001522613931,55.08866068028252
37.16565497116598,132.89585227234826
122.85013453780185,77.85931560955785
59.82780996740723,178.2803781451547
112.83906079254993,9.581820213647246
168.7367326421492,76.06587815916151
131.74861853243806,98.02779908770498
133.74660247984409,45.12995873441956
158.02927361837416,19.19095431030788
161.6401022303142,167.0184258180887
191.54933573702777,188.8854039853205
115.93348821825411,184.99105897296008
193.98661192440713,5.886838885467801
193.3163230115975,42.210525249379494
28.352160514733523,8.024061638726662
145.39276487614129,189.02028158147345
179.2604745484108,178.96909631483354
113.15579604599282,57.55519831325195
16.355133019047628,178.3642776137458
126.32713160816884,63.27127401620596
194.7559837334393,20.130044710680778
171.58815772292036,170.0181125284625
80.61054733609832,128.63426682526003
148.82103675096664,180.71698706709515
134.3036507632105,101.19157659793584
67.96470027855483,177.85449861360584
185.04070060612318,140.33614752962956
157.75595710016924,188.1695553629401
170.52419288085346,43.994566494573924
12.136913356968645,63.384808542691246
93.79246180348875,126.51654494080978
119.79923686433258,140.96282821274028
189.6288951813918,142.26440716290065
108.01681832316132,80.43104476564228
40.58590722794548,183.97298839554207
81.74596894355058,26.071010502997183
13.167857613843683,40.649373845321755
164.96201516477615,31.985409307790476
130.503186887205,13.27166072110226
87.53522236908981,169.67367284960437
133.8890597797102,30.714785291967566
132.31381986506892,77.9770515297037
195.15542882260593,150.06367433577338
93.44607350630204,73.5128509317529
59.46981968864364,140.59829360684483
106.81110925519768,121.28185706479165
98.5218313466934,47.49513903893712
56.855004184476385,107.77117844093756
83.36866015739609,96.24706899495361
77.16241025029996,178.28736392778328
87.97791157877369,168.8757862352081
20.751449527084798,64.72866540561814
100.10265034213097,128.24619057548048
196.57428470716422,154.95825243789326
44.08780960168501,131.6944355661399
101.42261576819385,65.96935267825236
165.38776545265475,143.21129451828244
52.90400074925442,110.26197739231588
179.37604740104314,19.573659571648903
93.74401527678036,126.91210515124169
186.02541317042048,68.67026043636805
149.0517670230168,88.07992928623032
86.6596552137182,187.41214839464294
193.23749083060503,182.0859198850861
92.3824968965711,23.20177831765707
140.68452469931302,24.209066100555926
75.25838885316776,7.339804198686144
100.09605928635976,97.33264614439116
22.47399907410413,55.825465874091016
12.056490291633587,194.56146552411855
113.53635889683264,165.61552965456704
96.93501127760898,62.173724135789435
148.0559519026939,179.774095387089
120.09196813989013,40.330830027461246
148.29743505311941,5.491750871762284
173.8308360929375,15.591941101729823
105.95063513163936,67.3464739415592
77.78591619055034,138.034946108027
41.72253466797235,9.272733050564334
94.91021799713398,152.79119196029106
148.85966459888118,95.6734443063635
32.64023971365765,28.030952838893878
158.24011713367912,30.336962086460296
29.995542894411432,129.0020024750698
40.147366067021295,131.91511753950707
58.8254905419547,14.911150799660279
140.33140080142388,66.76367113547069
135.662222048459,15.933219473120563
14.86296247879073,176.75256265544195
91.58602048623452,144.5910297401955
124.28617249998686,80.31380643265315
18.24948429422245,59.813662396343055
96.75429022499752,97.06058875913158
196.42004607354966,164.2314833822282
163.48685458830485,126.06056769762938
95.18641874587061,88.77319492501421
86.86325127321878,152.95375565583512
32.26916040211925,179.0234773120104
73.53902728518327,22.06311499530213
100.19867296601709,101.5275968318678
183.95944900719502,75.37105754829656
179.1983653266611,38.46084174641399
176.74265215893743,193.89860727288783
121.96217389173923,157.772665754186
115.3886711847909,109.01894771200251
18.864022781204916,41.55040517464183
120.97007171623048,60.19018454967349
97.96510508688728,56.586277298583205
24.50432016463323,171.01173420768808
5.796433274872645,182.56771811209228
169.6072086877459,128.20496148291264
141.58265365809598,176.97674837946016
26.670231219732564,73.30931628793368
140.1825605863771,42.31431593712845
53.61235304217827,135.1029588550707
183.76238375492662,16.916302417501303
38.10470974521564,14.831986728423518
92.14549360867275,185.08145528575787
39.08733909679189,192.89892862567345
164.8723784979579,138.92241095030073
123.01279737176804,136.69699281554156
118.292630452001,142.56949879620853
103.31893413093502,132.57014473325808
142.11302223379286,84.00974025927297
57.78052101570031,189.3385798092622
154.11462170413412,171.6952021288709
167.33678260523902,154.86157434000526
97.12201631055947,193.4850860874553
80.66932024570833,153.32922390004734
73.65359684369058,124.63888319331268
188.41650011163446,128.67400391544334
119.86006216786858,127.0185301784839
86.35580794516457,8.532447173650247
135.92694134982767,102.1454899453202
132.45464378437333,77.77784243496
194.0197301411533,191.47260651706344
101.1269400190211,68.61634084775706
17.616243931137923,14.97619557820713
16.847911097288943,34.374018287301034
143.74890161109067,40.52683787942432
176.68704823159672,153.8035363699735
93.660398310832,114.54425816065861
94.44047987164835,174.53263058039738
83.08389565802949,145.41798942577722
47.2967423865452,107.5390831022047
38.322109819255026,120.88794157817806
154.20299565949074,27.240968667087717
78.44943746623501,17.283836487956776
148.7861099462271,77.45413114954395
84.77991223911901,170.8480484596474
35.46426971935814,119.55748729458035
166.86628859370623,29.35821281632959
32.58033452372127,8.04143772234568
107.6993978106936,66.1045872369973
19.320334737231832,33.950870456733796
125.37733368406136,170.1827046639118
180.545802981128,42.8323310636221
110.09211930206472,21.693518338359365
144.05147225281948,164.55386329806478
186.03770552835397,139.15320360322866
91.69784784844626,125.58797100429139
5.583688549517803,39.36024818845591
108.67301697362765,164.5705811973092
111.14296909153977,102.45309816514583
133.04837609273844,165.4225883246278
118.31775352143042,91.17253721222218
187.5162188505646,195.57266914156267
158.44658956998077,125.57124618556017
14.26801475047014,35.06085693584254
63.79951207575496,140.95516151375838
104.72339612479993,98.21018908186964
121.48869219164419,173.83367350436683
10.422254002812956,172.6062433695323
160.70542337453847,71.54236075916062
162.3719544805731,188.73996042107436
116.28612858560756,191.78334447294634
99.95714267895383,149.27626251558038
35.551868359825306,34.16460919250195
91.5265169135484,168.84502964605005
70.50513326485289,174.79258910091468
54.123536113623416,110.70876145832484
99.5650562204244,147.80113515880842
194.73936676264947,182.66156251967007
30.39578468505468,64.85909480809472
144.65403220815506,94.18378655752105
131.12430384098028,190.05733959973293
149.6047684350745,188.41917706082606
102.14123433144616,61.284277012428696
194.43546514282724,122.92716744619027
9.112640570083425,20.850988283127297
110.93567246599092,169.07505199055183
111.6285802577416,82.29565781840066
25.51878734578089,53.53636136693365
184.68817187397067,16.98042712452579
102.79594241708867,128.21196374704584
61.2104430458889,169.8942190535525
30.041555676842123,132.38371656846056
81.80941804830051,90.76342153635912
128.2239501394333,74.54822232452527
35.61390605104294,113.75683955223285
123.26847327980464,85.54733260959797
13.760422524960221,21.385655028099276
114.19454063697783,56.55035942471849
155.1108772429159,26.385651697396398
179.6513451259067,67.31875761808539
24.179437430280185,139.4136934680488
169.5631323101002,148.62578445207274
7.494810468945884,137.68751589550527
100.30661137741863,78.26714926386563
75.7870248685569,129.32318753745446
26.04680361013807,56.493332836099455
16.442193331085026,136.1291803453203
191.058858990662,42.68389722551579
186.27195612933892,191.67195867870313
173.84405793619175,159.57072193716093
25.384021352225897,170.5000278265718
106.03039532141578,192.1934991900103
171.44478619160304,191.5308866240112
23.031240100899637,135.94209876815847
86.02548472975732,141.7448526813575
90.3756897832264,31.02830604696487
158.5352418240097,17.364553621363765
103.10280095746467,150.0998910936589
25.028313171525124,190.36143691303386
142.19793422757084,18.672099853189923
110.3639849277281,124.61965700553203
28.106735830299762,74.95016694495685
51.92340899975247,134.55020842599671
86.59966440355467,130.0452833102152
50.83183116708742,185.65070396268501
123.42074980518635,120.44356335282919
21.22518334702412,173.3132392607191
110.99869423691851,137.11607246358776
137.47668914961145,26.574011695824854
107.5744706548468,59.53161837049436
191.96199138839452,73.38592589589382
115.08882474775011,77.65988452418019
35.54850872974243,24.249447118198788
19.927400708638004,142.94319106448464
160.91929400152154,35.254070917231275
126.27162245374257,32.3872912037405
184.21487362990655,73.26234495977704
157.56010731497193,157.62628956941106
161.3688360218016,128.95949168194002
93.90124961436118,121.05470415588245
37.85757870559833,118.57530248976238
47.2562468685726,121.0019518654056
5.429427986209461,49.62044803400366
76.75050908165558,160.90589737068365
21.426158132380277,46.518174293127004
26.070106911092516,59.25338065928276
94.38560784935963,94.79833222792847
159.86526411946014,20.07440211212786
67.16008703580819,108.63871229130272
8.111964683999275,28.828618153450403
22.183868443724688,37.19518865820218
65.26565315850941,177.77182721769697
115.01884263651722,46.18610778163086
87.16094590947537,172.34757746045497
107.99138736219871,124.53141034920309
177.12934112070604,181.9435931513707
165.52168838094616,179.0630768038934
113.40124583821968,142.06542312803936
185.47980445626345,191.92932997765493
67.04417875215474,123.9545768420396
166.53083458534527,104.33758774463473
107.38187560898736,135.05430290114998
49.87963457506142,186.24444407627738
132.27286921170344,187.26198269419973
116.8677757329092,130.1008121816515
92.5745254131826,180.30946406177375
77.64803828815047,94.07417314580256
157.07061635993094,117.94932751483682
53.02593704473239,176.44574518634317
181.0472718261764,179.49236401556357
8.38097977648086,28.720807689509122
44.19291011740141,172.02235070416546
9.773585359766564,61.36438312255732
91.94419901238106,35.68122729463447
51.33248392092049,124.22599887242612
126.55890171898335,83.02828566105372
90.76079058424307,164.12026417897434
133.29767463468923,195.4000338845939
60.89252882635614,105.90442363979692
128.22276043929628,88.98752449303434
22.17660726713346,71.49522050026003
96.20186700467275,11.915179639925691
185.5620545736087,179.34322242698875
91.37242356047494,117.17567265341438
22.62664015388462,129.4223159472744
119.72804650352528,80.339611253113
94.96249255545068,121.22213904042405
174.65309990556165,45.50449224888283
174.22634784338862,142.7841489394221
174.09568316798877,170.270805723543
15.39695017453244,168.56779982053428
188.67467812640453,40.89833901390488
83.5789448520807,167.54779274521957
111.41106854595573,101.80728297045059
104.37410906204724,177.17790755637523
34.9679279293412,195.75320523057056
193.33975948097248,118.60277542368098
190.24612463299155,116.23992073189606
51.00332381591581,193.56135291010173
133.12486966276407,182.98378658247827
89.2499666804827,124.32083964617195
150.72378678360016,33.12224019743765
163.7201699919857,18.016366663467373
195.35389412505654,22.450874779824993
89.39148351320635,11.444411299025795
174.0334640745544,70.97120751676236
123.4969949703396,21.237156784656214
33.07341784999213,178.9855666960007
91.21382185761836,174.3495972485361
101.76944198020946,130.75408792834
143.07315778926989,108.57962059626374
134.06241969237453,185.97521092882533
103.96072855685635,125.84918282692439
33.43923623545768,193.58313028514718
77.76568230235902,14.48148062822665
118.97342491280138,80.32130319423216
142.02906313378207,7.133561223555521
153.81452233846912,99.41285758858612
196.1905037536377,189.9264711181999
166.80714167715269,115.77086472167954
99.15486795591808,58.38509890676661
135.88975339427444,193.38682134234944
151.42689750043104,19.563627393944667
115.88123320460785,173.90074582236775
112.79299203776277,194.6361805363503
41.07873736931768,105.35043470714776
55.779897334649526,134.22801151155397
11.59184347301697,22.941562489907998
191.65019740917268,36.152406149597624
120.60691261737162,121.80347919072403
66.57553666173206,94.72382432846057
41.14224158922557,130.669895843275
172.0756021899375,15.246492692510538
164.60781864898868,122.85174478240606
140.8521629406126,159.64585924186454
136.75597151303992,178.31653530283234
44.702207834116145,10.901987196258643
168.83706010463985,120.91290767270827
167.66196034110217,111.4281568764069
98.56604584917086,151.5327657120235
148.3788470568915,169.15857665551624
110.11021864169395,115.1118335305014
192.64657122611086,136.79711428603753
72.07201702822772,15.805192665480044
167.63118119072166,165.06653169866047
115.8023747013026,181.66340165571924
154.05329695900278,22.154247845431872
116.11779989697227,168.29960440867742
103.3693293403457,61.29566397610241
184.12483640979107,138.6994909545041
177.76918771152606,196.14403002203906
151.69435320414712,36.61107125276833
136.08876119550604,73.33673585992615
118.51219642152141,119.66882241917686
96.88063554062917,55.91043125814932
187.30963059010924,19.174520395037394
23.624440824324115,16.067812370392904
15.467859070226892,183.93791780906142
79.25918934737048,176.1978983888758
78.39985963756972,146.9426774386552
64.98101587256713,136.0103645020656
68.92121445435836,103.19539755085815
46.06812399962321,109.9354311038687
186.0190785526867,186.40606079807608
151.4585017917053,30.451265021423005
72.11373586941173,138.51373466457636
184.63566030044854,193.7770985336196
101.25399220944216,170.57597992369944
148.39381300209166,188.29036211344044
195.6650730776807,191.23801350686958
21.464797094971033,186.53579526860054
21.4170595133537,145.73142032105534
41.61714060440519,135.5327235203353
161.05361924231238,161.68112785144967
101.57953520775737,127.34716539956271
49.738561789657794,188.98846465082235
44.62334942005116,187.8380513947099
131.8142842922651,15.282060329691207
159.28432211062525,22.837342712045906
179.17557595646284,45.296314326461584
95.24705390439081,87.18815756222872
93.58245520908585,149.36214529249867
157.7156187375504,104.19359908665197
90.95685686806698,15.047311063528939
95.56120751515132,177.40477647760278
83.07016052596647,195.8388154168147
100.40711536905191,41.59855142798597
7.689147429559201,62.2718060570689
100.67571967429024,195.71571267806405
47.03916163620023,196.60326442114203
91.64891578921366,128.71030991418664
124.04067018319739,80.2094913215071
50.5960837434663,128.80926073304028
12.595011246110676,39.93645631206844
167.61102637367864,175.92827006853838
149.2496961311431,5.90121187893968
123.15278512987028,53.50213245650732
107.79089552395675,49.178694412071614
113.7320647556991,7.21022053960761
77.81151043856038,170.94287136644846
178.06976329696792,144.10702439758043
93.98112882212115,26.358600606421415
40.77853246250253,33.10986414001248
10.735511165526763,176.28266651352433
184.44459471316117,115.2223020492891
112.59991605444289,135.5335137381549
165.16513023056032,121.94444752457564
140.91343750996535,182.17530386921177
132.282302932082,43.91528050819117
48.30712131627998,145.41040199051804
90.54779539705702,161.1995776497576
182.00174509708543,173.93813812139692
84.44288223287458,95.21339773178687
172.35918569847234,173.6647977255974
177.77810581677372,76.2586344679688
13.064929424908595,196.0578692236605
95.21711005586057,98.79456769770535
53.81579289332818,101.34497633681828
82.88815761097084,148.90184408094723
110.78492733570519,104.35444006746756
114.8436802139457,187.21117467341634
115.54420838271136,117.9425588396492
39.85128135925575,14.652707969783753
122.69960603487712,180.47918534237357
25.696797574237717,27.24660628713419
63.32268529819918,115.78403153464785
160.52955183624763,111.99990438253327
185.02751602528238,25.942086451814877
142.56001898892512,80.51709682631922
188.39862658480203,163.1282821854623
147.77646462347752,73.42675263907968
49.61214134918909,191.3845607699937
98.1371326180269,195.90195031670422
100.07186487943996,8.431113435570555
121.65390358057181,196.63311796140593
142.79344813054982,74.2313453015012
189.69563495933062,18.424300019901676
186.4031532903828,185.78475738803982
12.16965969744894,58.393115422721905
196.79357899374094,155.45870112480256
196.2558649706979,192.08923405187087
45.83575828174314,176.95736999367784
7.02998043149703,12.040486121587287
29.1590988461363,129.45555073424387
107.06250303204762,31.30059059738747
78.11967614334277,115.98642672340361
94.2381693826502,174.5426930109049
150.76900867811375,23.17011048313197
67.67724330338913,8.664435105410739
179.97843177615508,190.8137274921961
69.03979320931279,5.2319198545317045
170.15436735087,137.24931416003557
85.4958942360678,186.10145626407217
99.85614528941056,48.861693431742275
26.892547156570863,138.96414362308752
7.852299842331716,178.56013964607592
114.43718689023173,101.51620865077626
104.16884400740742,109.84933860864899
70.87174567072685,115.53434086460305
93.97101463832279,168.6102087418215
88.01566905760146,173.88507092933105
97.80066255975414,172.01484291439283
23.209849435226662,40.729957212044944
18.482101642957705,188.34392711927558
139.879548670747,24.04410113015163
196.18026225070184,168.64544973251552
54.95456770900773,195.60280601764669
12.031338997857267,65.45333513935137
177.99042438900986,158.88595486888653
37.50068705666634,126.93205383717607
78.58665734590129,136.8767307472276
66.62687455995265,136.4071982321328
131.53926870762496,80.5154860094961
184.27496118619206,120.33802246565027
158.55043415560823,103.71575330034499
25.545837667250588,192.17622233790635
87.377075656801,109.64826378418745
20.81075677287315,36.44062252768463
19.087116894804097,37.9442761862199
25.8278557176937,136.5424314781828
71.11385180572012,112.38605840348386
123.63331778956211,196.17521984201957
111.56440872739202,91.20402961882492
107.3678691300738,189.6603074136508
185.43469082635485,159.6419639656579
141.41812680780538,74.18613201194415
68.93967063020227,117.70871138475125
100.1389768882348,12.87330890046166
154.03475811470594,15.952862787056993
129.84253078390913,77.30137395053832
108.90608412982449,23.177737964236897
98.45831273713374,163.378858644281
35.29993394358607,193.2746057593956
18.226418532762008,34.85768405895407
147.55780456356632,80.74539297787277
130.82888914055496,75.72846558014592
150.15611153757885,72.75238422465362
173.39339817684402,182.64659041062595
54.447834872822185,142.26677129744857
31.189426630933866,31.847100506563724
130.6127894403307,151.7416627775097
132.56148661087894,91.72038548440787
57.29096647139686,101.37109737738344
151.17717520543417,97.82320941457021
99.01981606999175,31.530062706238486
85.4036598715713,107.20514664219932
190.3236435293747,171.31461455117667
171.89306788066267,186.487806742014
171.82485735428804,186.05074335835286
189.797550107791,25.036772945584175
79.45036018763525,124.0152945325547
57.58872461234748,136.84580921505784
82.34472950369091,33.331709761456715
27.674342550306505,171.08370923549296
139.1642232879217,9.256624317894396
57.45018296292227,131.41477864342184
95.69034793683484,21.726544684160064
195.04382080782838,180.19196050705816
29.04620209952025,30.78103720296608
40.033565341748364,139.74484111356324
27.873011240303725,183.42517606817626
118.24119908541546,45.866560920824796
138.8777105861445,35.68869117273325
112.5011639478075,17.0498476373612
143.0714694217013,189.3973863549871
108.35848686935081,145.22983665693067
102.48029665348768,58.497282865357654
100.84011067968491,134.15170211557663
166.75838527666454,151.14725687345853
71.1287372413864,136.82901676304365
135.111844353784,44.74147001679238
156.3276029643623,175.9823472478261
34.95377231989417,5.774248378056329
123.023740058557,85.71970683615524
16.806500680129258,59.71651874811148
125.28858217412608,175.18168779266531
182.64024111958702,9.837439943410345
11.151768632190818,27.755242482502716
89.85874426941687,160.43889066599525
187.84101771550772,145.53854075566863
162.10811564366642,167.05001653341625
150.41366195101995,107.31270660499356
177.43045172924244,112.45733435494479
101.27042918602174,53.32731033952765
18.482122393945282,173.4442084456308
121.45133351547442,170.13883325560798
88.84047811408787,73.32404321696394
175.53462662029634,5.126668727473621
57.49382117408197,14.210018003826832
151.4916700696764,17.094486122126625
130.9921599643853,43.92871825435345
50.89163917564887,170.3204313334996
84.19234006793178,131.20504658922988
131.36718543249165,185.46492126193303
13.649904532531163,45.65966401461384
64.54056760979115,132.8695593482723
33.87331650435617,194.29059759667697
88.88081058514622,102.7288034175719
182.73648826727617,12.202816250028821
12.70555365743833,16.883499894145213
165.2062280290062,161.46477295896054
88.30059626872121,149.39682515151614
149.63553082865255,89.13459601104208
96.70975262743134,71.41538547020654
138.88916566260772,82.27392319453303
11.58482038290516,187.52174920753671
195.75332089899794,194.80923946421413
191.73732942754378,180.94619836171424
193.19454588479036,160.97695184924473
26.34688709100626,29.600986142819906
75.18887753658542,5.371244421468117
7.7818989846724635,144.73755598584887
70.19062869085863,98.45047212551317
160.30694453301598,172.73175220032246
12.668804821727596,36.2647698282218
184.15669768067238,142.82350762730786
60.12357299457167,183.41989585483554
23.510867961495144,140.8762954311229
26.694534159810935,72.81889523573105
114.71438134065959,97.03413625136605
139.57481196080232,13.457336600700675
85.8724697994579,87.770809752023
49.27618534089491,10.655233174465948
162.97463742322475,171.93164170110563
103.46458615703351,55.53456447667865
10.216361747870542,14.704695677290317
41.867806804649454,188.42422331686763
72.6723399379524,104.93215597114579
101.35025665781599,154.709038489852
103.51735058074789,95.72621549808767
88.64247429458575,5.537606054456253
30.24149314615375,185.7346459124057
184.73681749696388,189.69380174701448
107.57171795136082,102.75752356444322
89.76753924911425,40.63248073883073
124.87450310486129,177.03961636348828
181.46754713512644,138.21910082543195
118.95836839351958,187.55170602059508
13.906336780191378,129.55909215471823
106.9993200128971,155.42320471728868
188.88272064938516,150.063846450019
160.67442561864385,90.90739353758363
116.71782805978579,55.948971133065065
141.9495188943892,177.80698757758526
172.53098147871145,140.3446683220247
89.06552749126217,34.28850393655165
90.8992640678764,111.07325658475244
192.4827935321317,179.25326603658056
165.8650467068997,103.61542398338696
139.41785430027124,157.07705936705605
94.93350169066365,25.45494323426478
117.14017258884518,195.67008439859703
114.76633486370592,35.65638831216711
83.65552455921961,13.382741358611165
180.06390511584638,166.6952311804406
101.04326196380887,130.69814270959057
189.5354337984423,128.2781890382739
117.75953764723569,131.82278918721494
180.2007076721385,40.22479977137789
59.759905183907875,166.45279574970678
33.07999762454893,141.6923159002901
83.01464779792676,187.28866426469995
41.367174151539736,166.914895943546
186.22454465855796,20.20456060575969
149.69389775528916,11.582331128706663
157.78307214388718,6.526895037018746
30.78856919558332,5.227785091063028
130.76972401295805,175.56889456802327
157.02865677830823,25.088068586964503
29.183349633254327,42.00523575677086
183.21303521798254,152.8942363172847
97.12106701915938,94.0916766027499
120.77077283064347,181.16348349590675
64.16072458327771,105.3714613183427
43.524978287541686,139.4582778835749
103.62031619785326,148.76340463350198
101.82182603847029,72.61950792503356
113.86681310256664,39.50849352250291
189.5607822392856,162.7976529359806
70.98511634577476,132.28121102945866
134.29069190155047,179.88304575119298
81.01287682253546,128.03454167150386
178.4624010765618,17.70675321959539
66.91687324313965,138.39202556345307
152.4490679623067,90.17521763577042
139.18993175826972,160.54846683434198
47.53948609187515,176.68932848879192
29.573493232944955,59.91596850797706
41.843564141486674,169.78241430058972
193.87608979371063,36.422550823964066
10.864956689363094,25.146726722046118
75.8207639495209,90.06661898683174
79.18749342743003,120.34224314922659
139.4269441606946,92.35997260468092
85.65616598369607,142.9712723949081
32.58159627255052,65.69146957682175
146.57042194577832,41.08811051294462
172.58999423457394,148.31788227643875
134.00260383552015,67.26132991950503
150.90087070577627,178.34591501674973
173.4223520793794,159.42568540459217
57.565695197108575,115.21758908088654
178.7135349125885,33.13085230940596
181.5094794840386,180.32387181517976
187.13929481554692,170.5383831499022
52.12075616955816,105.45471611052301
8.663668696968093,27.332238742573693
108.3200144216012,38.976438331958256
28.801104332220355,142.69492949561956
185.96220179822504,196.6066189451048
39.4314873054383,19.947018047110184
166.08118704370102,170.14434339394657
36.617007500457454,194.65338019369634
194.0476547625419,147.78442708214575
163.03306968864894,115.16354563123542
66.78135399623513,118.03331737988167
195.6348835875186,115.90162264734032
71.23661242088745,6.268705035624578
22.36856942582007,73.8293591516947
80.09908449663155,151.895214084964
152.7127217972337,72.03731338543896
172.11685238818305,37.024891487479465
169.94001425769807,155.4131134002925
186.750584796015,157.51745240050658
174.13776977496664,148.96037479480282
86.18499140553817,13.175038168524171
87.94302802956993,140.2711252193385
164.5967641702373,67.98810014249482
174.61548805157463,195.72556645238777
24.31065904424011,25.087962235507934
116.1381836123194,142.58466834917124
136.72776277141614,168.18582644129182
123.52116223245372,82.5081015144784
109.15437629731335,130.1597437289548
23.181189433179313,23.140663822533597
63.87361928862059,117.76788518360004
54.620238614483476,115.1475813375565
184.92337621808986,6.0029380170098445
48.904662577659735,180.36103765014346
97.74065535608001,54.03261507421211
117.16924351467405,136.69341649294512
100.72515270039831,111.74063212808292
102.86060753821779,193.50298591040567
20.77572709221867,15.88982179632124
170.60069775376996,192.0408436587016
7.423830051643123,59.063836743490405
114.20909144585085,37.356093393896394
12.363272042887525,16.576725840000634
110.0870278935347,151.489990218278
116.5249670638014,67.14123241856214
131.11106508617726,161.56250047559845
85.40499075343963,129.1014177143148
91.23765100267298,6.932132875963253
110.30260429341013,192.03223148735722
90.66945897553724,151.31968895593727
182.56297385178158,34.48563065238129
16.362412034467308,46.82461859272685
111.70564788817356,69.71695225225065
74.96449427391619,187.50552920500107
97.62794444036518,29.38801513365184
18.14638915093276,180.44648878358237
128.97381851827856,159.93370881867102
19.63037536563177,166.19886560685768
195.08803426535297,123.88017214799248
26.354764003165865,134.51146640535475
17.989547913182886,47.35333700219612
178.47627246026818,31.902626429649242
191.55877181622535,144.33744825855393
184.00238400684125,35.36414108712081
32.94838745626635,142.86697322782555
178.30420177205778,43.57169085978706
87.76795378429549,101.88361867944172
140.04656474761822,76.85263780654189
194.50735291028482,181.2500212373708
93.97137377128232,90.04063891389774
171.60589134468452,145.12187627846168
127.18776519865385,106.41714671611214
23.985433903240267,37.066193458313926
109.76855301556489,149.9391771868889
83.67557326950714,21.628803553214258
146.22117117750608,101.30752375800739
126.751926504117,17.99387921982728
121.30209386877861,130.95989663335857
30.359604753961992,133.30475973996468
13.664869598680129,193.57264072685297
139.63120381199835,159.7095261680332
55.54898849791776,111.20165285370277
141.22248777254543,75.27644551335034
34.21042634774998,115.70482280153462
165.0647735542334,86.58355937224871
34.288188806587605,108.93480397915877
133.50212496747082,8.046536138894444
86.25664535388876,125.67012720145487
174.53591903894977,137.77302777615253
57.06743441991172,178.57089278684987
193.17924198172352,131.131186781015
31.617787988630507,139.2124538310059
37.477865190403044,33.93189462033512
135.09925588401697,99.41877043914553
29.06755864560052,168.17548289727597
5.374946275775953,140.3478202477283
38.56136683356166,116.9687923462189
89.17860862437826,80.28611313772572
164.43075471599278,188.43048144070002
138.81969743046335,192.11872017501838
123.39889843687139,49.17998664273712
141.6790109874072,73.79112212939273
117.88211380362982,190.28139037373992
84.2601682844959,98.26761993256406
109.61493182280587,50.044714233108635
38.705265467885816,101.13317370996502
16.15556848833926,66.60428451296784
27.186693368974588,144.58704769066992
31.529822203397217,33.32687663590025
138.72174944499594,161.1153749535395
22.58130320088114,38.05422755993354
78.84644597092485,159.5928538012244
20.551206158321623,21.728873118769584
144.4021317692892,16.096606700685616
114.13374617243089,112.57354520004753
115.53822851018023,13.086336053524999
157.3674884635296,167.2885610037343
37.59464308980363,125.64626704532927
187.78833551307568,125.40905615330206
88.59173086430634,185.51973081481646
69.61296378413371,169.22514960399346
100.32585829047434,155.73548477629157
161.24820502716432,24.29833475194293
129.57985506767278,189.67666862104915
154.9263529226771,22.925380788861165
181.80095791672403,16.614249277841115
128.3553465743749,42.254620111696376
167.5794338380286,112.05784021812704
103.04803515392956,25.056083148014427
83.50983405433185,141.97703972812312
156.73818677583117,87.77875336818717
91.77296082702247,115.8882886074001
181.29168082535253,35.297323420242506
118.85533644541023,13.99764779506712
133.24494838934714,171.12701635693068
163.81212624559387,116.73183158865469
77.39176783480927,188.458511857899
27.28379542425594,179.00352198305842
111.79173504764474,98.67007980341793
173.43672765672753,69.88257377454713
34.53386457801771,196.51808120099466
33.48432931366856,106.59645560255122
170.25829520674037,141.9868496743761
64.49340911219541,172.04439893042448
88.31074756804846,139.96758343574035
51.679743283646076,134.65464533519173
162.2455699427906,138.89137515163605
102.14017954601269,25.678547286906692
110.43097698112723,67.78051223727061
39.74550184111378,143.785055848534
123.71561647243026,140.50420162150456
93.09181463130548,42.26937929647449
150.68726918649978,41.25128813130294
66.81545040336567,104.37728864268144
166.40054300075317,28.29235806316444
167.22979280495358,135.0287801826397
35.47975966646892,142.82469130731454
85.41968358522173,72.95543707384874
102.60521163723195,66.26538478521803
84.12664323015109,36.142547244057745
169.13373638120208,164.46008488087665
125.75473756269514,163.38821532119672
28.350662984636333,21.546002577148784
7.473949431230759,75.32593637346847
191.67331593904643,73.50193357795975
10.802378397005617,14.233258887384409
187.3891317114835,67.26028574944647
6.688455051387566,129.89130978889648
116.10592417680733,25.573013581130276
44.336854666379516,134.09418323697878
57.72394761401946,171.01949029119302
118.60801082309511,160.30941773345373
185.2476763557382,144.39441052569558
102.4236931070592,157.9712888014258
70.49925069904005,129.35301135105854
112.96346207022916,87.5190857223093
169.12823140619165,80.28264555638916
85.28706476929675,20.447408040859894
183.52114329641654,20.748674839965055
174.4850485239388,194.8930985374348
110.4091843641264,56.49481664399844
40.519363254414834,34.274042709375294
112.9310307022694,43.762031570562044
166.1379222019359,38.463311128937676
87.30634972495126,31.02617205873159
139.25982710006917,78.08104587949292
125.02889290171724,78.12809895269683
70.91072916650333,98.92780712909934
122.46554946651717,92.53190199134052
22.10417089857759,136.14009129286094
46.27700321832928,173.62413361382394
50.37848261727108,173.0323749634093
33.83899977656612,5.2396293211235365
99.69648561251462,160.33843846710138
165.0340929731831,103.70747100644788
115.57381068866306,79.07790723256838
118.27706735283527,168.421444315868
102.70251189553747,26.787989268780823
35.21605276577802,104.46066602371522
107.09256042253718,187.94348805379227
116.65757822189912,187.53362391695714
102.5228778661016,188.6748365188371
107.09591583423719,59.028435978836164
18.830761400119798,41.4735647311734
86.45928953960211,154.4144377972554
95.6319714871754,76.25646387842222
93.06103366515033,156.7298166361189
170.11438647684065,160.6852896787059
177.18862113915804,140.56103695240867
104.50407651983822,188.84188842918937
142.93103540898238,89.64512089991524
157.6923345838087,159.02136757468676
165.86890032011672,79.55270445165668
40.42072973997787,25.701287895494733
84.53515782628509,149.61903590266954
53.087117260868766,129.09788232635145
75.85592379483178,98.80645824534375
77.64217682386888,112.84835263516335
146.46468221371043,174.24267195375162
162.5161593374861,25.038797049993402
191.94791349563656,70.98022165652934
18.571977913533754,62.90404088711153
80.27788367292892,8.973476423932427
60.760253424304665,101.38426766641876
173.4867632749999,165.3516604571458
193.02996305232907,119.07777382861228
40.536344062303236,134.0400246979652
58.0317692211114,191.05645581194796
175.68283169318556,22.094635361514978
106.74947535097648,53.96202621244976
172.7402063940902,172.57507710935306
79.20432279299756,102.33207499045041
121.9614251940818,116.78276618063191
46.99639207533061,144.44416543035908
19.961480668276895,51.64665580576578
170.20228893275035,178.7091514374351
142.86787622042937,11.584167259555375
180.10064069201053,25.918979621836982
52.37454085591111,112.69946274141411
118.46493678461889,44.37745535588124
24.551639188727016,168.30226185921876
58.31364938685306,191.49041423176618
109.72561964427564,170.99182212635012
122.6371299436863,131.3480991308047
21.256040711130865,53.569600665081566
70.04169478299146,187.92588265016784
132.82105985979302,174.28053169802496
30.99634067182602,25.72904196606648
155.94302222039366,31.33390822530992
100.25733944762416,131.2447038103444
15.509533615107953,145.99235595581155
26.662282372182915,58.57001668329953
94.90961517291957,160.03489135027797
113.28017339645163,31.783108071978052
133.94039354135512,36.08494824112764
188.99760578418082,187.4482422240216
42.33667415196697,128.19625468275524
119.10601910939799,38.82069008144054
7.238221083693484,196.10137022145858
191.76081678494734,150.6431502441893
87.38135184789851,83.21427911154026
171.01385824822893,156.88443359794317
100.31227844073887,150.80152463703945
75.53768203918317,187.93948412625915
168.1842583394125,82.73274892425755
193.37614130089196,116.00822613444639
178.80336937991734,195.4903131517789
76.93450914027451,178.58249689276525
153.29451265207666,44.198290165360554
105.280866877403,122.24133174238231
7.518285089436924,171.42474801617126
125.82598620323333,186.11609020615103
31.99121112252737,193.0653129744865
114.87028937620214,102.32176256088428
147.4663451487848,183.39576659873998
52.68612984967983,125.2769247375679
137.85835357622523,167.9709042715018
162.51063183915483,112.05762649618119
128.42355158006941,36.9817660782488
5.840376825988181,190.46282910577645
30.944103887568954,129.08154555959865
85.42125740161757,83.97898875958641
44.295214297445064,191.05577101764632
17.247796176663428,135.61727125786732
88.94028137498394,151.03880089715443
107.82614925309396,163.67916347888666
63.39550248247978,105.5088150987061
26.142953376366062,171.46497472662682
41.99620531372983,107.81677836932509
176.38189335972305,125.58250035075955
194.85900390384694,124.77924641645586
157.36522290419924,87.39040554010182
73.74012002915785,28.688209252408345
86.98567675932574,34.17052983768959
107.21530061950041,40.80743011056016
96.63842521666226,11.322875536678422
26.441063808616153,13.456977623755616
143.65498196872565,164.38382911087956
125.07782500124041,36.236784010179754
22.42947418842596,13.130509908738299
194.9818356902229,186.76362619694126
64.5029385597958,138.81866696486537
129.12609534169223,37.876080667144095
20.522157785899182,192.07667682721112
103.47575097745899,126.38664580138206
155.44365393053883,45.73031440339928
42.13560834748262,131.3180849219718
154.48707518253693,30.067280080613372
115.38202385861452,178.575155729017
69.6698751617138,120.92207433925829
194.60177303130573,148.23038817110188
33.60758906496611,180.54982089606588
104.21508195907154,98.98185519220357
151.698685018107,191.34619292014932
92.9401827300531,151.9597646188281
141.89734100212064,10.235365243044019
74.31847734019053,95.83936986994259
195.39847003862906,174.2241077469349
97.9805364840564,178.526205407165
133.0951396545241,11.699214934285408
66.62297746120939,13.250638211391072
117.14956844230511,194.2916790177458
54.07899720218083,170.8747675322221
35.49131446246702,119.06055449541509
126.89151000407746,149.00880967975831
169.13220464628665,158.77323069323847
192.11160260428733,170.42737926854676
117.74046799017508,128.47844983465274
151.53549451326688,90.97944107313411
195.89895901199537,68.12485725333568
25.973729090719427,61.733290467108176
71.8841280233865,108.9017157287057
164.91718671635383,28.739840898782433
166.40525227787737,103.51305847840972
66.77823845533743,123.53742211906048
137.30850483546925,179.00649686562377
116.80116076659631,13.90590011410282
132.58698435479502,10.116756113036741
83.41792512734509,123.41343828492937
184.18715766957888,158.2780262676776
85.02795851467958,143.61062218317358
133.84380915483248,40.292639683536684
106.42379659681437,154.5665356880977
106.52476408816749,133.54504710842411
132.58424034363233,165.5847175346904
13.256378268950364,192.8495373935464
73.71552370914402,25.160128430486363
120.93811388197308,39.56250795188909
99.57318200330833,13.620222755099695
124.14952413579799,64.7305726126966
164.99511838688886,127.78779585540985
111.73082382848169,25.015966478118262
138.81531954664416,189.77745877188107
174.38284197252267,71.98056717708384
74.99795784115716,181.03779859252884
156.42959334885896,157.41841409217935
165.9306027381773,184.48747443563164
51.000043374247554,184.7381314696532
52.21533187776678,102.73432673322598
91.76083401741309,104.16969767107136
119.75070185977735,115.56328871968292
52.0091693695486,10.09753714884314
110.53301697676687,110.2024387849458
118.19360623827095,121.99537451871797
97.72430927799748,164.49677892123415
94.19609473324671,64.04494286523405
120.4814201642715,117.16755829074091
83.81052135862768,88.47769210534122
149.5460612513651,75.53557281316012
89.14306660304872,193.5068684570106
127.60407132555054,162.04598584007778
13.499182584751289,181.5567657990392
46.09383451583117,102.44413238673974
126.89003218782953,188.96157823976867
34.88128137725766,180.93683677900972
95.75357057041447,185.03308290884758
168.17467057701347,156.50976508672304
171.7656971425158,146.60414869131904
155.0600871825997,105.67997076561839
81.58580869093622,195.2804301812574
179.24447990049413,32.662438218098565
30.847096184254212,11.836100864528257
131.43260111223213,188.49569112617618
114.84954323399104,170.10010795180463
74.2542530557268,18.478445866505595
149.35494880804848,17.624471550506197
66.17137318683018,108.6195332660437
176.75001365965116,189.89441738230428
120.429732537785,166.2748703911378
184.47753725355145,9.54957001176136
121.78798866480017,11.388604532875714
33.57212125664602,28.648872456423103
36.463657139140686,134.12967542949994
139.8954087644332,108.81103821083316
55.010039419009615,179.07393624856235
107.235696731834,175.77531252699941
105.80504022686941,113.30049340615479
48.642184145904196,103.46428510356544
26.22780046572897,11.388379149022398
175.29862916535473,194.95930334748334
7.08531958302339,36.739601063623574
13.997570084797001,69.01979707484976
9.151393107203582,13.234485554136382
64.79897718016632,124.19011169429852
182.25745096869085,186.40915073158226
101.03283062622654,88.15896619603632
113.75828631617456,187.30516836491273
118.7900657270741,101.48518071946405
84.42298624799082,159.2354985659292
117.48887870854666,139.9283570328304
91.32786578286436,10.55670114043865
27.756457329628308,16.05859316951313
109.48468411403103,141.25910011781284
89.73359620633764,160.78051578438044
143.26126146085235,79.8484813421567
9.309065344894554,140.59700402567847
62.30501424464362,185.69699944820175
14.31289211664953,60.518023687616406
76.06916933214464,185.20798935185073
56.7726213964726,168.53020968273262
34.172036280525994,8.46185694489521
150.75390838426048,195.15322968100443
161.57696857351473,20.085005115095463
95.28411346757257,156.07150701994752
185.78594169438165,123.72881149378327
100.38665553478744,44.40838404624529
188.8641886891513,145.41951141952984
43.20030687462044,196.3054086692714
161.86967879491488,78.32880081506042
96.07652036437592,66.98147692615179
112.7264293339521,10.692441830172594
110.28434876812416,112.83970718766624
21.8511052472373,181.3005230645636
109.36208365086947,186.84672286269884
10.254939632952706,129.9239335598736
86.44975291594886,124.13638037957315
20.095997970109785,20.106011640580245
78.84311252708602,184.5184990067767
123.0764720126102,94.78858170445737
167.78399635821938,17.37339488353904
58.48109491118446,182.9854547369369
167.80582024641916,138.64874347441173
94.63132088359275,115.4909636773974
79.68175934598787,112.09726017204335
51.5692787935024,190.95498745742753
13.197066303220744,185.77325450876828
143.15968303583645,161.0906483594897
96.2914002271768,133.0229887935256
75.55816298352852,109.48888953815123
59.12031799727667,145.19947118656944
135.51564373453024,8.757513877447337
100.56306075039755,31.168266791553386
180.30818706058614,19.444923825927052
68.83132761217448,130.85474460366362
150.6915489883797,183.2243144292092
41.14326201037475,114.459128514687
13.131866899909031,183.99625221869945
44.13228860556833,191.34414196964863
192.63933967422972,27.75193458009031
21.510905675596288,175.65895947235398
116.70195073290164,121.65328728498945
121.20341411672291,15.519575969212164
144.3431764136747,40.98264172940968
118.30233333902132,149.6899019559445
123.0044383114527,90.18182542978757
140.08925433343862,71.98587704257345
185.1059125231848,17.138763081485948
140.043144831543,12.277068116167102
103.6720347725012,148.19195074945557
117.49301903837984,61.28205510641964
112.30964989694202,103.47759644452134
95.6796592807727,93.36370211080329
179.1074405169791,182.44515713054162
121.10672421443456,71.51161387962848
16.489708717909302,134.39131744075289
133.80488362720686,195.62263115963094
73.97033828988123,195.70734407879675
25.802378022271647,10.129031339319077
160.677218461349,163.7155730051682
79.390108878901,12.560268939311731
11.506069477045344,191.78306208879346
110.18497681894723,82.18917303284636
121.05539185591623,107.84388327045916
10.407304827837914,139.41479618733112
64.37776808967577,192.91341951811245
35.35706067500369,104.70714481282826
87.45782916831905,186.5229271019022
45.113932081115294,110.30366112652861
150.66071482437258,166.9922958972446
105.36740444994784,25.52416536616753
11.36636552033902,129.01245668932015
98.63460439938274,177.50121451679513
65.26049643708114,134.8368499306616
176.22613934408076,39.8775801570458
180.81665287500218,194.02876582356774
159.71890633565704,180.2835263929899
114.05111615836026,188.47538038086904
101.63156234699177,192.84943099120304
196.3010739417107,149.18286327709362
44.829493559325186,122.15409108820256
80.35366285115009,114.9396229697058
79.93135848106125,144.54845668364726
110.14338062432785,61.19743707230713
83.39595043003541,123.54912934975113
154.1582283626759,74.76553930816102
129.2679023656863,26.713789261473238
84.11845565003706,190.7406311092542
26.892954841036403,137.7198457021683
101.59863398992943,123.29025407914884
111.01666048232677,162.1577333609711
25.547513311248675,10.284855255388967
94.5562523716533,191.55622090623893
120.8566575899285,122.34426336670066
47.237835397506856,141.4699985863875
103.12354967588327,183.3713224544709
95.87486682575121,139.10222533126637
94.87189793790182,97.46553628101873
163.30906073716372,43.151288188981766
83.36530137755484,124.62464965782033
101.92227570066889,125.01884632844983
49.06684341187305,191.09696568876305
154.85119937039696,26.448226751963666
186.85292733114275,140.95597841311854
98.85726625181414,129.89408836585284
181.3602355396319,22.794981585214437
46.48311948302748,119.6787337562534
16.423665709697723,47.85246856986615
152.84486963510693,107.60411649589687
145.52782082863038,43.63405417680728
120.35051828956564,28.775079733115394
49.23680030689875,11.1226926321332
137.95417346589662,44.363907556399475
6.544887260999845,45.81178400279464
18.196548961770272,142.03149126420294
139.88476056834944,21.26829725373928
167.82761268805172,151.3491435652181
153.00203778418233,33.47607990964717
17.226215725741078,139.84227547821985
194.28766260268654,69.5393705069252
119.36497787641315,76.83325652199011
87.72755534106184,102.88436082346331
190.87340160727905,12.256519870952616
27.651760997615067,139.27590456014724
157.16640837635623,110.85926642112533
5.500480663645484,185.5837087612156
174.96378160649243,24.13168832394037
110.662937457532,168.09181083345933
51.854113272923115,139.0555725378399
171.9476335805156,185.06289883727044
164.4914831418021,126.82363982582727
110.1028227485108,143.72786526583428
74.47143764595583,105.04788813648497
111.15698298730219,62.054281757116804
93.4420828134113,129.72147550432337
122.63674832251743,156.7091643432141
107.0145281179741,83.64180233801622
168.7763697853525,194.59957380176755
128.65435594261837,20.759186423681257
139.66095993431497,172.92029985091997
5.146203246252606,17.439394172390593
74.55524456598826,180.44108356356872
184.54739999553217,193.94597937543122
119.05460943683188,170.03081273521494
146.52848354403366,22.380292603962765
123.7916076177128,117.02326898987342
111.57383373462379,191.06649592059964
79.70808764111752,127.04087758487134
91.7061619420624,98.93280144609307
153.18253841232496,45.11377366233762
105.51129203676224,90.69761418225288
87.69074723247645,32.17207199464581
39.142737341918405,144.44841111399919
140.53885418352388,75.5990254476692
118.78591543743055,163.5468321305152
161.90104587223453,120.98992090895833
188.95411836090105,182.028382540115
45.66497720103553,190.53389826422
134.65151108350187,192.36359786909233
149.68911719600217,36.48020313239728
52.986705050854255,122.10656728910216
142.39320500219827,81.52680836678593
188.67688742098346,157.59084326474937
58.216343287849384,168.07736634123373
48.45375459545221,12.777189642592468
92.85014739010272,7.186631365778116
26.338942412267006,142.40574238027313
99.29560159771486,120.8144555200288
147.77558072856417,186.6031776670551
75.66323999481519,139.14716311154322
139.1005758080638,40.315901665398066
117.02346534529478,89.11442409949123
95.05260169915498,84.82509000712642
92.60112071820436,142.29903263199762
85.35502114349451,74.01051476109888
101.47893270666663,42.34460042000142
102.45526170060549,88.50976827717281
129.59084148531502,103.00599970290416
5.366916912654354,46.88048376052177
157.92667145881612,20.745445198462587
82.05500653373703,182.33359719492003
66.13084749921401,112.70771440360834
33.367458018505815,22.918490305574675
169.342814293355,117.55686732377329
98.49200010538537,69.60067338204269
106.48946240889086,132.77271691347102
180.74192211555058,136.2337351808783
36.3531619426332,35.0714047927664
191.44242180983304,19.708936156722043
100.67780415692117,142.49590727949433
189.96316716317207,29.929357858921605
108.76924388803423,115.09693624843166
194.583394367671,131.44842074317432
13.28355010525606,174.33273712648608
193.13732985999889,177.87357200400254
27.45342440517475,24.850398283843134
77.14245779221044,163.98386613171334
66.63411890799213,10.164716170762697
12.607197574922182,21.550872843700805
22.354385473584106,170.40539289448677
104.48979772010003,139.03804039148227
164.6184447929959,151.52236916726014
94.80524911498834,189.57390755132823
106.46472975744118,47.328473908005265
178.7064277338935,130.8440037053646
94.68568083088955,48.94390138982441
12.686491731408442,38.607259736528654
152.44888252517208,104.33455870227637
23.506678964450003,132.0650035396101
15.85134199331521,39.52697330577039
20.62740843107673,57.34017214466388
191.3270938357224,15.357766018074834
85.01672946212986,33.1606403722272
122.35562948525475,82.66405315883149
139.63111404790803,27.573316826575613
162.3901579523002,79.00555800243684
170.62137776280355,118.47704881933514
92.75776888098088,195.02215999148567
63.080428614672115,187.59014444603184
165.03011352006445,182.99217882009387
77.70625708406448,94.22450673177245
16.032097173931465,187.77014428303164
47.56043180172905,134.93156433004432
17.866879688602967,61.19195040240014
189.45979813288417,30.486978894715776
90.10955221819694,9.679558022928479
28.034447179964335,171.2143132164568
160.8687731745736,123.55505968895864
37.381025583624925,144.41879374347602
128.11300787787874,160.90599149161233
150.3793846005974,66.12576701138529
89.53246193866467,151.8001404499327
108.43665503000669,16.053012744674486
141.9443149472132,184.39977385451837
87.98590252402161,140.21916722809414
192.799453186502,169.72148185139204
184.56614417728088,149.0999893295245
90.32218099364403,108.59107711143481
174.72210503971388,127.305775770303
163.3003721140389,23.312925398757645
18.527786537356675,53.6482721750857
121.20799380142702,22.680683756378826
62.31799714149267,196.24297889160013
119.11371654317983,163.80734610995336
96.76169113736664,67.68582447598828
137.79289938329862,45.63185477563592
114.95124002611797,41.37289679296775
32.06566464184234,18.094938012466898
148.7674954267265,178.87078959425864
144.92654355671806,196.95085787627903
125.40359301999905,105.52546122976153
100.27072691549384,27.60507071973031
6.774388497654328,13.711321529350744
185.2624139946458,40.197824147420405
158.30886924128313,79.39707312253111
62.95307730663443,191.86148658219955
47.74773712327839,107.79841829444202
162.86319181524368,165.0030963608676
68.84517543036367,93.58636777215222
170.43802638101138,7.540011746530155
125.35377811531478,5.972198897318979
64.1315322686723,121.14494541104844
112.42409050977287,52.336183922487926
117.81608387658898,116.36005496561772
42.08126237489579,189.89194952041197
176.64607762974674,190.71641208615014
109.02331292088448,11.460377243694088
32.993259625646694,144.59250444892285
98.81496030625517,100.9406902911373
125.1372520087588,13.115421870580805
102.75937198947561,45.65016679753661
169.2203993107581,158.2318060622751
74.01294271574368,128.2137077875282
83.35131881969272,23.674740263317958
183.05431187556977,171.43528369032842
169.99595699683425,9.140243972508225
149.3769430208394,76.86969441911074
59.79744603276398,196.3266146999576
152.06420830619433,105.4364647251293
73.97506650295924,12.075461659733557
100.05394114292739,95.79692785884262
120.76040159356837,117.16329243096924
90.89652072176942,132.4223422150271
110.52417859426063,170.48032711906632
19.785128654687686,193.61050462185457
171.28555904633615,134.68740718959225
120.04031576350576,119.06221316686805
154.216981821885,162.49540296538424
163.83059351407618,109.7012198058444
114.39362369985713,140.16332979723236
110.78187254027956,35.91083892671802
140.20836130138485,178.8378717942533
144.1354109955415,92.25916131698254
140.15269945598826,71.76601303069619
180.06293860029837,114.65983265785435
159.6934224856892,159.90577893740806
29.70376453516833,5.7266679653579375
122.81362590344557,139.40709277663234
191.3656524435929,190.85163417418795
150.94254380377316,36.96238358320792
146.30376742229902,67.32525455325732
116.93930759145951,186.6278247120221
54.44526692701045,104.11661076463457
15.947269122726514,140.151356923493
53.78272934257129,135.12672258196918
109.53168778909246,39.96371141612284
113.59148803949142,87.65667765681039
187.7178852263896,35.451858002355095
99.52615250942691,87.12123047452032
129.4991862048585,186.7485102435446
102.67820687010372,195.47382399395613
78.94183338908209,158.64865025108236
181.0517117821038,196.20063779962416
73.69386623551333,25.745843441080495
143.8109163707636,170.59917768013304
145.7395374547932,12.421730369483871
174.76009569334357,152.41509988271577
140.20084562440246,192.9719698070868
163.6099671599031,22.9922760017371
69.99250140487416,144.6093700471289
173.17814644209892,132.0904307052238
56.693361737047944,105.9222955805279
38.89953893727491,134.33148473176925
104.14216391015849,61.313843487603215
124.43322686596487,141.17755413680538
90.74627514145311,119.01980524958252
59.40189227206623,8.205949320827093
93.41943586419934,163.9719835818777
80.33192289207695,176.9775974109252
108.19070784012656,140.7693881030082
181.29948927124875,66.46242636976869
158.62877071133164,119.51967881613393
38.165713184043014,18.481560173300924
49.831250676787754,173.72157194344663
98.00734908928459,35.75176216666371
161.4405969714739,120.33189357920459
105.31742691778646,182.14640712277776
66.05279141408974,140.51729496987977
147.62103370928224,25.624248505080857
31.726441269227344,11.965065311246299
125.0843259373917,110.40416618671398
180.87602394143784,174.25028961724803
45.24050482412488,117.97395885073826
96.1568303939579,79.77839131282758
161.59201031931474,140.04720810671236
42.90431478651949,140.33280165960252
139.21578482339885,81.95599451915987
163.96285432213975,19.14242256593513
181.21979015333466,17.69513964527374
14.393565101386551,26.209187526806087
153.16071020221398,189.82654609987057
187.5369638323917,119.52024624919585
103.97498404511266,133.94824682570945
146.94560293982667,194.64453414892213
112.95617601003136,129.70359846659113
112.10542349943815,170.6899705143239
120.66617588787581,54.671913450672214
15.702408383670829,64.46078531970423
184.7337530302115,125.49288785259795
97.55544372952816,23.023763141236834
103.89799041557418,18.99604385144588
31.44075391824529,145.3797249300657
162.20352968199785,168.20936293227066
157.1813187848244,120.01055496808834
15.033262676618111,137.0565678502384
11.433900015449362,10.859136264578181
194.97603034300045,194.08615912058704
99.99900087947871,71.77732662184339
174.80689061589933,77.13008773385953
148.89188070544924,189.2185844437277
160.06715469591398,188.28158665030975
132.71069636249263,196.09628785949482
103.71574441765655,157.21190303325736
170.1768466308621,29.704573546015865
131.31241420315715,87.05642779615776
181.92055063176693,25.381129410525052
102.23468882797255,65.74728455489395
63.9479084808386,189.3131997821841
76.34096595375988,169.73632447757544
169.95428724235524,35.78698588780419
134.4253242365985,24.601273030446603
12.089870084492713,46.75184067986711
169.2399027472786,27.430165300692476
168.53604203991483,196.3935341779423
24.39580938084696,180.43575655969593
9.956446271151393,14.124718877529038
179.9370288157965,185.42254381142763
149.08167319842966,73.57180789115918
169.39004468902857,127.44592999381494
96.90140480462918,114.560830031452
142.79569911887847,107.16198620665824
188.34647480807797,70.84707513107288
82.05950233856385,138.60331444802418
74.93554728457549,146.30725352672127
173.25438113559898,150.859966833305
97.8354156517609,135.99886770141947
45.95009666830902,102.24926609045532
106.41420342110334,12.76635462369425
36.17173610501891,6.829913544580966
116.70227301093013,192.45847060426684
155.90542529072752,184.8710007400192
140.51322432535463,108.8953383192719
109.57906736741147,130.55317498536255
170.9650903837374,38.71179612921006
82.37156088095128,159.9778383291597
81.58042294467444,115.79578077760007
110.60099929006849,184.41930147020483
22.733142650515404,170.99427185798035
116.98240524321652,150.9929838111657
6.4112769003601136,70.55807326444234
173.32629303257534,33.616215954464685
95.39309253964836,93.61034732702244
95.93416869751853,105.07084090275609
6.513416464995539,39.940209182046274
95.80898088256859,101.16668403667646
62.75856358389133,11.601131684891584
60.86603379632584,120.61772837336953
14.510045206283438,176.25593319023437
139.66345634680783,38.610221564298385
84.68535641934548,185.49262513385383
150.79547593458523,43.55093219187263
157.4831988502321,29.537950150869943
49.81044010165659,173.5869495342779
112.3966179222718,141.98631364694802
169.07378157375032,130.8566362618653
149.37520948803302,168.5068219956558
144.55716880078973,195.9226568681908
73.38715012409837,119.80560116982986
189.45922492871975,8.291131711873827
40.58491515329641,132.4504980929422
193.53440807600478,144.16285898808886
117.57195909448598,99.25150033724245
130.70435321660403,40.5713794083897
100.63964774050191,162.18086129217053
91.38830137874936,104.52659954788636
17.22189662184774,33.18040142383854
175.83740544106647,126.38331437199102
122.32619940055358,142.00454276218048
101.42907175488172,160.09466886869916
109.51648102429222,65.97868150951042
188.62021967661508,172.19475448660623
28.542472674152716,28.0498472850333
16.827043829089423,22.98828971920585
18.075504071064653,49.09519735655132
156.49619071867673,105.96394143386878
33.20720114639956,104.94488630010055
119.90405646212524,27.92717541486212
161.92292870013952,30.011967478523594
93.6635678334837,19.934291520509483
71.97429727167423,130.56646127139632
78.0703845834368,92.94885274608848
121.71102206769368,140.7777304623012
196.5544692964857,146.6756738309817
41.36501874580996,168.9512223812845
115.78401712424798,161.88130796108715
182.12155429241298,114.16679385066539
107.01250416368143,156.4747799022467
141.55424723175017,81.76815520487659
83.13069575188888,26.35513136787938
139.35421461918648,73.14364380967939
145.94804320975317,17.83775009198897
189.68743494813364,73.09583825450035
67.14996551648738,184.36291950676687
111.58243424667927,79.71608054076057
46.24250164335616,107.22763601945294
109.9985385620296,112.69492982463132
32.69875829387603,33.01532675962379
14.282928858226875,50.24001834164561
114.82939857660858,94.93815168180785
116.95794860931393,130.80818470929853
6.890310318666754,130.41880476687356
155.85306550382583,80.64263816819056
90.19813688581021,95.84522953490399
57.47316312444523,181.71187321085645
127.27004192249169,165.09067644401702
47.20473918507511,5.2181207476163145
33.640099205733996,21.299951013178724
140.3116390053745,183.71466308313373
165.5945271073803,21.1982552466594
116.71894860282698,112.86674368844689
61.24857081966142,175.55831921011662
76.19938854633216,128.57995945558545
79.29603092253727,141.731788166523
117.25451349078568,121.72969007689892
120.53414304644166,9.428130053440674
100.76214236573458,93.98429932205508
118.71357974235089,115.14015545461001
147.4005729077351,68.74757994096197
65.48671577555871,12.204245610495981
168.35763611393668,38.92106005109309
44.68910057633773,119.77139179060602
137.85762523080578,86.25201332275842
93.20747719387107,114.05735790496442
5.8226248014754844,15.450332209084062
141.17977218640502,77.03030270548233
146.94672198617428,28.554188906719926
22.4311482956882,29.041161734794866
101.421129715058,95.47841795837061
7.721162538825466,139.00516086328648
73.24896812065433,194.75925938987538
86.34716733449214,73.63911196728597
93.37411693624955,156.42664751641482
161.3917688974858,124.3745850994896
153.75584306106003,16.67982693195274
81.36987947455854,27.960586622360776
180.21758147126883,195.45140602242589
23.700655950667,71.67785742122105
106.07274505719866,110.21246194890799
98.24668478384055,20.93590162123053
126.220539911855,73.56393687123277
134.36435480896316,179.42063823236003
86.28328782641415,116.72070760892704
11.312574738293476,136.55783026016263
41.93311985125467,126.27446175724907
170.13142127403094,30.644515301093037
39.38601039705691,191.53016587889883
107.36634231228936,64.691174974208
139.8601661062721,68.37150306466431
82.8463704036223,89.20908578104829
187.22684719458994,32.827429137150844
91.37171070448913,22.810967502993968
158.89548365002233,191.15482890391252
111.15686925606428,72.91971799729532
121.67170352232786,184.45202232450424
193.69136835355246,37.17339408701961
124.2380680945926,189.10488359198212
188.08706483020228,21.682071567446446
181.47495007484974,21.517810133209217
88.55184767056448,110.4654571225907
196.8738298877642,43.469951898847874
79.06588212864014,103.78113946094307
112.57593535316207,184.37598827872992
55.40823318790916,139.20973313798652
116.83303676047639,38.597601161303565
129.62606104068288,32.28670954294524
125.879644785189,94.8714168177601
190.44140853980304,168.6380311038265
37.99980866451639,184.4789284626203
162.64425368276596,149.56654376011812
123.71520436611601,123.03928028913104
86.23488890520105,146.08766951222762
118.43684311417925,136.1483011374276
35.88331112863279,21.557318697571965
11.861149254456087,140.53125299073702
91.92865368635958,111.00110429203009
101.41913326200596,101.84063472803325
5.970759232155974,71.7154110974156
15.191052147433133,142.76543866256858
166.81946729242472,116.78631787307283
133.22207281856737,98.43311858391327
173.6673143027004,162.67349598500195
45.28120591832229,192.821965060962
13.938053988103642,74.51993974561331
163.12143865616622,137.2950997277014
106.28270074943549,177.21956918289285
62.267057916186126,97.75371514170737
167.92124083875032,142.9848716515268
5.046990225027685,19.706639998127873
155.1471765382351,75.42545494015359
171.57522222746172,38.16441702731954
152.60763254103836,25.75998177970161
153.17555243537345,45.25640455125817
175.5443783292816,196.6473983774156
6.6234264286182185,45.26968927817854
146.8621407567081,83.41397610113344
34.35367775351969,182.18883836492208
29.57201750547512,145.97369002510567
12.494969344680266,67.57455434142979
190.0207499210824,122.90396172696452
95.39459971741512,14.378262098878498
107.43748858044421,172.09102832059747
13.295649703843372,168.75107744366866
18.421312904405585,37.13753469227979
17.390549518241183,32.36114612687517
63.18884029402232,187.47086104904798
117.41067816587498,36.430170930756454
67.22332097695893,195.4346470139002
43.41690224185814,172.22780115755734
10.56623994906648,64.44763604654867
79.81235735442166,28.373898393518218
49.63299718316735,135.06243596550425
80.07849460389052,92.61321299877714
70.56910761222937,179.05179270923603
33.94033805895421,178.48610812579133
107.18783189694122,11.860251266643477
165.70174243780056,175.02862016682033
117.70355861910629,25.79903794442722
11.11259356355117,17.215780145052644
159.86873596677134,117.85091692614395
175.89508678482562,41.94223721169629
179.20540214761533,148.88936197066752
120.05711568227527,131.74914336453986
29.788927404371776,130.90472872776323
25.014344301902018,30.436617178382406
32.460727748981476,28.524726631523126
99.74273476488861,42.30371064262724
51.24809565223148,118.6715780708667
118.27531592311095,51.41564788020292
146.67594557335275,66.72795451338413
77.65133920067791,145.715904894298
6.926467694276843,177.04617826645958
101.13248976363558,144.79710294468964
186.9542667554153,7.29809690890686
148.5783484772951,169.58832913688366
135.13783075248332,189.06344811939726
26.0414074160452,27.9720419935556
130.39945068778528,8.236412111892635
139.1582193067287,45.37360362154478
101.15479567844264,73.39199203133992
62.377692884976874,183.31679628831998
103.1253563349242,29.914670844439357
159.45442292074895,86.45950254783992
118.79648999952487,132.37711674266856
58.52322487669492,7.24029030405751
174.7637092763098,190.68565400518924
118.9288358068764,155.05412242875533
96.49430988842009,102.39816170842408
107.11112585390877,75.85960832004473
25.873587850625462,55.855731615567656
84.73673775307202,119.29553271887913
93.67884339115632,33.47743531813822
63.45098344369119,95.98160652508597
145.8808205995684,5.234207570237419
33.454359505548105,113.18479160232684
94.3204853208927,55.70935732085413
140.5540328518197,104.26258244684428
70.93255970541149,99.70297821983195
11.064976932344265,56.689922446355276
70.57971897123019,177.38915666430933
20.46464416971548,172.63472869043463
86.33865596222516,160.15043144519936
68.06959112277762,10.923439497018341
130.59829088263442,36.266997000644245
170.53511350080717,151.6100169000465
178.9516490155138,44.91388033416271
21.816508677523604,32.790060583955444
103.39118109514581,135.84329947451147
61.64319259010254,187.2219288810825
22.538316067609177,21.653553530680547
110.52968429605713,100.35323048227644
33.26448528447077,111.00388608220817
105.39671057910687,140.77516507439344
98.13794087137896,142.81632969012043
27.113905340308904,134.66883535583315
119.6000119412929,172.25001752153378
142.9506908650026,18.10439911081649
9.184222640824157,10.963431558020938
153.99515833553784,40.35063164282162
30.53685589723011,44.91159031067929
125.59483561092564,76.90325634569997
162.5721416373748,145.2708236573344
152.12979743163646,30.06568494090495
58.883648579418654,171.09702424053654
13.475919138248784,46.695770499166834
10.0,25.0
180.0,180.0