175.99555420914473,84.84248844396804
138.10685866117697,107.11393460401729
40.761329802443306,155.5900052704951
37.01476378983184,186.5328596659016
61.06242783992589,191.0710545134063
195.70746771031588,131.7391914009564
131.0730407820186,25.43136219273593
145.6755561239171,156.46264147351258
19.93610265717523,182.0619974525595
44.75591048756293,104.68795891368683
135.36165350335375,148.37432373121445
12.376812676415895,115.21601865163429
130.7318705746588,25.14005030725846
10.15610814484501,37.567085836195965
174.34691018989545,121.67666293594425
152.18610130126783,131.40470505761104
156.6658859143847,185.91344017050469
98.5381668611875,67.29443790771974
168.90252971797113,69.96053150548936
144.01033836476518,138.08753158405537
166.7726027086691,174.348456472108
189.56618687060683,24.553179318816948
18.954078679788964,98.24398515883334
65.05682924749682,141.5829330220831
137.04616951399285,66.12555406742355
63.78317469064224,152.02558247722678
136.824038436556,18.45466379891117
194.37194545328106,50.607575576198435
20.284547234934763,73.88529378206655
127.74685550379544,53.09007815402248
143.52424831808204,172.8157653278839
177.37007424718516,66.62372448223628
157.63764616806688,79.2085616530054
152.784280470735,175.26450133670107
23.536549497695685,26.426767752265476
62.0593852144809,112.50773705897683
184.24986424640832,140.7496064353777
138.64933119276145,94.74630034466895
147.08269291312806,127.47169772183086
58.37313404240908,39.180676083861314
25.90414804632364,123.88126405531831
131.57640161791204,41.218984339375936
47.34118621155633,113.8134715501949
58.77638425281411,59.81188009572735
11.908503606559194,84.7717409889002
179.75545486840474,154.7453214437067
161.79962681440992,173.3072273184987
191.25943092330726,132.3286697091675
59.331168500774396,177.4212524080307
173.57320836877554,160.0957441858868
46.33578920915942,104.49178764595723
37.17970428805514,188.5000938249762
195.03776166521095,105.3762432061914
154.36760116529265,6.239116833223237
66.83789725522472,20.26588291623257
68.75645538054843,107.86069917805182
24.588351511482593,113.75187598756612
105.82575781235086,68.5981072622775
145.04219927624362,168.39831060574724
126.71896093345634,148.66452327624026
160.07316115738,86.4960030555142
26.87235691453377,189.15911825386394
14.802388812190621,36.89669460850496
24.858243003266782,157.02643792915163
126.64954372496062,34.656089878049855
31.780749453716034,95.15479637572604
39.63119438005045,186.05211715104485
43.82276945003993,84.23715981592758
180.2280217043068,163.19107830350742
7.571866823179138,39.99202441138627
38.66678930429925,42.748944300000105
65.58084930321542,7.338641568275593
127.33085149082272,126.60325258590136
74.56659482372537,59.243943990181506
153.58808249218035,44.384529401740856
20.187937600902146,114.39947676201031
22.097335093281142,43.24813853806941
171.02432260340916,70.21817147557788
195.2422548711813,83.63388712332141
7.972580113067608,129.38053291887422
148.82925728142203,177.72667473223092
168.9965907027594,81.30218309415712
56.53690466424564,18.6839562028598
142.91117478488385,113.22807496316221
150.1322761359593,58.79100140660636
165.18008357151857,60.37762899366288
33.33406960235873,18.513957657407015
193.88612784407155,187.34268634298255
57.45577757160514,148.2016649168724
5.278650018192356,53.708279782064636
17.216051450310818,13.877208916718143
129.98537219456583,129.67279499483743
64.24294030391054,29.98324727005503
133.27873300926888,55.43099854896907
171.3556655789652,68.62099744635343
193.20980147038375,102.7850003753714
149.72402608075708,194.1740011658527
132.98032001166374,182.4022309180217
6.980074563194122,60.919910574109025
167.53571572925594,43.13733243562174
127.1249918825236,27.896089601234138
128.24183064127195,96.13935925858561
134.31635415158735,53.82302406600163
22.063516571633965,68.14226289673003
43.06960075424223,175.33815417985525
49.83280931633365,20.83609983219753
169.71995737686078,72.72032834041802
181.61812759439226,61.51747481879121
20.058186651754813,91.8265331999251
128.89553205051686,149.44645483644075
178.97294336924205,66.13552088817175
194.21377405623758,145.84198313846812
185.17047991427884,66.22752121717707
150.84963046241143,59.637010525145605
36.35278456971184,167.5196973560573
34.75453082032488,16.142302878405992
6.7443191152529725,5.499580029661001
43.404757301199695,188.777037946289
58.08121694666726,27.62533072801943
49.928995726171806,125.41718497427193
154.81429678952097,62.77892630483821
144.04808177030748,44.21998969565351
43.56731856158158,35.02537642712435
72.60247530197267,188.71704315514148
145.82353001887,19.09349730898595
166.05796520724462,83.55916749066364
173.34653613391617,79.27546770737139
134.87157235271073,103.40890408943828
165.88130197574728,159.734701102717
164.52199610985178,148.10948149920293
142.80337722341622,80.66998991875805
42.93940004639804,146.44394276254184
153.7691832475282,35.775661689223554
23.945787831441578,79.61050870939593
178.3401711955803,189.6895856956662
50.44380765582082,74.15730289126577
174.68107435594098,13.793135174925792
182.53475677694814,73.85319256517215
139.0049906799694,8.983776016505193
138.69886249063083,177.12703290726594
41.919795069079115,174.4915124383539
148.62293483495054,29.72211381334556
64.52116127815091,98.13910715623136
36.302723967904875,54.978681248595564
71.4862680135718,178.9747270096113
148.1067420970407,60.959617906375954
140.02737657286013,51.43572735021905
28.760901268067162,54.09081626222738
48.29183603167559,86.94159497151699
196.1956647339907,85.48109113913452
134.64014902512224,160.09990937959586
193.5693315957922,172.75390378310036
76.00042859520653,119.75364046013583
159.25791697239285,169.8075230031999
134.63710783774343,106.92065246441157
12.460310351829236,87.54437736633413
53.09683611079934,172.24909121231508
151.38292437164034,156.1049779039498
173.0202301303554,13.338127489375514
11.591864382088398,30.911903818900633
44.99846205833663,71.37432691733184
103.84536045959689,67.37142217816321
4.990841312098652,73.33175934699422
134.36641612996598,15.110533978906872
169.48730268015467,37.424853643954066
145.1038713976438,178.22420112756035
63.583941463558226,129.8717425554987
144.7934503095876,86.78339879007109
9.477209199074409,155.14784364162676
194.52871436840735,121.01173799829778
158.5586760611221,139.98036640885408
26.27278665762295,21.218020012101398
139.3008905682206,168.62965404974705
57.489650828187365,45.24170092792896
68.10408410365206,27.00002845711282
154.42386920232585,195.85936962135963
188.95103372596435,179.49584841220369
138.74041340844587,129.44218940842103
40.85715168559815,10.829584761295699
38.40139822873852,175.3507898806545
178.05398672912605,119.2728215035286
132.71780444962627,175.6264525540502
48.787621604084634,24.79509989497978
170.1930334812051,169.0002393608285
126.08294606554469,34.299097506255876
170.86321603411815,71.8876030793199
73.13492438863886,122.46241550853843
158.54779460438823,196.68183035894634
70.11804938677449,180.64245833488712
167.9723380243818,66.90801926482916
66.11322645464128,17.961245276732928
54.543379585327976,169.47854123894658
18.13145608180021,27.20248252353076
131.32032894105285,114.63077918313246
156.526658611707,88.1354361390067
17.297666077651566,130.14941381785923
37.377765336668666,27.116022950544885
157.55526017927727,190.80617835298267
146.3809741365438,183.37539355744087
134.24895868272966,108.7197025823149
190.76857590161802,75.40427919984475
130.42959825041876,124.76689518093491
174.31527944368136,169.5596025306448
192.98793137700517,52.411675385948925
7.07494393497275,86.47444861611886
36.44529757625165,168.13789990101964
190.85054042512272,150.6624841653573
35.305267112649396,186.61949185752238
174.33766124966905,192.26145403239434
152.57229678165044,44.267452320898514
46.01634592383858,57.77405800959795
42.47994577886468,81.90788937036915
69.29746796737908,89.26804774224637
76.43966672492147,71.56398201977196
12.925630823981981,6.479293550328244
188.07884187786405,132.90594057245573
16.799051875971998,25.9731281911994
40.203089667414304,117.51887217441946
43.33029926319069,195.90633708224897
20.46471635863389,43.560113811395986
29.498476049670014,156.78161312068931
183.7283898528226,50.477728601540186
173.14075420672245,20.87806154705941
177.67994456061413,193.79038285073594
6.273359493407258,78.28883208213121
190.90079498712163,175.59440718278972
17.67895339035598,182.70827882866098
33.9603470985139,154.46901916408746
86.94179528501816,68.86734019914789
136.13005815529834,17.895112183833366
104.44093730869906,67.67990639834014
6.752196525593459,77.3131259627951
186.19645398449225,47.433698514436344
155.42144893542417,141.00466545888415
168.7792304006057,187.64868289696767
32.50027670498019,8.030208364089615
65.68284407063054,40.92764125060596
178.10680949168886,120.631178316421
8.483350364294482,6.375413374964962
190.41802970029894,63.43931789692002
11.443314733812343,196.6145850028692
19.258936194075314,65.06864557837238
29.21352879603632,100.83166904751764
144.3605191424971,188.3854647196511
5.821909482070564,95.96406779125213
146.20935467159444,7.908192265883526
48.911577602641756,99.14057160227016
195.46750033906872,164.85746019413884
145.98013304022336,91.63255666902297
184.76548325665038,70.96266571138881
148.28887131197877,52.62416225751042
48.04937189223908,156.12282427816535
195.51100926644338,83.6977242516751
64.9337042942994,54.57561883687353
46.52289664934238,48.92156100962047
65.0934632388107,161.00458015528054
44.65846638729748,167.84585474675737
9.096566064306948,106.20546366848389
38.718843758864296,96.73376929274471
136.26085069358592,23.89114080564413
62.8939935291807,55.26324328966134
166.1654908497941,97.5805484323311
128.74501871167584,146.5278943028055
36.4497162238316,113.10092653161958
157.99575509123213,123.915142873047
147.14595413286992,131.94711217595182
62.404577868005624,196.5502458455199
189.51177428543042,174.96322127500875
159.8510160452443,117.80064474009535
179.25246386743368,47.75145758330393
143.43447987339698,101.19014060934686
179.94568071263586,62.908625621502466
165.0203169033277,62.73393636127375
86.75677260293791,72.15029599552896
144.20944482803182,143.97615692528095
137.84680171460857,147.00915580035274
59.47358155294797,175.31350426415008
180.42143773092567,188.72153292014352
134.2260376051642,88.98954593044354
185.99778574588439,62.3406458219101
42.711049577541075,128.1394032032293
143.2689153215755,102.16483025315611
153.87137910472163,160.44761937642292
61.59880160263721,86.50229209088208
128.3138785508818,169.78020318177383
6.106799197984263,175.07000719805612
146.22795618642937,10.495121887321003
189.77579987558335,148.17519065193704
156.30824025744587,191.96893218422142
166.89791934612836,179.02942365130264
33.59213794153527,66.5822036308798
128.01719404141403,139.49477998586121
58.569566337143335,157.5219052800968
47.65952025395693,28.024464071563795
13.743734973138418,174.1072094771501
129.07854240995695,185.95497252704084
142.64977976243813,157.25163070635293
67.46561967456368,141.7957154014627
178.8786649146561,46.84868079903058
126.42335373296747,115.00070654420927
23.341410470712404,158.87892126350403
138.47795318618662,143.57776602131412
54.85749277310319,83.5112634226951
38.11496296422685,141.11548776654658
156.23765068447275,37.49977438304634
36.763847427564535,167.40386678104528
129.83854774511855,15.542893879522955
5.381613452197739,23.545675499501534
190.6939626422875,103.99073547646354
196.964943462557,116.32153638243332
47.628192983996826,163.03123619289656
193.61311466282913,52.0142099502877
41.57924081575296,194.1492053740333
146.70280583150213,112.67592021599563
144.53707678963508,23.141101402980347
52.91640030435716,10.852401566036935
36.68142445198177,186.70949490278238
17.686673462397106,45.29603179495979
193.83293601657869,134.22491268708677
135.51366218352976,20.530470274641356
156.20239544087767,167.19033068086233
38.56782310396536,178.38137616088406
38.1938396961599,163.60342127432548
178.30727032817472,148.7996614287773
140.97496148437804,176.78439964747955
51.563531487930966,183.28441303279172
174.1156855533262,170.8825094577867
48.81884396191344,137.19829453573203
185.83355770990485,48.62326380364179
181.89456309154332,148.36361756199238
68.01822468569486,182.73219781521746
29.79795014391961,135.72615301178251
73.14423281311086,95.49711087386657
58.980476508292,105.19802197103294
162.74392407829046,11.534730547302654
21.78297964897415,176.74394484213474
126.83343553046357,26.06846750020385
190.66117768776982,16.766377280100876
23.673763988907975,36.12066946045374
14.988496715205214,150.35737106724662
145.60768903436517,161.57611428392966
17.485699425585324,154.75840188197736
153.38550119195128,122.0307952917905
155.62971853782958,98.97276554233476
52.37334290580849,191.47554637740032
69.75137070677621,98.57611298698643
70.83750685651925,80.64802167864363
24.401481628858317,21.348629263743913
52.98774787006648,167.30134582638917
65.15448511403214,103.97938527265576
18.132183633516814,171.57215515187795
5.080207313995961,138.69617769769954
136.6189171566696,179.6193992457605
69.34327425950627,192.15789918178652
189.93091481011376,94.19514112679585
61.34689462725861,167.5126551663228
180.75510937822543,74.6505549492521
164.42531557652703,187.07345316297278
146.51235083224728,59.08017690698319
195.66517876018926,114.7427153214708
26.28730820555522,169.89562667736882
17.090985613562985,186.1271805895463
21.833396300013273,68.32893201523285
49.99893488888407,88.09896886502833
169.66761125992315,85.28536282228086
67.35058114984068,96.11879472718877
136.86334924804436,154.77242333157608
129.09888028429162,46.62225714893237
132.59611692713935,95.08408115345645
70.56605739757981,31.160052442743584
138.3667896923921,64.21255776368318
11.370157335758313,181.42849001556786
62.66612184373421,188.01245174893353
171.740762944318,171.9158978235205
52.863363055183314,22.595742416613117
150.1113307894429,108.49546527357911
132.7351801171139,188.5058793236742
179.19032994798926,170.51107866544504
172.08056464109032,52.67184858197583
46.42048531602178,178.69153118402747
143.9834792612811,186.78636589441427
52.63175934162879,161.9661928860863
131.3169824936603,113.96847145044197
191.31432487054772,154.39874568783839
52.081702772724064,82.45953941808412
53.313806038667565,10.879912753270863
139.85161050425071,163.51316900285562
14.943848098269454,6.961693628956374
151.60966708396955,167.45090028703132
31.632231006788665,182.1140576718315
64.30691460547851,136.22482182006217
54.131261571859106,22.702837063283237
175.29189564759332,160.58131539774834
156.26632538370913,75.55784683733836
58.729453351676945,158.35030816968515
94.03466463372399,65.19323893124898
175.88534185898428,62.45087230143241
166.74046670740992,161.57616428648038
36.70052573248541,72.91841074377851
69.97044175811732,110.12132143011608
27.740047867619136,17.014225733928786
73.57993600401453,115.22701961258718
127.55758126215406,33.09525597332333
63.82842849659029,159.30179326909277
130.92935810509735,76.89353281055888
135.91477077300604,44.571018780630325
19.318062319652263,87.687378299616
42.35193768826457,61.001404026647926
59.71020670298272,107.23645037025953
65.93570238315546,97.9329159371708
173.506792948591,109.59586852693852
174.7965834336346,42.591275605208466
147.72053339248367,156.33683183905504
62.44882848262418,26.312552927516656
128.51187188694652,151.91459482275582
70.1255251758307,119.93780963443984
147.1478571791173,40.253634619293244
160.80373212230987,59.16789394139258
73.00598813043226,41.895847889342384
47.75924331469826,143.32554542591905
153.8814473510242,157.09014472057387
72.71984112483054,98.14301403740517
18.34516941626576,64.55626479618479
142.4264114423753,102.34365989198936
45.49731481835828,108.52535115321679
196.44114150938952,35.48569275124877
23.952962169956972,139.4461377014138
61.18457553614324,141.4082406116738
193.3706417348067,106.13595042750217
13.036589785883782,87.4499972525795
187.43674979107925,42.01023629986841
21.50035130010329,190.1256030395372
16.76926488452806,94.53888251061835
34.709048440245176,128.81584132004963
145.69280827916438,14.108920668068873
45.17562896530828,15.358561085560769
46.34504121631773,21.097765410779054
75.52901928033867,75.14849190966946
57.97353382386873,59.311792474776155
195.53026027532553,179.2738132157516
160.2123388598451,81.67586781373974
146.2407378750397,9.025850706851896
147.3900760984066,55.95130928388041
33.55725176842061,91.6432976663193
67.7685211955945,43.91669479665448
162.91850330329186,191.1361688003243
195.8204373244241,17.83646473392839
188.67191430317988,78.63713490050513
71.91174225557634,17.5475994025028
163.17366525257708,111.14697839463928
17.340553474876927,185.95761114955053
192.78654403609877,122.57983451012511
163.5904215783428,162.1212558777838
32.40431699342701,175.58412815523707
51.74612269513085,40.375933491759774
23.766654655878803,25.980628694522462
11.717380929548499,60.901604783135205
42.28295253215855,173.57731004856385
181.59013216673642,136.28387473175135
57.99432920912406,12.840615678095173
127.08888361375652,140.90431526485085
143.23387864834464,192.48676870435074
68.91370409769982,106.47828350876277
184.30086412299167,180.40309467528846
163.8478841199092,154.0917927739018
68.95460785144355,70.61121555511426
72.36149332230266,156.06425238581156
126.26169058887945,162.19357918223002
58.84299297548308,35.39924313582346
172.84283244679867,44.09614410571854
166.98925746682738,91.34425522525426
190.3432567653285,32.80881486496021
180.4258569191352,142.7288125103094
166.7685674621463,118.86420180468625
37.76815947156148,166.43951977040783
18.5766479641256,136.9987025692257
154.23539546085055,181.4549558373335
66.34541813165094,192.341795427932
172.73192635436232,102.76343469747678
193.87918269597864,80.82382540232543
181.6038257170383,59.26649029216942
196.28452174152804,58.280337809086596
179.54328348893335,188.15376532198457
61.43999634578024,136.51968535446412
38.938881209213214,30.846447327169987
180.22954243082586,85.43605871595325
181.4186072347847,20.751289337411627
57.07987961321941,49.52835776068437
129.2797824617098,30.89078856612383
136.04057065208045,115.66531603328131
22.539626698656136,12.76038711674311
164.45449137355442,124.95591835146918
40.913743938364895,148.52872503065157
36.480515196927485,160.78233621099025
16.482294193761426,15.025975693467515
7.381233827514045,84.02512602335757
17.983399570604576,19.759326652783866
123.4487346291566,65.03643346171448
184.3326665341296,90.48778240432802
34.429979070190996,6.380049609610595
191.67529643279707,124.79332419664887
179.35420127593224,114.7065787122427
165.50194990831181,81.98156545485692
44.744448180761246,65.65743126747135
140.72407487968061,108.18079439917963
26.029812878622685,191.34030778890528
53.01450896709931,190.5425158478313
189.63572489037972,112.56379741065538
169.80092592319392,142.9701519845718
192.4352223830306,67.21634853598776
191.27054754916588,21.91627684586176
56.302747219468465,86.83043366787031
30.800659491268945,188.62101509749422
24.289229560793554,51.12329672182552
158.61759184410445,5.84616254123646
5.184952653276829,29.968885471401986
6.374482599495416,140.89839545211902
19.628497914891103,123.23274175625015
167.09792064602485,33.59770353030608
20.584045592528703,196.74859907590147
143.5901859080111,184.916481120283
134.01999469360155,167.8758707601134
12.481269909538105,123.5432034116504
192.98451574069148,49.95067532458465
173.38732508648272,60.211990379949434
61.6237607694739,24.846598259077542
159.89447116789913,157.65388641496406
133.41445485248374,114.57227308051363
170.69607987113028,169.11260785540065
130.49989882909438,120.75782243929966
183.1321113947514,12.38201454256704
54.1254728005989,8.25610446248051
62.52535755056755,53.84322567274268
167.06019287856958,5.926520669408719
5.3195772740678775,156.18644085612485
190.39310105677978,100.98705152210489
22.279839042194045,30.84369488355775
44.214145833340254,127.5093787611846
44.584795360585545,87.18277798917329
128.83910999678446,152.49400314574666
41.33297149160089,171.6374722739629
10.958842078174301,41.04463878944348
191.6060779587645,17.393030807795885
196.69451002022913,12.650546304392947
69.25616325587654,136.8472113784929
56.512361995327126,146.70151362330347
69.76843477434443,184.18900904217818
52.67715887175366,10.847871188366064
192.83270055961148,17.194033931335824
170.52307825993816,100.96280424566739
165.36314715430356,29.681068924826164
161.68667879743757,166.13526049176883
171.76917088844323,196.49130797501303
15.968365833118575,100.97433492965074
162.70336142780044,67.0464578725275
155.34079558379835,66.26904826340916
196.02779285315145,67.44526316339916
192.11106231559796,184.73818142575672
141.88517393777636,40.33181178330223
179.65857934123704,66.34914411846808
163.5331709206458,89.57167380900407
147.02242875287635,46.04118635229404
168.85852732435734,42.934282746292446
175.04722081674933,63.98417718851341
184.3547092858062,17.280022220421767
70.67940368125959,126.07917119284984
32.80395376570967,142.17477257640834
179.35633873121122,169.36133526766233
154.61911780201984,99.00395487778063
155.80423080349635,185.88362621205846
44.31937118635065,54.78561393891789
37.8189500924249,6.949160949266002
147.71003777639774,179.77157602783382
184.10522126998924,107.2668303739396
135.96264174897007,5.870191869200833
172.8769962003785,67.9174599417657
193.08652897381756,11.722718784661058
46.6530660783396,43.134747723052016
177.9263761863517,173.23129630492275
152.00671842683371,152.47703320786445
54.70221468683557,109.74674207919225
24.8243067974516,116.83953658773383
175.5501376144107,44.02694833084522
130.57621927669604,107.8754465070178
152.71585228483005,146.61386051629825
48.84204946659775,66.09653307297613
186.22046019247645,119.27088448529615
155.51104941249645,192.66791233862602
167.64213735213426,183.76445389705998
178.32236848395826,173.9584367371538
179.5121011405798,179.4642494034921
146.98119435083726,12.086147148526333
142.1607884456009,101.32231118392689
55.91211977822348,11.88634881877322
19.651904449959535,114.01308976486952
180.39622212950897,189.78035853078828
174.81403495570672,105.96640826705497
55.49893220643128,144.07409363808273
10.448793952217885,90.03878495847499
10.039932815627258,41.32107522334368
52.68851107462265,97.26310154540816
154.92105347115537,92.01588920526584
178.66938598920078,157.47104319948247
22.030940389905886,23.431696555028648
47.607182479487136,34.031050714806746
176.8863907169496,179.34923095046562
75.84136997018831,22.42468473970579
55.77078602289045,100.27854538030454
73.1913282136092,99.1482708149949
156.9958571305132,35.0587339741076
7.423269093455476,89.65580823993125
50.82942764609713,168.7947162237926
33.97010642662136,38.78062794716367
108.6303085393654,71.73593679200218
6.828956350797005,195.705186645059
67.25473621869715,164.75337373874763
61.84443813077424,144.76259940578166
28.76585121703324,138.9057137368201
24.72827699421881,109.1600052855823
28.75589293893719,115.65480483149656
126.77530767954352,104.16900623926995
35.11923941455752,32.77429692420963
169.3078784943595,125.2779047620643
8.647485290207822,159.62643567679007
84.62406910658655,68.79044956195656
159.24335685471152,54.49625677838255
16.584796436091185,194.54121307462165
138.9752378490925,23.30562408181661
27.459221834861925,25.562291407367837
82.66705994588494,63.94226033046775
61.34283923709886,65.97249037763096
172.57584973401976,17.295083969831175
7.785663427304252,64.64273047191816
75.70821170664779,192.39951353816488
27.518783086909597,117.82981188661827
11.88042976407872,47.983084021855696
195.49460714493128,116.41329965381934
139.71383671508735,114.21833438284546
15.582325352516907,7.517774351378207
196.06647498115558,145.50139515145537
7.734957721261198,49.46063556353872
195.09875643739596,146.16981524125285
181.9971308898735,194.24559974824456
160.5942348416333,106.5176799719805
71.85840043669373,31.78849842641579
30.19761363802221,184.0369129947176
64.8952772465715,15.92405466096426
52.71061934507584,103.06818564695905
51.77573060619787,180.9729359946835
178.86279671179454,147.28536274273952
136.8312681176725,153.86021675997517
45.52738709843673,110.70636552008393
126.84941624204393,38.43663394287967
194.25018640307195,147.73074621240022
182.85746017057622,152.03113794828326
193.86729446643994,64.69374557418061
146.56242090082787,143.23820379872524
172.27046010738286,157.15983884261288
32.582581993059236,113.38146185983489
68.11741368567624,138.22307130173058
67.53412126518425,156.00281847379796
40.68509739411221,190.73166260262207
12.392144595879603,104.08831436177425
68.50006533451825,156.3195646254969
165.6001572150817,144.248242761343
152.51548534175714,70.34297442619228
168.31502364312294,8.69360918607858
135.7795048948084,140.96341874785807
130.31584431740833,172.74089818192033
167.71583355283465,118.37201366753104
128.45523501356445,42.19790358642047
129.13528901220135,104.33250569043453
148.69995035649927,11.775793208375218
17.00662656929986,188.74806396090534
30.422157736050387,26.548451765147735
153.14394058475668,39.56145213422255
53.77819675254837,111.96846634879964
139.3920492653262,35.09696722639724
55.4225555126058,144.9616336461032
76.25103113911456,73.52399543294457
182.77941044804322,65.46303401367196
72.70235942575503,146.67412664707825
17.852266523684314,152.71678793759637
33.88955750455105,88.66974673814914
33.50191311157669,157.88137864358066
5.416259151646485,116.39350554051491
152.32945798792545,81.7015764534889
163.80631244797553,29.19956426259621
72.77211832185309,107.11292217542798
175.23789356222193,59.720750297089296
194.2024524430962,130.02034860508925
58.57868509675139,121.04021856496381
51.506032010098,22.776489564225464
154.3562434259731,36.78563807426888
162.95356339777197,195.05895013372353
55.739620152890836,23.790573283850264
28.634397105728723,123.75561429636537
15.633106771023966,67.13522740440823
17.41981114792308,32.86854863646903
63.368972690052594,136.46100982286873
37.53511759549941,185.9709691362731
126.76619616214428,179.0298378023058
126.1346303106417,150.66612894319434
22.74194677488173,122.55434719849853
169.80220108923152,173.97322480916696
150.153407739595,114.79934802754113
5.019434076955893,159.37924253685387
35.37553426360677,32.3197760777422
36.536958192262034,139.09689939584086
11.85318345897216,103.57384624183342
69.08775355563162,147.76350494265048
138.79922873351939,131.60381415773242
182.26853228989606,106.25525398966117
138.81874419101095,190.30211623737165
132.4523946508638,182.49724682040548
135.10817898991516,101.44457627822332
157.26937327889004,178.09896543416207
160.36519677453646,89.09749161470155
173.54970341522517,145.36030296089075
192.10782951077655,52.578158878650406
169.44374321464016,40.26290801762375
54.65804583362629,103.40999756945999
180.98420937486634,24.779194278665077
136.29357009968368,60.166552699699146
190.2681734222392,107.61381427972884
7.692412770279454,66.46121430150033
139.77151444940517,164.46918507845382
17.042304080394988,144.00486646865656
132.40437767162987,135.39755988535867
194.6232147758196,74.69987476920701
142.14539877346456,34.72967452687909
186.3784903628424,176.1845796565376
53.24649985975522,140.575725515359
183.90676460109214,27.521358729657823
174.64313971256712,67.26640567482522
18.698157360680625,64.30091101832693
159.1330101677925,90.03147805698168
143.7177439174805,133.49949851045855
50.26845141049958,22.55452723860938
27.46477902804877,189.70914541099262
176.6791764873726,51.01015336046989
81.0880692351696,69.93760408197022
46.18549719503863,63.69627154188502
16.91586266412854,180.0501530008153
188.77757977937858,171.10680042806902
47.56290432535111,88.05413126772432
186.72394006921326,100.52718166792894
20.72385772101397,86.46901826661939
19.59136119457255,63.165493737424754
73.90144122980442,31.06116478737372
132.89590310460943,120.57238805884133
181.40886640632442,97.17183077233554
59.0544735405508,12.76944989432489
161.98201816266,114.36608366427268
159.64417375358826,31.253133504181072
66.98130848085648,99.93560434074823
57.183570342325865,61.45164163620623
54.41772575869498,56.79144323934373
38.0798992896922,69.5595934140365
90.96897126080746,68.3295094159017
144.0145110186268,108.60967410468679
180.86999354422215,8.894741420342719
195.75324355534525,173.7801003706066
17.74026553657299,113.42434558963036
71.18382433530893,43.60623472980893
15.775829656824934,168.374172530812
131.2206599699923,184.8076444413367
29.854249389555086,42.25340637251553
67.79542001475788,76.39028064164623
168.575312726259,111.70492826933074
90.43284924970409,72.62752312709107
63.794518364073575,37.384884307914554
16.269513501831955,140.68795870892436
52.16780157694178,23.815792303067028
39.10414577100042,50.74504647591524
72.28984460071175,98.00075500776964
45.05749435332553,107.58221614844615
31.03749919028405,180.4359578624344
75.7639676830332,111.19754863597004
19.07428790432457,161.29037884138427
75.38285410287841,131.5764325694566
161.15939275659977,25.935015035378658
39.03339150072135,128.39610287924293
55.36636134918294,120.70855488182397
21.629441054168577,113.75389660365715
175.42869118941218,71.48453865961159
38.185944805467045,138.3774487712593
193.897937001091,98.74508251998142
135.61909123868494,141.65139865357924
8.852694853858479,158.18696100299508
168.62795460738872,48.861210992352376
159.41372362476025,114.78383720967099
56.27609295576523,47.57597331394204
176.81312137447813,87.83241255350627
165.49557326295997,152.94161039577875
131.83283866710232,13.01059203617572
39.83484938303922,176.56062138519584
38.76470094997875,162.8929544963797
169.42977967858522,26.077439361025846
38.49805529424388,126.96201746340046
13.909605752535892,49.93202972770113
157.07409845561355,65.03504232991642
179.62337989060413,168.60498104167553
36.57997643662071,20.860794603843008
176.7283477329989,134.59702067396034
9.21008489738634,84.45326765063461
192.7173602887808,42.96048890055935
195.83131932716537,52.10391344928177
174.0723504013947,72.44978960465698
28.607785710335442,195.5094328083999
153.35506543658636,160.23332529379215
173.19874779398572,8.240399987923801
183.55670130919833,88.50651515138975
36.33087618145036,169.06099778559596
70.76127087514915,155.27808125735217
50.18276236397358,78.42702916149985
42.65259414352816,28.5958400863301
46.183426117149686,75.0231212384815
34.512143275926135,147.85766171691387
132.60979767495252,66.30148944305382
178.39466786555658,130.73712124260882
174.56218631956713,95.31013051372746
6.564507185923257,30.466638868182553
143.8786760570484,81.64703910949608
73.42155388009554,140.8601405007693
170.44269871496024,17.847866699140233
162.91966945070513,172.97465168229286
62.216313298165325,35.1288394409733
144.19196114880054,158.01449909027215
140.61259559140638,15.400799534783237
128.9988242182006,114.67539732453056
150.61583607348186,179.8730132492768
173.21615352347865,181.52322450200762
21.35295077489943,85.0065194008229
17.854930683568345,59.60401107240964
8.070992132086404,109.21493408192372
149.99091094587763,138.61805902032302
66.16084169612192,55.40070128029645
167.62968906178247,79.77239057027033
67.6672981803699,39.05495798742507
71.7196591699474,174.23147477526194
66.52943515947806,102.89446816768839
40.75645668426119,45.27984017656231
155.87609880258748,24.509492139294316
135.000396641842,147.2379682316038
71.8655757501234,8.213898178251693
47.59449102648253,155.18848525829398
165.00242552706072,54.983752255997764
70.55981835754544,35.3618337553405
194.29688139391442,60.13220666132894
170.75419069521908,16.974396415852347
69.52322169242176,153.7783278985125
13.820447561841304,173.25646254272888
126.39537385376002,81.6625144793925
39.11467808913926,125.85216971339412
52.36881920893659,79.6017226494588
160.2968896580107,20.257768870515704
71.7046594371244,8.234110627875
126.69128745141481,110.62289961097167
182.9308394850825,118.2824774679105
174.39251573234566,96.82131614853907
75.93011276069241,141.31179032903367
55.39827982012482,92.18069140830427
68.81976371876289,39.54158729455364
61.183219830474314,70.30073892059073
136.55378285785008,31.57759775052027
42.37532084160362,87.08630619854192
35.29927426503108,152.75074388734075
159.74037049979503,129.4786891945759
33.92182317151489,83.17011770883776
135.0910194582207,149.50646956765718
62.02960583774271,54.69203585798926
48.96529250364182,108.222276151502
29.807669720336612,152.07860504235123
54.12965312163128,52.08573584114426
163.74172275287552,139.1340329851198
160.44728853229012,54.33509273015092
168.20172360413574,88.28358257968121
190.6150299131039,171.37158853123245
135.49955222132937,54.79991094788183
29.83555079702504,147.59270806680217
54.99303496964816,31.65766607491144
191.47356281847954,142.02787691435327
161.04217622394114,82.80658312423814
135.42419990667116,22.82500385813675
44.85625211646573,171.35749925101263
149.4776372576691,111.25705495085023
65.68899988980333,184.12585477105304
179.1040737645479,180.05176939296953
144.22411950055394,83.58962582852367
134.83943440227728,170.95966905278632
151.0918382453588,97.87558717819682
125.30932487667879,65.38258399539487
134.2670759660821,93.8702564686229
144.08906808871134,189.2968930471041
56.05083797812338,97.04369974982852
163.59909909088177,58.70027801999463
132.03117300220163,89.56483501324519
146.2421119040928,84.0161986279577
73.5442933724877,118.03993424568857
147.93006103755022,98.7959816530957
11.969919330088585,188.97909101379275
56.06055548958154,166.8738065370624
145.25602126607114,168.1979215228537
162.7175429597573,91.56845405578078
185.95063712864203,166.84539155440748
144.73661925030396,69.95936565354856
37.9212398284321,163.68866197064617
143.94037769768693,183.6560802448098
56.39434380717139,38.59038871478287
136.3114882239093,99.19635155095277
61.92567475048357,97.96326360802964
23.617658328536763,149.07005318444158
64.65981880648933,51.64642270897904
180.5018676834775,87.20786287237352
148.88742493898687,183.7899270451738
156.87053851004583,172.18471758728012
183.14861365734794,52.73402524538903
18.794291700070886,121.56155203507065
126.6343874081752,27.34875643075884
163.20309721005057,63.359296460650356
46.60108434603311,127.0194397247861
28.965409340302962,90.92278855789522
16.365287276819146,42.47695465519189
22.616261279516834,117.9144537569197
69.24051971326412,18.32414790674176
35.76214989920942,168.18520609395298
14.781863181068765,84.03094228360813
133.28605991224302,99.20759971454497
137.33159447564535,109.56335125389828
69.35587362583794,24.64465884477671
56.80930809341494,170.91392497811466
7.54053844261078,151.28528853866206
136.7516068467052,120.34693781284753
49.816174562389875,111.09810294011612
195.60448550005484,107.42687488990897
158.2861789674322,140.12259704436278
164.57229895175593,55.69456509658145
16.6302708848237,143.75479416330106
165.67698832505965,9.658341181507687
64.52424799546738,146.79394496284556
156.27336855409084,36.09520646306913
14.284365266711239,145.71988539368678
69.69017477402765,125.12300385035935
151.75455842073694,71.40954837397017
138.56290469149434,41.83956954637532
54.21138897789594,183.03532846176083
133.28429229495674,100.7632116725498
56.1403556305794,108.01425771080366
57.705363961064585,181.50972457662715
131.33404179010253,195.38553605967016
156.05928780270432,167.5422975102602
163.97849092794397,10.391101222497541
75.23166944544664,140.70360787923605
5.6481786645521606,80.481490582008
134.09865627148866,8.355123532375794
194.49764076209232,57.890378525811194
38.68981657940335,133.26855997052562
181.2176688256048,120.88470352292984
161.19431972523407,45.762158258006494
70.93642941671533,175.3234166351378
141.83366744481992,149.86986574078574
163.92419706561287,152.48607712909356
7.726841161916805,46.785045349900756
43.09432293137008,133.14325612899614
192.15404309760916,139.45813279547957
196.7583314807976,48.32743155437442
138.5013059599224,147.64122412703878
153.07985250304907,54.113552110361944
74.89905764854655,129.5399069419858
180.38804404286324,128.2455772199473
32.663806706471945,110.9420917115652
148.17100150252503,123.89485149473573
39.44288340070972,91.99593524987752
47.84226347413701,141.60252397854865
24.16569148502823,185.6888427931688
189.7071117571609,182.94543175194264
73.66860630068555,131.44616508843004
168.10983611883827,64.76719181417101
147.87814937521782,151.14288836104433
15.013819604482777,15.112030325786138
16.252122793460686,68.02613392746905
75.61603992826385,140.10429829516747
132.70269298478726,174.58505502169606
180.89777940641716,85.4508671022032
58.90816033519435,103.37613432328763
178.1312043452667,148.5131247112817
60.65623079613014,108.43171270359568
192.7843338928874,145.19015706855984
53.27394131340906,118.25874722084008
128.26071341338155,39.435834549343696
60.285751871191664,100.99823514902612
189.5599558038318,19.051240466999392
36.91784126958421,46.78412758104579
19.90872005173418,161.33220805144734
43.344281221183415,186.71464362816374
142.49357664189986,126.35682533643141
139.7750491703464,185.68296267733317
71.95132747109719,50.890373993460614
21.903966027443644,111.70673941532046
118.809363479132,72.70143488657855
143.1695391628517,47.49165275744838
110.52852599291833,72.65269840508404
70.20645953255111,76.40257108496826
158.72292698809085,78.60520122916039
48.2291097850614,81.00296009803809
34.26667638543314,67.42126950498071
162.41266631611379,99.33160828921173
97.76921299423446,68.91916141828392
184.0527762288675,34.74522656996869
133.1883266724144,100.39693977312909
135.67530284073055,71.1056852679981
171.73631441434233,37.254116710050724
11.544465769072575,160.0952958836255
131.29440256753827,163.50819612134342
11.357034927711204,161.32221041647892
163.6536416006138,71.37580420439072
12.031854046965975,45.22567326185931
31.52911352211845,54.33830605867213
27.947375455719623,130.6416371413256
184.078398341309,134.38889999712956
140.481922226112,117.61956656794865
82.12908678352771,65.37808703797491
69.02416911547505,58.78703859915493
153.1746607272413,151.9274630996663
129.99573881390594,9.502286614315075
128.18257081042273,183.36316097792704
179.11870612128308,78.83198891041066
189.38589574637243,194.3959865400429
40.324964767923355,186.58221279402667
73.75906443454856,112.4211741555852
46.33236595599901,33.054515048932394
168.5131822828198,168.09612440978287
59.84890342894364,87.40537551220334
187.5150229924507,192.44880670197432
130.84938299661638,125.89062453102629
143.0924978398722,20.9525659972215
121.77636446511218,66.04285721520188
73.66814303641013,135.562922825624
46.504212419135456,190.50897002507293
126.25579863448884,97.05837777518727
157.2800223585878,34.25651988794872
45.12240645811518,115.07728594151206
151.64490601738677,59.37993332112279
158.74383980298674,84.67799883725782
158.6599842623993,159.370147772484
157.88235867389528,52.65947018788426
190.97808909784385,169.69708908387994
150.50990241923643,144.23873632142266
72.70511228945335,94.55525944181629
29.533057746223935,128.6776738211282
129.80305766815434,175.2800201634649
46.57992959498203,141.04807128537072
16.83243343742723,126.15881787184327
135.15811807563767,182.2655996353845
170.0602382293156,70.37069967083772
182.8064879302164,159.15917366936486
12.866514413286328,23.979554657181637
35.95046619043424,123.18381038127781
176.8456680108399,184.1666469675661
62.737503532054006,142.23655278853846
31.03688277443709,56.1635905235132
171.9307711485798,147.9197702734424
54.96129888143528,149.2461635864635
33.977690237835326,146.2292039670743
21.39240647510037,117.7465402005749
144.37244206126357,166.32201321709118
166.5463376472856,112.98531407236662
156.92678809742318,165.29838826483567
143.7526730470383,194.92287411859314
175.44424413278196,151.92035575927065
178.46511310340162,127.75820144650456
5.494583864040166,159.50615301751623
6.146817035887665,184.85101430545242
72.83884930986088,123.02115237023412
55.35168571408619,154.84922957785238
129.02132657067733,71.76179133632056
66.34328892840261,12.10290125293298
192.42521040964476,81.68760346865564
106.03358404444519,66.57915715929697
166.00169957307708,196.7368550936725
132.53189679974435,166.61182824341435
173.90294244503747,105.01853798231761
195.86467705369395,103.43732226925691
67.05452979750828,67.9796504338864
129.4207900259369,19.592366142063128
16.569048081927562,102.64019968408276
69.75229289137478,97.83885848754123
47.58402401000534,48.02858100803386
172.650654668665,89.09389265344397
73.49317249467647,50.332036102408715
5.012495776774333,31.96196151101792
45.15128250865935,162.30765566487366
162.0735280362781,115.51661343388975
187.59461453544293,95.34111927788933
181.2314351369836,110.74863619356886
47.76470071257624,51.783658520707
36.992729611092656,138.81936360441355
142.27416993700885,176.00637960951752
143.160302985456,7.83399207994219
192.92659235607283,35.89563791900211
66.2412940051252,176.1335206032532
144.62795006583056,109.99102586526769
40.82076381387176,131.35114196060204
49.10543109320434,51.2471801632408
165.38358908899036,40.212305774217654
44.8601124126424,79.62321625608315
172.88687821853125,52.44470106195671
16.25669042998449,183.5750621679537
63.27636694295863,42.322201786732435
171.89607194523416,16.50595599069232
150.7025961986339,119.53988058711036
57.94752874107634,128.7582080304152
36.710727100198945,56.10068260877185
20.459463424146545,54.928531987062456
133.30091674595838,89.66823198932174
91.45897583597713,71.26699646515924
69.80796579844238,130.39086857569583
148.6255200385512,27.832777183574336
39.209303002636545,127.5768706008037
134.9819492994413,43.62311490924544
145.8147812495071,82.28588741315741
66.09512352350136,61.9417120570798
184.95851625566524,180.26152576297164
126.16101827919533,155.5772283861884
175.1463539592101,123.48531147065908
184.69099190375107,75.50823852764319
71.18664271754061,64.33877102484561
193.56067781221518,192.6090051495577
39.75811012562777,55.438304481268624
157.05544173011347,49.13974589229452
19.9540377526497,161.74744642494653
196.40036229436262,161.823650192691
37.981070005586005,9.677360797146637
48.468862468276,90.40982684178873
45.503710661715246,107.34923265644586
132.73147948833156,177.9083611442066
49.11151555173025,21.221156325063184
131.13998919898978,100.33920754422309
151.22340896417512,190.21202264854568
72.87948637508264,141.78554810602225
25.20232308805017,163.4001046961285
45.67220772075716,69.88354946578282
186.3267731112375,28.739435184379875
74.82849304050532,127.73974988864651
37.18654059936065,166.28971248391824
170.9493037484795,103.7342028138846
57.04789322442819,105.83474560460309
73.55174393346886,127.94423231250484
180.49150472189103,121.71527128853238
21.91144370659933,35.24093734261439
162.80110008211318,20.496416574184543
161.1162722540824,178.0071505367934
59.844493681534324,17.614316438104904
181.64838803939432,191.7283508791192
14.508521303968594,115.54639312709666
154.19005011679747,35.40225912295131
133.2359771363945,11.4980947569203
10.624162719484435,137.37564310244437
189.8816261317736,64.22371984767435
194.85069191851534,13.838148581565434
139.7831264165874,164.85029876902902
18.795579697131718,79.17622069162672
175.11788087361535,72.40213550707197
69.47175622234695,131.82622204107068
66.76952270612989,144.90324593872234
61.1744577079441,52.95683872755827
191.39624520072184,88.40540885974247
42.74785204613637,161.25464670523152
63.94368393781271,186.62338822308948
42.54746674956588,159.20956363804152
52.05340248121276,30.722304166496905
175.83521836173472,128.13799968031145
45.69042146811203,30.38104397975574
60.91274590464982,102.10938523150743
60.370824234070014,116.32765592444672
126.32797911008127,91.39463099049664
162.70663151541208,123.79482030840065
142.36443085173246,186.7802764571743
65.80162675455756,138.32654802954673
131.14000300119096,74.57268829464802
71.08997312671815,97.88065231394776
57.74836406241085,58.31317157738087
186.67639612407856,135.50479294323404
144.49253802073423,159.54172395552683
128.15158660005858,81.4562920369735
169.077571392261,65.91338901965406
68.50208729539897,125.67029547147106
36.309187063747565,83.81416241872017
69.09390334544068,148.7649981421778
174.2460175658424,112.02713826975346
23.161607247078454,151.0789255531126
23.495118842570516,36.32699144068907
193.10450432592864,17.71493061223293
154.28059263579325,26.446797694044257
166.83421102522493,54.825675059782746
146.78210093528966,95.58010988968692
71.49567306280753,150.60057774853047
18.676736861576043,114.7457542037952
132.29968799345787,10.025699823350154
156.98616009117566,156.16195397014695
130.51875554882855,173.13748117987743
37.831742137073896,86.79042485428437
51.64256574409408,110.361350947067
23.97150574432365,32.09027990241186
31.46424891642275,5.315821275340847
9.075130795037776,49.01877921067594
139.0944169086622,137.38533690907585
178.04153220010951,70.74230760496202
63.66590081021232,175.11353344645343
45.202537813129226,113.54481092444155
132.31904187637642,124.23519486693665
149.11056253611474,50.57523027871698
46.78108997240953,26.548367988944005
134.16089277065302,85.66177489396341
131.48609875755437,105.49506075650024
135.69904072146792,55.70585155312111
73.35475775431514,154.34110471559626
6.372778894662495,116.20314333388035
126.61828915204889,189.43000648034257
50.66140077932823,98.29827385866368
128.85747238211871,161.93448723469155
43.612140279380654,45.99486785608678
161.96012343256797,146.00811678091017
180.77026138811516,134.06650071223106
9.96861578469465,24.627911391551248
37.2154664477501,51.509288677456084
25.215895438807866,17.62724716915465
153.63934406516066,30.277281290613004
130.24054464537065,158.69687183824104
131.33979184048135,157.94333518318916
29.25781422566872,94.14285980188798
14.28412555880994,25.061440033643894
157.174918795055,174.00885867046617
175.66122052159162,66.26467176529127
42.17827545051067,128.58048994752448
17.642064685494276,5.467355042714619
162.60136683963563,184.10720007175615
54.853955867526395,102.93752174717122
27.27482580659827,167.00915532991328
23.00625889328897,97.44138891624074
137.23655153575845,52.397186890015455
52.09648296318741,160.04731118277783
133.68202865470357,70.50310656687233
78.42349470414727,62.55175095522993
133.12933554393788,29.63677085113665
39.91438995650421,46.728393202050654
151.48463312086167,130.49448638040744
132.08709740576907,189.714579474524
182.2408097491547,27.61934639960645
58.45400282482469,105.87263421107782
182.27037617655358,173.4421880565946
49.92732434357454,159.32266567964723
38.40745478986585,159.77250890976956
173.0474106816289,91.06121853327886
179.65596849896536,89.77672205239675
178.87531766428503,139.35639658642364
58.144828359291246,102.92750913926923
193.03097068184354,168.97225719710633
33.36577068411973,49.44753132148349
73.39130749656732,55.41578502121496
45.94687702249867,95.46158878933484
185.41026077882194,178.90350259093123
21.246848342119566,148.71932023235598
175.4201610933391,161.1469603037128
31.25815529480627,37.28823553664672
49.75989987159603,31.54035380245949
139.98809911480268,95.57927469979737
119.5951311334896,68.75843140089265
61.19402169667828,54.041891698993666
30.764225796229653,31.60629597017545
39.415809868347836,129.72325635601393
153.33937707400406,70.85475771436425
49.30591628724621,46.733361648889144
177.70196440208457,112.62427384419193
34.936627484656185,57.908229726637735
128.73372424820317,142.99701386907716
175.97335989535682,51.39502061934463
9.266815103889936,7.832002764500758
191.33250306960255,60.247332155719995
163.13028320263734,158.90658132547242
181.3866216158702,20.850784799331137
21.14237740629669,128.66566887129758
178.46346524715906,157.57232147976686
131.92496859447124,43.02663229065426
154.1651911933809,196.88621883890985
135.57778081306458,44.058343897570154
9.154517429072051,35.27702806861084
184.16184094535384,186.10684962266387
136.41804028789784,80.53748444043622
143.8304224385963,69.15290618588925
152.2176114027499,75.33507623802645
193.5847847932697,6.93703105541311
31.082936970652852,184.67413343767154
154.68802187581667,5.622329455164552
66.35913256743356,127.14727843603947
35.59257158153415,39.067064370591396
28.096280959126037,151.76658717129328
169.22609570028953,169.0027207814108
74.69582645941927,11.845435894145488
162.79660115726824,132.45945192510968
9.947141209359874,76.57229575417234
175.87163016744537,184.1618867839852
144.003382278527,160.4151180597235
65.01797519268217,41.28413621295716
12.569336447354736,79.46612521413657
30.182195400897072,152.50854985195338
153.57268772234454,65.26764663803355
155.02200336445966,46.26012065901643
145.84909436560187,68.21494116507435
29.940368227036256,75.47867083825984
148.0773777476095,191.23248880645232
164.05589524676932,187.20832920214752
187.2776255520491,98.3561193789215
189.7837815120746,97.68798733457784
18.811865660723303,142.80613364822798
176.6701987323129,38.905274372925355
132.2400939486787,131.01940764784283
138.26239266910477,92.16965964030821
189.12146027386945,18.323603824691105
9.635988810409081,31.599278095254824
171.4378592683952,12.248425622606211
30.334211583437472,70.23675843357573
188.85377843475115,135.2646803387741
173.116614588527,151.5106421409757
51.552090677091606,11.298253802225025
68.08424349695966,16.70741240918249
40.13844538989531,53.33360054887686
68.26271076622689,55.55270812754687
175.25928235212294,132.73718238410967
139.02923602924906,59.96888012271569
35.299714096864626,8.81479056851359
154.9678248127936,38.46056540191182
74.70224195578723,54.70820857046607
64.55730920154222,67.49521427733164
71.02940871226869,19.60969807039614
180.06458614349424,142.53323846180683
21.231446930630515,121.19173924960405
62.93489367779993,157.08176600027954
196.25600355147193,44.812186347625435
21.534248239988102,120.2164061594352
23.358422472975366,33.64591824808975
49.4053962520755,46.47408683371832
172.99475568173673,144.73092437087053
7.2213006718455395,139.64599709196926
152.52867092827094,184.73330124935504
31.88567526196868,76.49787967886665
49.96813332830962,71.93705433495197
147.48650916531815,103.2642438116433
173.4373992273499,110.77767129980886
171.7019530303325,171.731908088649
69.42063639603474,89.891331699587
194.59652242704212,137.21192845350654
188.5974322521727,162.40118106547666
31.566744857194195,87.58856276192311
55.418016613806564,140.7201249791727
69.37980654423981,97.15602032659052
12.249696855874307,10.890700540872405
140.13805736143098,185.83085757850085
75.96049162231759,26.74801223569275
71.2259554462915,130.80454931516147
51.40560167327499,170.19402512835651
153.98768232171653,180.5647460091842
67.639831457278,76.95623682541343
30.149941834762785,164.77034499992897
129.32092354053378,128.99365512288395
77.0195744686485,71.685105494043
26.177320706442984,192.0339069019548
22.61874156017394,46.81482310892899
29.611630807868373,143.35085048923224
137.09891734667605,18.117009236633073
165.68370811495558,105.48214331184816
180.86691976238083,29.124629090149877
145.47036439990612,186.79045524288512
59.79193777701533,131.36121210566807
129.84181991939272,45.753556129951534
145.43525110367491,131.98280746404444
19.533605849241948,148.95031464073324
191.63107119805383,57.8735675352534
58.156930084729424,194.7571952935516
149.00688639200004,130.94800283854335
190.94290923557554,46.98086621816763
134.76316742537594,13.825477540851729
164.10192839381668,185.74219113897516
160.84036941414482,33.48695708439916
10.580131065518035,108.7127235396812
151.28095109391634,169.8780319825548
73.899775855445,171.1508734805273
61.019417396377854,100.86615990356407
126.45031381462509,160.23750527708265
186.76990483521485,190.05368453090838
29.091393733179856,156.52165758046692
177.54957561998407,13.767117019583823
73.65831705321284,119.79550728458638
182.75073955307286,145.6565169143771
18.102144294310822,139.4581398967529
46.157074035730794,127.05233462493005
164.3218608527608,120.9716076169954
75.79918657167929,48.08858745041606
177.7898370701266,111.96048708843638
168.9855022712271,149.5022511838148
62.27919292578274,84.27635740038656
23.967366306606458,55.75885180924421
75.9492234194609,43.47365830917752
37.46489982033496,167.86241798586238
172.88957460721184,32.115072391745194
69.60818550447465,94.42169598749231
11.012854665505053,187.67194815688964
34.832516403205375,188.47896366213286
44.3660375318879,167.69726165791067
20.193153701717186,84.9348947593371
162.92559517188354,37.62928430644709
6.007283322363833,32.570077025585135
11.115529294971525,22.04532839748857
163.70800453359087,12.658836248569834
58.94250652088754,13.105643915826276
194.20941129913288,67.60073921696163
37.07126449843633,119.14455926598576
192.5436155246124,70.66138443926442
160.77818109601085,142.604977114887
35.056939681157225,139.51744532677256
49.739027761968536,129.61006644150743
165.07369831020657,167.76641891945766
152.37000848169114,112.3996557051715
54.31080405491759,184.73073347363314
44.71041345653709,75.95891458746537
188.03155016636933,95.24876856831828
10.370533180249392,179.44530706819978
159.23194456429383,15.616848614471861
12.27583942060953,163.98764741669982
74.6513238865315,113.38566930960481
184.70855575062308,142.29068561175004
140.5417618913229,84.41381474097359
24.678784495616405,122.21100615636026
17.630737496384395,82.90923333969933
157.49519599180954,113.46707396625565
162.89647282669188,36.86408173683221
138.31811903737727,101.36669885764702
127.59777975077373,113.15290272226575
73.76022358499603,12.474236560213757
196.2627662945028,139.61757305892726
162.00119081951772,147.87666486441628
142.20285762394582,129.51290476759777
159.44730449112583,42.712826984955306
72.32737626809413,189.19654857968825
19.61462490110621,52.74811376958382
41.46118099744134,41.57063888328726
8.574512039390234,147.03323045375316
136.15075017937366,105.77912136397471
43.43278040756625,103.92383400163529
29.85333139519473,151.26241746732526
36.00303952692519,70.53309140590572
67.67822336987612,97.5219748707817
188.96005411377405,59.13309552187259
44.03054041232275,147.359937360974
136.72635125912836,62.06105876420306
169.4261005874081,18.083096078762548
170.02988825956282,93.29729800658363
180.34356040892393,149.0441630270231
39.65390176417991,6.885574123060979
162.7683437359217,23.41097179180561
179.12432730202804,57.00175902681092
68.6909644333097,193.73363811310722
9.19923018017809,160.2581052372474
175.65090969104602,174.15718667411218
146.64153983728943,154.54307198238251
180.47359246375245,132.91331553278943
69.52586093693533,176.01905957375968
11.49015484732425,77.50981672215119
43.833267582516825,110.752016668872
69.28003834351094,108.10569414404368
69.42574302114633,50.0451036740809
70.9572262909563,169.69773728430604
38.124069639656234,195.8259808704384
138.6767450837171,40.33340463236258
62.97185611009931,85.70737708272267
174.93101671937802,153.74896422348093
16.804623883132468,129.83802605474298
131.9782973135202,91.59047970683037
96.49124752405007,68.48869971330954
132.06659010388472,168.4490990685596
178.09229515045098,48.10030937399718
19.427581296128054,8.101945088647803
183.31195753730762,21.216072998982565
34.71245299929965,128.02702959460223
165.77325471422756,67.72963886745961
190.49706626142896,188.85874479436768
131.79083739371455,49.09552672730315
161.5807870853673,131.92630545779886
21.313498504114616,94.04984882187493
56.90074777479006,90.97833890016852
155.04973524762414,152.04847440403123
27.036987759948918,83.99269249882927
191.74586077350835,128.88354352138518
167.8312780391798,45.09588816265105
31.124610079052058,87.02408842454068
17.98587983263149,122.31362394498993
187.16462115636824,43.82109532550423
43.009971827117404,134.4489700089208
32.76210447226542,66.63325553335223
158.2454457455301,89.05029954755861
64.58137146878157,22.60694479256815
37.9012605922968,91.80864526108404
5.791574784083338,74.8199222237622
169.31339425775647,56.090154070492176
143.68643106911372,46.85057968932542
38.94252839415128,164.38918343104132
138.74560191109063,187.68645897579873
113.87693535859465,63.387761554475766
53.73134283206689,173.59875824873572
175.01929954033724,86.78352617359604
166.16197941089118,95.49172039323851
131.6142784469496,95.63259179873504
134.54196002014237,14.87064952030065
59.427985245997434,40.92796602877625
56.200801294692496,67.47097752649589
183.31600241061142,60.04351146873336
192.19795545586524,178.0851007062017
44.35889343587527,19.09862603136143
160.30025139769086,133.75086882006548
57.00926261460243,45.46719879271842
172.9625304134859,174.56938184909455
142.99789849608194,91.5185141869974
64.96339963120819,72.05047879090165
144.8865211002121,76.52780740956901
7.237084134344809,124.20683890511738
162.18943674788386,24.701996838405098
126.36380016891043,67.27922635231828
144.54039408344863,109.11991824443238
186.3792358924589,165.453189387691
158.10648912847344,60.965929124114
142.09814917173622,132.32221156767994
65.00524748727345,165.66764560751218
39.1639753817528,171.91320575600497
12.338907395824043,147.92177088629475
74.63973602965187,169.16919080020176
133.03853951452743,189.3982280013152
176.64711639420705,164.55650704868984
37.33549772906715,8.649396471808029
54.96077452193131,66.4827450250496
28.47288280881248,40.22260148105497
59.92597032782955,117.11042518705545
19.326921151011756,73.79096232513722
193.63655219982945,34.72671927946805
65.75162635960115,82.56526024962643
147.42667696683506,11.986853726586967
34.38856360289698,108.66904354183205
154.5966890722306,102.0471667729082
135.61537833852896,196.51300406088464
145.62521514555934,64.76319261221815
66.43518990441446,137.28409063581876
18.920615088813864,60.62691929808999
30.192177157688572,142.2900794055261
47.634328466261614,93.01278445331602
140.0230846427172,67.92390151883878
32.854791580894805,181.52261514862775
11.706858611915097,146.97875360770868
192.11484761484013,77.85360946850533
9.559690784857432,179.94982497375275
173.70937945373748,12.471289490390864
40.56070232741021,160.70669323952413
181.09994618122087,49.98579962024091
12.807728226763873,119.08323496465717
127.55609256380042,161.31663072819336
49.42728274421122,189.4178962196023
167.6864049739046,188.10926647797075
47.99274361758648,93.51055323138252
151.37258121720743,138.48702746239664
43.548759652620795,171.65484024235826
151.19098969490855,129.16902536427236
14.044928280078704,89.13517125483037
147.69382666759552,31.922391494439825
23.402928129668158,17.882437551171208
67.58837449340291,187.52502714529447
46.970590460319215,114.2806660411158
39.1313219692494,65.6873553960317
162.9304722079482,81.47103014400963
33.70443581635665,128.51564915337843
53.82940277066069,21.767188181827603
164.79157554120658,115.75179658825456
192.82097820801243,124.5279959311349
73.17853807341703,40.515594662473816
5.6023649543661715,14.387492353385394
73.49066436596699,48.58378851637171
72.91682136675584,196.74064858645144
13.591620115765828,34.25621230296027
16.953109914825433,184.99301662346963
39.56038789036671,64.89319387623097
162.17971787156853,150.8135214981841
158.54309567290574,159.29072161726216
155.4070653454268,132.0264582998093
193.22450959072304,74.54724550815031
134.3105691718656,60.97684561769914
74.40890835070003,147.50829632342143
162.46134861187025,132.9036804850843
124.66091064839236,63.51463502979393
55.44999401158861,77.79064708431271
138.12869020954898,41.71976585444188
153.8884577245285,42.92418023172458
69.14237448910863,108.96310244886703
99.72992907839478,66.24357245310402
12.649024158012093,116.25200379266258
41.16841313214955,174.0409919307236
45.15968750991046,96.70245254298437
22.275938853412455,87.40338201989476
152.4782060822722,105.79366953797381
176.12694445576616,81.74457165332909
38.505749873025785,135.94122853912617
151.23018790119608,105.80930158447843
189.4676234670061,133.35168465240096
147.71496270967455,77.09019506178153
130.71797299691943,143.88324014503476
149.84892080421065,117.06018445358905
22.418045281532308,138.62532676861753
11.50329846066431,74.60447085238421
146.77281005752886,80.11067141571587
49.185578735429154,97.94315699646005
156.78942893486516,27.694858761417596
146.61664857533265,154.49693251248564
193.27088533105777,194.67043235147656
195.83093313202988,12.701500676079643
170.41712157508854,99.59228982182476
74.2558017577935,149.75228273218312
138.89606866606772,61.962901211233316
129.0074373584379,156.47700246040884
178.53101343468137,17.55117749942507
173.69060422513434,121.47789761092348
151.93867740754408,163.5934380485695
137.15293854555378,165.47701150801944
156.53662971262844,60.85621476904002
129.25575508275762,9.761307022436878
51.44501129542489,44.36341513812537
42.22464141497734,54.82635194791512
151.91137010672506,18.037633600338957
60.52281788541945,56.51571817836761
171.23546822685893,105.14025346985989
46.19918236539956,56.26537979996737
67.84895802907849,91.29523782347202
39.833200365119,150.37734536693281
6.498598416077482,67.34078378127771
128.680613584733,90.87827291645789
68.33672150434887,30.797777275343808
136.2674958162282,158.22351691987254
163.13428923468308,176.17164160243814
150.10384837798424,92.43438332468271
62.09278612087944,146.19681742121608
63.46979326645605,48.395255632546856
160.48190904144866,58.937694474423644
178.24746776174692,175.36328919322793
65.3163657330242,5.395684379740688
68.09090985612215,58.85260492251655
9.100043242872314,47.46631128228456
167.440877808301,78.93383101209244
69.49501659518178,148.3704105766468
21.027331387031225,170.08935933646094
134.71762178606903,33.88071685494495
143.02315726322553,93.99316914922153
50.97539149237078,133.82697069901806
62.475284536840924,131.1143575143133
194.05077717876964,119.58293723209462
28.274646117993402,44.09788062672102
64.39619088395688,68.07706185986152
142.95236904738255,140.8200932374467
149.29137240825025,24.890693308417347
193.22925689387148,98.39162483878864
144.84121796344618,154.7737610009244
16.87815378065771,109.62239784585475
149.00643068821458,160.66654909779967
32.169702711803474,6.978440681703123
73.30846035560798,32.65056609361408
68.22272219764776,32.46852638435389
133.97895173789382,184.64318604024785
180.28756934107727,152.72921477219978
171.23613005947334,173.4413229011623
54.93649359832295,74.34382906603986
9.514094922333916,59.347662807227266
161.81657867366692,22.18095499951029
16.83243519889229,156.48916658206127
52.67608567438245,30.884153467527398
165.372644157583,78.807944258318
127.6252137366805,78.72746413502749
24.274363293087344,95.82579998095363
177.53096925053245,158.3881187852392
192.42585862048813,52.501053691933
185.8518594580901,9.726182954152973
194.14170470898188,158.03877381701002
149.59528211730023,42.41968261982569
143.06182111806442,109.11124297609729
59.12294315021237,74.51899758770324
28.725801016036655,94.36184659059957
41.819249219368054,126.36175794395103
158.24445937227335,108.96748422971334
49.51690228018778,184.7300296847327
189.71450880233118,78.43658375487736
33.861284730395695,132.77809989774352
158.02441060158245,126.71306375665276
26.822328458851068,21.277615060614274
63.90363347974051,107.65061105760579
169.0121877057926,154.4831485373517
55.63008884274054,136.23061049900863
186.51435866582037,141.63639561877721
36.873215194479556,129.1001534942332
26.162816797339865,14.479463016812629
15.675816350552392,19.887421126279396
153.35631235535095,116.10233723526167
45.167615162075776,194.8488899000508
188.78111685645572,80.5761118235179
129.48564145458474,120.56147146173892
45.2118446317328,45.73977994224086
181.0191502541907,131.43798465087926
37.93791072767975,135.446642741978
32.54754528852305,129.12132513926312
68.90918211967875,167.43374342931716
126.36896776054861,15.567143150115406
184.64600324541317,121.31756637938138
184.63548923996908,183.9588996768496
135.50667272705542,161.1893854300033
18.130108802346438,81.51953134771145
62.080397340307556,54.9563102983879
131.95293096336923,170.9642559865524
45.31769342140446,61.10906547103416
191.88031882830708,50.0592149387624
30.533099826750195,47.14692660564347
45.33795416479179,37.078496954167676
33.648733955413825,97.086789371896
60.02888588376139,162.8571344704234
24.16765051942412,156.71240207984056
156.4525147004973,151.89869438444921
193.49628051994992,117.76702605997755
6.1076700153837304,102.51557505721408
194.41542725440897,82.97061071783605
30.076982801329716,133.86864716622824
170.96045314761696,5.627352861685597
53.85999468773549,107.6718847173166
176.97334109988455,175.95140637406243
9.613564125631983,169.1395772696489
40.99359760920392,177.21041567956044
33.622300545625144,182.78798583400885
189.18807551265976,80.22722535994582
161.08220180902546,34.93051021046192
8.696451968844526,142.17465999999143
58.16918154109655,79.34127634455608
50.18350938976112,88.6361421006222
170.71433306482905,12.783658010275603
167.7470933160706,112.0232627051254
164.25338711922998,142.26171551279904
37.48151368139672,38.319773071310394
130.96061252025885,38.95787662935811
187.1082292548455,41.35053633547443
183.57868056809022,93.46609676794691
154.66647479624936,130.05483171179588
185.10265491461945,8.788357839943998
37.771085805504285,30.750957079162053
53.74290230039272,83.061786814951
5.344586132755388,140.4988979140701
153.87742019473814,117.29944162743485
152.17841374572245,68.11647382801566
56.05569673199145,136.10665266761598
146.08595198123413,152.45952825610294
66.99561112985197,12.223021263585201
45.720197740910116,177.22154917233334
139.70194918405932,104.88870271858605
35.168935037592846,165.4593901263829
195.45637414394432,172.31543624761093
172.840202686042,185.13550891586152
24.810992162627304,109.19261423166478
71.8341158519829,155.8841049423458
146.71882346069208,100.58211093539835
9.623492849988477,38.29863841115236
95.25081897959713,70.63428321979266
174.73913213714374,84.92512762779636
25.434827833353566,38.72030388363324
14.112916609117132,142.60696964876044
48.46357584912725,190.48948404646862
13.030033965470977,157.4858798774683
172.66528825106596,81.3179846462674
135.917787868632,12.71946372223729
142.3612967491217,80.54772896009439
155.56494202730568,156.93832684940895
24.296277491827478,67.03610883291917
33.42676200029471,7.882903708045109
143.23140326481828,160.2742787289717
40.886023868902186,144.59609263344197
46.55235901138672,55.7328541401013
59.53632761510027,11.047578191185657
184.71542394556815,94.25856563740535
42.36679347858755,187.55248750006004
152.8869166705889,118.53966825500237
178.3393389821455,186.43361706967684
16.096346843955445,20.619511458318655
35.60094317973025,114.68650185332699
35.30275761816609,23.629978934039112
51.350486886814345,143.74595232428535
182.12394882326694,97.98750809613254
172.41099820175597,155.28759093091801
48.938515346276226,111.01761502806875
135.89795548569856,81.51997284712324
9.222606475674429,123.16293539795565
188.61016857641286,104.37528133199174
190.49288817071923,94.15735124241394
150.87156392943172,112.17125269089023
60.882218204066696,153.61476350331137
184.7801255461776,18.377833555198773
187.85097486901418,13.823535629470298
66.68081420951813,188.6426398097637
21.068555775221036,128.24593564787685
130.05439294833718,107.56993158859383
5.25243649043406,159.12725327532186
31.08228234070564,81.2406002754716
164.2869754182447,121.81783953233516
20.997551460967184,122.50286015388815
37.61688683421514,175.03797271257747
18.119353021000496,191.48906917625848
149.10756186031952,116.62777599815233
138.33310097613315,173.2880322160758
24.41285050632158,94.85774815790016
56.561664591441456,121.9342911885308
27.038006428583053,121.01525120378801
150.4466082451403,91.01875183933292
31.354132345266922,152.37335612722683
18.196911425258158,36.59279349007703
27.40612747584824,76.84367021691713
37.56935131633152,70.31201948019557
34.71535254611918,124.51734682753195
128.15198192303728,129.3269418756715
190.10164040711607,124.17841640538508
55.265585433888,72.57066373358207
194.9714524136499,129.47411520105064
20.52351629974825,7.896478585092337
178.57473702842316,122.82634797821812
60.552713083160576,19.546929144723084
61.926223129687564,107.77187877186802
33.99310593022154,44.0269636004956
179.31639978016256,20.93220964376924
139.94277066238772,79.22458032954238
74.31414936979397,23.860097595399687
72.2513617927977,52.758432094066016
9.629406468865845,123.01993022569025
153.12162229828863,83.5973841332776
11.332484359084305,107.4584519083179
142.55992181702956,121.74173932900864
154.14503531034777,32.428168512524394
190.88888957302237,140.77136611574562
166.56493587826122,137.90914768379267
172.77913922064945,145.81416212530627
145.71843806125125,16.521597508994873
92.51718181505818,65.25711450565609
69.49023894520434,51.336938020735
45.41994270586847,129.8604046588096
134.08384906770937,56.91237583666504
180.71742239474804,104.52103451953714
25.833858225493294,115.11151071094565
57.99920162217603,48.74977500116939
171.50109312748828,179.624229068047
175.49951899704186,148.92955110557637
138.30051938924993,148.80347073194406
60.60376718996414,158.37510979281527
24.894752130755315,180.806479534402
180.47754251141927,166.65879331014276
168.09792810470935,173.71889141044352
67.98735181910006,114.8135849854993
39.53097405588686,123.83747522839089
163.2236656746127,185.3758323408248
64.17927489567705,73.10855544819668
71.5271888468201,166.06928399535244
130.16500568092522,181.13316337111
189.50435930116444,110.09955390756757
95.73317604953432,69.30084952374366
58.021866278001404,169.53408798076993
137.28395723831906,100.65224361792916
190.77282869273967,69.12688062643952
57.36411061884996,134.93907109454878
155.59600644841115,106.90160862638446
7.352806390451956,88.96248137943084
25.025534869398285,109.3073094201638
168.69068098967878,155.72659472982428
69.70595194659913,152.84868368616705
9.873052731167403,141.89539635516064
183.9135304809045,25.213608969213148
170.4453639076392,15.267822779356052
185.83945951016145,176.3047485267537
32.01741681843125,187.47721238922685
40.91288350828991,52.50256727879567
35.507972500663996,83.16674295916546
143.08563069338507,155.23870846741474
57.15296595543487,149.44603687570782
21.038060181070854,168.678263893975
23.540703159588663,122.42019582341035
54.758511512211044,9.951478140988097
177.20186847068675,40.78292426980183
42.42710426751759,150.2057512504165
73.37210985616325,84.57573627246511
166.93921055784207,24.952482478291792
13.74645850447741,182.6828184692621
158.6887949677892,125.02984448321216
7.103101924301375,143.61132149307164
163.4588985887332,61.170068671059155
63.984793701131096,81.30295552113172
16.07377746422886,44.830032854406056
143.52327241571862,60.93927748408453
167.1621350278334,69.25141867952152
175.92897284728363,16.530862370629627
155.91233693732482,116.29000518231697
40.900604320781596,72.8622404694173
51.664193706928344,68.50372671508575
36.167098575981264,33.325143492352595
8.38825648194327,148.98345541532612
52.319909805505056,58.63253527428732
30.269090836322857,139.2341179104739
70.5016374225313,118.59801239881043
164.55945910931177,46.935117965838366
30.511371450842383,153.57567694814492
183.13277544642511,183.73919218180757
131.4695844494959,15.64160500353875
133.93532321235824,45.37379363383007
50.74519107489929,53.437345979726565
165.2023568143789,102.2494592715487
36.55777649943778,146.45313884567804
34.60469956254967,79.69866856620271
159.71948622445163,83.80303590488121
17.591950121694577,144.40810360201672
149.10462995712342,8.500063959026726
17.182614008268985,194.92920535267285
159.69374627913953,167.86684337601494
7.813582013726575,162.0094330250699
131.2291576238665,57.061367578551895
54.35662858924949,192.37273027176118
175.05714635855256,102.89848483724867
25.717387282415622,175.2503810528273
67.13502447422752,142.94659660382445
88.09621157091338,67.39032871567774
72.58616238133457,171.34657058946732
133.26905791173223,177.08340781810668
195.5199804434511,164.59807316347894
186.52707901607982,181.68128965326946
43.17065700382424,165.16236088964956
189.5713360197247,74.91589943799802
39.15898240436686,79.56869365036378
56.85585130938297,181.7367151778623
165.1236617991111,138.27839817125323
5.033125927125034,181.6418658105293
25.361677993029218,148.32551537479506
141.10853491394576,87.65856469831353
10.240750502797805,195.77944391364733
45.009574119182844,39.88411969280588
160.84167086298444,129.56299933017385
46.31620474067474,70.48043272322104
153.8800088637769,145.76796509325473
120.3406059198763,71.50734080652634
186.2698972567773,45.476907266416006
126.01637894937878,146.45973011584542
55.45605311445392,136.54092770741676
189.13606945523105,20.79533175800583
141.09148218542796,27.365990127896705
194.8437599839706,186.62754844355854
43.671409661787465,99.32976407238777
182.409189501371,182.40761696221756
151.69453074031762,168.6399234648826
155.6991163194073,89.58001532998756
41.440824878441774,77.28921979757872
57.90296956392805,60.481545180017875
11.83784114909581,49.34377642450761
157.791388921565,36.76522705852955
26.11995969833296,188.60424947174585
57.168953516322865,104.26478294750677
156.69052677138987,21.508955485987855
23.545233957118963,179.80867392259253
177.76901985911874,152.86303508940728
72.8110497342156,135.24428858819377
131.78921994128677,23.499804267918464
140.80466989440768,70.51525325688716
52.592894152386116,158.56047249977755
55.8644909051436,126.24128270098501
134.28937001228758,156.29300429889898
74.04961382527958,96.31710786548875
167.98753690979427,36.348611652757356
196.2062601603647,130.57032855947008
173.96264746910245,29.95364139129365
48.35773914215192,31.716148186012852
56.64719225988346,122.37463553502378
56.50584821895977,128.63193579441625
66.95154898827563,93.73266555414286
17.301157675616,158.815195770989
39.37047491824717,111.52171562808755
36.01431085818971,156.2612614324806
129.13121258220033,178.27384903121472
195.34725454689357,110.5630001548449
139.2710720625029,89.89667676302848
136.3152765819535,154.91013442671064
21.03137528537089,47.785943431914305
172.3034033572833,164.50952411830133
176.83874201421557,137.70416399583323
36.00830288266761,51.391637898704346
38.29773266483299,36.36108262010174
182.9010207623935,90.760145066033
69.17498540130518,108.67632026915898
192.93145954350462,97.56229443151932
190.0858183475766,28.76205275233756
160.68873144483874,93.09466285947653
149.56296496608184,156.98241629686888
47.71574833173949,180.94274717378167
10.0,25.0
180.0,180.0