66.61030766208623,18.030263921200127
194.8689722678333,177.3196728167012
32.49948493556563,138.696871873899
183.28924685723723,190.03997493007628
160.73476953987137,65.55990973233216
153.6074762779097,36.2451979629117
195.30772094519358,51.20537530321932
74.62070047642193,18.23827278310188
157.69452625363962,149.0566824261568
73.76283836626536,42.2006819442563
24.196222268788162,160.05376195541777
11.715718618948527,120.80661589465737
43.612731935209204,175.30867410474772
153.3614157271575,143.5490656104844
165.2380071049047,171.59807645367817
68.11726187358167,17.242984692778656
157.7415293651851,94.40563641908538
58.84078081173994,120.85440661881913
69.30484504267008,150.9088852765755
75.97223797010486,185.2606690121526
136.03522793429298,25.992512888959773
58.460864080027605,142.20104594184255
170.90615731301665,110.71506196124554
57.94604276500511,87.30574719769811
124.64020686851684,68.69953834014795
12.52136081891506,34.34965999701269
51.96587153963947,42.358240353011375
65.7285983985669,81.69611645056897
163.48157644438106,53.533315459808605
130.36510243801015,107.90838012063205
45.17505678255256,29.288283783124015
59.78258608640364,10.983159687693215
184.21333489030772,76.11340040841411
63.779803485639974,170.65005498165374
173.58711652094033,185.981144247744
159.54509746776975,176.81049948607776
63.72431255566238,65.32101585775747
60.45788663571562,158.1436050341705
194.68843880790718,106.26664926028059
190.78066039485708,55.46281300915153
177.5506935612465,23.67094002882265
66.05592113176412,33.545620300217436
183.56034073058086,157.21951734730925
175.9126056535583,78.90779706278394
40.689434992090746,177.52290610552257
176.09870209866824,137.80669334688628
194.90237378838052,149.9091357398021
140.37797712019744,79.09938856008623
13.376052153313081,143.9256867073834
126.96163427542709,28.628723239201673
14.047666384187105,20.89061806943241
54.37296328884618,17.421702590442923
70.48397351567213,86.43519409904201
186.70399605322498,134.46607263180934
27.840294093888268,133.72482402455802
137.69377168297186,22.395072446500105
154.9947534310564,25.298381669570308
43.55797777153444,102.00596585079417
130.33454753444423,148.20615090960862
91.90658567560035,65.33714962794838
135.29367488359736,186.6826949608352
152.56432955477325,42.06570324670023
162.0488962731821,194.80713907237012
161.74894129212288,60.48515352751358
33.787179250840495,128.74578854547357
46.373588485624865,132.8513712903686
23.01224990088648,29.69016104776746
142.81593249597782,93.28963853782314
187.4395132576784,113.01178891456148
65.4349946298492,110.86738325328105
131.60261391810565,98.1458596763434
49.26568496774804,15.519205720802661
54.714854408235674,132.64719405806838
55.612388808040926,41.11840293909821
147.49094329230283,93.3218080340403
16.504289726390194,138.03432410854728
155.23703317885298,80.9925478910578
20.80493402840495,92.11911515606812
13.827935426256106,46.59200883912696
191.05327361592109,89.68646433426277
66.05236016056386,175.91927630796118
66.937759753124,59.86304321606323
7.656171709755031,68.57030705620758
157.05102005214343,192.38330434898054
173.1809233991734,168.12227926780125
155.5688004096606,112.08570922026952
26.185330313870214,179.47767461598724
131.3569265798589,148.92707640789186
184.99981865596476,99.82060468003529
137.62377242972633,5.528589295385967
154.6885863541343,68.23533030801094
19.86584977537915,139.47197974842325
24.297464575995757,95.27789854030047
162.1572867950876,126.46366254377662
154.62399722826274,16.694285942483663
195.06498103647505,166.62427665351362
40.3958533511301,67.17184450580997
36.69108673802283,58.91026223783341
73.92697653599659,131.29790982030616
168.14073378516363,126.74606389945284
19.15454726004702,122.97072641333298
39.138697801892725,177.54000297490958
145.94670079311285,128.73377660996024
171.93058554273202,158.9272121758658
56.70838179325935,183.37034913980935
68.17878850702121,160.51060823030105
49.258466260589344,30.47446453032193
194.2902127092648,120.24141611548444
128.96188916614244,176.883379742997
133.664423934447,138.5036821631364
127.82900834278796,100.71371918318032
8.872637743563093,140.30070354101107
12.303074990157747,73.40353023646584
55.37308261947536,33.78881799012292
134.13521937305862,177.27356508630342
33.507268484403404,113.99413883082758
151.05737090842277,106.73502083024616
44.360610816075905,131.48493736966125
66.09012962136977,77.35369392643555
66.1238545651745,152.69524228627486
158.26669763509116,88.0699096437367
153.13247511167683,90.78368637476314
156.92676427711606,177.60228033520482
177.92202946990002,38.02033695277452
42.82031086614039,96.51718129351526
46.03336951023495,122.36715777956786
60.53513751220646,127.46687233600889
192.96143147660715,154.75455837805168
139.84010471769693,24.244996437223506
163.20899488970156,28.993580728671883
129.6739431373965,116.3361301993665
157.66977302788558,83.55525802472083
42.698768170987556,88.2163466554071
56.45311024484154,90.3237461840089
30.385335894925678,53.05272831366564
19.650725802527987,159.7923994291344
11.266725377369928,109.81676898157804
33.74582609317511,129.42892854120106
23.275230945221633,117.68445692421082
147.0699076851662,21.468822860609606
83.05975532137064,59.43918174507782
48.29622362458215,170.1685585969232
140.6664196763091,168.06013638311563
140.07272737384588,67.87468819603627
173.50292554456433,150.96692675943163
152.0971796295118,47.11527859608696
164.46426397978504,189.162401460545
76.74996609049956,68.12578160192325
145.06838294920715,115.42604335394103
27.705443282161195,190.00716272230335
48.96404664211428,151.19160743270933
188.6631639469925,32.793642921778364
188.2423896325808,82.04800633834053
24.22903030755386,109.56870757229738
134.90469387687338,190.24330494450388
9.35938901032723,121.12239578252617
140.00604193205962,33.51686388655042
173.0889185561254,8.31350728374042
7.484314176444244,43.05678322295487
130.95718688193546,25.88859668488582
127.84196248538919,187.57499949380707
150.71134102052238,49.11847517965715
62.4703546624501,105.25733807672489
32.529742100650715,35.451379426657766
38.420329488852666,132.0244310678104
169.01530457915243,170.90854802123403
29.21997779147172,26.553964910251867
191.0735803712674,25.89174730976512
74.75991126728498,149.1790222417736
191.03300881000257,23.335512146247417
158.2698682120053,100.67335730707136
170.68256910188774,40.538493439288715
34.61467335385974,175.42835220473864
48.73291494940385,176.4584114504431
149.50192961317796,164.28971984644573
149.4418951228602,9.076079129243904
179.011848928359,82.39272259284715
22.241300275808925,100.0740841038137
192.5730819058021,46.9132901135169
30.72333678923294,131.32361089480148
15.98334039073402,27.002301179893777
184.83278792105492,175.32321171788817
157.15157259366825,131.66499780560272
67.55069309936812,188.77161182031634
159.41830937372586,79.72478552138877
190.13237719392978,60.90358373375109
26.134725565081876,61.43960536840666
161.00044859984956,175.43671254678952
192.34801378200095,71.87592888518779
193.98164575263004,12.954589952734333
43.40768579373362,22.140028982116043
35.37821696575593,75.08296750950035
9.707901279860875,87.32684696517214
184.79063474717032,152.6982633972402
149.64892760947495,89.40985562519353
61.4967294982018,173.25999846353955
152.25194751868446,27.64693252050567
162.87363486314226,130.36929677562722
159.38873132072877,185.71654621115042
170.4514702595056,17.53071260594913
162.7108089288403,130.84643881736056
7.072793204621498,67.34821991266516
132.387580040841,145.8574439687927
49.54341438988499,164.67087055073713
181.6316457619833,186.61062556791117
9.32970465332756,37.737097579432714
173.62798633883662,133.8084479875771
55.83244705351282,99.47921325684281
174.59969128164212,79.1449803324419
188.23359083649,109.6600937358143
166.6510555218459,38.173033840617094
38.10452238836341,83.25625246624394
68.50486534482712,13.747417039548118
143.00191484819686,51.066570637970926
145.39311082491002,169.86751778865732
133.01793573793282,69.44208775758514
15.093015912165246,105.38965100348301
44.077736849734094,142.74788001614465
29.477568217516055,104.69343687070193
49.90506656070206,92.01580574833505
169.0030601633961,136.74839381897158
28.64691959415611,56.309095804140924
148.76583132966826,92.54254783283288
141.99991738719544,50.99316548194253
194.58295926330183,111.77314232764138
19.7710587842303,22.3120808441287
19.136204651679083,189.29369767682877
19.26587522852178,151.7253119100595
28.669583313393584,55.825794753958185
49.126046990501635,59.27506351442138
167.84005178796332,147.02254811154185
164.0247618096049,45.055725599650856
66.76102827012926,26.083379080524878
147.776780604219,151.84577937059282
153.52221283255577,105.8634853984962
10.00875941915486,162.40094758526337
44.627955850372956,103.70576194626763
171.13740392637294,86.04108208954885
35.25569323322529,189.4307917098563
48.84483478204416,113.21436413328958
61.27989573528201,102.53043533601145
188.9486167858224,43.374339394173255
22.251122172114755,23.87016548126311
178.778027408623,136.7138154845287
10.029491018946349,150.97334120385872
6.41593017171454,120.26887981342621
26.365832807515112,153.51632290628226
64.49006139054745,88.93503905220346
62.711259475306605,160.9782595904337
133.32939362056982,14.061084734992152
146.50042589959162,32.08303189804127
185.48929184497817,41.5882341433536
169.9873489831424,37.69559991192138
169.38735577390094,179.5677115156108
61.34763220406813,12.031507913265832
167.14744525225257,86.81635115228967
148.9543637384989,191.6549619459301
154.15154409360986,92.38237880759279
131.93849823620684,47.70266834616382
65.624988958357,77.18857439999735
130.45956697253052,74.1822366315954
176.5486966700948,99.23293623122083
64.64362288913391,165.11056472450844
16.86125314358873,30.719535251163226
24.10956772478398,40.837454438749624
7.711161793026455,128.31967333998483
155.59670089353708,31.17682993513975
9.904972751030126,22.643215474727118
157.61289797938005,80.48765081790864
18.36624614929533,82.49896257381012
51.69625948795384,6.2334543578855826
10.395214990388874,59.191637548549416
29.348839020367468,34.27020376628013
33.320460428874235,150.81164907200701
177.36554356931953,59.35765614241648
38.800310151526034,186.59884375364
48.135248605469954,140.61648241683727
48.15768115680175,37.258990229899894
19.824086296757255,174.6259920983107
157.17759095528217,187.84331108097345
30.205365554637897,85.0683053780965
181.9585340540486,173.53664570131357
57.6523569044671,191.0254404900142
59.35620454200402,142.17952903009243
41.30584919133713,146.6381426916028
18.329959075650542,123.73996003397433
25.91493892670785,118.32284336386277
6.050807821106421,140.5163432610779
155.0992990852946,70.05481725026377
18.518158417965672,94.4773031768004
190.34547904588743,181.16494919088578
75.46715638898328,61.05220244899587
154.55624823497143,45.856808111214406
74.86957292052966,116.6111483594051
45.95482427410073,34.43178764375307
131.41794109580675,87.09999015882767
29.64639957474,188.5624346331683
181.11967838515443,5.694265908022309
193.03472600433992,87.78876227978255
196.431170621266,39.94193661709731
126.46186409433699,59.62650729936603
142.96947844774806,29.044117718588858
132.03365832156393,11.569836312036157
12.754182487005714,179.8635231844749
64.93856974688269,149.40342497632548
181.88041493042965,5.519887882637526
189.08284065348744,75.72377096756904
151.04681170948854,47.53672406344503
188.86746482195218,120.1877327451749
31.866549052071907,106.87646873322606
55.71180611949126,116.7371565156913
193.01263600508628,154.1062822378563
57.969979876789694,91.2387194096924
146.43201081296132,45.37290294089336
16.94009693404893,108.62971181787042
12.000892121052749,83.43671197451631
132.03915309860614,113.51748031732083
190.77856804780254,73.85430697248879
167.61523443980425,137.26152570366955
146.63942958688827,53.895598964006034
127.48177223085212,7.2773508454383276
151.34183128139188,20.19409144532613
148.00114105378782,38.593096885308405
174.35903321486566,59.07397186515632
63.7630766981332,101.86280860052814
18.56738894211449,186.19232316541314
130.7772981789901,146.7250418852302
174.07076617189813,152.77686469285302
61.89553607769499,161.7552253264108
188.74053098473564,49.484636212233816
194.16208572921607,116.289611957772
63.3717885881415,63.021344759562666
145.78645060807804,123.7903341940115
130.78109298693332,160.76792588571797
173.25071890426597,151.17755986736177
147.11988213442868,111.33730032635245
176.34848519426436,111.09735189378213
162.66122517539313,180.7723061886942
63.361119285479425,169.429796631338
158.36518271770387,17.20815394583363
90.08987060295023,65.81479362953355
82.33627936616743,64.83053019701866
89.7440302437311,59.060236903607546
188.00322058222255,21.690221976753286
15.879904746914963,134.7924482943116
132.04226364618316,169.776274050405
57.985721948743,132.76278320997645
175.65480354544053,108.47927711890831
192.81277424731488,30.93275416367923
19.093526413417568,145.4797039234375
151.09142849021043,77.26308900552316
89.00223737059603,60.02888308562373
41.05496845591628,125.11974484905396
55.9939715029215,87.6095042141081
71.83128533729936,194.04866120128656
9.558100632842745,182.44825020895559
49.00869092524397,79.38953608724532
161.45025371938175,173.46277225122012
194.77759424147752,64.57553565349222
165.441329633469,129.85916357502398
151.16739502090743,78.01056476087093
21.20824127485074,136.41595894390517
189.026097889186,193.16899929527688
189.556764784996,175.58092302225407
57.66743337338965,36.09944110092736
137.84695951868338,88.87872512841278
21.895420776001814,40.24399965942613
193.96261238223215,175.25200435590753
9.6183812293343,24.157590769322585
152.51162954423543,52.71741822981069
154.16402546341308,79.20925994368831
192.1337709469087,128.77055205997166
176.45900627381084,103.80345657795567
145.41796519242013,10.049852918535015
46.62999807354379,182.47043106085135
172.36302458112294,124.70318348259764
187.01007041080595,111.54731049320104
13.837704355136994,177.24604900870625
147.1914411097116,193.83082417626665
157.1968921642414,104.6951765927333
185.0716757735903,75.80076882882823
178.34372340482355,48.129056735721804
22.72806353419035,80.61973917806351
142.50938117472282,187.74977075521372
50.50089772100199,116.48799983230442
67.66314935658797,165.8999761611364
166.5274362790576,166.10415501787196
30.90371129310675,46.824798989844375
9.901034188641287,151.12058484263622
167.71765792350436,180.272737109962
141.4394524913433,133.12271951025434
28.544561891615032,88.57536377237214
138.9863288278998,160.17159031237787
40.21492660134444,93.90585988755721
130.01442029036733,136.36206437126918
135.693950449458,102.48544823492287
62.49304806939215,103.64681728491291
20.996335009085392,71.61860622295312
126.37765186697911,34.30917811416824
185.28940155517873,43.21473097206652
129.32110293693694,61.30911847201469
71.32599795021342,186.08967266057996
54.17776380844764,150.28401438139363
134.28513026778046,48.09028568468016
127.16941896923927,164.32748151270434
39.23212296646096,142.74000411843846
44.464874907975286,22.72994537246183
25.611328320389166,190.6614664733742
57.78694745570216,175.49442795480397
43.66480857182573,41.253194138794115
5.009545640080713,51.76739528763771
26.67516304119409,184.40513098758584
73.00510297440051,36.856101213243186
25.871227430254873,81.24542771344088
148.771601941801,144.6210428857528
140.57493353670733,76.39869481855877
173.95242525358486,93.52627175174176
177.63646514205223,126.59773080478757
145.0250631354322,31.063981879494314
27.9661973330495,166.03143661765998
193.43901268016867,111.52294441450452
162.63243340973142,95.8102850676733
52.88601169806562,29.361312563782842
22.881160475419755,8.458599705267641
32.753888129942155,171.54322136674196
130.9920228188525,175.36921958480704
178.22464834468968,25.908250850403025
153.66551621629745,69.0686250853687
34.84708523190777,185.35656940017859
62.41490757997788,24.20273222186419
189.6446825857381,172.16103266657862
128.72272124681507,89.48937747607783
55.17551134484178,153.11845054668697
40.619904383667794,67.29623033674864
140.71683586644693,100.59864224995381
130.61693151518836,185.78568148349976
46.705725966639555,186.31312519532867
15.603809061066046,40.551680815130126
40.083495300341575,174.13216780578088
161.31057089853027,64.90061951026402
166.89309035159988,117.46058951731244
10.926633511534554,112.27045762773113
160.63503619546776,5.630986732265159
43.616537085258365,21.127728575858782
46.2480576551519,46.76944722125046
175.53266087009834,163.55830970127408
70.8222918012179,170.34443023890756
27.62888885310507,110.31425717413643
131.1222683016965,22.361598691001387
166.6531699748151,37.42187891698419
32.37613519130222,81.63069621962127
187.2618845067409,160.1337955554931
17.88124454413241,147.3344383083031
161.47031491793282,78.86103980681983
9.522176456297341,53.449605338801625
7.320140455410586,11.3103689813756
130.06634936599195,139.43497381616123
64.38298335721834,33.20735780883333
132.02498158737842,70.08054969633905
139.34114934853784,121.59878280157572
133.35666823673893,147.26038265014617
65.59024909867546,189.4550445935415
12.528880059500263,168.07926527231095
15.000089937988644,139.85980082617584
49.64444457601201,46.91363094794759
5.367936815933773,132.23693499940853
148.02203386468923,150.71735681650614
126.33103288186383,64.02936992011456
43.91399619921839,95.17670018305488
195.00661610373507,119.64648451393074
22.818586750480435,117.93086590677298
99.42357277809924,62.83500807454847
65.13840692162033,45.00867707331771
27.870313600206046,187.28541495429488
195.3910752698749,12.80071840490087
165.72481211951833,22.821035826679445
159.00418125721802,196.46466201571081
72.47021502529256,180.31013491400515
39.78116845729809,71.95489069754004
170.53588622802175,181.07231781533608
195.6193159018907,30.26086716960014
58.16904667178643,5.820389946680564
144.26091960144862,65.86747919038211
131.08788326840974,162.9154713774478
37.74214326800077,94.53252589017993
11.933207533687638,31.2293373883751
171.18966618594445,57.06399395480046
158.49147870482918,146.14882865973686
122.13865321127626,66.58986558731056
141.20375114141925,158.10015385426905
18.8319906168421,63.90679242147525
39.25292300416661,123.07358395850083
167.62916789579137,119.1514690313297
29.5826110867756,128.20076331983304
151.0625566402945,77.63780558568389
56.97442544900095,139.8861574167995
39.59004973764792,108.88208629835378
68.0367521473868,186.54319548588708
169.01968968320233,16.327751227820738
139.22410627745626,17.050282061353183
190.26390496906302,184.18884718831512
132.83743326077297,148.42579308508851
17.199311485347035,92.28975060656508
189.8748807098326,159.08987229982304
52.3109643996656,195.84753118712203
135.38868656553967,69.95943617144906
6.1976753381085485,36.60149819827801
183.27268016244508,90.89009332168747
168.23004482754365,48.282760391261604
164.9148178700131,69.80812005882838
44.8747326992457,62.18771356357404
30.36914315527242,131.57069161240787
158.05969426169378,116.30064780423407
64.23924952963684,16.499078858233222
52.075492085939175,137.05708153410956
194.04211937705725,42.492038509336645
154.3099169989286,93.41527554359138
140.04305633479257,196.2939152589658
179.53112342477218,85.23916088810765
126.12216370062735,81.35409410466225
10.924161415238288,60.359391233060265
135.45815665799606,133.89171441569567
139.55015113407768,57.273206121872775
69.36643039442048,158.659626063027
5.122599201541422,111.12126318356296
157.01901332635316,90.81696761085492
49.12106258783395,168.71181360084287
153.2045518639034,79.76531016508214
16.497275097135855,93.2118962438457
53.78650736737398,24.874139453408887
52.40835599628231,33.01808816191926
56.47875206035018,42.53658950151725
61.845921481140074,66.64983979854073
59.77688831698151,120.69869199687541
146.77382319445272,12.560744706095935
17.19434039967465,37.43387946203896
136.25323824383142,5.567923320716984
42.93010710526551,39.02601680962719
27.16910187150801,106.48412063082807
21.361460913124667,80.76703951718136
154.55255143422843,13.511204481752495
169.0701207253795,63.21643019600224
194.82317483328293,168.23685505166412
66.99557529355967,9.696463784694554
166.491301136375,20.210381219133748
40.77665949468202,149.13797723390414
154.93510815437546,112.51937433681368
196.05768471659894,158.59591440024604
164.6504267747248,101.50229817263362
152.1127968157691,37.95512718293063
71.81047360941324,5.534274541762116
67.88873721651713,86.38598494780848
172.64790708132608,152.3375430822214
23.36243745007757,126.96405330924198
161.09247542508825,33.2764599326227
38.67559160719087,31.42711554971212
6.627010938076433,69.15269535761186
160.93552617582097,84.61154830164784
128.9645992041625,71.22584856108152
11.881878460038656,146.3502325356968
129.7701917818533,8.36106736568559
20.793999615894023,102.20248335436744
16.63329135046581,89.38474459020486
63.798001888430306,178.16235178098123
177.9303495624537,151.3795364647436
8.466609778447296,174.33339586524394
157.5898201156216,102.58048757928192
14.332856262816039,151.2237650550733
185.05167811133197,145.80334750156456
50.677059933894654,67.45118129085944
168.0317022049731,9.63673384062636
39.37445122932373,75.9633722198353
44.30626381950492,119.09363491579678
187.77753068807084,10.65853907547162
169.2758826047148,144.09661306887764
28.05452808329928,107.23269697781045
184.24383347763148,7.924338107462923
141.7002436728445,132.4978278587605
190.75207472400058,58.45123957957201
196.3796504637121,23.463291469767334
9.677533555735817,93.53505283676097
33.9783541430763,77.01463777429944
127.64721050156572,171.67989189164325
169.34169724168,158.69573892582937
28.928505328704418,95.2054729707415
61.654138030616174,186.76047369652522
179.08286864830998,121.00335646907286
26.420989101553406,184.10201707800806
182.0323345073097,44.369052424362955
151.71169547983652,87.44452213336935
74.33876605910791,42.89395203008693
53.24324709365709,106.29054963388305
11.906722756288989,128.6579498893374
65.85927741421625,67.92023370155793
20.72320075807614,139.65895615004484
190.06307409724835,116.60156401833127
178.23148010830653,177.79944054821726
180.43857176965363,190.68209921263684
131.9087531060963,26.977034815835523
193.13486640274957,76.9292706207861
6.132439489458418,85.93340346834623
141.81199679673452,137.06475845559564
142.64951163099528,62.3850428844863
127.53039746692609,55.6968649670048
36.49742532770185,12.557467629798413
28.287492600344823,190.47777183990712
145.61567389758227,141.31630195009424
143.29048790368387,20.728684685780586
73.75853493527956,12.86754044067497
36.1636880009608,56.33980842926212
74.6845006496036,188.1324030067596
26.65367144754153,153.0745311333425
21.51820850626156,58.61374671769081
141.94992137106502,57.27829806483843
169.8465380649489,153.71763982770526
71.45316199290676,31.66272072249582
32.30482921844738,187.61506276878507
160.04494486697834,30.935606516642885
176.87574093222173,40.33350142732834
7.72463049132744,142.29724985150136
72.49147207441153,102.20843852206089
151.61262796100868,23.766995698940534
149.73782660817616,179.15480647041605
126.80344484106664,178.11697637826697
31.309700421333734,67.37626542749321
68.03725293974705,115.74912232083652
152.017112310435,58.51289175402588
152.53872372804682,101.3551228323103
141.72312262577304,36.31795996533634
180.0145295459818,149.84783285661013
7.937637632229993,123.0077118439776
156.7224033145385,5.136812850830004
146.36600400833984,114.08156517102063
66.4213399777335,39.031640885996964
46.75720858985574,11.349117318522383
52.69116954164552,170.98686605447236
9.880204075412511,134.48509811698932
139.62909099485682,192.43648430574393
138.52628359070107,36.320418733560025
143.8206945035927,157.7180570331072
132.51094507523933,60.01168994452631
174.83173552554078,17.994395964148534
44.910891713481725,64.22007191711523
183.8058151973184,80.05336255387685
54.7750871369174,108.50391056030696
165.9410526611723,71.69263790847435
11.19195277439121,12.68629586484787
167.71406774753058,33.7197156749717
148.2189289879068,173.7223982934004
148.69219961686838,57.03020958407052
9.054918764831156,30.438055268392194
61.81467636476416,190.62432518237938
72.31473359984933,122.66365974757768
166.99931565685696,25.198721401115467
39.20692039882401,155.37904814096467
64.5392833182999,85.7072576916863
167.7887380537526,180.34526518892125
137.03353675971076,13.531844774231436
40.39463073167977,125.36714437311612
39.68202189159621,40.5501991508757
180.93525397498644,190.18387071366934
129.56943695991092,39.040403390669276
149.71832718004305,185.66103513523257
36.66251154445256,7.392658858242736
157.40877446025976,78.84732635067786
155.512422095469,96.45395742978319
24.693820139278277,162.66212913546218
69.50161318794747,127.53118632106913
57.16667326606217,192.4036991303302
165.620456802289,72.84180644147114
70.17513457237506,89.13742208865054
176.90693637329628,106.08111479514282
70.12564683229226,144.93113213460668
132.23917093778064,51.952099873912
57.20649749395855,15.074614765105716
11.718940042652234,187.56511832822582
29.170966014544902,157.63932571333726
31.69349275945866,80.79868205580608
69.7539506720592,134.44972788606097
62.77825995476675,36.14622972973663
33.325416225964545,22.751934602072993
32.20820308060214,187.1048952476666
18.164684184765864,154.84186204157965
156.43061406453796,185.1512012714054
57.74105087066779,78.39818309984963
40.94256778668457,159.5123545442541
73.8309924289876,51.78061136777592
68.80671557864659,154.9215253163358
39.41341409120262,159.8150790103072
49.581151141554734,183.7155482540916
180.56844226869086,17.62715155347865
144.4157804299724,93.91363522227496
144.82773629537078,12.297517644928972
153.12731223288296,44.00411260911087
137.97211672818347,142.4466864590688
150.90793843438863,68.99181218269956
6.836701270543705,110.63483897511
137.17961361229553,110.06828921382528
47.47691591815912,80.44568764244278
157.02052724392232,73.53622406986796
140.49430712546916,175.1654403001362
161.6348033783123,114.37048751820952
190.97588898904652,10.884343467265237
142.31544489251175,179.23509223830067
50.92658166924907,74.01816912369485
62.20807151880954,71.41142568045295
67.9366779676652,66.45395907612374
17.020766183049872,9.50274539036334
43.4258410792138,155.749325416794
148.00368107471235,128.3320522807032
147.06623757035803,187.29766538746807
20.964799510645417,34.1135509409071
25.72397075970469,37.4557468342894
43.08475348869773,165.57252651353502
133.7239237921495,66.59629680608448
59.900797302220006,71.90078329621379
41.74287641162213,34.940031125730016
27.596516669061156,151.22379059020213
8.78597241434597,89.0126633509826
30.601488185959063,49.1975134049304
8.924140878878285,20.520175952352567
46.66142133616926,18.78560166928618
34.95328469028132,20.50223716523214
138.74258469793006,23.720224094217027
12.155662412218962,126.42659656670193
153.56102576537646,98.90718290737864
41.57505632273006,165.31898682865588
28.376727864451148,45.0386784100081
60.683732470318404,60.724183421974445
129.7894574580547,5.850433268660324
128.17218865183852,7.776659849883922
56.26526930764992,28.603300491975368
180.16656049528314,109.69368312789463
151.42025570817725,33.296010972403685
29.96321495849044,10.24634516915615
126.69235046634708,55.65890800542796
143.88119928835715,114.74180066788217
154.12140726228827,109.95971523272246
71.34557388862285,162.8177606173187
131.52293109620678,157.6687657389687
184.3732471089569,88.5768065466386
49.59873282007128,36.260653777061
178.90678264683697,62.72606851969179
127.11403146029191,101.9288670756944
173.06851038722698,89.76658216088958
173.504061580777,159.45952160374694
11.428780704834992,139.25410996063013
140.48414347066506,115.78180058196594
64.1068235850997,185.86351415401037
131.6980942999951,36.96679356151693
179.49279778010862,71.36224453081412
156.63177933109768,12.104509709677949
147.59703097634087,186.30805888167694
189.32720031034006,71.98594721801608
93.44285130585884,66.80280904544732
147.31919763781661,196.53751917994748
172.17576235547958,97.19970250617506
40.621442210569086,144.82458568151625
23.030349637265292,110.73878132964518
55.84587264811838,7.45376706606207
25.873576612352963,143.06522856653743
36.89218612021416,181.51555277541723
9.438704586970774,167.18519259478498
55.76687573299513,115.94950448890968
190.4234239249068,162.54457829885172
170.66624576441993,106.01444965428009
8.793716456101343,119.66617309133464
43.72427193935621,152.50013293039777
52.202403117558596,194.80519888557959
153.51649319048778,68.78674974812785
196.99337690258326,66.95422273200775
126.22697028575553,181.52415108681427
5.151159112296772,107.80776601572808
167.92781073737143,172.35151364102578
63.28940325818065,35.62677498812463
32.86838225074043,156.42612006935238
173.33272088750283,125.11242645337913
45.81098960403519,190.0371586581054
195.95623083551803,13.536132635871937
194.1907585383928,135.30320198200567
21.448252679430038,120.34940787256083
75.09848007708358,106.37926707183813
64.62903866413704,50.539883112500014
36.54420294574177,64.958032917586
148.15301189723692,87.90244084714998
130.8997255526812,79.3474559729679
193.4458853334477,51.86580840554938
5.469714223984089,110.83391034361681
61.25887532544154,51.79971418891141
68.33182233339247,47.29817425380413
187.97095495905148,72.18359519791802
130.82458236109463,98.51956880488079
46.12897861817561,33.70974075768537
138.5690824793335,79.01209837145652
166.62257662787542,31.300348256454054
77.68339518384253,63.47703787051261
60.79708424647158,59.33161358021361
68.40906033697699,68.26551902713346
24.51257315965192,168.17089056054724
51.415544702716716,112.33303008507173
162.39187426457522,129.25960446091997
175.84832530152013,83.90243519938332
156.0485938529425,91.68618992839035
136.12127680053047,166.67863712614636
152.5643930862234,5.671741179290875
49.855712237786605,56.228299091310554
15.492019034331605,46.32531930770134
24.81064573113798,59.837164734048514
54.669951169774805,51.197678759729264
186.1252206926883,162.739170919744
55.08577863223086,55.62197471119771
55.06538975050638,42.44169185881172
194.0297556005045,22.8788830106466
185.13685237816279,140.47509937336062
162.22872675327397,60.30416347539697
164.78800583012472,104.153566422149
49.15365102242643,184.10582530752865
189.46449897180452,115.57113135073641
28.33242074910397,29.42763026228062
143.10212131886425,19.597321310126862
7.978608234948958,33.97655685581578
60.536795705193036,182.79353715527878
75.8002617847579,27.78379772214585
70.08372164249693,161.89489882217586
61.325706056918975,163.84073176825896
159.0711649600306,30.9004077374722
180.97695884698027,100.97562196077463
165.49043441177622,139.93189537806273
68.5073553156314,113.20751580616125
141.71794580004936,27.76622749738708
166.35538824131956,182.86880766334937
144.52743089161808,165.14215572946577
41.401962412085815,51.78629119030771
190.47431537607628,166.2189225682327
22.367400412509483,132.09555611230977
142.9729286757458,72.09199931167959
53.24047370438016,90.45468510321056
39.81919234826471,77.3231382517983
65.59842548350463,83.4498545058769
139.2711139717632,12.258721381999282
75.43373294891202,14.784334842923776
140.81099864369128,123.08868790570561
154.09831110743588,50.73558249380713
74.6687220897986,85.32910912986635
169.63000866794349,165.27346325326457
101.63175702292841,59.34204731186965
187.6667032299733,82.65696006279158
11.624730441097071,62.77280228445583
164.42175543970833,44.97258706405251
138.61950297484168,10.691147520336155
50.78226721514238,52.72137243495099
50.38349868833342,188.5664542828992
191.07417707476498,106.3187150844469
32.742666769325844,78.05282697731714
129.77664484840744,153.57838667450156
39.30087794828029,121.84593818796077
170.02509740132948,120.00359589311405
178.59005155316254,175.79189179180435
127.77230993909362,24.250175272937874
55.640498654367306,50.59163342266417
151.40556660807607,56.98588885212269
42.66088629516321,35.44854597137554
128.34685671829683,165.84488228426312
196.72611029775953,61.41209389782521
23.04900185807971,20.983080969300186
20.620964122910543,14.15628997557858
31.82681136945358,142.31257293107004
125.2561002341505,60.11661408691275
185.8310555919163,194.81542198329296
160.34555354340674,63.42985750471427
58.570369917140965,160.77071579524346
25.40393515601433,83.35293212160086
45.75811731205931,182.40095477409565
195.1231711196154,81.26624330991197
57.42355012073577,169.33875337104325
169.6068264917804,48.52483510638314
74.68880595917996,37.18248866831028
34.78143317904012,84.06794431955332
141.64516337275901,182.29531658807855
14.48417624062075,144.2585452894198
44.7069388541634,59.985049426220016
145.76513869657774,95.06031630210141
133.67038765807817,5.914123489376927
68.22256209562177,152.81066814582746
149.4536117803679,124.29248177848629
84.62298051953756,68.75123569084899
30.692323248151446,126.91399647822799
155.74182190922016,172.60503588846413
48.95324908258241,63.09354654560249
133.8428001036382,63.14764153748575
53.57622245894145,90.85754448131215
136.6546802085419,36.3802113699027
95.99766764256091,64.38681161612496
21.515687823708873,120.6479933615859
134.0349481592218,11.15411514356387
131.83953550213408,77.62705170121026
149.0792018318472,127.85752719029783
170.03345592946673,49.16622072040751
133.91861848865761,6.343945889570579
43.94929312485704,16.784430659517312
160.4239264112867,119.9036266797408
131.80064299556435,47.04053114658315
70.40039693342965,28.514003599902622
196.82623578591154,41.27222919824087
136.7609637481647,80.83339680607394
136.92162712602885,124.35172688587218
142.7594418919384,33.85142154321229
170.71318873834082,126.83534646637767
148.9691543744951,19.920572799350218
47.52887254933386,176.4353789294552
22.480938740370167,59.25949953439655
49.06878186287713,131.9326479105712
71.39710433671726,89.67651175770828
7.550919382766725,24.737638491473295
174.82239835446157,30.77359711256272
65.92229814866802,158.6146741657209
11.15098976986921,94.85595269738472
72.11211342188449,118.39802865540457
12.403855890348556,156.78569274062886
42.922030129728654,176.71766721200288
65.33125183943721,116.91571089716207
64.5934535652297,82.38162553374274
52.59486620381442,81.68524724571876
27.292762906775877,8.685747667451913
143.8521660314925,33.31024382083234
33.588353488734775,105.91642068840285
71.7788227771994,104.97666875305343
60.39698560085141,164.59701916809135
49.03276413566611,165.3121849303772
148.98341576598355,125.77664621159688
72.57698952298078,68.6417804564008
177.49166162513495,14.547043655437493
150.89238579993113,63.20833050362401
152.50358554700136,141.11591625451678
183.2438820642968,46.29185659721864
164.12331214110458,35.81571583747638
193.87914880366637,123.31747527541377
148.4046675565006,74.82154352647565
183.46519909923842,161.3883189754665
144.40662507429724,6.160348313466356
39.654773250351404,116.32671772938436
58.41321113173388,116.25634652403464
55.13738242090846,74.78236724139444
149.00928829214195,98.4813739187373
10.997518313478203,21.855876862245065
194.2276014842836,37.09599862502948
5.877697562174428,30.343096660944717
69.42029650895435,69.28985488652411
135.42172943396628,7.818340544210708
137.45750034094323,6.518152794042944
30.89157159909932,84.8649588501572
54.45482641971497,102.67238322692033
68.25562705105973,176.53162422853907
38.916101271158226,159.76453121145892
187.71926163473356,119.56034423147682
30.041664017238265,135.36072937987524
44.09741861558911,106.83380605150542
180.15578624833003,35.864046521150456
17.78038433738503,76.7220829308652
75.38296246224249,116.59795931807328
46.96723377506885,166.17880507408782
56.68428923539278,51.27813329619675
37.88972417345879,163.09707056672707
66.35793871686464,82.29810175328126
155.02922717193528,66.17725794097235
22.415124040379048,93.09441673224879
151.32986982726254,127.61003474436033
142.13647487709102,154.3320160843877
40.13638627316604,160.82073746263686
148.20483229212059,64.92952494194552
27.171347952197994,123.77160799442153
73.64968522630765,164.59779513577425
148.20004940687605,53.7320275654302
33.04623835993668,120.031535344802
132.51111170571966,148.55279351249754
91.67715702944476,65.55150727717928
9.823835287818005,161.37342656859454
182.25049858323504,159.98618233992866
24.89809869330064,137.34401863425848
31.218025206989132,91.3222758720665
147.0594434765169,195.3097348707575
21.638983270302514,30.552778773482533
178.96676136002773,86.06086971711707
17.609011056437076,182.65751501431006
138.28544527671897,71.0542273846717
72.97638562188497,12.98942355386014
11.386321117565315,54.76591816521378
191.23216570614437,28.847587534170433
59.755834594074344,167.38266100255908
133.7056510696587,24.96585873384527
21.102159916398666,7.781461101226338
169.06529773117322,105.03945300962891
5.874883446142334,122.65890252295829
6.57653767542222,162.93590528934155
147.07488205670424,134.82392024836335
164.73722731921035,64.04517080545541
127.22728298660493,174.3657747056602
61.47313335077622,27.848255006287953
152.98791173720582,34.80331098645025
149.97587244244866,111.83388433255304
30.737258156594756,42.94130775741694
15.321518299172428,106.25451075372675
149.11709232442303,193.84025504307388
18.0029430032837,70.12269948327288
171.6882048257933,183.12295132444586
60.7194467274228,141.55729861125556
132.33654950062183,189.78462435889176
75.73779030607213,177.099115250892
183.03288601706387,157.02732787926726
192.53303836132852,127.07869606738124
183.02924669843085,172.69114010254185
26.129354778538413,154.50671866048492
28.079988456033202,149.27963883866852
127.01516639445353,95.34203453120068
151.50054966570028,128.08851684857552
40.63626031533055,31.37628586541454
9.70062915785671,93.787681211499
183.59482543283497,134.66342538768717
183.0014769471906,92.12483566952982
42.93487327185842,10.611316322996206
56.29543233585605,107.42554538502118
50.33839795013739,164.0896737203021
170.69769622065982,52.788854953270814
146.1014455929378,182.09629037113893
28.6725544999588,150.3133984678071
57.91004912833795,123.20047245892559
44.48088908576945,40.73596509055632
23.0899565293742,163.03176819940683
185.70677307553277,116.61118892999602
154.13561282521084,168.67211085118686
143.91498461770496,100.702223983198
39.50746720780261,154.50281908402258
188.41128519448,145.75066542933206
44.616689677131184,154.77080710207022
45.55917938260743,68.00933906819785
51.56050414066739,24.619240866683807
92.34341079347772,59.28831817148022
179.25314421715746,86.44125464872208
161.9397586024855,190.5698527344306
180.99047215189285,58.80366660206432
151.0956731035057,163.40203123708116
162.0550660179783,112.41913207903644
71.32732662309705,81.09576923404745
58.20106143127421,136.19987571623972
181.4121726717396,15.532864105384204
189.89015920345273,56.58383222689032
147.87077157073955,114.77550908061812
69.68201303251071,51.79034973791619
32.889551577722564,119.92304381516564
173.1687406859614,116.01087955501814
145.0655932098192,84.00758326979178
149.72016408914686,36.14579836647422
184.07025483516028,91.24962623232578
47.183603314061116,92.13717208735444
66.57587891303727,180.403754870043
117.7275575402454,66.11993045964316
55.70219837069873,14.316773630252763
152.31134007829536,168.52610433009744
128.45868278229727,66.29912277794665
74.58774811616627,151.82734303170503
74.22300498684692,159.73372023687065
186.4828184493335,164.56904866691713
67.15134283856324,62.79100053011811
67.43654119560044,187.42361239841193
45.3240664581789,112.6135512403087
47.42285592932301,162.17703071998787
161.51011310157446,143.16842284275086
31.666948464981612,112.78601153005043
69.91485744724876,62.63943900723758
34.58774953444337,146.05745541259407
133.3751876822013,21.49305507459333
166.26087579384236,67.41700248108721
47.17473658832855,77.92455314637301
13.56362381382083,149.94454068051732
173.61968079818107,122.83049084624912
20.751878017578004,158.92763526818322
23.425871652852457,185.51628825830264
12.75737982428614,142.63733736620583
134.76025390783244,186.98562091654316
12.983173881038137,30.53748412245389
174.46892774713305,36.25056596129636
9.54220748769362,33.74206092567443
179.2941312422944,150.91887983891334
50.50396379620653,66.457401054177
157.91003758138265,48.88014225270052
67.84347592880565,61.833395878272384
180.36710313664835,155.57023508175016
129.23156227520838,142.50642443675096
70.82083138327698,99.20218615322663
26.787227630084544,189.83103520561542
160.02697990888333,134.77980015939877
18.668507491300907,185.26019773416192
55.18437830335645,83.91327904545975
155.5860996800604,135.75714130042925
21.707620454186753,112.51243520372877
152.13440519421354,81.73482168113199
11.817815394766722,25.13684407215375
177.82037812707907,10.208843579673827
42.66436626384302,132.9810825980454
43.75463942707825,170.90798238113166
132.91221376660695,40.145712800006784
11.748025182510363,180.79475465951424
126.04370607920293,82.45846865680113
8.10388086440344,148.90376194750104
23.851148737555476,116.57990658032939
43.70060434905227,90.80961560579632
44.37375041890298,22.21147957489879
152.88505016491152,162.6511127279409
179.13066009342415,128.7614339576441
139.84525827878045,120.30673009596214
38.214569965094086,81.62795852359814
132.60577608142955,60.18924156528952
153.9509894534773,186.9432013841945
9.694941911393494,128.4890736917765
187.51154772025956,33.0740763370457
145.06301992670055,78.13744342777454
155.73396003836038,10.333843683229997
193.42397473480855,9.937649597512939
146.5170044757801,170.32892343180927
146.58694180394733,118.06620237057882
176.80212889639324,152.10301679455762
73.70193608421407,180.98733266165337
55.00183584927531,69.72771505373079
182.7838927851302,98.78240893002659
188.05323267534308,180.90446082627187
36.98870859798263,100.50165172899413
188.99185907641316,79.69118945290435
172.36072561458388,168.2243145295212
34.93894095058949,111.58509325384072
142.81579762745056,90.1817858114802
23.771705836076404,162.2841662398418
156.83046224779613,20.119511176330246
170.82151074336593,15.321270271221657
51.44845969381619,155.38134084682977
40.78464582465199,99.27200703457417
50.08363537355325,34.13117448235914
67.084687713175,174.55358966518585
13.149996304994477,24.17650364691525
40.455104864132906,167.6251933730233
163.0620635576629,57.361461170230875
180.9046252667866,122.81933808560163
167.19896644748565,109.55540288363123
147.4277613846691,5.290818302552931
39.60213293426161,96.67506320500436
153.21140385967024,61.6060323263388
48.07179418674842,53.13764409962733
27.38856594535732,34.11376783393984
135.00153058817534,66.89352338833629
25.78625752090917,36.35925167298994
124.58174601259213,61.6325716457671
55.747666655589455,81.90425997374672
67.17467332874637,92.95672753763928
21.41645070704165,145.81119379906866
164.7521792149801,171.62328116182005
183.8051927693089,40.48437663377712
189.43925736947108,58.12349976085323
136.82972743706523,18.500283709038403
47.58576939824548,49.30388605478388
37.67377036319943,87.77082755000649
142.5452572709165,27.46518318350416
34.51299860995513,171.26829446063607
13.104403232067039,9.625224027323828
35.51269529719034,131.2878448436507
183.49069790005623,33.06878338578079
152.5660380804114,157.63269535550407
157.36241404158295,38.40871021700294
21.48298508917593,133.78173499863357
52.377251076444,97.51291014338017
166.65155030312255,157.81452488575258
167.6604271579679,50.00317839771396
57.46995812574442,22.741238912324
180.71064295333733,97.74863588743759
130.56532692596642,187.28563022472048
41.51764341818233,119.39581500209412
165.5079527321761,116.90997614790363
58.63426149207286,49.21302146335395
143.74470782665432,26.47811489895151
182.47933420217856,193.52441555137142
126.33425343795224,93.4748704657467
56.736653641832916,155.2530286950482
154.29913459022313,129.26064957621278
48.41721112605247,34.29101628572445
171.3244003045767,12.27610227058031
185.0457359532503,54.40726217117848
167.22794218987582,188.20205438666017
139.44487665575483,193.07997572960912
47.2947549323903,182.56640299169382
167.40143098448576,7.319545756122517
40.488259022413175,122.04283863369814
171.55888436373715,47.99690598141905
38.78816980564247,182.61764719356628
33.85558651700605,107.5021508148352
34.980538891010205,41.94038058565239
25.930162497994093,43.939098770843515
137.50907173776488,148.69940353700704
172.4389612522118,164.48441518475025
139.7846582796464,44.69861227910191
51.72007502832984,121.63725972505998
40.653350771642145,50.823359104416205
6.939878076780445,150.23395349356173
74.27289879911356,55.428806576590084
144.36223972394424,118.49702605022833
67.422598503447,110.06245678670072
17.473206999531754,143.98691064921022
104.93764916899877,67.12979890906716
136.17198571644215,57.4222468978658
49.18439499437885,6.539360953701401
16.281213990133203,165.08140387158866
21.365065993023972,90.25833736644893
38.29124686389529,142.15615176449458
74.13854123847882,117.00370658550605
60.54114051613209,173.27713724785892
166.33775634659696,60.38817457063499
159.79005150807816,74.48533232293
69.91535273234054,36.93386035290383
72.70553001195843,178.71790153421506
18.62763015680873,29.15716417337012
9.35328690594781,131.18842896111732
169.11503934423268,40.759779147249596
17.000067195045695,144.60821087647906
20.845216178810272,47.17415400719282
71.07681578950252,103.10174444331403
134.8462234832363,12.4299120772212
58.56144923774506,103.6299599411853
192.55867891383778,161.12734971285178
134.25827047251698,98.59381958110887
58.93458515345188,95.12992424447826
185.24297034731688,49.370150504671514
184.7221120956151,27.784654711911788
169.7683206302869,100.02006337135177
178.20089613596704,95.1126869614481
141.59461762609402,74.3556392064057
164.39423336372795,18.684984311181804
130.70760434249488,189.95401978435777
171.6733728260338,148.42379282626973
16.62602673476179,163.805339536243
45.16884522693674,102.12253859584314
168.98956220545253,112.70133746438958
39.15764489425139,174.73952600015403
58.85174111397855,37.46802780303678
69.2178327352602,141.18981197445203
184.53804596651875,118.04084114751537
184.7285758343968,26.02998277028339
38.85702078929745,97.21184602601751
38.41643045657549,104.72106695649168
56.9133476881194,115.80564689473218
187.70786209129147,19.59845801997809
180.7527277187114,53.681741902860146
119.86385393915197,59.8270582099996
196.16930982123415,44.88190868966848
8.43914572782117,99.62106905884681
154.9117621821521,146.9477103289959
165.85488997156904,156.78925815739095
184.60925766379864,112.99805913907572
34.720698114260124,50.25666627182058
186.6804675983031,35.657286664545055
180.67279451582223,91.62259675437458
129.3639744951907,158.26345325606113
68.22555095674379,180.63012471152817
27.990024233441382,99.22640565767989
139.31252489944072,141.08259985786185
162.557274043546,42.37429924564547
146.990655566423,45.967149041201004
45.474098000603846,111.40868291794675
30.80116505840929,95.43046498139593
190.6435113937801,13.41292371595619
153.77666487952618,113.75728280202925
46.8731465195547,73.87986728336841
7.524031317643891,128.86697507956265
144.6758864653046,43.865884685136436
23.853077253410735,39.40021855891093
13.689128155690316,113.46464051135227
170.93338680623216,84.68554776584082
67.4710243584378,90.1381070268579
32.94601912743447,45.537617293647784
30.769051154083755,191.09072955857087
182.9864883072038,151.1688667107235
71.01083295502559,57.24133209132506
173.64601961711517,64.02186939250649
52.18450365569633,164.77225913351768
48.24801496036501,54.82618113735181
180.12438867961419,17.312655909965464
67.27931407368169,180.15257366177048
12.633559409784006,30.29918502909851
137.95183517949098,61.97615218324811
51.78349157570281,140.3271940210382
185.2270761057882,187.24348505518313
169.768021653939,100.54948961026274
154.7145396773226,27.404950622208574
16.879965731039025,137.1591295810503
12.60428684726773,164.81503377951572
40.8923047536519,38.337515896125936
6.457248183936505,136.8201179483281
75.1243608070366,191.94834633209652
193.9685755030412,196.90596362404693
167.61258903385664,145.9290948268705
137.19884779698427,95.74623366819554
173.2701591500109,183.01823772307398
191.9990042883106,88.47973459454904
146.4216825913128,103.97266837049196
72.28099893623467,191.79833690082506
180.91508472782908,166.42089758727784
158.45480840812814,170.32081438640623
38.158690559019334,143.27209820624398
63.44667373787404,50.52187792747789
10.59671955777102,160.36221457430693
149.822790512034,41.3059743703248
159.17037516222288,114.63429777802902
148.28722149081247,80.27186984016348
167.3954521426294,19.231044316840567
40.03754224342891,110.48065212233084
135.9355879273629,157.34113817088502
9.773325991519942,103.88778218070239
170.20345519643152,109.10226547547035
141.03237587366135,53.24237298527553
48.181996376400924,30.09037577478186
137.14553919474497,46.79795835808222
134.62022501843853,103.82143048493177
30.400381989320426,76.27171855245429
144.38781251410796,105.03085595849895
160.85124714488342,38.15170153569279
130.89211762518548,131.64110258902622
5.190501646399642,178.77611496278507
21.86175165047189,53.168991112661
21.757596307866294,69.19466600944908
14.269674245431009,159.1812729610724
19.41823816276167,88.33461273870012
51.23579770211375,152.68978169449235
146.15387179228102,22.082502657337997
46.60647836549493,129.46670853280523
127.93352792702015,98.58833396391853
171.0156803742289,105.03816241086058
174.7109151094418,173.18860353252643
46.14530491759974,85.7985109593967
67.51432524358052,169.25630099587107
42.43314669306935,58.29978253373854
30.373243259018707,19.87483122079346
18.022945296591896,52.911360600788385
142.0343333635743,119.90854314496664
138.55530538022364,196.9556439059926
48.28322129272874,176.62412302942582
75.00408864502526,166.43569683575961
151.98876790877034,179.7142521684823
195.1534043443959,132.58134693634676
170.70448600926022,71.70235893304591
9.335020140102827,92.75125013364207
49.94667326289355,17.151892385368928
187.479840446792,43.86316597620889
148.04356548993124,80.45490971620559
130.80477852488636,126.95224358881099
135.67471693509225,17.86160239463332
195.82666419743413,175.53177428734153
138.73743199115023,164.5691844414675
189.69510886548397,115.04433917205915
144.25907211268938,16.50700055676439
180.45727688392844,196.57232170653734
181.9919279505094,120.06934393516845
53.7958057203601,96.57806013327887
89.43733384347647,66.18084660908902
72.28535431803202,45.445335242173066
5.012666912939487,184.3672115783456
127.53527639811487,171.15180174327395
11.695505180821236,118.89326281386253
160.39040733130562,157.7687094175684
154.40141079561474,92.29548364638008
145.7835397799464,194.72673116200647
196.7946776807598,112.61522739363592
188.94260779237948,162.96198993722118
51.874612086191945,167.7425412187376
146.4644405122326,119.18391668385574
128.34078435934344,55.20453658013602
152.21364723112498,137.40230524750086
67.45568906169792,36.4067755343939
180.89331375845663,164.30721280697068
47.45118918049539,15.10452840380058
55.92515780867444,92.99435181448878
169.7944950601348,14.426316094222523
156.62107103875198,40.268196427168114
36.23577869325108,72.59867240955177
176.8286359280797,107.64160955967327
5.873005347015834,35.89937168122925
156.46804156878054,136.62940449735729
181.11674092445924,59.67973984594941
157.9016757203219,11.821623589000856
147.23987301220546,93.20605456145776
181.97512909751822,44.58568568575433
23.68461854608203,18.757482250660683
189.51147107682223,105.34793352484986
29.634634831121726,70.68804682763613
42.20275527122092,193.4795840940984
145.24557492897685,163.55860827623417
41.33210044817784,45.805261087180206
12.815068174693621,11.750131709685823
175.20360060811268,134.67365453142085
142.04999272259488,182.08453066041204
189.84857277822076,123.80501903911461
133.96053551460008,145.0092558604577
177.52991815498686,144.4848229131159
175.8570815157811,108.94329168923475
170.67453048552795,40.26933658343745
154.63798436915616,164.6757508205002
25.047298677861658,171.26916110662125
184.92017869979352,10.555373814985439
29.833835306268085,58.6281790496101
188.22106357031615,67.88444180425478
33.13087196090546,141.64593311923153
35.44387478465995,84.59904228645854
6.590772636135304,94.02894244952424
44.645938543442874,19.557355433385382
140.98826943725598,62.33767103729655
51.06297177986081,112.11417016689312
75.75229741170207,141.24119058065057
34.79481047942185,140.53681756930717
65.74051430609778,53.796269044590325
193.52208978006047,154.9602225626174
129.78823639556097,129.13975916835315
172.2805208688216,134.32858076143538
189.2945814664811,184.70843499005093
175.42816222803486,60.82439595225198
38.68240949862516,13.95486208893543
136.69634113022633,124.23222386907005
26.317158992998863,131.21495615137883
165.29698139395194,105.45268792059778
73.57664247688533,35.76473573517322
157.85391943252188,101.27114429200522
171.6712269977711,35.74394621089506
33.18027663560207,121.4969408251275
40.14876469598357,111.62914319961446
22.385218475486056,21.05819026542199
55.032470041921876,7.532814741352338
13.854131854698252,110.23540497888776
187.37524796219844,166.2058060471283
44.478258803602834,6.247066340082937
47.529691088191335,17.054574526814363
142.50975340129656,98.73010131290486
162.4718551314303,73.95725737784198
161.76043167286005,196.00422188688813
188.42001711584112,111.18486154372967
60.755257350964634,5.722186474138785
48.50284416515186,140.4298011100334
151.55268370402706,143.42664275381665
33.32211801362575,181.61997703868016
179.12354526753975,156.8012571831904
185.43124452046104,130.96850928570248
44.31931645870288,196.21645621513915
71.9980371549896,56.68867269449943
128.26698001847194,171.01806332563018
187.28126128296776,192.54430130794984
34.01692440599613,110.5565274532116
156.29183331434376,172.091512013882
42.777316250608386,135.78990065920593
132.19509190158914,116.7306072032952
60.69556836131156,125.55568375518351
170.45464434698562,35.111551687056846
34.0142964115251,82.95295560926436
52.112497550375764,171.3040875140936
185.5381060635399,62.017284301041315
8.562656491035575,104.85359599387785
20.075367736993574,125.2321391525713
56.746677288822085,35.32060436866337
15.30961956567878,154.3970851756309
30.214442896408052,89.21343715644434
147.8921830636407,196.5876385419538
21.144436674161266,184.7231740794371
20.941763527186197,130.0619423038868
163.25028525427615,173.39913492386864
12.508006045004066,24.89704899715999
191.25409252772153,77.79213887855033
126.28521370114252,163.1122999229468
21.317491713932583,149.3468266431162
21.481247016690077,114.49189665525583
14.120932695671037,68.14798816009036
42.99099433323006,145.44779369132996
196.41881764885224,76.1420652597536
37.57096519309621,96.58195643846001
138.72090974937475,126.12404383050442
74.04710370479525,117.94940736948543
20.149956226309246,65.83596886145347
176.18276377285233,169.7777460745539
68.01087869356309,34.92329967657873
143.459910704954,23.96925282234219
10.892794248787311,47.77324922989396
40.38500108098137,161.1250372105432
177.42605755976854,166.40278693402615
138.5941987642108,141.2795956280479
133.38665301718882,92.90743259270715
28.50451118218309,112.40720358087346
59.87058890999808,139.82003492324347
137.45930805859157,56.55575803197111
37.140374787497365,169.34229014306817
167.0199595966276,38.65702717359713
54.09730268961272,165.19566470797685
153.57006049317246,169.9067789139029
10.771945542860223,183.0175840908728
14.585235127111654,91.81529335603683
170.04630552427602,100.59526508968746
56.582940834203825,125.12344979019487
106.43074316252175,59.662124213146
191.9876857617401,68.99002854206817
123.31697368679365,64.51370589531747
28.878074208158747,39.18623194508855
186.76300494256336,149.3319742216069
186.44635473614287,77.80333928272422
147.32437202259177,194.218456988819
188.27023329239213,188.05378298320355
69.01099753598514,55.50171144006382
162.96527246112842,165.0549908561637
162.85242059105653,37.018870544229195
58.63954024675399,121.08289443912199
169.6144782746728,127.45435356634279
33.71073875280059,60.98603932652801
26.394584268504133,27.03909165804202
189.24036982078917,138.41344779021787
66.77460259683266,168.0191792246295
62.03765315671094,88.32400582064456
61.67881914442929,99.53012442566005
190.55719632438272,79.7618973101461
35.05891475242352,195.71866931984508
179.90366018806964,49.90852013551609
164.1588101436699,67.28940059153646
193.91093566176497,124.85005885965472
186.59276382176432,109.3422627019956
130.82171611102254,133.20586487660515
189.86608486035084,194.96014306200811
41.44916241753672,53.76308103790832
5.927169872633177,118.39532315158516
26.563071466496755,147.84167504386855
33.32162989217529,108.73131165789295
194.09890740555218,68.08442244866362
150.7597850656286,138.83087878353123
41.86484705608398,157.71875577622743
156.48885045425993,137.5062492683048
50.02607810261156,49.70587739693096
49.38617387546497,188.69634296007015
34.212715595666324,177.8361216206841
51.86100010913629,183.32516505166498
176.08503233204166,164.05178887270492
45.97887226397659,93.99552591722347
128.48168347991174,191.2774799997934
18.328000082344648,83.09459964002197
51.72845559251614,100.88932040220791
148.82214324279656,192.13059410091185
191.48619411483068,41.12980500018208
180.19451961341628,136.92633516922874
64.37181500727772,129.86460275731127
187.91769059049858,6.477922065150304
25.05784514058922,77.83108630055135
151.62698413654007,102.31953144651003
99.47243130161303,66.9321734118429
59.74037284279652,99.48192023305168
128.15657140675668,117.28453549117268
189.90265554265082,116.80098036049513
52.707239897948654,9.258068484642619
176.4600124157507,171.99990916470264
137.23609729690793,11.389071661821488
60.70635476284306,22.3378488758804
22.51540611083677,38.30105477822953
34.58580140565218,46.87346731482049
167.62061573515655,37.4782137163847
66.3332908597159,144.90288654690724
22.332668274377856,107.22272985091183
52.50810866653772,123.15304809060017
51.78622771988205,99.07837215302783
62.743642587189555,147.024006564301
188.38569485162583,14.980130269811262
181.62982146165055,149.44713151193542
140.7927736205351,19.01109158501972
56.39225840394977,40.82897036603985
145.96918335802283,112.71591370525371
168.11325988855725,52.695282926697374
143.5992485385299,163.2150802809826
26.148330085717877,51.772918580524475
179.9361892148448,171.6288187036433
175.0892605874085,63.579360243660965
174.35031110377145,128.73412180541771
134.46633423126005,163.69524004284142
147.6026534190541,41.237761151755436
137.58605505855394,73.1138539979323
48.15493109916598,57.34698855101727
171.46811204069772,147.95370807265
55.89522916707189,95.20377221951166
55.01092131708721,182.7413423173892
140.4080544096762,23.439667449887885
181.31976976257653,23.542038881318653
32.37507476818885,38.93009661779257
136.84063484294026,153.95491625719794
25.549751860004704,96.76191110164895
142.7168921551379,79.31567606156435
184.8444790024228,167.593615920534
175.92875379368942,80.83496757826686
147.7717513153589,60.61590453153984
143.30777738337207,48.09243259903443
148.31828159843963,17.96902239779653
146.59156858370173,101.83325583982848
43.91389012148155,140.12230288251416
137.43750195319703,100.39297963275986
13.251921960438894,134.8866018604252
179.80921366486382,28.2457088199437
130.63491727465438,28.26693026210774
175.2946629850641,27.37647181502634
147.2677473534081,47.76591527114017
8.224684118111053,171.7227363033854
193.50123902831444,30.023190070871788
21.342017600000432,144.797182537438
157.69215696341263,83.31152919775441
141.19266852414214,77.35640856158226
182.9985379119022,153.00030509304642
60.145757265560576,20.637275131828318
55.378801481493845,22.3802643700207
166.44058725276142,139.74812642780265
135.43715192790475,121.00927895510179
8.761409540579127,184.61746594144756
30.642002590617565,181.1353245675054
141.81291574299934,10.067791222431783
128.40899172978598,192.05695727281852
19.571005973456916,19.293107644381667
44.88446954752459,132.62486519330878
58.01044526642979,63.67615685283479
20.965614144301476,42.82331741240023
173.43613144164567,153.39438081187902
51.849590880069535,59.86047909290596
37.195500038515384,125.74165407695574
36.043786201969475,45.79545206455188
37.07434132323167,59.61110435249329
143.44314138854955,46.45419828196945
126.42962482042321,113.94341255110183
55.6909224861014,83.79857946171914
147.55137926357546,190.13270062465946
146.79028920901354,21.476509572956225
38.011498895001054,180.53703996436744
177.20653699492055,24.42234152620257
18.92882795606469,9.85670705745253
148.07264285820608,195.61550469868448
168.6311157497166,114.57157635337526
75.08207618108274,33.36522712837755
155.63881412791582,92.57914757788573
6.202707673619813,149.886521309106
156.75789441552408,145.68598629749806
157.34267984342026,121.13436147619427
24.31724010921494,150.41766743716036
140.18175468914052,11.392454226176103
171.40524689153426,84.87219911854527
128.37391285180257,93.49421736335509
14.059841288761941,118.68970457697654
182.021690501616,68.6328394967847
58.04903601420859,169.79819118909066
153.79055282447626,34.589580693387845
38.81119427600295,151.1282521700892
10.32411277912925,116.74786523595576
61.89085619803429,177.32769408421322
192.481173016545,68.32472525680227
48.561768265398584,97.67932163698352
39.44989603698812,5.966120202138316
151.65724255020027,110.21456373818526
169.26064107031573,14.80159092959124
163.2637678237378,111.11668651341125
18.499272206482964,62.34771876785631
136.89851159243875,160.75655930044243
129.3048322085118,169.01295177922603
173.51334669135497,22.899621669487566
127.16558315365964,21.644441677905807
159.00068262806093,36.51164004021653
22.52839979435392,159.2026894382083
131.2699864440214,184.802536779213
133.86833372852178,48.28622882499884
8.19345188789443,152.66011676899558
150.5950356230247,40.45159605634785
7.859092878204118,11.38041002822488
26.26338913470848,109.15792607737683
69.90250583727253,105.82692310946084
141.23206843764714,12.503534911415832
149.92531624204406,81.78992573780164
195.3753954755185,187.47423077306496
124.06055844941937,60.830743206878864
31.30168648109722,18.570514194263993
7.8745150003020905,27.188280385105173
162.95686248436124,168.77072347730183
22.086382073826965,32.67035925035164
139.5898604397026,76.53592739129283
34.673206562581704,192.7149997275913
145.45966859469587,64.20000769758006
58.787142607830845,31.88578234517013
40.84434255957651,55.191393081750704
189.0297001615972,60.74288074881704
45.05520262835278,153.07331251068314
148.22754102399716,34.9305332954607
73.45649206633146,81.37940691208416
14.900357940131364,139.15281562699693
69.81845831837397,116.30399905232879
173.43899695436127,163.15264837995255
137.63282845588813,182.73273022276516
21.373263098856103,51.56294741917987
171.14322212559807,80.34978718915868
43.99401819665206,28.854978121691726
185.36453600483458,186.46427018519242
131.9696667060823,107.63374448723509
195.8667777569217,78.4025250611876
154.32321323740675,79.14555862912415
69.16776980329551,45.0442916484418
54.54764166252998,104.47573770427144
42.59610037660802,160.47631656573057
162.0163283433498,63.169134536449675
10.467937561535951,180.88195850742582
16.300399487043805,112.02077564833252
12.7345522858637,32.56501548106051
157.70590668503598,57.93954389142745
178.19379239016916,129.9315843729349
140.26724714668978,5.459311504292397
145.907120308266,122.42940419455499
135.3557557996832,84.8956910517928
39.245564302170294,117.84711324624644
72.42964117429379,170.7643275603499
16.862539244483575,153.23868928730556
136.24446241515048,133.56646387796224
53.47250368645034,71.77229673529803
36.774369758980505,86.88131547061901
149.30399863351445,192.001385863457
141.60879994711956,112.88458967226153
15.020446503950316,30.577923504134198
67.86378097351403,152.98185533507367
185.50950741659153,92.07976506226912
50.827354992642796,125.26908640304096
19.928457237736033,35.175891112284745
129.22410799651595,37.2844182183206
69.94007321867296,100.92225322994828
155.51696962094567,145.1651843916099
164.5467433196021,33.98522141016887
173.9163137161905,196.16380755955586
51.319413075123165,19.862415815612156
144.24091514379063,133.63504564931634
193.94257226840273,159.89943758638964
182.3957027397205,51.05410227849854
159.35172171179104,32.118500462076
65.22582205654334,169.85192375113914
64.77468902875232,43.6888519929243
174.9154127725748,135.20159036325842
13.954649972128232,156.42828519904748
63.336642768393396,127.25084430646493
44.31898309933069,127.47996579580781
138.66927928230598,95.2655520625253
32.380340605433275,186.75060775993273
196.83297101239216,111.34431779622457
129.55132226955158,90.69490335296771
62.02616794841219,63.920084322526414
45.13306440736813,174.13276695303003
43.35091682973389,167.176787407317
7.286049488796928,70.04380771297265
166.9752916286778,132.0540831049046
11.246949048926949,14.607420925458472
33.95873425347721,10.409571633965317
150.84475073804234,116.14618689249131
46.205497175601465,165.96619419502633
176.75239164159356,25.400735862013843
22.595539540315364,107.33574867247471
66.38731594518767,79.99022753599456
181.2360252294906,46.5321417445829
48.23491784822811,116.20893834538302
37.437944901897474,187.90552493411434
64.39838814655577,45.23297481424398
11.737939456384941,196.45388596555404
169.40234234198525,175.84848902773768
192.00352533040856,168.70384233096254
165.63750334045645,19.742278879727827
54.297965816577275,117.31960462977216
52.91624158312564,69.00741630714776
74.75117949318575,150.34451406124677
18.196230300176797,45.461052117454685
154.7234786940941,171.09359389107493
45.25941112361462,139.9414601577819
131.37854626489008,28.972981953275127
67.52349636535635,184.9895603124696
154.87824922586134,66.12679086295311
182.8102513896911,86.89096894188567
42.72191850461332,107.82301492397254
64.98641111700763,92.57767628063397
126.13218348332259,192.39639198162476
66.85486738006942,36.08494532876794
159.57716626534403,147.73842088073692
25.876775903679693,188.69799992846177
160.08825187267473,186.67351105760324
116.87565535036023,67.79447560432007
154.109404044783,192.0153569412819
137.86682737560014,33.090971777274746
194.31414435013443,170.36825590220664
151.13985172265305,95.64379550002886
160.89123101504777,81.39522992422923
133.1969352899882,133.98523184813592
42.74705981119464,188.01880817400314
42.66644351630665,166.39281930123613
47.02824194877222,122.50790842341857
15.412234747365606,23.041750789170056
134.63213444538948,9.150429469623035
150.65705707749314,10.1142519594171
29.149780177378734,41.71987025256511
66.05092570179777,114.30360104091915
166.2937526229185,106.10309533762164
43.92401765869822,102.82717705252458
46.925903006804916,126.54621056731644
176.12797186477067,95.31653970840459
20.649875207179257,173.59406449088087
27.830372456550222,10.179340987895397
53.650259821476155,159.62797202080122
59.23048450483627,168.66818682390408
44.50476093527612,7.9169236016215105
52.043744316967185,179.60583434874545
43.567703508614564,159.88001279000648
186.05303926360804,111.0936978389587
60.96339295805313,80.0830378356551
35.07276970381942,125.32312720017761
156.11120659170024,49.52915338640703
177.444494269949,170.14443466580323
29.815376715613656,139.13115463576253
32.194818818588026,139.05857572110213
59.12481481887624,177.5354551096609
195.7680614458594,10.608261730192178
185.9225970233646,163.39719627985056
181.44334627635786,41.93643653447123
59.20008034294418,56.55586189163229
56.69812711298488,43.51930361619243
49.9295156257346,92.18067231466128
53.24859972697791,42.682694552560136
65.87162217572094,186.13763504021253
149.91904927714336,20.541720756714835
29.399832569045522,17.01731697361532
161.2443979070939,55.30730875282232
139.37595360198134,39.704676757872406
106.70604900625257,61.0163128649183
56.778758452362325,11.854614571936043
38.87550719276524,184.2278385169953
178.53255044993188,193.85767359078187
154.77426862417107,11.719288737185432
12.770977133480415,135.12109345746248
63.04901749765156,29.269122359254908
9.777845799397104,159.9999877805931
144.18629590880735,96.35988638125261
8.155663199819585,105.19542542775254
134.42552745356713,102.18054174101704
148.92898049848665,148.65829160460746
185.4427257538696,14.808020230258023
158.4838871285487,24.290953623153783
194.69938686235696,45.89867312596461
165.69275900500972,64.18965920380298
59.701296198744494,96.12560926305966
156.44192584865522,18.282640480920673
161.82032605774762,97.40809404897273
170.0904063079055,192.8147509140475
52.499271020116275,117.9446992461691
177.80657481374814,9.009599179657542
179.21253877988764,172.5169865821432
36.79902828785323,152.60864761870494
10.400423197169568,42.40635115059103
155.42766886874435,13.125753824464567
147.52492336598368,112.35440938060019
33.5332871452153,186.90694391512295
169.90955923080824,74.84285834969015
32.536103434669926,124.62599747806296
74.76794196390225,130.30632598568963
75.95233151726227,161.01812198527742
72.9252442305623,29.174240405462605
48.421281147852056,110.95938193993315
5.352351714410801,13.36570049734625
190.20266652278735,166.06235142978935
20.85583637206102,12.509470156819587
36.28108278072512,81.873812269705
64.89100132886647,72.54788941867815
54.63669966677512,12.85936549324667
173.42832536595617,72.14542532274889
21.3441230529761,24.552191635805745
16.121961127926976,45.54571069461201
169.57831801520365,164.0139525750251
142.8612685977026,88.3193429641278
23.178270207584717,188.54106262864212
53.69253975972973,104.7086451783439
68.9989826498085,17.59430043208976
54.474723153318024,165.54178896870184
165.8016652589685,45.87895419798879
42.098185899538876,132.93737204695447
154.33196591419517,166.70100491086225
69.0656292215629,166.85129011061838
161.6784687614321,90.24173281425692
68.06882461817537,36.80823233468908
144.78640987963388,163.1808222792397
27.836978313581312,158.00210450381158
162.29363842427256,188.09219586077722
63.458621508971,145.77456289566916
53.605463703538355,14.89293562272318
50.402375081487016,161.2909032694192
51.82876360316046,56.66058593537839
168.5162923273321,116.70409792710832
157.21923384697124,139.4829176852065
159.030307155911,96.52314215016182
72.70948478904701,135.42594239740657
170.61432411335525,196.44354042907008
160.6070224568406,37.05231439129907
127.4131518769982,192.44642911240942
48.37537903504727,23.924267121031708
41.56302535355839,184.2099361246069
142.81253206091634,159.0810151473479
55.40068985327434,83.2872904081825
160.45317744459226,36.155127683070106
36.96638901198618,19.377596009116964
42.792134031187324,79.68659030120708
14.180568497335392,12.216990724755352
142.98093147461668,86.10332055943073
162.35748044971336,182.3785828072377
194.7240359497534,162.88287195511688
52.45269520902228,19.509082400503765
6.2736139459352795,184.13152940553672
127.52031960114563,32.043161250778724
149.9411315807307,179.15463275576937
162.31403416594506,69.88323938989349
191.40437678352984,84.6499048307828
127.51566108507963,72.69334058580806
166.60565012514638,150.9053843821135
25.041440359234922,32.50217111914802
165.48477594203936,117.04520986848286
173.2403619634216,101.52627995726027
177.5119881727245,148.95977772849284
8.662399897346893,140.17772055655303
58.70190858848952,10.05598924183496
62.825278409854604,38.381233276491365
5.150931990290972,72.48018241152798
171.82086523153703,154.69643042780987
181.31168644847034,100.30134452352678
62.394751005698346,79.66217187459273
159.21902097761517,75.4552660310879
17.56733600513003,143.00322829549415
181.64304157500678,26.93308677503149
183.2625658828652,8.215134827751626
23.108945563747596,157.34157385508095
64.09843934843829,177.3481990434346
196.37028861220506,30.402989964112162
152.92442209251695,68.23145775418008
29.76267620924664,10.035431331801753
193.8035414584115,34.18655007682666
186.51468921562207,153.0073679516558
141.60744960295492,133.61831442579185
49.83839692941891,183.84568987618874
10.056761419401402,110.20910266331703
75.02693074740289,133.76910946265244
7.348493953734186,37.1275231877315
169.56662839409464,83.65483791696583
167.86875720697975,66.30708581937589
70.69535461921254,140.50885101067877
21.259088079349105,104.80058442402557
30.07316662675689,69.51006895402223
150.22847507923524,72.95563498355736
152.84708866432393,35.720592351950934
110.22822646119091,61.95661289159218
41.676052698216424,54.61580688166076
9.42356528084297,124.03323959216331
108.41224950475872,60.692612856269356
27.091336300973385,138.34036235743142
147.509605762711,179.31272053019646
77.31389326481991,60.88658961783951
37.72869089827102,158.4504366468904
39.58192656163009,112.44209683575569
5.863474516061082,159.79187381118618
37.554278045709935,15.621710234705118
68.09322321973448,64.90553742738845
139.633768806925,161.49561630836237
141.6317077819879,50.670906477656565
96.6428293946146,62.265592083143694
60.294970117524045,182.10193704929745
162.94026677767545,87.1599154830873
21.62200232426973,151.72109792965307
165.40721313265104,65.42388770538234
53.758192214389645,192.16186487272861
138.41485128571338,167.7033327759894
182.09190985242944,150.59593426827126
58.74585244283208,175.02121283523084
134.96749355640523,176.58528070223264
143.9111019064566,89.24616485102126
157.92206692996348,50.933532804897474
13.878007935612583,63.501177100639666
40.810563874285236,107.99786969140092
171.7745067262374,164.31159015549346
29.450314930707577,142.8836746264833
20.772723886246705,195.97652767401286
155.51266565133744,92.90881891364286
8.641445986442234,168.63424593441533
128.31611801583418,64.87274711387421
186.30440061212263,22.30124496195812
184.0469737739265,101.95544386432766
193.98060553453,115.12451829388687
31.765124015260586,20.338541826467317
164.93346998886912,141.169946535745
153.45637288942538,131.4617094108413
8.345024420255552,125.23886358523848
8.246992131873869,105.69796814161029
11.993990955125625,66.39563608556962
26.254274111311204,122.55590917380003
49.32385585129736,44.38831772769874
189.15146157287654,113.77462320319387
14.58991138821597,195.0314349565139
57.7057094061799,41.191525445480856
24.636584957268862,16.04198617461878
161.59801552695808,181.12159379058627
39.27181665199153,128.70065644207557
142.30778608084373,133.7636208068524
149.69650986375973,115.834729271953
10.0,25.0
180.0,180.0