91.03181355338434,53.407729321969576
156.99879256424296,17.880937645033928
27.068993229093138,184.28367259802675
195.0596856179894,191.60216654105628
88.6814431973094,6.5605187638295455
60.99517908580667,189.23210242646218
14.875924039743511,192.2527285148685
68.05034710058621,111.83928210195835
151.1558383906484,113.74872959343502
137.2957872656026,37.06302044593635
146.9034149418322,5.294633268022242
148.28058607434306,26.479349152571075
5.0909382197712185,80.11417785098682
84.86226985119717,149.05881021507383
84.85187191824373,146.24640137713592
47.46252562118938,5.889217961914207
107.83336982028088,36.25810674659025
62.712577076506804,120.9640725425
42.45642309501211,46.54184893758789
38.50856589890107,40.83694086323149
9.73065138683931,52.03281213305795
149.29121841050036,102.18133872599293
144.50765868169867,84.88510263030491
85.02152456433959,29.094834608328345
54.566733602735766,117.7435829060391
151.28400870793402,68.45009409764853
180.26981589781929,19.258722940891694
4.992746636565092,47.30950156238599
99.37870287423354,195.0312815316358
123.26961842422259,137.24783172857028
159.36062265984424,67.905081237179
135.83441794394943,131.92239622091597
70.78187597764446,111.85326543277185
189.20243224571922,159.74530721030743
128.12829339817338,42.95924228878123
101.89972339184922,32.050657095156616
116.15027553082437,46.89690614393866
182.62670864043034,137.82595258743063
82.96504746567132,178.04822985236478
36.18019519421006,10.886001318629845
34.29594030144344,36.22880433339592
122.60709550303821,62.12929247546692
11.526425173965949,121.07191555254971
36.72900949100373,184.82571118965703
103.57065369303534,66.55803660230072
170.7563475609712,71.43383945906614
77.70189245978501,99.81216676883245
57.01433159886349,177.07768094344965
170.54836265711074,27.612567862394396
83.2110936602913,126.10123834975754
185.61703967513083,189.08784132960082
112.85074264868815,120.26829701605281
152.523490179936,140.69290892665606
97.57116847817701,164.03664879936875
27.824962130720955,69.09833049177516
74.13657327265562,145.34792771689476
24.360250468452975,185.52239967370957
187.78110906015192,79.10445095989267
76.91786780740482,96.33080665074107
33.0222227596991,13.413739575241003
12.702831698685952,133.76673756780434
95.94524685498583,114.96812428831461
20.50123628139033,79.24640412406279
88.19605198341188,7.595634620266461
101.37544817325409,187.05770878918193
151.76459938524943,116.29187971199718
191.56356353315317,7.805484704535244
191.86396868574485,188.89932526085616
125.17428218466777,72.38395787939044
63.44196638228728,196.86546849236393
74.4305137440303,192.04062924875882
78.43585197020239,21.891117554400807
8.002016401172325,83.79340654170468
7.037911827597195,38.80510278732759
87.70576331022704,154.6183260097021
157.43741400651425,22.889483261214906
151.26874230703973,195.64744655187545
107.26368741435829,174.20283936611273
84.93342688952698,143.89299488937957
193.4412348800457,17.796037248717607
117.75267769905432,18.18452623706072
110.95412226996359,60.64143705080153
144.42263541719296,147.40003376301937
76.93030763822892,120.51594430123886
89.99527597439194,127.27531917060217
105.37729898944609,124.2863267096833
133.56678918524847,181.59978478645536
97.74998459123734,8.898910883548586
59.240059207837064,6.0365878460033295
91.25606395982363,175.7834859239349
119.01176972090471,21.19463507179878
106.08352102902187,55.004554889091786
89.38672167197076,183.0647667050936
71.20171664256578,195.29932823153177
126.61716648914582,125.24578163009075
93.11749537954367,89.79910707100382
131.64251311064888,39.66176033512376
38.95297560777722,176.17246050654757
143.83165390084213,90.25199025547857
75.18135360616655,93.95762092393737
93.69009788017667,69.02164178227731
59.14614566801005,5.671359169036837
6.340279777149557,130.21815054477815
125.52553118583111,100.187020141878
17.00372161754136,172.45108779280483
143.6650628789682,132.87677505384127
106.7650165442374,65.00808891618179
112.74190717205093,15.116196277174733
23.3941337324328,188.83728956307917
125.71795520938855,179.41415379088346
91.90546591618342,143.0408321743589
105.99294782344181,75.74899285710323
93.65418711103828,178.15362997053893
102.683423412958,68.32115571768331
119.38369646537171,169.22835332857622
129.37548229281077,89.75791761357321
98.12059632732208,22.191017577456805
138.28062545096338,122.02720714082166
165.80140083526422,67.16423223176011
21.529849570509505,114.09653445454887
186.70246877916907,187.0735160301341
182.52317140047205,24.019348438839675
97.76510514442113,156.05909401111498
104.78069288378646,114.37501259011438
103.90759780431547,51.46183209075634
108.6528042273067,189.31194404254214
60.25803742134596,95.60038885039415
16.867136840503623,52.23791084396621
191.96281122476057,11.76304490086378
147.59047604631064,110.72587603279655
111.74779502849837,88.77998884440316
127.02525795480038,128.91425359304046
196.17462557058002,195.51139222309425
20.5789611582313,168.72518461333334
22.295015214423753,170.8202219336315
68.36364511644388,130.62190018429115
111.23815906956956,97.9978810760684
158.20734767831865,70.62523145365472
140.8655081560798,78.10198556745208
117.84987057521452,112.60423654655476
193.71230135069354,142.66585713064995
160.01594480727712,42.043989338006725
22.535786151550976,177.18878577355147
57.30620177547203,178.0387051477286
134.67276494150173,104.60647607376808
167.2488516275541,151.19852028809953
92.66737268210701,192.65918943023138
105.74809182054197,106.54484306185189
140.20303597183042,125.36498593198154
99.05949343795413,59.58620872143685
10.578445510920814,182.82873781489386
154.43349219087597,186.43368788676062
6.363569166107144,174.05848031558475
27.679311165246315,54.4012153403077
15.91207545264529,53.59321522923947
147.6271402350952,22.1210254379655
131.43900288969203,24.845646925112632
24.372162496388018,53.635743294565515
83.44646844533236,194.40388504818017
113.62971562411,103.1368850523354
118.99271817128927,104.07132796063827
61.82980362065089,143.0254447853255
20.856788355881058,33.37480614470875
45.69742317173632,177.95564305804933
89.67764390025852,165.512066243504
9.891651096192579,169.68585765089426
111.43888329674972,6.547866303955197
23.154331437549253,72.25308920577322
68.97883280971512,192.64577178350396
94.37949316777829,133.7211658447982
96.21584660481334,54.122597916456954
34.00215087533227,37.49469086196289
62.79636401964164,181.7996398145478
19.243421163337157,31.03493902581843
143.85873059635682,11.373189038914346
19.858450737271703,189.60706075753842
120.43248030486764,95.89441379942531
97.7657807332513,71.84473274827057
66.23334563518024,109.76754331650224
152.9920300642816,32.60612999753563
158.08364447276747,21.29701264815543
52.62004978438629,145.53631658279292
126.47013490244201,106.37826276015986
69.62815192099818,176.99598297346296
151.51395469227086,78.04580696354188
118.0606320959494,69.52286606638557
56.41354773989466,172.63288613553885
74.20851069808822,107.60527618781528
63.248977862584105,97.89104205431843
10.762207199422967,40.574197196601006
86.48877208805615,143.05984507148253
51.15235746616385,185.68662511014523
127.57126229326008,12.474701016861454
76.60497389155483,172.49605649127673
112.64209053517398,187.6811826641436
120.13354598771221,76.75866625949838
195.5727168114097,28.210623368499895
27.305022387164154,74.80451483554408
91.68382955651175,53.23489521980115
184.96024364902618,168.5284529655496
167.82991288547544,194.4801835733543
179.98100867705048,164.78137661305038
19.102516248337153,52.42723411664937
103.84754690979373,49.284753978656255
186.5571603435234,10.208232176932478
186.6542252633532,187.66340251901022
95.36138365326588,42.45909567833259
71.76034257079765,116.7386168301303
187.23449144812355,165.40440101349319
90.69816917992064,29.72473718939448
94.16377071162762,128.07264099918655
30.492086002424386,57.56350094824784
196.32832029750438,169.76021819147593
80.05764474623894,27.180432400398843
186.5463755805302,171.7195469082222
12.4204156714818,43.43182203471633
12.89776946303827,66.06565835891543
111.5366428170496,189.28702507998398
102.13489786117232,135.81596721663038
188.29437569854457,85.16163709413202
30.20086050133191,76.98621712501472
147.3394085891116,7.482543665861376
94.86962715367066,54.96255933885119
120.31520004680127,196.54663173517744
143.78586672301682,140.49380294882886
6.820364733889429,169.8422004253108
94.50782209433157,60.56331055805697
90.32085430945617,173.05430552436533
90.4522895948959,23.725895950549496
88.75784768359946,12.023981052931566
163.12170687050022,147.563692860177
88.67908747654843,141.95939292705165
179.83074920100077,154.67799651410206
91.58657752808297,52.960109528684384
193.1472681889267,123.87030670323749
69.9203599160172,12.589574776443037
109.41669249658624,183.29807777913948
149.7197282515018,36.194015958586995
36.44291106716421,30.30608177832373
117.94632534151287,195.02253224911934
77.92078738201543,23.120581463255316
107.90333326534245,76.0515557584219
137.79272632066304,42.191762835087026
56.353672645548166,142.2641818509368
110.37676717554267,179.8044778833367
94.55317735560863,183.51592064904605
50.85555402023676,192.827409907704
171.05378583224277,24.4027659262572
173.46782255413135,168.44232820792652
130.5211287661951,20.836914995488563
92.47591037274267,12.249345477733817
21.463156265041402,30.941522210149525
14.045096712683838,185.38654011111987
179.65998546296484,159.42464741117107
114.05591510177634,12.463445607375656
144.8075781720288,36.28010833901385
85.65434586359248,6.234793657981417
188.29576272100732,133.35802397363253
151.5746296875803,66.8422813293007
165.61729069805816,28.250680989812935
154.32928487698933,188.55028064503207
57.815944637530244,194.43255945401995
162.24772399300005,184.00510987029907
81.31030101903366,114.78798155534498
24.676176587570275,18.50582768392783
127.08955087475539,7.5920775750078
6.112823654926846,84.73595526437187
54.695885969861486,120.15840976415232
48.52291479384843,145.65647181819202
7.384642643274977,32.46162251221174
165.2772708551126,195.96856542674993
121.48964515643178,113.95018744943587
108.85396177018194,40.78451365056022
61.436588796244784,184.90875626371684
137.82850817169634,74.34309972836022
141.4962161304815,104.76652775079295
175.47537201891672,71.96200751928527
191.08185558318138,124.66277162116016
26.01270961104888,195.2489532572963
7.727793007388427,113.19389763955175
106.87817315630541,155.64025617139603
178.92940191845523,166.68053584328172
29.28487906891906,138.92788083379264
30.875740653300948,69.00310227688924
97.97155630892345,82.46945556251649
189.1551025611514,117.5557796695537
108.88476388969572,32.5078334444696
10.490718516560912,196.8431747724908
90.65792001051933,12.402327721371226
116.9071466051554,51.53885070982191
108.41368252348241,86.69909530732772
148.3453624617824,95.79722177523614
163.84289124770535,182.09133156402712
149.29046188267833,88.77663049828008
69.27094951764663,176.1403398023433
133.71918209199063,182.01839236636985
92.53453960457912,14.97424798511248
25.83894443186453,131.21594613592345
121.2072493982451,35.44222609681085
177.75767312545972,71.14618574632163
131.56104720771927,195.7290605586126
140.4841328947824,16.886385443973357
35.608787233912444,145.55623350121843
135.85015156256983,117.82159978852575
148.54890999931442,111.60012199267439
107.47655276906887,39.19426889249144
87.4819717963371,183.48943669288565
103.14079290400969,189.20737302362753
185.62615629470062,183.96369306736605
17.294533670576516,69.48111738361534
108.45316683069025,71.73959566472342
24.398053230206102,136.9760156789294
9.984650825296534,110.88658628065205
23.01543770267462,179.44803034468376
19.845600137145794,17.971562149696968
48.210503636507,171.55220749255932
80.89680273626755,47.13474269311404
170.9204262809097,177.3670450726492
155.69319493382042,141.1606237793971
92.21365796397357,116.01965464337258
60.71211331930948,8.61667392199089
69.50778456669106,190.84030225413753
124.92171688600067,111.03540287004017
24.49649303281684,32.71118173686886
133.48911077499375,119.30957420258794
114.71202464776762,189.26589716749817
86.09997235670477,122.90301108751993
101.0430244142192,22.630175020144247
64.94035959559842,173.31570654390015
193.6329857207011,136.14854002506323
138.9914339713008,124.83023787092954
24.450453185532453,64.39085668602563
173.04482947797558,162.359941200631
88.4907734338271,14.438486073228479
85.85325381300242,53.691432913850285
81.3041268719907,177.1134580732893
90.01726139841428,59.810831892110656
25.62901984559614,32.83282907593089
97.4237117457317,50.61386910083237
106.13188547775184,8.68405726923448
5.328614677000715,190.03799812364096
31.92350331406422,137.1890612642402
129.7239927869871,75.13010450646635
11.127502763882603,141.910579517613
122.63424831346265,176.24764165470248
131.60632215806854,5.7542834335969095
188.3572935206988,181.05730240026668
115.15059744384608,25.81379128476169
16.202921292701358,178.08099775800602
125.96535111653702,110.83333030631854
29.85866068277523,74.69183761086667
135.10912616123872,112.21806341065782
184.24324549852366,132.52790596512133
157.51099599202064,40.86219350094947
38.670487466093746,176.20083495631425
78.10427915699049,25.56823613579781
70.44989669495207,128.54742731005635
95.2615507930103,37.692597761339776
102.89422725817938,32.38424439921947
122.79829048478699,192.98834939137748
186.47482605370166,171.79545038829076
100.8174185461598,57.66362656447733
186.6514842734002,173.39917834011143
122.52272267659366,53.77044058081397
114.61699240787833,93.67814661222253
162.6836301911845,150.19086706953985
114.248756277239,98.7355049417789
62.319096724628885,126.14937656472564
70.82956045691675,95.04855094238235
124.20733592819053,127.57389661558254
95.07533915890477,19.807020630447337
169.0878325328001,11.473635011687605
117.9816530824895,79.29304822945495
68.25551642059207,13.176440394894232
101.19056900858494,55.54474781640236
65.21072243760747,178.8876960492024
180.73036747433363,158.38763736985604
75.38755602649323,193.24491291778645
83.63891649578763,118.52468255274292
146.32059859679185,12.487907550586383
59.64415766272505,130.53222219546325
164.40473743023725,24.601240729497174
117.98653962557738,93.56999557742763
104.9375268470462,102.61538720441462
183.03081439566034,146.93854894672089
6.20978353241552,78.89874979252372
14.836027417619267,194.80503021471193
165.3687532415185,144.77831670616217
72.27110349640539,181.15793764189752
129.67845982791277,23.86108137288383
146.64281730331172,16.365841289876048
132.07709588520444,121.47412306947233
84.73173469049948,50.06819962737691
14.717537105997955,181.09532355927485
16.416827386783936,62.25815638466541
92.31161310746552,41.15535074288334
106.53117506457866,152.35400816907034
40.097714724703636,194.14750623148583
86.65089888886412,154.31521211757382
6.016938158491961,19.235719016618642
58.78580168291552,118.52088364916514
163.4088680864569,26.978415533908525
171.11254260810176,160.2073516418892
24.44064415262505,186.13238610992093
18.683699184082208,124.17721495735431
65.77550850169308,119.92538881666343
124.95153390262564,175.2208226653078
97.99807683638784,45.726728996084695
103.45134805081189,120.17679397884682
139.0951916994408,137.97286035682419
119.00528132406852,28.33471395604993
116.30521695822526,53.73768928686065
11.272306822142902,187.09919580494125
108.68010550417542,94.28356905022083
146.65619856817048,137.4775118479194
20.396840140349276,8.706757018993
124.71005448788314,187.77461077945344
13.131917756707491,32.755073827213224
137.52336310185754,75.46214597119874
103.43415447700966,99.54394533846408
126.01748635192274,48.43741862534575
23.620987299336758,123.1563148215106
142.9243896209905,111.29418209634898
9.338089710805743,83.28769432861144
162.52569862161732,192.32255413687065
164.97110357195612,22.222487927465966
112.59494332342743,80.83623982594331
64.10585633785523,170.92688067996087
61.0087705333869,93.7325048209174
78.70492953977468,153.4369554478073
104.18483288565307,82.43887188330352
141.4956155292007,42.36508823050496
170.38195536990415,14.029386457440967
143.0084900434823,41.80863985412636
8.80361445978027,101.15103822048101
122.80197663534129,90.53716597311674
78.40245661340539,105.02487685338154
55.37529094655567,103.07879348457134
90.29400547712255,137.06380893647662
141.14443591454972,100.42270482512663
63.21923433982374,140.9403482800307
116.30242139432013,77.73549824610707
152.94771127921666,37.43827366584718
8.902421708877997,105.35815985345391
92.94030769689297,119.95042767121063
45.62275332016914,173.9863620632824
101.34186110231242,10.203334178537045
186.22254648537768,123.91247906568897
192.2274126647194,126.6768919030112
115.01604713405534,183.26628446312955
140.61577175627164,34.62945755001254
47.7500053663267,100.14298894182885
122.81099863987326,100.34191569817393
75.47890357592338,140.93647690045427
148.15464716952525,193.91029227912438
146.78453731622025,123.02470594353136
25.41196788275814,65.85498304419512
62.68608253494275,126.09800133333403
117.63036004752652,193.78015834246656
99.9789894205479,106.68522428805623
61.84678972601851,182.16220638437684
92.40885323040169,64.46366438435818
45.87845695989276,167.63820274747994
78.04456818661849,166.48160344728106
144.83189729757981,20.603608044881188
103.82607243554742,73.03500208754534
59.730876119184686,187.40063141676535
187.9859271276042,194.26052050696197
57.641767109823626,192.66305142616739
82.4772753650797,155.47194368156397
110.86424367479741,58.77476480365994
42.93381419629817,48.01803090401927
160.85851700942658,145.91726517721926
179.1896316242391,187.21209962070037
137.42290496794013,5.844606613936499
104.12417427178966,105.69367092026414
189.32380061313336,182.35755333014183
59.65415883116041,105.63648428811221
82.91527485952967,195.29453260828322
92.0179788568728,32.648682510050506
17.032510564016473,72.75691672012474
95.64137156308641,149.88233483897173
31.019493210828273,41.96294922194448
103.51165001799069,11.373517425322936
151.89554770097413,136.22498385660205
91.11474560811388,103.58617790735997
100.72046670143007,56.445637772314484
141.9362201306569,192.95611500647797
106.60009871874219,188.42315941479993
100.92604607556154,52.37259158275982
27.939712789712157,20.800714324687263
97.44120147212132,50.3367159071273
45.48149949960103,171.71533386895877
101.18749779029123,122.29926731777454
63.844219685084774,108.63015656777574
113.43183444061589,129.03169615241123
124.69575646631013,181.04864264343206
166.33280700738408,193.86156039247007
106.50445011677311,73.59248547503452
62.455734073262164,189.3630223827128
14.882937809803142,5.433172162900361
12.095538038699368,79.12247532209996
113.29778237356555,25.162198974081694
58.79390248749198,179.57111853138977
36.914656906944465,23.3677495696741
53.398439864714376,182.16015150449917
94.14326344033772,153.31935730187521
171.9200799365935,149.16502109253625
50.781491195065925,172.2544011804317
62.943866436728996,112.90656528132307
99.04193655395393,22.076765130257844
94.09500766914188,64.71845779175739
68.8279919677661,121.01492807943879
86.77611157708976,160.86438702924931
60.798170604331446,170.6801546396677
44.408493596040906,28.977147251971775
76.6433204850643,28.702627628190566
35.51753554959726,193.62024616106498
113.66732716385725,13.103267855687955
29.79474865879165,29.12140688552669
181.25488959298005,175.59187856245532
106.06586907348668,168.51345141964663
74.83632306674362,96.95350801613824
91.97221017310262,15.37145943274386
110.43779446590965,130.11921743986449
123.66105805153381,117.26839259147066
77.84202944760563,48.94190663873371
146.90778400325107,76.05404310872355
96.78917741802866,91.97280447748145
34.1837914655952,172.05139448745027
150.8911271875066,135.34597911210508
175.83440049947347,176.71115208744504
7.667986268616555,98.14641670527699
147.62394872472,126.87822299823519
148.61063557932678,105.55219492169924
34.483402797095245,52.11722168292038
102.7531225203616,127.67862545979447
149.7443408057631,136.86324847864287
127.98394475768053,93.6500968937131
86.3764015626916,92.98502141332837
76.99923331488988,58.023690487153175
101.61762189204511,98.13597902697096
171.70619524176232,144.7500335622539
125.95715114070562,114.38210956949418
9.863286108973668,195.01561101622318
89.36072287895671,129.99170504228096
141.81067368159003,70.86310459461392
17.211897179532553,180.15654371975967
139.3838391481612,131.80960664717702
135.72388605559917,130.75746999519325
14.335620692403753,62.6426532157045
189.20383107574122,183.6844551644359
117.02319019698173,62.382071250084906
81.24613133917448,175.12982102763218
17.494840705833756,8.030107397927184
77.67356516392265,124.81125581266592
195.46066964952024,21.10538488376333
22.748461556885267,193.4169206609503
97.02593985109694,126.86776158228973
189.4726179508573,156.14004599895213
111.37083574460665,65.6314256363741
168.5477038520514,195.28407319477714
112.73788651198797,187.8302844689489
29.566795015874586,34.506936430983906
172.83352827224505,68.74273427291021
178.86109461464048,158.7500675038699
151.93365244345333,78.72641804721704
25.19868440671088,171.1957850954464
130.25046851739677,91.94531659245698
196.82781135759618,157.81076490420682
86.84716344539987,112.89110851680931
183.09080266910144,171.37227445108485
95.08957699967179,98.11608796344804
91.84488289571382,136.0604326296702
82.66321774436558,37.90229749475145
82.9816586981556,60.998911054538645
125.95817826904918,31.66086333490827
93.76588411901773,35.90584241544899
99.56299867865425,102.897271033442
103.89997694588153,130.85871456504864
67.32816036371513,11.314289617151715
111.07126541224996,19.16565936949562
94.33364510284622,53.1784759436154
62.69460619885208,100.81521807894147
45.50984969811923,141.71626309665774
107.72111090367704,179.4094761657565
54.81521426702118,105.83244458554458
110.79560518882101,132.25502710707045
111.11556498006324,27.66080478890402
80.29701723105775,139.34884372490515
39.03280448706498,175.17700562593316
24.96600650508668,175.84164030450802
25.449458262800732,29.877399072458285
39.28165794473098,47.46561387247402
165.98224813710104,147.72148514650382
27.4510268084715,35.79823565789929
188.90053318202857,79.28154345144655
99.91747237966366,163.65319568409402
130.702585350936,83.62210779143248
152.65285318144515,44.48174228603126
38.14722276442281,19.255044750610374
66.11435887419819,138.01696773051546
88.3547764182186,41.93231662018588
134.43108127812027,190.46294478509094
181.2467457041473,71.86757787287527
125.92936781135974,109.63406006070745
190.76824165328458,186.91271014273661
78.16231131782432,100.18849337509545
63.23124533555877,114.03807178745497
89.27969419970353,111.02522544220788
8.06189150436336,49.68787027969036
38.379498276885556,31.879466496149945
80.2859212949988,172.97083945598962
94.73548974539575,181.94735250495475
88.03581399930442,31.43967231323558
45.857946347437114,167.68050991628584
143.42761232743916,110.75347233477838
122.49206364680293,123.51004068145076
149.81145084831098,145.3056984077431
32.990418902189,63.11434932260489
108.7143229203855,44.83250200198521
90.5978389740821,87.57773617107449
48.832252995195496,90.12122139487604
147.95391491069637,130.42370547650884
112.199962965689,75.3765850186528
39.208690679870074,17.403514833852995
178.30262900137916,28.794211161951402
57.45427471254417,191.50096259973776
148.75264270209342,128.0959837487934
188.53229044261735,15.064929151536855
16.512048725276745,114.81999745451941
147.20392600486875,187.8409305357882
89.25198603917816,99.0122150527201
99.75796834451546,143.92220910912073
57.33836616627392,92.37709432976915
165.7651322524313,26.208615792896914
121.45124990416033,63.31816243876402
85.14713796728465,28.898582566425357
124.30215106437707,26.01702590320445
32.95930806636389,55.80161305452438
16.438845924861262,14.089900406437652
187.45024114766002,180.70840927218933
8.895912266669033,196.67124753654286
14.675674798276788,55.711529467595795
184.10403895640908,127.85230515993831
186.9719748772568,129.69653299521656
150.93550222182884,192.20840083940132
99.38599407086078,19.83526349096836
96.36872149663724,160.35694801339983
186.70039914838102,75.22088546768272
108.43350592112212,106.7294233742253
150.4966762148012,21.916273260384965
20.95839954324147,45.2612144850208
21.029335857906933,175.78253354105314
79.51149666891969,159.31555301366407
57.860760530852055,98.34799628668631
194.90009434923925,5.2292729132024105
145.6144789507835,137.54984928776864
132.36188082232056,186.4915750832796
178.13749652588967,20.60663560922095
44.04349553411652,101.79560928428187
141.00348978053765,136.2459523141366
9.199842570212192,125.69055083100477
110.29664010338531,137.31364184011193
188.17210463147526,86.07018623330575
33.951315236121204,55.934564747983
191.19599548359528,154.35407502236697
93.14549366987059,14.875785933573212
20.05131277120883,70.81127129102859
29.878463630681626,141.368829762569
55.2378757371013,128.37410848107868
120.03799335055281,79.73286994439643
36.28941413920859,141.82043162765632
152.0633212623117,18.018566561752586
55.030308350369296,100.84830325448453
77.92419933173763,112.17636773435615
151.718883393282,80.47486712621331
187.8794854051393,79.63304316859954
93.1926877157346,164.23316055564442
36.66704579321025,27.862149386117032
154.2198827355724,145.59488996027386
192.76778513465914,158.5822460256319
171.97873708302944,148.21722206385664
143.9486586909304,128.36487602982623
142.93180789953476,82.20792021181475
116.10595066273255,87.93719142433393
39.394789315279695,30.3527507693596
25.024540450515182,61.643848301269664
186.2499700053905,120.913423194655
130.8050562940694,19.39613996527159
96.11926103988604,157.09296784155262
55.95728951123849,94.28138791121066
50.215385776292784,134.80264201683644
78.07962469170677,56.39904588691502
16.412318770087403,182.31052894305432
123.43853161509853,45.40186115417492
86.28128177820257,23.076620166785787
125.26800383576848,85.28207186187176
63.935061214372055,111.41166953232563
67.46641861562505,181.24440706653334
117.55341624941819,17.836813197253022
182.56328234962294,193.74311283233266
20.415523887837633,27.519199529973992
55.83892372916216,115.38846289755134
8.317390374085337,73.46373212088841
103.92181466556278,34.22158731147293
34.71066124000701,8.671730758960967
110.67241697307975,34.375542385143184
32.10986460891051,53.331934656754804
110.88761565533717,65.03421500920524
76.25283286809064,117.83068165652689
87.46027171224699,97.18670243048219
107.76562852501885,168.6572257939808
6.616108354585464,64.16348398121093
24.021749091612282,67.52081726622177
84.75294613267147,14.121766682758768
100.53166367195135,38.452313152820516
118.7734136985139,108.9151982421192
146.73817008261628,13.43694915182294
78.881924429896,139.3714079716332
101.45893918216991,177.619855739703
91.19176282825315,35.64257575652162
148.00096515959737,35.94348345252397
117.37847118296469,174.79071108199062
9.783205167312317,16.870897265133255
139.60392232845786,102.283488629888
35.57685371377715,176.09076521693635
48.70778487569497,132.31689130606958
90.36340669426625,76.89118809016155
153.20659071427067,69.25996615629774
12.309697130800519,128.55407998343605
141.2752370318225,191.41702120278083
27.241583623829005,26.73331733709228
90.47846078069506,120.81347862501488
45.67829220195804,136.52625952530045
52.5900303570678,170.38517511335468
7.998172868875832,9.91718076200674
67.50800373529611,95.97762653160015
90.71900530624875,8.607846027506191
33.585558892139424,176.71308235010218
146.27918023270178,23.547165642434344
90.75173784272717,40.99776371852297
20.278845113673093,178.21484250423904
162.063212597505,11.714111750542976
124.59743122083721,95.21531605414361
84.90613845416755,172.6502379546673
110.77463434636235,180.8846147081706
111.54073517080838,11.564419296667188
193.96300761924792,140.98473253503474
159.83787327790128,16.870233379833433
103.41622594975773,64.25814160573641
128.77712022086422,23.652185517370203
62.77719641592448,117.93484784479035
13.208948511689524,42.311572098940196
50.35608499850112,190.12933994853242
149.5131042825949,75.33974310063839
71.9552126517225,176.6137156922185
86.53616015813824,163.13924967940827
116.55197281237888,135.46162878365732
73.14785116354575,195.38542588155366
171.45208506586957,147.30181302647134
183.61211256412898,130.90379419880688
26.8462953426871,72.95991643700854
89.64292737870987,196.9999139227055
113.84169593413964,51.004749643539775
87.87162346502393,52.770438499716754
119.7176853801592,180.6759489048418
143.66735033692137,111.08466885996914
74.9837917389561,104.06470440534369
153.75473920214878,6.885027172188488
76.13031154697812,61.95539207116364
137.5797597854302,137.5575533734949
131.3913522746918,136.7939117411719
82.83258076709635,38.53756364071006
104.5368468823005,83.62937732851688
195.3113041261799,75.94781344544076
14.345532908589211,74.71689374731241
75.76724434232804,170.0512472888604
123.18515429474515,56.584645163094706
138.14107663095055,38.707876582217175
114.69464043973647,109.55423579199532
134.66957516334796,40.64692773041576
90.50029125303995,123.87562386614853
93.63796412399465,160.06727185799267
193.16912362492093,22.569252760255196
102.27257048570253,9.0349899250129
92.24887009882497,26.333565794730156
178.9717790390539,184.1142080084413
118.58573571986129,127.23698117159893
78.3142300371385,159.0089253049694
66.87256353747757,6.037671296087227
72.51428126339037,117.68245719216522
148.17486268380836,132.6294688029238
120.7229417585417,40.00753227777551
139.94796312039503,104.93924009404732
175.26162565547463,170.33559640279407
94.03674801830174,152.07884128353527
11.256141104063946,33.21956741107066
179.07444236083333,182.8752385261694
161.7827737144962,73.397530415825
112.5714550901167,6.242963278829626
76.41813260751117,50.2227182088525
41.89682531325953,171.69258053512266
50.25073488783492,133.18851456989034
47.8493229242952,92.51053284699573
109.16395626855481,92.2070742263472
167.85741657673972,25.298493051723458
80.49843246782633,102.72149402464086
97.09855104824976,58.441392354315326
104.58077670284872,87.16756243805118
104.23848540811841,164.7025647425043
67.39348974456249,179.42989806205475
159.34592237057933,146.00900030841495
90.47587020134836,14.533149136682244
56.91927926640558,172.26781731175038
145.22793916768632,138.19472070604945
154.1506427956529,19.39378106898884
98.95069480965265,128.05037753981696
64.95414921523363,98.21336277801176
86.14510900697451,108.1633427012857
36.27130359854877,168.30513489835658
125.95677735826366,7.071764787138436
90.77269347774478,33.291528560811976
133.1677705153644,88.93709080185101
112.72556157691342,30.70993626974277
39.23717407805756,134.48384678020233
134.66812258548143,8.032598510779232
64.9114395482168,115.61755801209401
133.8854167558772,123.97854638827646
61.30487716083023,8.717752424279084
77.7272184206722,62.32970740221543
141.8047255216764,40.344752987048544
148.40687478767603,147.948676492614
102.46585811083368,188.15381760910307
174.3528719499245,142.1047199467172
118.37967197190648,82.74630010908531
185.8930467133847,74.54699422052761
116.65238121216112,62.61961426949761
50.13126797977155,166.09249487364593
169.7333670955473,16.434756352519237
185.15055655273864,128.96711159082653
16.728225401081684,128.37641143794883
101.08791385947082,122.76733442736234
130.91499317069267,23.180083807995207
46.1199256475586,193.2779982315181
150.48138122763714,193.33076731086294
145.98323011932183,97.33767277544393
128.09726314625416,37.54926440513633
181.28574661262954,20.60332689751122
95.4979531440864,110.6858486496933
94.56300366849784,18.34539080982189
16.38030182180668,174.6754805283239
63.6691341580107,182.3350350715326
20.701469226611156,113.88734015052098
141.09428354323933,183.59374898204788
43.04771292827936,19.454899953697772
176.26777264842576,14.25699936214624
29.655494396685366,76.40226295693958
108.76271025715053,102.22515681614388
177.89438936093384,167.36347184546838
72.38774317087349,106.57493166979383
24.62072726884087,44.7692583346211
159.49322713647888,195.46134476029673
169.94582622102595,196.4309150331187
72.3610327869236,5.673368493231392
99.86420486406101,166.4665652565723
56.25879862064504,126.43682597703022
16.884583517142644,139.54263518223655
175.0854071267549,71.24971212032078
97.03828011408193,23.287481443502287
104.63731147247125,187.40141358108798
65.23349916863931,110.66465172395547
113.06526035496779,192.3379211986006
19.194472490548076,195.8739912606425
76.6118056243161,182.56987965102712
57.72168673132221,88.25441510536538
41.804200873597985,136.63535643840373
41.3798359921917,166.15095147733473
124.96103976514034,116.17313868500024
42.66223868146942,95.13421060784408
47.27826631974353,15.796122054377289
192.13313429283758,15.289419206046606
28.762337064205628,10.090816801018535
43.84706059909982,145.46652561078093
190.78805864767494,20.803341737429776
103.99697810943977,93.90907594566237
20.008727433119027,186.57117750411837
181.0067737505109,160.8941598595767
60.16557196466508,182.62992692582256
18.1754273078745,123.6058301410213
150.02448506489458,116.9607134742902
37.48738351535705,175.6078878055655
77.04850168832675,93.34063355784377
65.9541424085299,98.71895118566698
25.970510860042108,172.65849605061916
13.176348633517327,141.68177619220097
148.18509689421572,128.58293161414198
97.91425952037444,26.127704399878375
92.17121040777025,100.6220361476527
177.62578528586826,152.37953445352457
101.44197763632255,93.48172756688092
21.02871140836111,27.55843529406395
135.61435159495414,11.398749237532781
175.61579788381346,186.2440823938828
105.14517561958522,117.0497651984976
110.19766301077274,137.0336547226476
78.63388846443765,62.190678689265475
93.3430527201994,156.60297775060536
188.84827285540212,22.631427186218364
24.041827535584535,21.008145468758034
83.55336064164811,179.74250895845583
104.39865986747772,90.39766638700816
114.32104115147138,44.79956668758034
108.69653219455755,71.70757581220639
33.23894311739071,24.639839996881378
77.62479927037722,61.550181542853146
140.78046257144905,22.99127302999825
56.885110334770346,145.951566480236
91.21550875076088,184.3267747137731
15.132952510120427,25.85079073110998
144.66871487522724,95.56317317752136
68.30697825129826,98.89956630777628
84.26586828467083,114.15316408525636
137.0891300883291,123.1587091901433
93.92008875509627,89.37693517094326
19.48553935158928,170.58123447214953
118.4423894765038,174.16921557583902
13.922354454986808,127.63456944832855
161.953297027566,145.0767297614021
181.57136968615518,29.61612721846579
72.23037224787957,118.71184626442005
118.34222679569494,82.66807215396464
122.43263653632462,106.51481892537383
55.59501306252778,103.15333716881722
42.50397922755808,186.72866991025148
26.990057952037297,17.724511969608308
11.577553185617246,116.62251558327885
115.47077978892932,109.55159391481358
97.10256744279053,74.81543837200208
106.40589480196978,40.566518036169256
144.92992956094022,7.2040498466400065
146.66193556573143,188.91851353641596
48.549861829111265,14.672603828789512
90.8574464991628,132.63564217536984
100.32227281096912,184.8772609149726
95.76764979024433,150.86027943033127
152.94317520208975,191.1442907340962
61.06615557245566,92.3561863498703
156.0997779096987,190.2503731920687
88.44148524144751,171.17515457644706
21.195216788238348,122.09126617768725
111.90296130709841,191.8889727416933
136.6437197551638,185.0293485319048
94.3138087601124,139.7806451827397
123.98302559735428,85.93328749835752
115.87147593742995,72.78996447023117
188.58796196049627,124.12315297708788
61.59031491097957,196.17997559788319
93.06643734422956,86.7782428891818
145.2366550416004,39.17861827106965
172.76394563515825,186.94805097457905
122.79000023704572,116.8060000401727
160.74418116618685,9.81247642709296
33.66318640182444,38.41416687233716
70.68078907193858,138.54475029820782
113.12009727240915,11.784602849603578
87.08094364755507,49.27191399579145
29.53640140216937,166.66106428208104
113.79410636061266,176.17597328110355
131.05257896354402,196.38455678102434
129.34266708166683,68.7674257705241
144.54380981658971,139.44322569898878
83.89763229967683,162.90078158541795
151.64903909656465,28.3484125305099
28.268168039416114,169.98869324001365
184.6592361844613,177.41320335015504
93.7573529786287,153.5724660236084
169.72059349737148,147.27312450753797
90.38922230627824,87.18529366503253
146.6142444796759,133.87044223932674
111.05710394432836,81.71484934334254
182.24123051220334,132.80346998610608
177.5929550441058,184.37114575687457
195.6028136272293,139.58654495693088
69.39124685831347,128.4666731139439
189.81928997407005,76.42706857256637
56.08537779799004,180.78029391775263
152.36106452941033,8.536246199643921
18.51802516171595,132.50186190627412
58.85404297045222,89.61194439745819
19.255512983029366,32.75900358253125
105.56794397843035,147.89098989019797
107.81421021426326,85.4374569052459
176.01906592501604,190.3100301287929
56.25680482631634,98.43119146547407
98.8488411213365,157.7218924329305
100.3047129237017,17.719436533100016
132.79732711170738,193.6126620617071
102.82398614917722,131.55748672774357
138.5241318992809,23.852913962099542
131.9518479831783,101.91928645637404
195.26104134785717,146.14959428958485
31.725133218193548,77.55095476897439
23.88226611672412,64.85740275265599
57.33885429703344,131.05824825433248
26.881090901345924,45.028734563586674
128.6646444283059,185.27774181762254
164.66974595107905,20.102649606927876
6.767805957047713,134.4841359558216
76.95705713491887,102.05928417347266
100.29438708682434,40.96020626271822
133.39556621865887,132.53650866128302
152.56762584280585,21.140835355808125
80.98489695609365,22.583906397655554
124.33410700092834,45.000063252824546
188.29030239347247,80.77481211914542
37.90718152306542,28.83512714069761
104.31737396682978,123.0975389738399
172.1640571434441,158.23331564464343
105.50256813878651,98.25646429671893
109.22063163393884,51.84642898947732
13.583096757920364,71.14934773720289
50.33992793421335,88.7605005596042
83.16269032197408,189.06130332756567
181.96340279663968,21.086238063138676
169.27705850064135,151.41737009674952
10.642054198011017,65.10273056393444
109.68238899874261,82.64068418536765
112.28647255213596,193.02666991752537
133.47894061658556,99.95812695792522
21.925163593599272,9.51786860631222
12.784703750557808,75.55141239716332
41.1624255181226,145.5040162072031
165.16975524130896,183.07488271322012
122.81850303141849,96.8680052936322
91.8196668626333,52.800208392922784
79.18763883990074,40.50372334209035
32.7060756406266,79.59517449705388
139.35291552461106,25.51050314123495
31.68465537701176,36.28931280913933
101.86539770165803,138.1781122153489
20.490564012746194,171.5825199977503
116.85096010721132,56.765423327593766
123.8991008579383,92.1449778401238
21.191453083424584,115.17068130179247
100.47306478486901,166.53984066447524
47.123029397304265,182.0992578471974
11.083241476306219,137.10531445058916
8.20608888353413,14.47809175262715
136.6303289996114,34.48529353069211
62.95684637260074,116.49631124299981
85.34003707352879,158.47512908137986
158.52200819497693,36.79504458030526
83.05546739544324,196.54348713194037
25.33783788643296,140.5495394984931
120.60726751620614,192.75858847505313
119.52569410155955,180.48107024230728
102.60708925788109,29.947728388133424
110.95610184650451,134.90033028097034
129.73391281023083,189.26137289247387
12.401050431596094,52.02908052505826
83.85478446820501,59.917315147655884
29.660030499303634,166.1051011560034
86.77945551409191,167.82280660385646
155.62309473022515,21.34870265202832
53.561001324288256,177.01657168752652
140.05586705869055,147.51879287321407
73.24424003427548,128.85803128910769
116.70340043926315,44.17378444534457
113.24817644044245,81.4964844268661
100.9420433056615,42.19304346256368
75.86545030362787,193.55205291489023
87.34771637794356,61.88085930809338
117.87031481834997,64.23362169321128
42.01928136430851,43.57877851314715
27.745431522568616,137.88678394984083
84.772140425149,163.89758667967953
102.29525002489379,26.22513944538584
86.9870321192009,185.39725544174186
153.2965862406309,72.33223528630272
192.73820887252,75.03830427348439
130.12915148874788,86.49554109124774
16.001428785082577,178.67336257734993
57.4936733030101,194.06280512034868
184.02743084272,125.70000587110187
144.3480548457758,6.374568100235606
93.03394023911014,109.6757311572472
189.59655374162506,77.92566729256183
190.82039356033638,140.7507816896561
96.19858130607723,131.30581315843202
185.37804291876674,83.14999891119153
16.775062598034904,186.5584112098443
90.41157458141465,72.53200285534942
30.936040854721686,9.493031294016436
125.99453111341882,8.010933722192497
114.39663702806868,180.78123861920488
46.00646087680033,14.13679019554839
96.75100612980269,40.84160638601164
106.53674494505812,16.124071914919323
179.8177152151155,73.33012576760481
114.96440217706487,112.45713432985325
96.95204584675139,125.80426781929218
102.27872583336803,165.93993412696253
138.03824593920996,186.30581463410496
131.63651370504562,20.570670999193066
142.45123351836585,142.55266719483743
148.46397156801268,144.27225779170547
5.181767584586907,178.63044737515153
28.129217153215933,188.68096526178843
38.77244436575444,19.013331615022686
96.71576516317408,110.29958412409316
95.94956937572442,139.9761934421834
13.783698159240215,60.18920924280845
144.77302187394125,29.369995961345797
109.16163404759637,51.18799588235148
100.81312262750517,123.61422461544875
109.92249179059297,36.75606607705131
165.54795496906544,37.58233158307158
176.2676612723695,158.86985677000595
93.6762213279217,18.474369071982522
109.9861303289528,20.57331052976628
113.0720329862567,118.90345815856047
144.4430080500432,5.669541331613965
41.393015290672814,11.233552376066836
107.08645445578615,53.69202394835993
190.2021016890861,20.01182388332136
165.542891037883,42.73386471627885
184.23665953005573,16.032734027225473
104.71080995523211,166.82202681056646
162.12531654781952,151.84474905298777
162.15223999302168,20.60606160267452
122.25169426304119,54.64858486688505
171.33937791730554,166.63028817945886
90.53975472281235,70.46787476634039
80.29944223693641,52.05645010058379
60.328395981248065,195.86076909109073
188.7907949434179,134.62027176736134
101.34521164201038,95.74883081905169
29.803230512426644,59.055163817503
14.388842364572078,76.5980953262554
155.94122582481072,70.12980934174846
83.55834920021228,27.86029354144601
114.39971695609765,89.97838391863141
68.23169260118713,176.82489185655226
164.9493389578759,145.1546173563447
192.79208834237323,118.05404615240961
82.68728107121076,44.3680204528488
155.5758274570079,147.12056970465204
7.487533291144141,180.29242692483976
53.4148244037267,96.93042918376575
170.7115339181429,185.81536397273385
173.25485038718116,181.90360545464063
88.77871554494284,108.1244236844188
171.13498581488224,190.326092500336
40.516910134516195,33.23936661953652
121.52545472180316,56.564578117874674
143.6851451235709,96.26558142620995
100.63309299681025,6.847987861902855
184.84206663745096,137.0011613174618
122.20076150738272,36.70252786411142
189.59124376318704,28.985235266167727
130.56639714928386,40.0862439106893
87.57392313906452,133.15390844583126
169.980801661155,194.57446172940578
190.77866523451493,156.41770429371573
105.63086957925545,149.3200161680447
112.87351174337508,47.29253828478619
158.51579940263667,12.238414776409549
102.6097405779648,14.525048546703825
68.23896806997053,95.8187429912956
80.8717391802498,55.31192022750904
61.84240269458954,104.13519444858295
102.16973333137874,48.22273558285012
173.3102817973647,171.20221708007057
107.6783866811476,6.164290004709573
158.45549125614912,10.049768012591468
159.08133509309488,151.96764795909934
183.04914962746562,147.55263848808087
129.54745621247042,10.48019112766459
125.20841214875617,38.097993270779206
7.342519001912666,186.14862620122545
38.41686515741736,48.45654242215867
61.063833359482054,122.94597487995766
137.5415664919583,16.000254957535613
107.92029165575931,122.53366670983922
129.82492052875983,78.63063684068918
162.06159504178785,145.29979933482332
103.60650875143715,50.44583116846793
129.50704911596674,39.58719328827012
110.82813346121048,37.296535632344934
48.46199426182025,8.876843217678099
31.353654011391008,43.01483136423269
12.24345602351208,183.23366792065264
172.0418243765574,167.3870973002475
189.70696334126532,135.78251276575364
173.49156655076854,177.5070039148319
189.85723901682874,184.88305583849458
68.48758080037796,93.45863661129741
106.52799863435182,15.305067631381306
17.53294257671233,49.896800470260814
123.23707375073907,65.6987970853794
36.41131385477771,169.90002540316422
80.74262132091646,19.694797426346327
109.80824712561656,57.86625434004668
143.8532136577189,97.59344247145725
99.12343360447315,195.5817558831218
30.200154985905378,169.09499839496723
74.60381012754112,121.28754172149391
116.89114812687816,130.89270275182525
131.43010943118992,70.2166875137208
87.08831070592844,152.17418474146453
5.13522965179045,36.0489155006709
153.29270842999819,9.044918072620256
20.25407465199621,180.95897293731883
17.373277074763273,174.6665900123231
96.90697612248258,119.72978304572312
157.48593915118312,144.17834442081403
169.9486001759921,152.40101457579644
42.18049783091882,93.304472384025
24.466487567113678,52.44289284947828
85.13153101357085,109.89851952473362
185.06864224525708,126.34551700713337
151.92796461494606,132.61517793167732
148.7848087956702,95.89883760127715
118.1689597609947,178.0592686802756
55.458759591568636,132.07180822616397
58.59231099362647,102.07487070183602
99.55822020880855,46.75134892557357
70.27332566795114,137.37328419757992
151.65610561274136,144.6871414307765
119.69871785337756,63.86518020453705
147.77526979666843,112.02243625608045
190.0707917692457,173.33541387205634
166.47788740668113,7.07988878719332
190.8434124456163,137.56998877363228
26.89494814156344,7.249457373549265
8.806145685606694,79.94912666953738
138.93996153950434,116.04163550888033
147.34263768076892,26.330785960127784
99.41180734766935,92.43833274944816
76.43312261650068,57.047271690240166
147.46588964339847,27.672035775993045
68.47714569762535,114.90072736031976
188.7539060001601,82.34206524724999
25.113260924276947,178.0625476510513
22.827396794305354,29.667326210378228
13.066945925632034,8.889479098643035
134.8333811372002,130.05787722997843
6.407640892867022,109.25378012144161
8.377948047894336,173.41358767211375
121.9297528996181,108.03149338457872
192.86709517453295,20.339999919300638
188.90887555205757,179.5586753038402
108.5751991217983,66.70878377345122
44.1188685924754,190.15058490932364
108.94057638760773,114.80390908358164
96.84398597378596,161.32969547798402
121.13361679909569,177.74275653296303
93.6228676773687,82.24550058078995
32.218827989735274,182.80235676770602
62.48607565400041,110.36690737119599
173.3968071704677,181.13642893091816
74.81966331164699,166.92667036891797
100.76344632033185,115.77532825460206
82.12560039982513,60.840891600234976
5.487763381725898,84.8566277132148
122.72788260084724,101.49858451794105
83.8756444547437,132.63002482723203
12.989925997375408,112.97988903768639
15.078177594784844,193.22753597360105
196.4034136361074,139.6667490244588
114.59445517432233,106.50294559744455
84.78616587281562,104.3206387835949
175.64516883787684,145.68356400416786
99.49503099825151,144.29035831971964
165.30338272460043,66.06218525428375
47.68985132060166,7.239170192522717
141.51265407578137,72.47694190784325
10.601574602205215,171.0504960511416
171.3029913856653,163.449189590851
159.31112756230968,189.7633844367687
109.49708092574583,63.236848196265576
34.22752940037614,32.9747508579201
78.76341800837866,9.29897469009927
23.430217264368515,68.9672685855125
129.80639501302565,191.78767262890463
26.90408169913484,11.802292368193873
92.37070389350097,141.1722182794589
145.37255322122635,99.37268962125667
27.000581299875247,9.994218723156843
176.20464938901299,194.06781100962675
182.78282278868653,144.17436165964887
90.47451630851879,119.96170763874646
195.45943175179622,85.19379193167843
162.36953312787972,141.57967841957836
115.98626915927976,174.80017721181105
148.59052646701542,24.375058423343184
58.778282931321755,8.98538763439281
117.93160241321047,177.0580935801617
134.80036249841794,5.9410326901672725
121.75527694272947,100.0925037566208
17.486283711820075,62.19641933126245
178.84089230595245,27.479401732830482
28.97166970287648,134.77341491337054
98.21130499680751,186.10183548382557
183.24449189876705,148.8146690071773
139.38222932037476,35.9985760896081
196.5803559099759,132.9844568557296
18.2656298630561,166.2730161054675
64.87984586996009,134.59465187651594
133.07751168222228,7.670827347067441
81.14867712537885,97.2761684590699
15.85878133618341,61.851467749138976
194.4637811044126,10.972606074273248
171.63698524991375,23.651198840769407
195.5317069576363,78.67132001825048
132.66527470342717,110.67462143320832
81.73462333560015,171.26827251723947
85.42788751055116,107.70004628781379
150.3238048945224,126.20123910629293
10.216582876968946,12.06257937382407
9.610653763779105,65.2263362260173
43.08194724776405,8.301528328046587
105.33979838288147,68.74237266456741
80.81120861568822,193.48196695824333
194.86050135051062,165.3054609077626
107.17221107798902,30.36489284901723
121.42160348796902,138.92794417196845
155.57710214766672,28.32586648898911
184.16679584327997,189.68183182021863
84.52578573211755,26.922130095503952
163.66289780415858,190.14703296331788
136.55464413509642,39.521193530770006
154.6127714779101,188.98877738870615
14.089470392053219,24.65530869725022
145.1023671159263,88.98571240100084
141.40193775688277,195.7220840976852
91.24493085933872,126.62407501489308
101.02838252187883,167.4868089216811
19.510593642723602,22.352911745070372
99.01745674920078,46.49442062176981
196.7852014035943,108.46624773833803
141.49044780324363,119.40695043812762
5.871941087393941,26.891259124687995
64.64947253435184,113.13519863369137
106.0042421759085,32.48577228895752
55.476001863903576,87.60550533112466
31.877923771345827,75.44609556997852
164.45856390057895,147.1538114411218
106.99677305761577,97.3648852494398
172.40685749541575,4.989565181942572
174.09750640399906,163.84910204706415
145.7453318581925,195.8210545375219
137.9223814829582,101.47837340496163
138.92322716010145,145.4358264006612
76.348171924546,33.948374721486715
130.41815111803217,6.916950056600637
182.57427174327742,171.42038353853374
27.737066353047382,167.2468252759059
175.06806274383234,29.984703171713264
38.01198552182686,139.3277142208103
160.62761869023234,143.36671051240504
81.41704447742966,36.43657708001449
164.74690147012447,19.925785459812804
141.2542877607574,87.43136963476161
175.7155982511048,28.04250775333043
109.50701874788015,50.15976801712773
74.27141986815457,169.82320932719537
91.69463047424203,65.65058450463488
121.78461847900738,27.813539034544082
114.25316443407564,134.16102382691608
91.0516425058763,140.04758000793774
193.0948729169556,129.06280383992518
5.904800156364116,19.829059617200507
135.39958208329668,14.349209831541081
146.79435717920884,97.28963809199986
104.71631917359832,93.9046405723743
191.40625181696757,26.688383517421148
188.40391076364094,166.42465773146867
85.18284956360236,36.051451660863165
90.38682322317044,179.67681340074037
182.17556390010122,66.76414500451155
142.9742898627585,90.72114260356808
194.18311812474747,174.08646289235085
121.54951786849016,170.73711904169232
110.2204026212001,50.29690550419399
6.255418273937938,61.977963160517156
103.69764384916604,37.99121769541472
83.71846518976166,14.925445660590032
122.32643857079633,124.43172856231935
81.14302485653126,26.10666074449694
182.1465798816833,23.09477712769062
91.77074122758214,116.8281303725349
147.06252077145786,110.2456425599313
41.32185932710719,37.24293947819735
111.72253242636437,39.723757846360456
110.31232032120758,118.76048998164636
56.68514922914169,194.84814850543097
19.37398762203464,67.80980685896813
9.948906623893935,83.79658330486991
189.86640192222802,166.19453145620687
88.85977522918618,161.50494209878698
42.12131239724887,32.74525209896101
185.52664400838316,172.72477420957586
21.11265947752456,195.23452177479982
137.29932048946847,119.44237219405223
130.84428544456313,100.68291207020809
23.63784494519782,129.13120929358533
147.67353648645286,191.5071408323364
68.92688753320091,145.97785836266607
7.404479022109726,174.99904299724787
174.185775406837,182.31731754498418
149.4778680083668,26.749845935751683
140.15156660592376,72.97082591717347
142.17346754765072,106.51621179226682
48.33014489652833,137.94776446605167
107.26474489266178,173.73575641404523
106.02583691308963,196.8613026635959
154.8259492852774,75.94554255816251
184.11503852447845,180.43932048224312
142.1793314920346,127.47775209024303
48.26998893719922,138.89252556417995
107.8597450034278,100.698009923927
72.12598115878046,94.02399037382347
55.05854614059515,104.12930897993695
44.65802116399712,28.237907521260244
123.60611502941393,182.05097753842261
96.20607793667048,172.60345587233633
87.11077513509377,16.098665346552398
116.73536769307164,71.50631326695301
100.48139815585199,168.7400050092416
159.66953233846928,5.279989898683698
125.90669842491165,54.4907147512712
195.87455041764656,74.36090111282712
136.4257960551165,137.81107061850088
91.56387541280814,14.139110166070777
148.40398588432572,15.97879660275811
143.5615939182584,79.31320783233151
178.51122323925404,73.66839174239544
68.77703922614221,99.52343546604136
96.97667981140883,27.63259855864313
107.31830499039074,38.593699619290156
188.68037757834807,146.72484326787108
99.008115089501,177.89028697496582
20.211036613004268,72.63438376980926
98.46170242195736,16.200816853473462
149.85047486653625,72.55030945984653
102.17765349132716,107.74768929228416
135.65763229572096,109.76958153720328
15.761945710587094,138.53865443156724
74.20701973242566,95.66681598060363
103.96099890482115,32.294139261888084
95.82932232423968,119.53430069111708
130.81119326412167,102.98710103774388
156.89297496809917,19.79474893703738
180.03404455445792,142.43301061237077
99.9227894551473,92.7154919075272
117.05034360010143,45.82131746434654
86.3052824213757,52.50972182939283
147.27956235970458,15.34313109902973
117.87996487813167,104.27236732611092
123.46159707029624,19.012205467472764
134.513397421655,18.981124216350167
102.35104297745451,191.06157201270236
142.57734289818814,127.54107096513783
129.59142767475265,70.70277792453263
155.98242618331003,66.85017386364595
49.07995852714921,90.04760540368443
45.517814876444874,139.05799088183863
120.9610101117143,120.44503315810917
150.35485866372977,98.64379863614415
41.02369964501361,26.611466401327515
129.23341811734934,181.22194724228376
17.546316266985738,115.13894110488704
109.76737060241523,59.29291892211474
63.100516614339575,95.28388881524205
71.2713800491253,117.1208863135181
121.67507900582032,126.28652003846034
83.13811079525831,52.87561465058804
44.471665426544305,95.49248822137372
134.613826822269,104.99470398428497
131.46153683662644,99.0723920421306
139.8588315699392,92.08678331055795
57.7480652028369,176.76593954991705
20.02739016743979,121.50533994056224
18.92354007219043,17.678841226473864
141.77806780407985,188.10038228647477
68.56143211151935,145.7257676704584
170.13079807397273,196.5128757724869
76.39094653347452,128.52136442585285
128.0926407827387,93.21575758445985
88.71006500881238,13.240000979927542
127.06612069511914,129.77843230208265
46.962494943134686,86.12185670249015
56.909194138837464,93.30127214724398
8.334193547591372,130.56636377956102
67.2826332545284,179.54908121270094
125.75643733983004,182.83804150215101
180.36187790028046,171.35430307822114
18.619120338345716,26.002961506482233
115.57441555196802,60.38839305319895
128.3380004745391,120.52501741137407
145.5089882374264,117.94421833068446
12.232755919640207,68.24426203337455
37.92883129628506,42.14990184207955
82.27896316611559,16.65006767994363
120.73238281749178,62.05933949605638
128.7982731693975,80.56053244398669
124.87963721309363,50.931897629927654
134.8327479540126,123.59692660462373
106.18195151948714,45.56429087120466
96.6326388521519,179.76743960090846
37.61370654144158,33.43774123464759
82.16596123169658,96.14236051906651
137.55318695598532,95.22175328921537
82.01301966524865,183.61509772538363
57.89116322849721,170.98335402962883
105.57978844234539,19.50448356718033
124.95810820335952,104.82065606057269
24.543573654259887,71.03615246614142
60.36290237306135,171.89637853189893
101.51787538689925,141.42331823663278
62.48400201820823,124.30294819244929
96.6980604210602,65.56872647470347
12.114587597300233,61.60031872282109
136.59373116814112,137.11886291268667
190.70347927022468,121.9059780518538
105.56681550591315,24.516267231679734
77.0649325864227,148.7187086785302
88.34910504216334,125.42634081131845
31.281252816724248,64.68819667406143
111.06802210388172,189.1557832839138
68.11989076717656,119.82205246637486
176.78986527782766,141.91317685491413
179.28884700565987,156.73785881421543
13.634185496192217,45.43408002143344
81.09690457741696,20.249547214228762
12.61527942667995,71.28643794948066
112.2579878941579,138.6726165532718
171.07558328569155,191.8090538993982
99.14452813036552,165.31673505033166
195.99693811622112,172.7851286767312
72.14146905301557,196.74884468589622
148.83280818270987,128.80602631447255
83.68753295722782,28.339804646314224
128.07229456605646,135.94587771948366
132.30056414742683,85.60901450118709
165.19575463472376,27.010118211820767
79.53465248364198,32.53775557041416
43.138638364929946,12.599253734168556
6.2800453798172375,113.12530387129074
90.10481018382279,118.82504459657227
112.09445952129997,28.104723659818355
93.28604009975629,92.74435818875203
136.3318426524629,126.54248573756206
110.95463883851772,58.791674457150265
136.9152476092261,187.75419894068693
38.00216706615608,145.4864244911488
116.4231937593892,113.13720349015692
140.20047760435745,80.19336126460338
21.055488009065353,170.02272605151154
37.62743982177755,30.57434854588427
111.88138556126374,67.4478330577587
98.32959796920346,73.5664172626498
59.783306847155664,95.66794362329537
124.34944841256305,68.90418306993195
72.5526482631382,136.3668304239151
131.69851518364695,133.3176422196871
99.93967183690746,120.99479097412123
164.88201589968568,40.692768614733566
145.4299225611369,95.32788527633505
55.73913381680061,89.39340899812308
101.76821778156692,104.60801804064424
146.79981036100602,40.54705731088879
88.72369386799836,33.931985357968735
79.20099420291443,32.43044627139808
124.0055400572306,47.08752506947137
50.06327540687786,90.69237644341742
28.745377859540568,178.19145976213048
92.35254190951979,38.451053028936386
50.323758300627134,100.3601759370806
51.241738302892756,193.88287582243453
69.1025133281284,120.69624243229984
153.92325035036595,87.82118214983093
109.67961923390371,17.85653379013668
136.7704563968452,100.15746363519992
96.29174668678162,103.1250492157303
155.95273134570434,151.36316830210197
46.51303114756011,132.38504642523543
151.7927590522072,143.59518383635682
104.39512314268028,164.32059280753614
56.10833883510113,136.82118329565543
89.94773915867839,154.2735597732883
85.72723240920533,141.08160131303086
119.51422724176983,36.69146631728384
183.29417602917286,121.53788566503398
94.43103411684993,27.729767456672285
86.18239964519152,182.34364578043485
121.95212650166575,187.08887178448813
106.72971186228106,8.847096688483527
189.39042148788837,119.35166541204619
75.11452598304793,183.9208021094789
104.4480320644758,105.59659040302233
69.91554322208184,124.25785640405478
73.61490143280888,175.759489992461
115.88660817165538,190.9868333932644
116.39631501045537,40.421357137445
152.26159969988976,16.492822119731393
42.79019796630925,52.47912502536369
109.96704874059625,115.1544253574848
194.4216146530025,196.91967333947315
117.81613390147683,76.93451204985152
144.81715528866332,32.26677334645819
46.736228551764256,177.8198385512388
27.97988482312341,181.05971383809538
97.55095763793412,132.82242250653218
19.075618041218128,34.21374149735046
103.56597962614038,67.54208295392448
181.5766679225106,167.13335977894994
111.02687924991045,169.30569560037588
18.079844229282752,39.992705241351686
44.274379736024585,132.356542960297
72.34728585655874,110.13966888514501
86.38520418777198,102.13966018128622
80.53257206492161,18.144883061349603
39.601985394277165,140.64249334543447
107.70110004648886,10.916235189420364
35.87541248931075,133.93979312033682
92.4081050348243,108.08941152398928
168.91810613199178,7.965601788644988
161.19038389461664,11.521063589489225
175.1965981236704,163.795123117589
82.46590621245947,47.616687768807836
119.17337165470542,95.23631744318939
122.49042275240852,117.57705353663509
123.25977990898538,137.35926785914552
90.88214792487821,78.16914905565325
17.311338588528276,42.81291961532107
39.938314109882,7.427868035069976
95.5775899772364,141.19048856406104
107.31498085875366,27.914926092768994
22.791732248903006,168.7417996730407
124.0912146144604,18.113459061334474
103.55956921925248,38.47342283938663
117.88344840338868,82.45834265360332
9.362263056260051,74.57212821095517
177.41474485678836,177.1688854942771
32.80701134036862,182.58255716107303
103.54769676146508,112.35579283596161
145.01870767729494,13.449489418129165
112.39568790141449,65.0060501282959
144.03441453485644,68.31298496025792
106.60873197490316,7.030637651958802
156.3715818170678,42.14881599455312
58.14384717201498,171.64294341129477
66.54104048444299,94.55656787833665
93.1056304994562,55.14273805847038
29.236061154056447,61.206130235087336
30.740930276058105,54.77373426795543
44.515889907686024,5.3836643826873605
9.010021305868591,99.90283001826774
182.48743982779436,22.244841053438893
53.96934495485446,6.460275795629048
183.14562481874015,6.395761326392818
80.71379979162396,131.17113878811185
16.41956781480354,135.67100148275105
61.10991294008722,193.00857653191778
81.09733471560921,163.10788415832474
191.87325797194217,14.024904828194032
133.04353148764602,98.68684905611192
114.95008543455101,69.88106294882908
81.04392856753671,195.73686248858965
44.17451397097901,16.441259046212263
160.86359746629284,40.5433713261364
30.016272791742196,39.928168821546095
65.47738881966401,113.91731580329521
149.6914590990279,29.46503531111852
7.698675813737843,55.82459719827506
27.942377048210734,70.1102546871704
87.1627440906427,26.988288804107135
146.20457536884842,78.42722654329222
196.4932257019249,70.59164005272723
196.76495587493955,185.9991511322767
182.57968040543554,128.31650098457712
114.07423936452277,56.19921007185707
133.3950759303287,96.71801838429116
7.390403055618453,54.31922712417831
149.2795850518837,74.30789868859951
93.99742373452597,22.233645042595235
107.54562603865621,55.569587692082
67.08506780120257,123.50223049072562
56.21989060137547,114.35330857482593
75.78633955120661,33.36872878634418
146.81790575204406,191.3139149845937
64.14436168593441,191.14982915253856
92.9202351711942,170.99590265011935
100.88446824287476,26.417319793762406
103.92416600082542,163.76043036647448
19.862842037961432,176.401420191635
101.4784620982729,63.02376634006096
116.7198858433656,98.64839799468858
108.03631442047222,84.71334358199093
94.03940847403916,33.92360059355246
131.18254586122396,24.678093781236033
117.96827068504238,194.99585196746455
189.91416935505455,139.63664802232293
59.34945282715986,92.95701082956427
74.83955819132531,101.9483940645791
66.0760109284858,167.4859223856854
153.6738867542155,107.98029759193179
122.75245694008557,170.94225805273564
160.30848431437786,66.4613004636692
70.65785518546353,137.88167500764047
170.416984124351,196.02636872675498
35.67739352973957,183.45020738179088
173.02449080006787,195.83030611248202
164.897162837481,37.92762473097778
26.136309406437885,53.6614160197101
128.6495011527907,41.89086822084361
91.88561038096374,58.80160700903421
27.013349717179892,34.58354965479539
64.11676443235174,11.32536096296445
194.12625755560742,155.943822013483
177.0421656299249,154.00308505487075
29.892817290429843,133.5205197221472
110.71020068193235,127.72765205065178
118.34743351083007,188.0778007852927
177.7802978773648,173.9303708331085
118.29119068196486,169.61475402678246
196.3958704330811,146.39619356987347
89.51649383750295,129.2141768967224
76.94882734338955,99.59276202994035
107.10590959680293,129.1108280059904
145.31799622525148,86.65773578605365
93.6350619533359,100.60315475153013
131.75181816799798,121.00822408683763
43.731312654040366,22.65366750867807
127.42023993529345,14.83420005479532
173.47668434338556,183.1268712227719
81.63006176921613,113.21509292550306
66.8701561282876,125.4411503910351
152.10899040371655,35.1455439818853
138.7481946238153,28.942095511423837
113.2862702290948,102.24428077701418
113.7516631213102,195.33833354865396
106.77760429842718,74.36476251809007
93.11584704638393,138.1445770341746
89.89729080015208,8.763132067342053
5.0277950162603355,134.62738548543797
130.5315215650145,31.907057773715287
125.00039906439751,76.36224427111148
136.32422293008702,74.89315427866337
51.20425788609684,136.42270729068676
86.6841961048903,169.82901067859908
88.7621130624218,181.46466474588533
82.22749130363665,7.596191636238763
8.929321200087776,21.155172825414027
123.18749674837062,82.31632951922181
35.05704641815948,167.19796787633715
125.80614612194904,26.608993250662007
38.60221508116111,169.20198480931688
121.03880787188369,117.57600710358398
165.23238519231154,5.609635440472869
122.16938682826057,177.9540499220037
79.57162984710934,39.58662211624757
118.69649263064048,89.53259932053592
135.55775960929319,27.90933337119887
58.70518944254236,106.93283992214484
83.14280795299878,161.6682921411973
105.34193761216984,158.14049813640213
87.1919130200572,28.196947834361517
26.602980337369427,167.1067688455186
101.93028946078472,35.42187401192287
14.269639643414665,43.703724349055975
29.958520818683684,23.62657698584217
143.05979565429553,7.095042954409113
187.61693106470707,76.48201414821315
141.8928928004968,121.22449030225117
58.83090648017484,89.43348600998722
124.78480717890906,80.44796934268707
103.4892043559833,155.45466298264193
91.7878732483013,143.63301185040768
20.468517135678454,5.218362848065202
168.8064244268908,142.65702233403306
154.100802611968,149.37485597700513
5.977439275971579,16.32454001400992
137.57616891972526,125.5991067616728
88.76839945669367,30.866415428615035
161.44206636988298,187.93220108137362
10.06300250989609,170.71728018983572
68.75362366168592,110.05292871250448
107.20072674408526,166.66401186392577
20.456398676541774,71.82893156491167
74.54064540570045,137.07152589669272
143.5030815935673,105.97943760164114
5.7032061319137055,126.55387131260011
169.6885471354958,180.20883892712573
100.10492525639702,57.852261627828724
159.0600136558689,143.08235764712265
143.21975668777625,29.139617371888775
132.26239229633686,136.7916020052685
88.67432487189207,56.05837875149523
99.55333847481484,148.72779668476176
127.78996302670078,85.02977548281324
14.203959726317168,118.2123208533407
62.988095208965916,187.20919718202478
71.86110975089105,132.3473239903079
91.34230328721252,25.89677381283922
102.92600998118034,49.87622955902436
80.3158560446998,129.92571720133503
138.6801973292321,117.73068924737382
175.6210972853131,6.251527160915956
57.915090000291904,192.43563473649075
144.99409667512853,146.5762090632278
82.3523264595656,190.28480300152174
41.453667589220096,169.10758275365873
103.78235479335035,180.42051285425302
141.72619376406715,34.24198275850717
146.61566556588693,123.00612129617501
180.67038569006664,187.00817901030055
168.28777399605056,22.115380897014827
19.39762156172762,127.20180806811767
22.169946382201676,123.37105806428129
75.14867189095266,195.25595297847804
71.93111400529092,176.232914916203
181.61247911790062,187.5407408648381
55.26154227153663,173.5166440821628
125.2861540239748,116.33795155628101
27.279797464125227,136.34261308556856
195.1069757722376,151.48451073276664
195.88373244069726,77.45105397205383
25.000265340799878,14.665662248478162
10.52967482858892,22.898037474562273
106.67161242802466,31.888381666421544
87.66041922547974,162.16174244951284
97.29196414040364,35.07859772430184
58.45339023908507,113.55825336502204
35.23439699835309,25.94011114868536
74.86567809186782,174.52966095641318
136.50640179692584,134.00252393461653
17.118458866663474,72.45871103553579
138.64350084393513,90.83351337001804
9.92088007026476,65.30558337859011
74.64997060259407,134.0218066189705
173.30093240622247,141.05832288935855
186.4343482969754,183.31005504972694
107.78726518175758,24.906969575522552
127.28940922797227,74.10661736577455
88.20122184388985,10.423525302965727
191.6631222641755,184.34071743845084
62.33766106893973,12.161004646714556
140.47316740492812,42.46111139312557
122.20255300649988,189.31108848050232
33.06244768333214,7.371234022984382
11.762753867691195,5.746698659634237
57.72262033790102,121.21219563794672
24.16596280803315,185.0543032058108
141.248191137639,10.628319624214189
16.940336272696165,132.21085221689572
155.39602345208348,24.199664144126146
61.48138385255853,182.2266959365143
19.78607206475166,192.63280481019967
101.61100987098801,144.41204630961002
104.1054533127116,137.11202621280228
10.922022701211247,58.76367147947484
31.156818630941174,17.952185609593435
57.377245014952585,103.08450636269079
112.39679395609933,78.64473180544263
10.107851892364412,26.613479045893758
98.29478994526728,43.28153698140186
25.281670227945977,143.08748525474874
151.60085159389135,135.6689466007162
159.24242376610155,196.24105613426516
99.54795599136793,93.45206381852253
139.81907408487697,93.50864933583632
8.644088044596522,99.65467630740929
146.31894931240572,75.00361851478466
145.00057682962964,191.482714282174
169.12643750568571,189.8207374180056
152.87681211255824,87.88788715949187
104.80201037134323,132.27164844807345
140.41230674993045,72.69864697314902
94.55695704191774,56.91503701840574
23.846940029644983,39.71414078881622
112.90582662901222,22.448150168922957
6.982080809508129,25.672474153598934
72.51965686993604,103.9577295984742
62.838434786788994,182.98906552314494
100.65817029755083,110.97898786073274
82.7726705520717,160.9086997536519
87.70413278175664,144.18955308139343
42.02874014246952,141.63764645113653
148.9053879934709,187.47675374331297
104.91621341656271,122.78392470732264
81.62664343533056,166.89095816094252
91.96709630430696,110.1120909766811
103.22377115277291,196.80986274164485
193.86373877262355,192.59713550966714
173.27145150286538,6.302206483231334
125.36360529341094,51.23384187976154
39.77129545345278,15.281402089540922
121.89018640490872,47.911806179688945
42.35022496189678,21.459855354290056
103.08673747091983,67.52466580758924
102.85658416561274,51.63600111506741
80.01402303082193,12.567208557457887
33.85643749597627,31.604474435078536
18.110986311226554,69.25381114794502
125.27180759866366,46.678094283977345
52.2930015380536,134.93276907026797
63.190626201570325,104.12415723483055
107.49245139877472,117.26068017133547
93.33894580873337,166.36497697514864
17.67891804740166,113.23424889148778
184.54082086401306,159.10169100974218
96.88789650160051,117.42029857705197
78.33517110478795,124.72931774038395
97.86486665146452,161.0761948532872
151.70139313559756,142.99360373099685
99.52890866677161,35.47893958552056
97.52735371895506,68.40818976475465
88.3773277547345,35.45728318070655
28.55962075212647,144.62999653485147
114.45322499755581,87.99457094805928
146.77937421988273,103.60638897255865
193.61235236012837,179.57578527391635
23.140940795388715,176.36973133624858
93.03506432330823,148.51195218698555
5.287054852141,91.16454238383757
31.57314499714408,166.86203344173606
6.73914804730798,45.40044771585845
153.8469178379397,84.28726098607444
23.3641407131669,125.6675492703945
94.6711652756258,21.988715833415704
127.34613769108884,40.026779682242385
140.58548703210968,82.59068967394873
26.561797700719584,186.54475820918228
170.1353386863451,10.186909571287746
148.23934658849274,76.00566099057762
85.40782698840776,190.9696881088844
74.55035450303153,135.29487739149295
84.23440869066829,37.99334127214099
48.03920505494733,87.6866310926516
157.18141742173216,10.43192351793868
80.30020056094473,138.7291165736748
187.71775292593387,189.03697847857038
112.61927169589049,134.68211090604615
32.05225354414338,47.56451939350236
150.9824585824317,14.957473969369929
54.65282709543528,174.74071752517844
101.94339395486546,186.29826429283628
112.65485414517293,126.81444576462408
89.29282622360427,6.443789604662127
97.59296894697752,159.67836829917843
120.31182544320892,175.7114738278769
113.89578376919502,67.96427888456526
122.72631365107814,121.15684013195158
139.19728479376127,36.49933804504695
187.6773108441555,70.49282176862457
101.20910164423785,180.1460698326071
57.93410701244873,103.87412867348515
34.54503512206073,177.51953815284966
129.1557302833128,92.71584796924286
186.54372671376638,153.66602312663792
24.01822051948446,178.1342720859705
172.15666308065113,152.39531207306138
39.68338991090098,21.380651164723403
186.71209687901535,153.72589967028833
88.78698929170623,101.09554083638051
58.459967378384476,166.37654056860285
130.02282647506442,18.777206538501613
63.72782961933035,14.964655321447209
182.55028156333378,163.01936750351476
101.19348946165542,35.43613538589561
40.396076657502995,5.036909323306124
193.63889372670792,121.94113331235165
50.47507554669754,191.35521790570064
153.7642286398092,32.63149882471033
25.90858513027002,34.58328654456314
168.91202809874653,19.291783793400914
28.66448961670291,31.260190607937798
82.61736626754578,45.61950576199836
123.71434773662311,73.41237906048765
68.34911281259922,170.63804041920406
129.0221799589492,15.769690972978566
10.903397910329714,187.29594821242338
114.87698568580873,46.67079448615546
120.39561650990113,43.75832871737727
81.85756427583873,15.455594275131947
102.25592226848924,164.0130563685858
91.08475937588693,56.07420144158524
145.36289835548664,184.73618569362634
191.33091778264458,151.81501270978592
6.555881312076175,28.925260381325096
96.75651159103475,21.09820159195566
186.29810205298745,24.049829784244405
37.89335594405015,194.61811050375601
9.430809488070476,70.10624898358644
108.5567991498893,57.14886060727306
146.93593400817093,76.51565081684736
78.37154873704822,167.84594865058423
10.0,25.0
180.0,180.0