88.43666792502897,10.034138632565618
186.80943782080098,93.42375281182879
76.52954975257266,169.64354116265505
118.43018942776442,187.57554791242984
134.52523522426876,50.3076067046678
133.57236464919222,153.01786438025547
189.51170732650803,108.7248125609785
80.08083474087401,92.93958493173537
169.81824596843146,103.8596796567054
111.88855741351482,157.319903589006
193.18189282361638,185.21323335644766
141.05587847417056,49.219527528818865
186.56429418864604,67.23519268452876
138.86750829702225,71.37406238911278
79.71908104166272,53.98063008111382
81.43342782353432,25.23764944086258
161.80858737323356,175.78096642590074
148.5687162499849,117.94922730327029
20.96320863876862,167.619876214944
154.01962368788648,42.080125876118366
44.469032846744454,35.704491471500766
13.982912241757058,44.741480048544894
82.79155399305061,21.140473458967335
51.943254405330066,178.8370083581528
60.2474485967613,33.12829943384582
111.92836067715395,153.1456538070572
147.08684278617616,119.1925158415722
16.922114326117203,134.3753348619838
155.1977919592598,70.59730275605287
165.4666576841627,69.57900389227535
191.3392641485965,56.038111515606715
124.08202516172345,188.85852883167652
22.87032622830681,93.06342808338637
35.22826195571401,42.4494781620195
58.24445684825221,171.71612176787534
46.387466196751696,19.752916141211475
108.13229925783384,26.456407767312793
152.49975278089602,142.95054800488697
132.42045979903486,28.381890650786282
121.46063680805402,12.034906680206756
38.6191270713241,10.632901455533869
45.021324319497644,42.39727567058924
174.1978831687022,16.47309955221648
158.28477942075372,169.14941919560545
22.25667576338876,160.15897063520194
193.9096421224399,104.25373777471259
155.81629541298815,15.323425348796606
30.389428141485133,181.74688950557677
57.728961813142384,139.1874891778319
30.288861633888335,20.976873660108456
11.16533228798639,21.005103705625434
10.842167204478255,61.23112949976528
64.24622393670816,67.7572709071473
71.1872349668613,16.309090298011526
50.49837252451058,172.2316086686872
87.81413579355375,92.01373681842956
48.96875136047658,196.2160628947128
94.96779016157052,85.83041793067555
121.90602398051136,115.08767263744078
173.86283774340802,85.68184421294244
17.05051359764244,169.3754028140766
47.83048706691028,20.794631348406917
35.512815442691476,192.5058536623466
74.0792442174317,51.80226570343515
186.12623952932725,135.6094758969354
30.87556013912146,114.03051850945228
115.87368125089037,141.59906407575605
32.89305008751156,12.668127933175551
6.9544723617149256,137.3407446044752
180.17794262239386,89.18710857803246
156.7807009091981,68.4941376771728
24.11052765774773,183.27673646743256
140.63464720860463,165.1205106430502
140.50229009532862,130.2234883084508
99.82115279771543,23.490762169253365
76.67918633547612,95.17334544500082
122.69343347737667,169.8816904992643
25.42080439437196,161.5563897888715
123.79133534277355,132.4344318567652
88.5060183936188,84.77358359188952
160.81451713234893,192.68811086179312
176.7702794771929,103.02709698568938
145.87639189434302,113.59670274273388
137.4114112921445,192.31840052596394
164.8865721821022,156.2077180309804
131.7906783499481,87.43142618839923
5.957046231463892,98.13054362266682
113.55008044305049,9.770118999211265
122.18375233039492,79.5615873755895
131.5811402412177,61.724781473864994
110.35526062098769,11.263047498141498
55.68807332636696,59.169936892675345
109.18241803663527,22.145817654511664
45.878742910879126,20.661562103104202
189.3156897752598,187.10842192576607
159.3358663308137,191.6621603664069
178.64290960658005,154.1823902159159
31.438524005713607,35.941406082143196
116.98958123746702,30.193587222711848
180.7597366934062,115.73300499211142
91.12481059212075,151.18027015853593
63.76497749128162,140.0957032464784
115.99998721492963,13.597504433565916
97.69342193447238,112.37740277414416
157.0069466034268,19.876782911145444
193.15276282447954,77.28753897490895
140.8872562191486,44.94827112012421
131.0809592786034,139.2913259405073
68.43427741727811,85.78639037881098
193.59011255735743,134.28677323927886
195.26455573653908,157.0365436307771
77.02962002398395,179.53512153901048
177.1294232091214,122.481221658708
94.80571256193215,6.5808383444754845
144.9984165067314,116.24039805849382
177.54223539579493,6.648638762875983
186.55272994950283,160.9424337560562
153.56311995979485,136.319769185251
168.83126305242297,144.058011794336
124.46244596125479,162.1639845055546
65.11761596457895,14.171491016001799
187.91406553910377,133.97484367974818
192.23507679886802,87.95660267394807
27.421966709407094,158.59367744719287
101.76124282533138,9.337514087446912
177.10330231615225,136.59895670355843
37.75580487936119,186.37007112865234
92.47048536269295,189.3153035536715
152.54439585973248,32.96150664912825
170.02962281379047,180.8300606729282
81.71749158553,177.58994302336657
151.17303844297405,67.74415701256228
69.43044828278327,23.284363313630717
29.79552755499585,179.121686975928
21.62707710160749,177.04525180113248
51.95035762953874,21.861542652254553
97.04944469594933,152.69352425018167
171.0033108687536,136.64848452587262
96.56118510713664,165.5493267522046
167.81370449188475,12.498628173568058
69.22867091531289,140.95991025114225
95.50826230096455,166.58532722009687
125.63214391230406,170.8048240164342
93.0267704957848,134.2100952229124
178.29181405386373,34.94735755705599
159.74028510059526,138.9792719400579
183.28473819887984,129.71666389037637
36.57858658706413,29.566923588658785
30.744339103348885,92.12979191294114
171.57437522090683,20.7729333822722
18.30798371042847,150.9787798731448
5.156405005391363,123.76036569982783
185.81842143681249,163.74278002266817
182.44157423362012,42.63495888411398
191.35986957348794,151.61494337095945
101.81369592330813,31.105448177628645
54.885852654909556,150.71197888822087
168.30571960990537,54.669806141355636
190.7701028459884,16.66753527497395
92.18540940119452,30.414275357854383
131.27053794506318,22.037249231291984
127.60452501356565,96.48782582314932
52.14640857796773,10.328797128255523
102.21367678217402,12.663181827818997
35.32736687154697,140.90205975027501
139.0411049967813,85.90475809252659
140.38893191802325,186.60465474320947
95.9898810022619,94.76116635385071
173.66643389651856,91.24777322551819
31.344127209681826,106.8565920452709
97.14193981643713,100.36701647591129
13.593553599322037,196.6661409466186
8.468865938910913,91.5613364901219
179.20505308625678,191.12214801447973
141.87661944632796,135.58814548624846
120.64833518278675,49.31143538376657
24.907664432542397,161.66914810853055
140.14068157528342,59.42433150781137
163.25576242927167,54.9609625289212
192.6150660239166,140.37848135359596
131.612850800657,18.102016139932413
133.75087319850613,49.601846656407375
130.17682423971576,183.042565202916
69.93033416653579,172.66328770804736
176.2936596005587,103.25205287550298
10.200850207836313,26.910575971403546
73.75972110970935,134.04168541221117
147.98002122649197,14.63514159595147
53.984133813126306,161.31262493148202
170.30716999970068,35.5264962631105
5.539991739417911,69.36547925728028
151.1869222814605,58.670184875413675
64.08116276816389,80.03555684366829
80.82197046374249,144.8853431981961
66.62021342484243,68.76662125562602
164.63334884732973,193.21980523280905
71.85536767725858,154.3393778147967
66.5968531682404,148.30652374469838
62.4601242087699,110.49517750182703
135.49827978112617,19.744196127156197
41.29789771809271,167.29599870873912
75.74213737136112,40.29493658438015
193.97403754944693,150.03679149461502
94.97653134336167,106.69378269834424
143.21999381559584,111.48433362558778
44.848947742985615,19.52172828386988
74.94473497532827,60.804553841809955
123.10052432421404,188.8542624635083
18.18882246463512,137.23544072434865
32.73607365279414,106.4613623933275
55.49700140064995,18.325515325605924
182.5790649397126,45.92218322622717
84.78114795909354,139.62865367542736
72.0378792559303,88.67623948845132
76.88903633957474,51.559293752073756
187.56633675382193,113.45352205589614
131.22240176203235,22.241584015222557
14.916237712803806,44.00400276963637
171.42054749522768,189.4895481568384
38.31015120812207,139.9194376865923
28.101000728830346,184.87029532489646
155.91832299159083,54.58996807719751
87.73163502327765,133.24697303895115
190.91477984924222,23.38476341120377
114.9787133248249,22.22331031397699
148.82328590834115,109.17191590482447
33.01326199109212,173.09277564261149
18.387747444114073,79.40145138806811
164.23456391776577,100.57839645183817
89.46049055811595,196.82463618735363
128.05597038742476,13.720648659813612
84.82551937157403,81.94676106703135
22.24972247910806,140.28391841166666
53.92872110382187,37.670318782422406
144.061415983505,139.08253452110625
37.398954945156305,34.77572626876536
92.12216699408964,89.0989754734638
77.88176550620801,34.440006385009525
129.92383340881304,123.76544969499945
136.01358445067808,125.19778478612311
151.4182126287767,155.75108582178723
70.06924872484231,110.52417019499077
175.03060872570498,71.58959140834521
196.51321318260713,114.31800543334681
79.6741236565423,48.52273287100604
121.14189473979796,126.08837396422811
162.73363619054663,42.943851927126445
20.52798002522534,159.39903873796013
153.6529118830551,122.53088106563344
29.887252233591717,118.38649635310546
155.46416196821036,114.30958385077228
152.49453506039447,161.23938243128643
102.93209452292983,35.82310354998974
24.95398571126302,91.69571723387112
12.84641713711751,179.76954137146421
33.658412177848966,5.044585999935622
52.31791725944826,144.51832420168017
92.13010339521644,65.88999338151586
33.365542719174044,182.59873453834703
189.09038436487904,170.74165214933703
133.59990388675286,111.5981295854564
98.50789000429181,177.21027626299906
195.63155636701848,31.473254711203378
193.52757160671626,130.67510646853802
76.67975443549193,169.7079891114204
184.82389742884115,84.6443337200278
186.51804813794544,146.0586552249799
96.37729088299395,99.95570482702223
123.22003607439478,95.66170560787602
124.92664053003044,183.4326365181681
119.65688182898822,77.2948483098596
92.75563264234405,190.06371571586337
37.665041333486165,24.526408625611158
164.42126794694795,24.76080482798543
76.8041694026947,147.2886194224537
72.41229903560331,42.91811640546463
31.270989463324426,42.85859038875227
94.69584199215399,139.19769015729372
77.94730094677249,146.8673871500772
57.19777708568108,101.85687195800757
132.1579663553726,128.7771089055053
10.697522464359013,112.97568974464984
107.68529938831168,178.9218091879875
159.8038789927209,9.561991259418582
12.42233351500237,144.3014061966066
67.19335982375722,70.41647851109926
196.1283963948007,107.50087457669228
143.43980933095864,19.755860434934856
141.526480731478,17.859471741865722
146.7003128214396,113.93109142591355
69.53792529734295,195.03384301405842
122.93258247509318,116.04401739129446
20.060743475605232,26.078487316635854
177.14466794551217,160.9012092912081
110.33902064748133,168.6066602854246
158.58571924803022,146.34102791916283
36.29153035375446,42.510525159880224
41.94026382614186,163.26740043591317
70.88978377185663,145.76517237201094
33.59010903298612,133.35944838174848
102.44939898251066,168.34984514692295
6.938029366167573,68.80440448520577
137.65902526357456,127.29162246658701
196.45433814162828,142.24828364150898
172.82044401677294,175.6160996742843
78.73156055533399,9.3154778112106
56.69042028383323,25.870095236426508
17.76783495118388,66.34819736021855
72.65875772405735,46.13759967851953
47.37003570960399,137.38327302777347
103.36094635936956,155.34013334074083
62.99118041792742,178.61505639585374
107.12281519934838,19.575406385414563
22.324380719869666,31.445163144406855
129.48555253185435,139.97941241836264
11.581851947891453,33.04431442696611
167.10537060689612,149.01216098267471
184.09812476340252,14.899426655968984
54.22058691111833,106.98816257511838
69.65983405222082,61.32006108429486
137.98003316105024,27.0066232352329
53.74141044096457,146.74196223454618
53.082452560093024,194.1794634597325
186.43406417041825,107.53939390600597
179.1465311756911,89.73719578934549
133.14112606952037,100.58004467698825
161.2133800285733,180.0119635440855
106.11741147610928,148.51566456240664
172.6814125985221,175.91569257041618
131.47513437263154,53.64043704499556
141.43320831437208,195.18277209273015
95.31646445269963,72.52519012788999
175.98216194211955,34.79659115357453
138.82589620663484,38.70345672119392
142.23782253477415,191.14864294350048
189.5078923493051,67.6096438687458
159.02257376083438,67.25610784502382
131.23099433332555,25.201627402591438
165.8937544139722,22.75769589570624
183.17584183979773,176.73074234565308
39.95448981775008,145.8395504692192
118.92033725185512,89.61850291913365
102.59598057655529,135.93952619844833
62.08809395502522,141.46696365442313
77.33543265993829,143.66243974472323
111.88278696086954,140.42511480830544
156.3018233006899,163.25362841901088
21.393150860900498,70.94544579098066
82.67870519532619,95.48204592362997
131.0369914251288,38.30853208307872
157.6404174795095,53.02001543979373
32.21592019738356,156.66787024563897
135.8965031706914,154.98008917046988
192.54434595672478,29.024588336884246
25.250499393430108,151.53777072601585
26.55428111708237,47.89972417089453
191.49286003786742,164.33037132381855
181.12829145836798,84.5158179864567
121.39034521507728,170.9569053636121
137.4038618285819,10.512484776574619
196.2518936358902,29.260752265080015
107.0570490936096,15.68861530344971
81.8512718113341,8.521967604371413
46.86410942707289,5.410141561414611
113.52284978073382,194.63838397734335
85.69660756146388,26.27130002689811
71.78514388181449,49.6220106562721
37.52941179310656,142.18596353294492
173.7606983043194,164.12984148699795
158.06745970269822,171.76794155577085
99.44611991932534,45.577457221897056
180.58469044832037,118.1659868432433
53.535424763416934,148.91875514678165
196.0667564988704,70.56060877334957
186.36529193131855,86.18790974120377
193.62556308793594,62.44281583022824
83.10638327387397,133.67506116576342
119.86248397106912,104.71224516085967
44.959808269889855,181.11432816960198
66.7290267103795,38.170551393945736
23.313095696366755,123.55439834579721
160.4674085734071,74.24771149928851
118.00255935914146,59.485903292926764
11.902364857625724,100.37592947785399
136.60071619630725,175.62065345422835
65.42089487363332,187.62545196563025
22.80135530246649,172.10742760020375
132.93763996436843,88.43127069902427
16.3523508665969,81.24228511353041
195.9862507804618,168.48752052684026
158.71202350282118,141.2233236001074
99.47252580356903,150.8511207070831
137.5882259057954,117.96831510779842
151.3397532670197,190.67852423539537
155.00325946880207,102.6020200073172
128.37070383813463,90.199355520821
194.97640357842653,9.090047952464488
187.0261699812549,92.81462203564469
40.19707233786006,191.27726358461916
54.27957561737546,30.979361065748794
47.61628161105426,180.45741666925406
94.30043080933662,164.38060205891335
58.31907156732186,180.06874489478412
92.89518601887927,172.50137280960146
121.67861094758013,186.27192417804716
47.05512182622827,189.19669376338027
96.79402353174883,58.369633988754245
162.85628539194423,137.29745100213725
155.58550659058713,153.77670012856262
75.08737073584899,52.808184501267604
175.82416494332466,133.73482989739597
170.97939220583987,182.29314009458943
40.17037947520435,192.62635111655544
96.83037923394043,145.6171756056047
78.25069154418604,48.1129910772122
86.09773619746262,43.97108532648457
12.310016143630605,195.37780910715935
145.38972930696687,178.406649637082
164.41697379629474,151.94989857807013
195.81900236878866,22.790033458985413
119.22443839019633,16.635749210731777
151.72023508112457,184.26780549815683
171.63364197709544,56.01027020607403
25.37761693075253,56.10579216466952
190.9740460460785,73.93876900312196
139.016560147873,20.676555967651574
31.748867346171817,42.2544473566376
14.797726974875454,106.06436033428784
111.19407652414813,172.26846202827687
156.45486481278004,16.01486848686728
12.624582302584999,72.23923267207162
181.19150317655226,188.77158042371457
110.00866560505068,14.267408092388484
191.36310339662327,187.2553715495138
151.79955922329302,170.01422510092164
65.24671719591937,66.30837613383396
193.28360646856945,184.95996917567206
24.564009435153142,141.84343412343674
64.3102298202899,49.08188260742244
187.26596946309715,62.91266927477082
194.65643264254848,117.41085275321083
180.89844593539888,182.10015369078386
137.2953123066999,97.51831535736795
161.86332763841494,85.21363122975922
20.939128966673337,42.359995577326174
164.24958851701572,107.93597385798087
184.29877202490025,70.42365923865988
81.74025083807182,41.039121423679234
171.61462910582804,55.824760837755726
11.941595614073352,51.58376574795416
127.38873929215535,188.7329071755335
43.59464035903964,191.75357486215597
125.15019734722966,9.337908932958442
172.63481416495426,86.48681320402594
18.2580907512432,170.00702392368856
12.518295342597114,139.73928041884383
59.942656759086155,79.9517777876059
154.97530627223964,78.88648097500929
67.59936253134589,18.563995772929776
45.08538482493527,29.77810536021651
139.30994640181137,27.59103860890815
15.786195160132515,57.18580651777
143.30604284693,59.49147050598439
45.742605247047685,190.63868293922883
62.433961661464096,12.094179152606472
119.52492089817522,90.10991873895199
15.641942375373658,81.12019666392573
46.60092594344583,45.376366091175576
60.70666412845143,16.319972892567694
162.32186644292364,179.8146247516233
123.25179921748153,53.82739391786775
159.72732819411922,42.06679156264361
186.84093692836132,155.15620265111616
137.53780824892934,97.36427700180393
72.54289157473663,154.47532824602183
96.53229165245901,61.71249101659519
166.18982276563187,132.20291025553666
33.81628681387233,35.76185686893274
49.505148195542326,135.38772973922298
135.62009448108782,185.591440232551
23.176115592620647,94.55570183199124
173.79204710087419,166.1068375735419
128.88785656254285,90.63269630516305
164.56048785688046,185.50216633100752
195.6751833354392,156.69447136193503
138.10998507975165,29.870488606680354
134.14099982783924,149.665622953253
143.48561116906532,128.19468237845712
73.68301905598578,10.416720891591694
23.961964322226862,108.06625962413814
175.64977502209615,12.000998642492696
120.67750541599047,48.85365567205861
19.617500077387746,54.42687029097205
181.62313587037758,87.26162024986505
113.4990685921025,45.84872925744832
140.036984138632,192.09535761562128
129.74206754265296,28.021668897579165
69.19821881778937,179.46354551864945
73.68773740601104,80.0368223397502
186.42899392045732,32.29595169073607
147.49754057165816,104.84666913108563
68.85943677002577,99.45044583549247
58.61022279794459,48.14995830972269
176.389393890501,41.72515600917269
181.38068574024948,162.5114521304155
103.82915616625442,171.80191170138633
27.86557425285758,94.82994986459506
140.53703961326335,97.44930366876696
158.60808329378614,134.59355330112163
54.330030437706384,85.19426383365628
46.08387090532064,7.542820193722495
135.09423613755766,36.510541298995975
192.7759350980748,151.13729614325683
107.51754449192923,46.173587524860665
81.43968358801419,140.53639098045971
52.64839940108641,166.74573158965504
62.41363666567954,92.94958421809176
126.40697732627326,141.7264984065269
132.49073342405316,192.39265429702598
69.16355999461693,104.7799173400548
147.8897813497828,106.87316133021156
133.38850456438308,69.12479683128451
139.63849428788086,24.237902116630035
186.2154272304538,83.82074936783225
121.45909266108968,36.12052472699808
90.4878291845042,23.354912015220638
133.76980032258876,162.6054756313309
63.09303714784636,20.754803770578157
191.53510894093006,83.2072541691591
119.43288448367316,98.63809513806522
47.06989844939446,45.565626751962455
10.094719836066142,162.7621121912764
71.89700540439131,157.70840737366404
152.98801801824087,30.02072351317169
181.35235821256367,178.80874439349253
176.95233890541138,104.09223406698572
27.471478494732523,192.4053381578222
131.9541587869412,39.91357249920599
81.10510316617292,61.30538590709366
179.478062569583,76.16313947784813
195.28669141429214,149.66531367219613
144.2553064490369,126.92919878821971
189.83886589343632,22.265377135948274
137.32667425077142,141.58886047219758
180.81498831260237,155.71288696675302
162.18013890699442,190.5593973249498
169.9121449006225,54.174045485079404
26.04225050522305,29.50329934333095
59.30150181729952,39.216259835783426
90.98028348625857,85.70414452343907
7.927095333807278,47.799263829273535
44.62455282384152,153.9223306824975
30.110498018345545,140.17231113177306
115.75111228791218,15.803253335825971
85.94818139531439,89.81049428639803
58.770631151505285,137.7652729771123
14.548946915606551,94.48923799433368
129.9188393591237,46.326917601242265
17.988054631281415,22.451903913086767
59.08255510758722,19.2555894201197
28.781244347190363,191.25740904311337
24.19938968000036,166.55583087339133
91.9746712929305,170.33430406181543
165.8228250051979,113.74742243921298
136.87010640229454,170.7130739804749
152.81040778060785,176.85658285602202
92.20893150297078,33.42487697399347
58.818312060682786,104.68586164447073
112.74565189747227,18.878546710414017
174.95170470393566,95.73436854465432
134.98837166349927,106.23500355644379
56.829541824457095,149.1556881269139
194.22057215340746,118.92610831728857
150.62710233477,104.49497629847252
92.07648221370758,186.15049034922447
73.30155352006197,82.77487917048852
33.2478457640323,169.87370528519654
37.864761763405156,15.728126384614388
130.3411628833627,178.31248724137583
140.59424009338193,43.03504854741988
59.78992997680195,48.5183897157414
54.90144224250552,19.869410479363157
170.3004687540152,123.06471285751462
54.77195254027414,195.2108049989362
98.65339593816879,30.06684212010298
182.79655044135745,15.589305228208087
175.78181149930273,146.2037238841703
153.70846703005267,189.11121069349693
90.0494333648914,77.52764606884503
124.84017542426018,65.65250158722722
166.53168490682654,7.876830704461071
80.8454171218977,91.44142570445503
21.89947038171806,160.7654417612538
37.51122656877762,133.69018530801873
137.78040386860067,136.24664920388528
149.81963098605658,156.33298622162548
183.68867984249124,132.68834050797997
97.69097878007047,66.37394111983892
24.846519607314505,170.98186007199317
195.2870268288719,133.41279236145445
80.61389743772214,150.52359887593892
85.96658690832882,27.896462928131186
158.69469291611864,133.82958374831534
178.8652856454064,90.91557093805645
83.93547253796073,177.5459597104626
28.657459146816116,99.78014417441634
75.12228661385254,59.36086712115194
144.78103841430377,168.37584139221462
189.73621808955784,33.239847381907936
150.99948218952997,59.889870846656905
145.2545200699903,38.23149775626193
119.69865854040808,161.9727449511114
75.59563109457068,187.50654820155862
174.8787179571124,147.8192252545707
76.80159332162579,153.90221905767623
16.163249992584834,170.0726472773238
70.86053911817672,105.8399921016942
39.58902643321293,9.024209679939842
59.570738392141294,43.63289721604031
100.75627044842386,46.252403028590244
29.355982952586547,82.37778667206983
109.29324072078408,190.61628045924706
7.13423302536013,34.01794254702161
78.57031981750727,22.485384781995556
68.46374094023462,50.549925538100105
109.96760164795649,21.49918602388003
168.47773027392307,42.672392899639924
102.18029434756036,34.18564326369878
155.98428772866538,140.10994627689718
189.3742972652323,11.719986398962345
144.95057922254722,30.716142662029235
68.45756769625385,14.897278755359116
90.25821197204338,69.71435194129523
140.00503455238345,74.05405258812685
126.98153679965357,80.83093687108976
29.862034940911183,51.57189903034578
187.5013435299508,105.90640762888577
139.8557877507523,85.86300599166097
21.3770954133589,176.04869657516463
56.48891174988239,155.34498578881824
119.54768495788842,177.31995308694326
177.73051338586018,156.41689352816448
54.72605087567169,25.880339154921206
72.97090877447955,19.814855645475088
89.66072457397286,146.6579913891727
44.28464853874603,141.56143672745506
31.533318283575596,114.12012090885298
56.506263929081285,191.57450405232993
167.93149133979082,96.72605863317264
115.56558429414595,194.70610956804225
25.774148826881873,17.343669961008548
104.8248411821983,178.93906939146302
64.54431907188778,173.0763413833166
149.44855537299154,45.15046607300728
32.075094367810486,97.74791745539201
40.853612585076505,27.996693953354658
72.60419530107288,111.614792095657
94.81041090218139,194.54730439374168
120.88307046392957,124.91062201969393
66.11751044500987,134.77096475111588
153.9450972064476,14.66451869654775
98.16598827662828,183.57046896049147
15.866327049195204,35.84684310011024
109.19171403528188,178.52869781972845
67.31504415865382,168.67337788929768
104.11062849077028,26.574501348979418
144.8763086981774,84.63085446431263
15.321273709094326,74.71991251590401
120.15512561850664,9.947276358182492
91.47770226232292,86.18640352890912
159.21580085347088,161.92841439343096
83.31199893849727,34.19574874185587
158.98131579275912,59.15438185052642
155.8924890462648,191.63859510825603
121.1389408093572,125.9975894612026
17.65337751760074,66.67397057897765
29.629706154772272,77.14862106007578
128.19969967264416,92.98758773065506
100.4167908971612,29.1046882732069
145.80822660828755,20.849013858212164
183.21007998644978,165.04030882139244
176.09672626025514,156.1138645323808
90.2785725044331,68.39222351719359
104.85913758953762,143.17611190990988
179.35030064499762,93.480118512194
87.14413039224549,86.76308146869785
85.59435933837362,63.51607586234499
69.56972331773389,171.63409900929094
95.06896580919882,183.27439308842028
144.13279129910086,35.349938776874616
90.91318154038296,99.51295960474268
55.21582930601392,145.43129420047097
111.07173101459621,192.79891704291444
111.38449435919559,164.44285836891214
160.88478781758124,146.6385602808937
59.57241926043214,13.795513524909701
163.35866956866204,43.9403340233672
122.4240244641651,37.746133317520396
190.1903610730762,182.77012720662748
9.86664607791249,91.44691164537446
122.25848032171822,190.57438985442172
139.09133446688415,127.24744696619891
15.884452949512497,8.314644135477192
26.62100080847781,33.68147616953941
54.148747119894,64.73653535179498
31.002850846386593,162.3486615149604
178.16539866500506,142.11927370396123
196.22636926100375,156.95468352790098
150.96334960789076,105.81570459371629
179.9145509965641,155.83879684355375
156.54965616731417,144.68461904961316
140.8521223915708,128.47145326248773
121.44418525841704,61.02971878331274
92.85706687631553,32.22230178773069
102.68300915888723,180.5244969789425
176.5320885298723,7.352792395737558
157.67815665310803,121.14415981171013
63.73474851532776,85.92717233260122
15.784546610851523,63.86493984393111
189.87819563404145,56.95578430228311
134.88217960647322,111.37043632753199
84.8594305702904,174.63290506228458
35.07950147788925,147.3732928453846
54.83180011239741,31.46066205306616
93.90119128952955,8.666511045387537
82.83884764661265,18.927488421574427
165.41726556055585,117.88866090551801
159.77163604545592,46.841891534376494
105.13827219222202,31.227310959495984
135.65168011882648,168.41154937440507
128.2631453506526,28.805847101453992
147.58642096766874,131.9891963326045
94.27488724493922,44.244462952754176
131.59139531091557,7.377957243148596
7.150355001521044,138.67313598655562
137.49980178824794,117.10678435836273
164.22692414570653,31.58847940418442
187.07851157867603,47.00159009655138
31.679721900791765,193.12444315113424
71.36243688243734,133.99727514143598
5.145226584087903,131.08071653691647
67.34199723909786,93.70685945308837
148.544200164286,98.27272727505637
144.9279594963897,25.277711422766007
141.98841991631855,196.64950684668193
132.3931055288575,31.063523861367123
74.52324708001926,80.46750213187619
130.90287879102857,67.08053615048485
32.94067078210987,89.36874132810551
179.9292241906735,54.43542322268802
154.883075096298,41.184175719854565
105.55515034324675,42.06593104431163
152.2922950323942,113.3000689507105
134.72803002419144,109.52809115216382
122.65010532101661,30.678242449378914
91.16983140448794,171.75739688509375
7.591892709872353,188.88939777056703
96.55019181388647,142.71438080341744
11.235443367165148,144.5421548126398
5.790303715813835,33.894114018491905
10.540868314349368,23.430854884643708
154.22243977926604,119.54918309166254
33.970144474603586,10.170892664682533
94.61483770977001,171.10664606269913
175.2750938517061,182.11008347999112
146.47311727703752,150.54135067684885
165.41418613480386,112.57339652935971
50.640908670128866,172.26815312082408
7.899850312625063,157.46698066697232
133.97756282086536,81.03092510717528
112.67422355756315,154.3166294317121
151.03939708475846,8.563539280709067
80.56164809845552,77.47589432797075
190.38199518494017,134.54984631552733
8.175454958144,102.2736429280403
128.64127745600527,176.00557323092667
28.053755141799286,75.82267674688633
9.872583470852426,83.74735324528103
94.13959640455518,11.775348671608755
119.60836490670926,123.81220152344207
76.41204814115432,58.12803118116881
15.563781485300192,15.80369674045536
134.91742654871302,11.446954021631232
81.56569543896875,9.38432587823964
8.101850709543166,161.83518632079452
163.78734208680225,120.50812059526868
53.671846342747855,84.96411491976302
9.105052143124906,122.6988217121971
150.21424450405706,37.789387595401486
190.3952800854039,80.33551151479207
112.14523628534775,190.5063704336215
87.3048932433889,66.76278224550974
7.266062667883623,137.48792943254696
107.71795678941837,32.18349269591035
23.707590383637157,177.93718171142257
52.1359625326369,174.85782121616776
173.92702532751645,28.57155281019808
146.84633573075266,169.753182122409
149.88037912822244,147.3324674748672
122.54208248752312,83.18549278547044
76.36229971498648,139.8853448008184
176.87727595342938,110.47184294455197
140.74038093595613,60.763250988696
34.64009420184606,34.75483532219188
191.61908675302044,42.3014178462583
63.73185311857774,101.82122998591828
29.655880598085055,87.07569279218927
26.17186900459008,93.31395280513432
137.37784583162167,136.5328966665138
140.38344115173922,67.42514452014375
24.10377627873822,81.8513083850139
95.46856205815185,19.829050617196824
5.437156678643575,159.86922042044787
68.97966256030206,32.73265895210549
22.725521932932754,100.23555471326786
88.73112446399358,165.62848989859594
125.2566550271601,83.18834033505878
27.947597307730273,93.46862951511521
28.479051453448733,114.54299767884753
141.058884805301,63.539842627421585
185.80794095752245,137.79101113629477
196.41888529475946,160.1620816437659
29.37609326498361,93.1803795431074
161.32560634701497,97.19509303538511
170.3398708229181,175.5562320073681
65.79911447881307,106.20928003255486
94.85564022351045,35.75364094126784
175.4209854791626,109.68864749158112
32.980355942377344,161.76918176879764
137.34679467827036,92.9537460272339
124.40775009126806,8.081594425346152
87.13311383651785,192.2215858286269
145.99798896287547,187.44838640147393
150.21591954303415,172.01687294080097
9.599924008191948,38.371742394052895
140.55943315062865,115.767324092585
185.17674730675833,187.4387758493825
180.91366370499654,92.9674662427178
195.8527849055095,141.73771138290454
130.39786248998718,14.82185968863297
22.407367613039973,180.83942953295846
122.79530670372968,149.8111141179243
178.52069431747,164.01811505509423
36.85188183126197,9.929859345997592
52.059415959331986,11.919561934493341
84.5257886241134,19.30998619307683
90.14090130079242,50.08812647515369
193.5738078905988,24.646597490446375
70.9267566114611,85.29276367519135
9.389450614982575,167.8364150695814
161.86900790698667,30.15092357919471
167.84204408365204,195.5142236273251
99.87158587433619,10.498859654893264
134.38842896305226,189.73933768599923
17.219084858060025,179.30585485543259
175.55775899302859,120.30911651551726
10.120417882954847,95.79178664958916
193.87433326022028,19.611020253162675
169.5476883623335,196.18667181100818
154.26168245195115,186.73591421211265
107.66637071214427,188.82706787008604
39.85937254398556,149.340855763771
82.8630928724057,92.7172453937586
97.78194912408158,141.7782976353293
27.650357156166848,31.89135690961785
73.79491513124869,191.70415368521648
119.92348809206494,82.56886731859562
41.284767933005085,151.77657859617045
57.43396321962972,21.740639900721018
138.31470655013172,43.79716220998359
184.17003078159206,72.33109234936543
73.4652999406581,38.70089710381604
78.67091220923697,38.43176079632073
155.03869256538695,150.9575242483342
194.84159500693647,112.42603663203303
20.139110723417474,116.26986321878589
162.51467687400643,42.372932759604474
59.55385121147607,41.263231720752465
157.6555141880287,34.760550641085715
192.0286894834131,103.55391300151771
62.81597530578514,189.6940004308601
185.2803335234955,181.01647883486004
112.50932735077498,165.04139412390197
173.00603404464067,136.6512111270176
136.51416326834885,16.453491312479727
36.86727323809248,137.3528844595775
188.15661582653408,100.1820700081023
180.85453267010888,191.16741178938986
5.350458872813954,72.49406855085525
121.00171601225644,23.866041096053728
133.2313195849204,140.9194666322589
138.776504934573,100.06609875281755
191.99216370404918,158.67379731798323
113.22336269280923,18.200091680231886
71.88482872461145,93.72541696721078
85.42260182609819,18.83930476483106
189.45353944273293,16.052533288518553
81.7280949455033,10.50468774885104
173.16867782014478,103.81533727133684
48.10054957478067,172.82568503333937
95.6509155616756,10.376708948094038
103.84542218412444,14.298094802203835
78.78457734167925,140.23366463151035
83.35951095434497,147.81268547773723
31.515707032773673,62.352300748222696
147.4394520958924,173.8745133383147
172.19553252069082,106.55131087717407
184.32842043996533,162.0307666766663
27.29131942217632,133.13071125516916
186.10333934669643,98.2437201254771
64.54895336419142,153.27616804619134
69.17958352296094,103.79844898514438
44.96961731146357,177.524803640249
148.9265898796268,34.749026414145575
101.77600187545876,47.56632257465443
65.56384139071082,80.77522964141762
148.09757552869212,84.27315956249352
175.20241726061124,126.81656103525725
26.99846251557546,32.294309721961525
9.469553396840542,85.76446927260626
44.25128428464815,30.077827292783063
161.4236653995771,147.46014571183326
145.49906087989615,191.69412045648954
29.293441640497583,14.898804608747676
181.83824093242134,105.80386835042302
29.05336409510592,59.90835390956575
23.16767623688045,159.30071669958699
194.0325176122939,64.13904338872638
178.47095781586907,110.16037495330542
43.51479440211496,20.686352613681173
166.57237974754506,116.54054877564694
15.085599024394545,93.00489087957503
119.0194463692112,105.08755109693031
133.1446145985407,113.86034427820614
9.285012595063654,17.118868747419786
80.94311335503467,134.71407944703364
166.64868066751418,34.478914980027966
145.54465216165696,159.6948779648257
59.50102662574207,176.8351651302803
38.11794901584959,146.74402666804588
138.3958174619938,21.547041342788127
11.184814274210863,76.21324321425357
146.257608179029,83.51174595832607
92.53041556053797,65.67997056931738
16.59203615350694,66.3798050943799
186.92844953951587,51.109997334845076
87.48713167258876,170.8165543130199
136.95424022823047,115.78662646059834
64.14526783078807,26.678805817887756
177.409812145176,195.4930281622725
125.80509424946436,56.52450904900102
19.297345336979404,83.83428752464593
28.774412166509133,83.57972348306082
177.57368145093855,134.2990344964416
72.99226022642016,163.08837413162928
143.57995499566616,21.479138867725844
147.66116873481872,161.24674644229466
154.19500874517706,24.4234711400303
43.43392915515898,12.378650099762272
143.76175460164956,160.17690886816482
70.5473241239986,95.06813900870344
181.09277694055572,139.7178583560918
156.2120344633612,137.33889170855824
171.95662235513413,90.35815034326254
40.12183944558674,141.90847629675918
29.63018900220871,148.78073199442065
176.22375889955907,20.88958982877263
169.25381745332467,149.62460455258503
184.9345658376329,22.271646787628555
8.91349300474901,185.47482091844955
61.81530178153285,180.8820570409686
152.48639117368597,124.20368979532982
136.73916566488668,106.73260220579661
17.731534375898615,25.175686465502718
161.67462542122746,161.95863000597936
159.625303343531,88.41043200533186
124.72677062069634,60.24876453682771
133.94538255508692,91.34701581949723
136.04018227281045,13.46935912079261
180.84609844551105,106.48435076685779
116.02990231364248,142.8011269467843
81.57999644371046,137.4646323551299
31.239602762506706,144.77553478015366
79.55590636618705,170.8834639360091
77.14370892776579,15.002047693692385
87.42262956820876,90.50333354428025
51.08607411632514,34.77251582192494
74.49575041793032,31.082943391096023
25.79398386065935,97.72442414008654
175.71717281491502,99.33954942229597
93.20356065682978,33.38601448180962
24.191612289531076,46.7566801083899
184.49917611848846,150.0879353344398
91.87367229493839,87.26019492231647
64.53498278080684,54.69885808267776
15.883506165056968,10.286160255741708
123.85798020864792,125.61880753862648
144.3280510619602,21.385960222559397
111.87438094547956,135.17726904705876
5.511345463806345,74.56281554724359
151.32006967911758,182.59560078967687
137.37203692416085,168.9397390552608
90.26085157213612,73.05409169020128
77.4155383271491,157.26427859990127
165.74506854828329,120.05042621818036
189.3531553343186,122.34202244645573
98.77722979663349,36.57683815860883
92.08443666216694,5.6612581959724455
159.150471231343,125.34830770913607
90.87077058582976,39.12170164769241
152.5717081104262,16.06066137994877
191.33698474562055,191.84560227391512
172.65346925252672,59.19733292779536
94.75751434640483,177.72907985467836
23.182623165842305,5.497660304599958
147.4127071845803,176.919731226951
111.66012462736255,10.649463177540225
60.02075878161711,181.6553568166302
131.28031634111372,138.7026908562973
87.76444949650603,63.18343403776975
156.057259601632,171.1001895747312
161.07411615025097,80.9870934667844
123.06819109549019,33.26606508606928
195.506468474763,159.41934813182556
185.07601321458765,173.72370270810256
69.11948104652926,64.42271084594823
136.39843443928712,126.65967190384958
125.12795236899836,104.30080296913852
145.59173799296423,69.96476474772818
87.20963059441239,75.85038418947418
144.60094617238892,29.206795781045905
6.235509107710997,73.54261940087987
142.16824346970273,194.07498587008354
49.05492607082378,183.03559508545973
29.576912809096854,163.95596288875436
56.53048249643928,55.378911598548626
18.918097121239384,61.3984523399946
57.437380862978934,60.78904330241299
96.0528580989125,13.810891217731065
17.66091328064854,36.10438586537615
26.17336408946565,66.15596343550996
15.923071530070237,53.42537887791074
188.4010744577861,157.21327694952498
129.48449292044214,140.75323764031987
188.64706744771487,18.811768927262676
194.92407601694632,134.54663015332193
196.2691551778714,192.85877408394506
163.6522620845512,25.399678489571688
66.28670751687358,151.4329644889527
180.89905068201193,65.00873987558532
183.2927008205427,63.888339684837916
38.07622233223146,7.5558089545831315
154.65952635985732,21.665138154313688
92.5252064030104,69.98642180286038
55.49347637192915,15.88354135810053
60.72461294759897,88.42003385772068
83.00061757255467,139.7288421316001
73.3787467477491,91.60248797488873
42.99499078449387,146.8794957101027
22.969478143602547,175.95990581597636
56.99712421206039,112.95288433406847
110.52619708436205,141.79779951942805
83.56895709361442,93.93993927533741
136.0265843220319,127.64246609036816
121.03693996633,65.22800657494483
193.14775665377536,147.39230424951904
69.96185017378696,32.468156218897725
39.26493340746263,35.73205240250783
87.57809096075964,175.39258019444887
194.931230836977,173.99002506123588
187.2799328557925,158.57133448589923
191.12236359799326,196.20927153521814
62.29483349669007,171.49641239948537
138.098511966721,192.71205947320294
168.62377960335908,142.7856410165439
168.9055085506859,47.13527015686988
182.252642330737,144.11880651330912
12.822191629846698,124.49153135066652
166.02248574564598,145.79980360808912
158.15458323656358,15.590825694821103
56.03198715586,109.80977284302864
16.642245595558947,185.75823046846443
152.72407337524152,87.04501827207157
127.08245353884651,14.650077751543604
159.00320750044315,35.25771728524943
12.722573385294979,142.94689966418355
140.44206984098454,116.54362833911746
182.87340542581344,185.36412573842208
63.804507148252675,75.10439013173117
171.91882759522298,140.8951741831814
30.36253551904997,139.27157072553092
21.73134647221952,187.22716679033314
113.79559677817815,155.41602541734508
124.70230731743706,55.79638310538545
132.94260629691763,73.684297086156
121.20098994402018,116.08243565061615
150.92506155048102,155.0953607617656
95.33524456371477,75.49364773684786
187.52285612415415,105.905035314974
7.065964210443525,48.8961833700015
85.60252244680055,22.14949857652083
96.84774456955097,13.29312043629991
156.74047652523595,20.63359680141675
52.07740886382616,8.844025767043423
115.51196534481005,18.038595054846486
186.31767961986748,163.45072538309077
148.89477156526155,137.11546096329005
159.29130418242818,166.11542403354682
180.56397653949662,12.360630389673368
136.74657660553405,90.98615077522578
152.45557218381325,86.28912561517758
57.2294971365356,179.85331383348978
162.61684037036838,129.60220521406913
41.11293514736183,31.965766881186124
189.57035265715493,14.168518410810123
122.96723947556222,74.55598627445681
109.47686207983033,44.97503434939309
53.44467766334626,65.92912972224876
165.3557316517598,136.9898665686888
131.52893902025923,144.7636751007051
99.51178439085172,186.87165077969507
22.900227792504477,133.3226974961847
194.57353044478026,51.41159278039891
175.9106720060831,52.0233588323293
7.260608571405022,23.498504084169284
162.4222119095286,137.2870716790345
67.64006014771884,136.19451047366385
104.03420176881065,11.894013048699499
82.22413667223758,193.92886043594422
136.36570052309065,95.03187265050612
195.55595914243645,37.37601210900907
138.3542300466309,103.53865715782257
92.93875787738841,96.08004427680704
86.10512863600579,147.40959724106673
140.96582959644178,83.16374395481579
24.844282565708536,6.06593544290982
194.77864943460372,86.35180918918894
134.43749441625238,140.21100341198823
99.3433942143533,189.21470153410772
13.51708539790307,25.543249262674472
68.11236014053239,106.1060154880642
186.58981842464252,68.43366196194789
29.245708408402106,52.04249863453371
172.80675651657984,67.21979804301964
51.32707221358502,31.64634393008165
13.957727034687839,61.55792993794393
191.6981998828602,105.6342758617831
146.5961398468108,95.70242913955914
18.12359477406452,78.992336522658
7.687855343586455,115.71322702049572
70.69026040393788,90.56797760145494
136.11661069970268,31.37121381032001
129.15465163234782,56.81578477853658
125.39540669157245,44.463675761856386
168.25364054252043,46.44519389110255
130.45601753590458,132.67937322844534
86.68831307361366,103.05445910059575
190.6053223771482,135.78445928790612
137.57669277051775,120.42294160009911
100.17189415204061,5.3810439055966945
176.65305258241426,107.0020527462513
29.42373985396027,18.86072693316244
171.87224208042673,82.41928736992594
175.94592365151945,183.53020506409698
143.0151097329548,57.35272842487597
109.80816242254105,33.25531227200511
15.350513473284078,14.338402239358667
147.08299272714194,6.871233681790314
175.208735001023,59.63978194339349
169.59085035448308,181.1335248099366
105.44267528382977,35.64886128738935
118.3704626855286,12.199737509529989
58.67723472623085,90.78285061313139
146.16229004826502,93.47349426064679
43.89722072542031,192.48484163939565
136.56345900165513,145.87475569062275
98.27135369435948,33.02072707888791
89.98528089301332,75.2375380959392
68.83825908670319,26.282860569239652
167.67937213406066,58.12480306313805
42.90424344121625,16.160412926668677
128.53631073915142,50.894205839745176
138.95837413280157,50.03726528576363
146.4137094266312,17.22926455603688
47.66081707189411,138.6272583889031
83.90912737033541,47.435285378161694
124.42523735339009,118.70592186644573
120.43200164859286,193.06775298688015
149.36000959147339,74.49303020484389
60.63190424021882,87.0542615001498
149.44056827343505,148.883463050973
182.59893835700072,191.5666138247193
173.14162999275706,58.69815778879466
157.16976856325928,66.0341838524046
45.92277724638341,179.47193645887143
50.143285018406,138.13248375195593
157.68240589144318,189.7406633708962
24.82034773527613,102.45291126929173
189.91218381645783,132.4224642825647
32.46180967730922,51.410143911662935
184.74631807502345,100.9837321360788
107.98054033035544,21.900991612332223
186.52098910679237,112.37335462515274
181.35624324654853,187.52739215945135
35.700901504962694,20.21684037852468
141.41006330371235,113.21928767486362
177.99613141543077,153.5431616073719
92.32424962501541,73.11374023035371
97.41104356428853,171.4621357344558
139.8096936122094,69.64615705552409
18.685356501519607,113.99479603182954
15.801729566234997,54.016210777494834
84.98057055478894,155.68691245229763
44.12529020564781,13.253791483032014
179.78289293033723,149.62542754791033
68.45400497051364,144.9438721477907
61.77875962731129,95.42899390767515
149.65548595084672,174.17301770338875
179.77431057933703,107.03217360869874
84.03311072903958,137.05562720623797
8.405264261393324,137.3177150680435
22.20460671190004,52.086593608268736
83.8746917920247,188.70484612109146
170.48190560243324,193.34726265364966
54.42100765235679,31.190140394233097
108.91280940816404,44.901903555516434
82.0026844551774,84.08187277620124
75.33280239936298,162.1081137895518
23.546006997448508,96.38965877968401
117.68107086887908,21.4682062605466
136.80411385808284,176.46084494640485
80.23350465586752,93.12100633274852
53.05501688614694,78.45877515373081
79.55924403075898,103.39209530907432
49.10054578112476,33.49337943464463
186.4746398896525,143.74234136951102
28.309353254375402,29.9245587276172
134.48975800945664,113.7563042618898
114.64363663102739,196.0741124612016
65.28958056923602,152.63898333682272
17.897520707023663,148.68957622943643
149.96279873789098,34.196549110213944
20.868306592101575,153.46371932878023
149.20295475843238,68.36733968734998
155.23718800611618,78.65882569816183
13.33582160930623,103.74229354623337
56.259764615166475,109.47526906657839
145.0193781308389,65.64341997137518
97.18648715865801,192.88931460780904
5.013253463117907,37.45771056024629
20.802009235292363,95.88891065753228
5.674870695002873,88.23111665991318
124.27636648582741,113.31296235074362
89.33720909324838,14.771378421718383
89.4800628145485,67.94336913945662
142.2672955258991,127.28432715786262
136.79093536781718,112.0709757467092
65.81874435247467,140.02075413039856
151.76900915835444,161.15145704947884
28.89369546012698,171.68643584355712
140.15853171228153,146.9718788878424
29.614664682065293,55.762551636888446
69.00291076417895,139.86388808437394
71.29605513069752,63.56107881008367
97.19332585523794,107.5159252890152
23.72451582420687,162.86828954498463
46.47322361847497,42.68566046062681
133.33532959166357,131.6680443047838
29.865260069942355,171.87085759505996
30.88987433336575,123.78048997811577
133.43499781463112,130.0429670997657
118.40956908308068,183.00564517044612
153.08344025413413,133.06836670441095
54.64313360134978,184.74574926751433
20.172445494620657,22.2342588167918
137.30425743129945,157.67354499236512
114.08798330655934,47.992486842637625
154.86362542602552,113.58504188655715
150.560673510831,96.82767673707049
14.70722779091545,182.4224264806037
144.34242707920018,126.47464102948896
136.66035570749867,178.16955094908784
19.3430668510379,30.806420444449948
18.91832487198997,90.37350495641915
144.2367538725982,9.056432711634427
136.48318000452753,152.0802423211083
191.4586283125554,171.87238308375598
142.86395042292938,167.6487586209064
71.58708474953019,25.481051896945967
10.224186733212221,6.634123619167724
124.8963023292561,171.02590183502204
171.87592154986578,134.6385427860528
21.79526718729287,175.83435853677244
94.75569602756559,47.36556226396145
152.70400974759713,40.714836047242414
184.07826251778556,27.844827731735283
70.83732795006149,62.12687158879776
188.72304103467033,125.17426561234312
79.92612726520346,64.49926603108742
24.385500871826736,75.65093596205446
26.374793155170824,117.02022544101037
90.63390420084352,194.11200188605142
195.97396518432342,153.86492313615787
186.1078039517243,170.0977372392845
27.618378397645774,66.46695071085222
177.04634742635704,151.1193384100419
9.201368768117554,109.19817338481609
89.92106833182419,24.01277952261414
153.47383026343334,24.32111003263687
31.380859172963454,141.71062092720172
137.4476804104537,16.811415913784977
16.628906903618034,184.48059849913258
59.12465772885971,67.4680659970239
102.27059891928607,137.22567387328849
165.17873061677665,66.15226720674141
69.44002247285603,38.121555294744425
180.9513991483853,12.54040770835433
41.33015994624085,187.6210281251144
15.050634340503295,127.17334306048288
140.78673023583875,50.653143562682125
43.24398479477327,194.88365748750576
147.77703339839954,57.0722689843361
62.29771739726515,85.29385595455572
110.08113259148482,18.045162806153183
128.2880307171042,87.45737036350475
176.91769014474505,105.07969810647582
179.29639978433605,18.970851008715478
112.92628645724656,11.68111274429406
143.1757333908437,159.48813203525899
56.10339935024751,81.99897706947166
171.44899039974757,81.89566484556038
99.04096838772838,12.546297980013746
25.68635923642111,71.49958985403791
100.69342561703704,154.49303160081595
56.40947725931155,67.1283602935897
25.776582090255257,170.47380159360915
21.116005462817068,189.49335135327638
196.41716119616132,141.45483466815875
97.21511701047707,59.49931766580515
147.92974244688966,175.89548577431103
185.404008153017,68.0376883727957
148.60220124372307,195.75926745558203
65.19428233030187,5.1931335777760035
57.26141668879495,170.067136500484
39.990484695351945,134.26125377477123
143.81287240371975,156.14213097908726
187.392535988585,80.48250107624756
65.63455249183126,164.55174373525182
160.38471390428978,66.7876961751023
60.87712236260902,94.03200583246362
119.2679661235522,29.183929616266205
156.02939410679775,171.86987666481582
151.4222179173271,9.157504180955755
132.02234310671412,46.860925930098446
60.568105081184484,196.07483806330336
14.833810989500856,155.09503910183855
174.49577646352753,97.99459143915496
68.86679324782884,102.93837074198994
8.17858621436181,118.83343432173163
172.21172143484125,174.9257759136234
193.1780627371063,193.55173685411904
69.25436294682729,158.82820745484025
16.676366530334487,181.20697731369333
152.35938725741948,74.15016611444146
83.2430679065234,31.927292762609408
182.58383855978303,18.35749620061422
10.477779033069682,113.452103574214
124.81341613414013,147.2202190875104
158.21762519045058,90.77150580668064
142.96148432999166,158.28420460351546
67.83319362913367,41.038788485125295
60.16188412881604,46.62004984044438
45.470237286570296,155.85597428306468
118.73565360358207,134.97801006138667
168.93212595661367,183.8744467635243
114.10269495856008,14.518569574182921
167.32709340226305,93.39928030943669
7.8009285227416925,9.695688812051468
63.241761537623184,99.61978897045478
101.4883634037898,157.98961497999542
23.607529187518928,172.17627778202115
13.109639758530655,76.64407080204239
93.89961483593545,77.76278240265682
162.29497030773004,66.15458577277485
73.12825304408545,106.99381217286658
125.55902884883301,176.56745848461978
16.17598137527674,68.54079497042852
12.381369181575586,100.34247173291702
124.65770280934753,59.14722628919134
92.63239634591267,142.53150310084487
179.4602373303236,68.99078019510202
22.990899228955147,22.258762699641288
28.174901630193165,9.91267924754425
187.38895805468576,131.40243373482525
196.57166784258575,52.21059417524279
15.427604674706867,142.38775914949605
97.06293230372047,11.902091702235307
44.97287806397767,175.76635993481554
134.69391881435885,144.61037569986433
83.38537287529745,52.026950517470965
72.3850551617826,154.61070050361474
6.623042650724272,60.67187047694027
82.02450792770262,169.70585084345012
75.79431518393895,49.624976952187225
14.263813971490219,39.25508560172028
160.12646342232154,113.46726347151139
172.6928081117293,15.233246380818793
35.37589845524967,187.99951890390568
30.62779467218805,161.92654198608665
9.31735031235631,25.621114312048807
23.385915084575334,23.268989284366288
26.935324569311337,100.08980729324801
27.145002182326902,96.11414776751981
133.3681812780365,4.995857995881814
21.503023746876224,178.28420932308504
97.69923270176331,184.82158105635642
32.866700859395046,156.52967594408426
174.59552211404096,179.11520221408455
124.72357243837834,128.43564408860104
175.995614399116,21.743598344085914
9.348159449193487,182.67470276618585
99.64738436136214,164.5357827445734
186.3777056409718,56.39557380149039
135.94963692592037,26.069957119823354
109.21201779238146,186.54592671281753
36.883495894739134,174.9559144111875
142.9089716710938,127.03521811319888
80.04786536560991,44.193565231816194
194.7236703022471,126.56224553565212
78.04413027121443,65.92694980268632
113.90304892502697,189.83174931828273
105.5507828540658,192.15500055480206
60.084530642271524,140.92292231358232
113.15328635906977,18.68557206731129
9.793479949089413,89.22096115613554
158.82685736691576,33.76921638176578
154.20461037374585,45.45620872316448
148.21826418797988,24.084670846515284
49.0345142595332,137.3297496313529
86.4791514320774,87.84855278088621
38.658347995611315,193.97190661933075
56.590687430207716,183.6626855641414
31.688267806596475,175.3269166935714
38.52807070442182,134.25237646052847
97.47471809935202,19.05673189580489
40.18465864263419,14.87612547631662
186.75639443777285,52.27298829513513
101.43240766259176,161.20063759609704
187.3752717630276,89.5269307682659
142.8982950117326,128.96901930549768
131.69451211896194,163.9468547445637
12.76811483801283,83.29944795920107
87.35588497852505,30.06740473545517
138.39478007107047,70.31960012676963
132.99056748535025,160.89432436138176
136.25002941360262,166.06879135748224
11.162633040460051,138.01603764228742
93.94698381413855,91.98993642300606
183.9278400288577,38.72063640815216
52.475199780800615,31.462771525339114
13.96571390764389,70.76950808624387
123.85484184124813,142.8641697857085
177.09062111913826,98.57478095108694
178.282851613002,156.92614717180322
83.20947036161358,106.87677462272468
149.8322279762392,164.55902497587618
195.02761993719142,195.20897825974964
106.41333348513255,30.86895467957427
11.253546132215078,76.22300747651514
38.793404622925394,181.16691131853673
84.590080660279,73.02082237496606
35.96268210242101,177.3831966725202
107.44691723679362,157.94505869929006
139.78544412777558,20.264424427708637
166.20782255101173,113.13955217765071
49.29299447747629,160.7116641151543
53.6799165803938,164.97805949713157
91.41841771665962,28.955243145630767
91.44127113173256,191.96201635149913
43.65578501532703,190.70945901171842
89.37567716139571,184.59576487619245
108.28421787873702,42.86339195045899
89.12920611559812,182.0870388863301
48.7896207651873,19.404539392922732
9.361933868042613,76.04849880044529
110.4250634793953,46.58180522327201
133.0242029209351,14.047814870069146
186.25404136764442,31.747830847954024
114.35592846386047,174.85762893101702
178.10364700887393,11.63534595581954
161.54083618966416,38.82355391509945
52.92037782450405,191.69346362124432
112.00891889487438,13.714111582681642
181.9841132554066,67.52668416709326
132.21781754120673,7.035491503815708
5.547756187390167,171.34711740115353
186.96657432165918,148.02859245590165
75.84647332144993,15.241082835014224
186.06474583000545,109.71995161359088
191.99111839973213,174.56549294074134
145.41990452445293,122.61048672965723
179.24969683162385,148.68377932911204
112.36903643102892,41.45985281281421
26.526712974989838,189.71150642375224
52.303165592375045,171.29920518532393
7.418090881879758,157.8975452766771
99.77381187898838,162.24365465175768
81.92178305069578,22.57500642329242
166.81340083181382,72.64175185194621
91.25982145675506,65.28866801002444
153.22331830237377,63.90116037441841
6.452807739983092,67.49729181790347
113.07369120074522,22.73956594055505
156.79753220916453,50.226164059354154
143.4943246074491,13.017517260076778
138.63440228586316,122.55062936793371
153.37553462039858,39.36104205012473
95.96179719388812,59.048624699474
77.42407630308914,187.01082075922128
171.4641887002781,27.056554336922638
141.11087981954955,41.2240004873809
123.61951478814233,188.23289884774567
149.5257583987434,44.287575184288215
121.34960231272078,110.49791288580032
77.18205226650298,14.63661051128229
138.47513450972835,42.4770922431652
187.93813726982137,120.69886664594199
196.3441159694717,52.44821252508473
187.5167270807878,21.541969816772504
70.32561233546757,65.57120284879575
167.24090376482695,127.58726251243583
142.75711744904058,102.26101592033736
62.982774534380994,154.9268909728032
151.63920421964653,15.741816590420617
144.654292219964,77.58069135757496
177.06285155147467,157.03615562059142
78.85706706107939,135.92483040760646
136.03967287318372,110.79847352399182
70.14794261028298,11.03414997477463
129.25687459082636,128.0566713919731
110.11929299967082,174.82303877124434
53.46678700484928,173.2441232783782
27.429723214952755,15.82968747203938
54.52266291049738,21.138717642357967
88.14482675274465,44.128535252043065
32.26680409384646,182.8564844940534
38.254697443595354,133.3277162942247
72.6930532559543,65.72268211272528
133.8460528299389,34.45248795432465
63.59552490638826,162.4865242508127
175.33831981585027,57.552480599780964
60.53243838296828,90.67264474996512
67.13902435134311,94.0197690721101
66.46519538677857,85.68324280656948
28.373809173691697,157.55064326245028
193.73288521182945,148.547750770751
196.23085791205045,21.507161562140507
149.26138238411986,75.66524167706443
20.17965668307044,106.94583857203477
85.0166925457069,135.8232061541121
180.27346952474068,32.28887272227766
121.59263582710497,70.16262330158983
172.50042722291212,119.60913151926574
172.50032017521818,89.37889470642733
87.26260319863597,42.882484440415126
132.76036851003641,127.97195373958685
55.65058283272021,74.6577006610018
117.99507778687978,120.71625213893682
36.764543994275435,28.281694094081168
10.360194087835005,74.29743313995537
192.04717972066794,188.0943859528003
126.17839238677892,83.50191930783292
72.35669457711131,185.83419661128937
136.96937756383494,172.5026335426034
10.282220264183309,80.4664862012
14.507257030700062,65.39207367020633
114.30459530363036,19.564093314580266
21.700758589030787,137.2779794433382
23.429560466484176,186.11184537677076
180.24055630224169,88.35495587734492
164.43219919646177,26.254921124314464
50.26625627911591,148.1761394298759
41.170967002789226,168.54969144915344
79.1397915872646,140.06221973028747
20.639188020339944,110.21310646824145
143.50574219277792,119.34424869664842
22.753608374137787,110.97383991609695
142.32734635617126,26.081275442039946
170.33620803144038,91.2004449865876
163.50905831851722,48.90799022958873
6.3954894367867094,144.4539647118014
181.33516099320394,28.636437398588992
27.20141033507502,70.96123062941479
87.20041052517149,168.22860232507136
21.27801565359432,140.2437272404999
145.8249141412919,160.61848943526425
132.17512158373418,56.98112473245015
35.71465866407576,155.12642943655194
103.62422858479772,43.505490087038304
189.28781534708574,138.02021757822735
68.10450961818142,21.534382482285075
18.547567219448364,39.31563415332492
65.67647846080688,57.902590208279555
83.2645583618523,194.41307853239886
170.4825336186048,185.98462711368495
161.49494235105942,23.520036715199712
40.78174148332993,20.632551155285434
113.84888233379071,195.65392973233003
76.50810963680809,19.995456353516673
22.13308183532473,140.7858565563879
67.92505066024663,9.994572569663283
61.52698318888361,36.61113203684261
52.24253343997796,156.72413272326568
149.67888821441858,142.98353368502083
169.44979277936716,61.74966412065821
123.98965487955289,114.43193107311612
82.49890769342187,54.620033261447894
61.512619842173734,6.895790278431757
178.13213248973315,66.90905225052022
30.496497847936535,69.85369205105381
85.11609943091771,172.59280308460686
135.60217235375686,46.38400612462676
85.31709992236215,165.94401692972082
15.987986147272036,111.89093368068254
23.04415810053982,156.434311632801
146.6470890576703,47.56936541441336
88.87031840187971,20.609758188503776
56.769439832531816,95.61160797526985
47.9017273258571,17.15139362828413
151.0614022929048,106.67466763880209
138.86830355419292,54.48013741811517
90.22010870788085,43.912451912704846
70.51248868937124,9.307755272297262
61.7808315888035,110.59032215582111
138.6159426197711,53.18371152214891
137.11522478584183,179.94597115523666
146.98717368486572,107.32528847512461
104.99110214988544,163.41204519651941
170.6666166769882,83.26168495171255
126.38187311531765,108.66181025086384
111.67447134723028,161.14520738257357
136.06233888859634,46.688233819410875
147.38671671233942,62.843056923085044
160.852922652273,175.47077043135192
140.2531132114672,38.486463246746304
85.28519145505709,189.2069163501448
140.54348202508288,170.1396013075758
103.53350265634167,47.25003130612031
98.56269764541882,163.22228160154424
185.16937427114226,146.2852303112312
79.65197380173434,196.1080585694938
161.91290419688409,49.50100586112251
77.80531911617038,32.463992850527084
179.59686535646432,45.40685686472018
52.289720566314486,29.771032803687458
169.942239211052,5.9195189183018435
27.635816489872873,82.71711763448367
41.65382352900309,163.63555462302955
124.96593449298865,118.38341736893862
44.206192094334924,170.00241954205302
147.15868384158318,183.85692563612437
133.120776066446,36.651252800515515
134.69767857993213,151.97527989236406
57.593913358860505,39.37094153139202
156.89563532242252,5.631772337704936
124.54278841258935,49.84882224761332
20.24274335754666,70.93159843503472
28.770056739804634,46.44079549444963
61.14806674392295,153.42207384676158
131.07240371317158,172.26950096093833
39.48290374325771,134.51952536163367
186.5405837302795,99.64244561039652
121.94202672678536,113.38243167210274
78.65241793767943,72.75188569912245
29.28319714503368,147.5651587452081
82.09415217972578,64.21214930782982
60.80813355607905,139.65795859112723
153.93394814077112,120.85983866941574
167.72729074924803,45.349969461672025
180.47897915363026,46.932446597799235
124.8481797520247,46.05662436764976
105.3854083442954,147.88889288331444
172.7014507852254,50.778901346666856
33.68230784231446,194.76874358195025
11.979123906734877,107.02802734049088
29.103517763464033,191.19213429723732
7.79378650724121,53.96094734875668
113.9705150217942,154.53090865616002
129.25031232259724,23.28361371607371
54.3586055411914,144.681959346542
75.59279337924382,21.386915518935595
22.800195495965916,46.76594490530387
11.038224141512943,157.09065649669998
168.02669644129702,190.08445820336158
138.39427192362953,8.070552260852018
11.4811429632888,48.782661335241535
15.799222230182597,179.36708528263713
20.991249443888613,113.67883774416782
176.89426601098293,86.30664275035544
113.75854629670164,31.048112155446905
106.57107220154339,143.7819074883876
141.6216365116059,175.48506165685725
164.3973466350963,111.97134812569895
115.37895746622513,29.243667884744394
124.58162199082949,58.153527015164464
175.75669556013904,140.0587118877016
12.593790059843016,103.74797725897226
171.83388639255,186.38000162234945
89.27434485986083,88.87701087501082
138.43549819195016,99.72449637417517
132.7351795651822,152.73303598704518
55.38702043601921,152.2307062813723
94.19311657223504,177.42421975439316
186.31601674398394,196.4890896977152
39.29593656675116,37.34187525551615
163.4699714324811,158.37474764568242
42.283600583850756,171.24650752582107
167.84498691148227,180.20038842465712
34.48510866108498,39.44282361121847
169.33164853554257,8.01756393381786
5.523225996052067,84.35574878481697
173.4620960029211,126.13218184877122
124.22463542396012,174.7759890191292
83.42878455586519,103.49847780828496
53.22235688008152,78.82036814784152
177.22757500436282,196.42730484912587
9.375371615499109,82.80697180606491
32.9301012267744,25.23631681759764
144.1892289088471,23.695006659580482
140.2396437422335,120.90350255020029
121.49687876334875,107.21353699760611
147.3616137635866,9.619325292097262
141.4460816845567,167.5670160551591
114.28483211952954,163.01555396125516
189.3359438959247,75.04173477954994
190.14801980744176,124.52368379986709
171.41519730633757,51.197556310216996
9.398887136121264,55.58630709697227
131.77277638470304,97.30060109043052
162.02595011791746,159.05521327446806
68.9395206979286,187.3103805590667
41.32436604073466,183.53200283265616
57.727918405698944,55.835724569404896
71.72912932333465,138.86153218932444
13.921266817551086,144.88508194158388
17.86420203488988,131.05487646844367
24.69706848981081,46.11790888602164
79.53906601228655,7.337414761941096
19.494177972275946,193.27313906196497
196.38857499538884,101.21639365075264
126.36300416711734,58.67452889747696
15.414347845028232,9.30626846851843
165.61899973337657,124.69895288176264
40.28253020470545,25.647052142663068
171.99361233044536,52.60650502763487
50.594317318832786,165.0814862257143
93.68964897639562,53.788939088306165
63.37694720566697,186.80080110383656
163.14535068126898,62.92731151675313
158.53129088043107,189.45252974564968
140.98320242106269,112.11959458350742
10.559759156663326,60.426204303905294
156.70218174252904,178.31965477614628
166.5593781890506,126.08878859016853
185.77195298928916,130.093169408261
11.116266215288713,185.59356778248826
173.56700553428226,67.37001463926092
137.73548346368023,91.8747893281959
80.40272938217724,12.598952438428002
53.03780947287276,18.153811799752436
67.09733915417895,79.77379882527092
105.0719627831238,134.16941752357565
40.538342498409875,19.58948627218111
49.65575329124742,25.90751680324998
118.80429127669437,182.7431955794739
17.27416281994666,15.943336900947154
85.4282209114115,103.95000390935206
7.429441219852175,176.0872586901992
181.85540031574956,48.78071982525626
189.67099361168945,115.40681788214974
195.81266175111062,127.49415028366542
152.16415751378625,154.36784779341033
34.95475035887898,165.0367891079121
28.40846049174929,92.43232639303945
14.727972809759507,45.0477321378125
18.15629623702308,35.838827081903894
54.29563575769132,196.2532178337949
76.23126086398547,143.69446570221413
190.50256574618928,145.96251405888975
95.89252039864502,5.564042360261166
64.97629909098573,76.33444176332493
179.06277825196668,6.648133349752575
90.43092249945362,162.42009548335201
167.13364555255643,181.93983681233019
152.20406397836987,41.90915648858263
27.47284464800374,6.990462848610144
67.36827021810846,175.616627503746
130.74799137193241,163.20457502127084
147.66771305906028,108.89288723448801
44.29689238276982,46.2781010667924
89.8221752949331,177.6466346351253
62.38291818392231,110.32684407781069
76.70933700625481,67.01895098587883
44.69655534655425,175.13971186980487
181.6659365585636,55.07003264636749
126.51634946466912,163.64528666022395
79.07231469764358,80.36132125838242
92.6059630673628,45.729662089398644
128.30034984085881,86.26430246234182
151.01870264191044,191.4783384290259
51.60065142819248,183.55956648850866
93.43932784431105,159.0558140243298
81.50260852626076,160.89418893120975
130.8156852144035,45.48791270345243
181.88884413545603,149.8832235534477
113.12361873617526,158.3865120197185
105.18282374054053,185.32345317622645
85.88603559784714,36.41610660716066
55.81749734397793,20.434792906842848
17.35432712297935,4.988015653828752
115.08072832864056,196.9600843996724
190.2130978957139,170.5821996206666
59.34439749161104,191.24905309333252
138.1707746704432,132.800959457069
79.6943417165114,148.61263291180452
153.85077786189527,23.028131591967245
155.7156832591295,177.87502036852092
25.68774900330626,193.4956544758642
141.6736232717955,194.3464511275477
78.3005204320705,90.2944020326679
19.92815520660003,107.54674568237348
178.8666989767903,187.532669350439
68.65574717888943,72.47579706673274
120.73890734704723,37.05414302797208
133.36231555356574,155.46293174168122
20.237423778670298,120.80558869260466
72.36224421303478,55.21135613184093
101.96251373917453,22.815314732912423
51.23772776455431,184.11728656938973
54.1974026103226,68.47954206563122
158.2421481495286,65.56242678317552
123.20946912048323,21.64344457353042
37.21408875322055,137.50492794314025
80.86115284023285,28.611042842877502
62.05237373920342,164.68338898653383
98.6711314607279,156.67601591199588
169.29292818522063,60.632422495775444
122.26175828508622,80.68733415125347
56.75605647753929,98.02399921364444
6.816702314988613,47.62153772338956
159.21207102912672,165.58146481278453
138.52022099646294,58.77438972712481
178.9601216435462,118.07348068713355
98.81584817611599,193.89300467463767
68.94553943975859,65.97483184964874
97.84889320508825,30.190498031586802
181.74438896859644,192.38729225605132
73.88525983877864,6.493044993496837
93.4732961803079,93.05734769899709
97.57696371516752,135.10337950033863
24.875580887139584,52.57248953582358
124.46907516910487,93.08953189054523
177.90986159419364,39.72224792785044
118.75268099157962,33.17186693891179
19.525963412488345,149.93108070951718
90.19275823535634,92.46288735526677
84.65552092367587,50.45061221369916
139.02273100082965,188.67359418479913
20.7299757342281,66.34854340584577
176.41041449609494,187.15371374932542
161.02630544051908,94.87629309948991
168.06452395965934,41.47125045522767
161.86009538824385,27.94420043726011
138.8344823563826,76.45717744444316
147.23587781144448,103.95071406780812
151.88531012790915,165.8781606859524
30.476477047009055,24.7414381417768
186.9949755780943,156.99043707882424
130.53710079047104,50.564328940717004
75.81531490932151,60.06869307116054
106.72531610653871,180.17168567142144
171.09599036320228,83.00034695430203
178.51398497947193,120.5226296434577
124.09700377174505,180.07353403470412
138.32118046514415,49.169779121360335
80.14523797506476,152.96333816013674
24.91592941647071,5.620188029007226
33.26962010067305,34.68025110833195
173.3650012118051,106.35417118804827
168.27647754897592,100.11448229198301
180.2994103611833,175.50377725527557
92.97796000742076,65.61260173391867
185.56520729556217,87.10266024109349
165.23697642433086,189.54362199859492
147.54650154977287,171.13107708731525
32.5830440404566,82.4868624131827
127.62976514512901,159.462365482656
18.05779383465962,120.21685645701636
91.32925499374075,162.35812911167454
119.14998140415668,44.71399392616949
113.52136700206887,26.386944705271972
71.5138176445446,67.10856771905082
59.01503003907642,191.20254516711023
83.06915664151188,147.50907243874823
152.32121722244298,50.430830297846526
163.82319767920876,183.62602664726458
113.34006804662329,42.10027877491044
82.61900203243803,101.73623674538945
97.69895940578176,79.49059762842204
70.30139419063258,28.752883240807897
155.74844258280476,107.40698472938399
125.50466993046308,176.0012006135423
65.48014695766632,87.14102928510981
162.8033231376537,152.80532513504374
93.12084678602186,145.8619664171657
79.12565275381745,137.51118943366808
184.04887678548064,32.07573594064984
48.75526465225276,45.47439514391535
171.60430979339668,121.50149939426512
28.482970417806804,123.40213580615766
21.531731018907674,78.31224017819669
119.6417420678309,43.202141411926085
9.94325642703593,23.791788368204056
102.20372061446315,171.6629358677037
138.11520519003255,187.1692018351068
86.07186395506139,38.815021275900335
195.88704263972392,57.99831173727626
77.27405698964164,64.5682600378188
77.29545188335688,154.47028588137945
93.43777584248059,80.98588028528509
102.30118007889484,10.298797736737738
122.60819930703836,78.75039933178128
191.18288390551257,92.54536833310956
8.621574826207762,124.93934427977949
21.28650088358337,54.91685512408413
167.6745828082418,162.6170345341217
31.866256276843053,81.18068273970005
15.452244468253639,139.83077600261765
139.84879340232644,78.82912441154909
78.36758764282523,40.01068896304058
17.74380754936567,195.10246337238667
80.28740898280131,71.70507337076012
94.61720090759682,136.73759225569196
114.85333360084589,195.06255755198944
188.684151295194,181.87212793328473
11.27144967414135,182.87624807325957
8.268784936076313,189.45943311083656
8.548874958406657,97.22428015450389
71.17061121384133,109.39335395125387
148.114632183728,141.05436051025032
191.57373726959267,102.25172078284876
33.51244817963816,22.08224099572225
19.210640157499228,78.10187995549558
190.13591535032532,191.41488005977723
118.19690075424363,115.5787600990855
193.3624561973428,122.6278490714772
190.72603025587762,71.45450762516236
9.804719650306167,179.73089449328904
114.12684289026727,196.1509814044608
166.33683199651412,28.192148322121035
149.62972839627602,110.70546561215608
38.595683348184345,43.97742583839415
131.51136836080403,10.871754147388904
62.56693323123473,145.37559687220673
127.51799399794372,157.45466915718822
96.43918143265896,165.3288235908346
168.26447871923116,44.82348560951105
83.51977595833786,97.2156989552481
89.29715381648556,150.72537256379172
102.93908048898122,178.36462948349674
188.5104718540988,12.436995444461544
38.5712114893597,189.8299420106402
153.24515137812625,193.39882836268416
77.49036107410052,74.51978334245311
70.03193253534957,105.7061984764286
13.487158338266005,95.61287659977174
153.15731724191164,164.29313141204761
118.08776136541708,56.53893702078289
83.06655713471531,19.537700476469848
73.73234130865895,73.42032819074484
132.55641597523532,187.3084143697297
48.909797926901945,157.54594795916168
7.993805164434562,48.394601963659554
176.48203894270284,42.82111405498397
113.71153702259022,179.03914393250145
143.2683112351737,82.7568251027412
83.28360526686072,191.59190013856255
180.51687920854064,95.16720270161136
90.44217190683634,23.024528723965208
56.425823941582195,166.86348669675255
157.5491475159282,177.39443537427113
64.69163819066958,104.08908498976942
136.3757196106028,192.07132916590987
110.92220017304044,148.52985062050493
23.85763475115193,166.652823798669
171.600343816482,189.4839033765089
17.929833003061425,62.42679825935822
90.82959383037802,187.8089489276415
24.21753297290819,38.782508772692694
135.95369673142818,47.88342828161313
53.21110009862674,153.79232223575667
10.0,25.0
180.0,180.0