27.160339182525835,151.25940401721894
5.591965241160113,82.20847074489357
81.2998779277271,123.44026197202119
8.394969983322943,175.08398488241852
139.5825592209126,58.53780947360714
174.4389655873352,64.40962776579781
32.41262836963184,82.01680362870475
114.69841533089865,22.170396359162407
94.6549279142787,107.62594237441016
82.04384595120689,173.16453063563827
109.57848797215377,52.121999179225256
67.9055704547221,87.08782938868505
58.9964353401692,8.699911754960235
172.49850886085173,141.4399918263504
187.83490352122686,118.92198622516676
152.67614988770455,122.2599988342698
61.98812289429155,88.26073137641923
159.79563241254587,18.217893512603705
23.61095324615324,193.7253412619706
49.473557581759124,154.15991623731128
154.23220288342907,83.52224942446529
101.98236952977993,131.35211933342845
114.73618939569758,162.74847534132056
5.9885874820391605,54.6712365965724
97.59722618047628,151.35886867581928
54.18464846650025,160.14828754861028
52.9466689909134,139.72692443934386
48.527969759144504,134.37670461952817
81.00458423776738,64.0944832512766
90.66319317596695,71.8971446770585
112.05913349692085,155.95757284707264
155.84322405880883,165.5822292975421
53.484364029504924,185.02628161101862
195.64418612057705,69.96928535135065
71.47526913096962,82.38469283982678
33.83452137036773,15.655744267687847
158.51866699792427,6.101590870952201
27.904633647777697,44.75866760215451
121.381988320008,148.9536824909092
47.857952378970936,38.57002878178033
163.8763767032348,96.95200415833195
29.402782841590657,24.154536740574738
167.25289472781185,108.3342862058636
104.7439032290082,114.66871396887865
10.47482288305891,150.00647712918638
95.814029241173,150.60284282970989
171.0027762207377,76.31782459925809
120.20809001473226,20.835786944138786
32.21412332300355,62.78319689112824
80.79304250630202,179.77786258598005
41.42781116487411,106.14246535627143
188.3326174045149,63.98096632080912
166.49099371164402,69.93595761746637
35.545649351716825,190.08872064990405
159.9155033093573,118.55490082445058
96.05643709914739,68.88223070833362
145.18085625497392,171.13423539766865
84.55639699704668,187.7464460725761
53.243931681059884,177.50768368861534
122.28354152306594,10.005848663803988
20.33698480732977,122.16825432359039
141.22807612727573,121.76751560954858
106.45635144405641,81.85878903219678
191.71457377808764,88.9580371250953
147.65971474540498,52.69715721899938
170.70469106602786,171.8074224084917
143.83022830660875,148.68740949813179
53.23807114102485,62.09371051764564
52.30350777727905,12.048216987623999
177.57896374886244,195.76055239175054
58.33998708951693,62.59658435396218
192.31259250715118,178.55721114184715
26.975761020789296,58.554707257159706
86.38815998895399,141.98015824230703
22.320870088350496,179.4666437054846
19.564203677014625,172.7896627654201
147.67285748447358,193.35723898107463
11.975743356533277,193.73020826623664
164.98010518411834,27.471553560220585
18.402765241481152,47.50468836382383
187.690932856976,110.3142406786111
145.54060578699176,170.40046054091042
76.31391458824841,131.1673059727965
123.97489956029213,195.35357145795967
190.3957884092018,138.96469829127633
185.43173235847664,140.88863335209564
89.14965462192562,177.27962692070594
42.7942215615376,159.43937139358133
22.913109399923332,59.69691872840955
122.50977659909589,171.08339530455223
31.19584699812246,20.753194558732268
15.215202552467183,30.19230680861496
33.198115155755225,137.54464782914707
36.903424719088505,128.7675400680336
185.76028831727797,18.944815659675413
17.298299311578518,80.64898104486646
40.50305020540889,23.975474036710203
169.90004024873718,68.88571462718497
157.38214017088453,174.4718055913988
77.65756350811792,57.04728707682118
52.35620696696703,32.893437957844434
114.28848906934095,19.662988343657396
117.71636389783498,67.21435141139818
146.38472045189593,139.73623953197895
89.44643186805953,23.48699385799172
48.64948580079022,195.96665019138817
10.975035002634055,41.185315827081794
7.29943489016149,17.89033067038336
87.75628941864043,70.51730540996097
171.53547052140482,5.678756483636013
21.640541283351794,182.82402437885088
148.64979922548142,56.28265386797047
44.241410378033635,43.31771421873062
43.29921701020217,134.794351938721
43.61688197850969,195.83729316710955
174.85829054846405,92.9003644368001
157.89235169025554,17.167874396042148
37.13360028350217,134.49581751364036
120.32218953284315,169.97921731533714
21.691106105279644,43.83524483892119
185.61611462391994,105.22659012822781
180.04853006139905,114.33221355752613
173.92197480089868,173.28282706856425
157.97359321194176,149.68596082131415
179.54067851794423,141.10694681052394
142.4005383199651,61.31565375256008
16.51844935606703,152.96698247742577
108.05524471930786,150.68876538095932
15.309585728101776,162.96234971452105
177.27567942019192,185.80521333192857
125.04799259245591,140.06021001434794
42.89413803489585,115.98114259102111
16.75462683376458,10.19725715076246
42.99830832393003,78.07603476158526
49.41523635061315,121.61447372087122
126.70613192559273,73.57582578958815
124.85578164413094,20.285852426158076
186.11950042922507,192.42917972376713
158.24644092715937,171.7071995897592
34.18476087023684,121.90816654946742
53.528469061749654,174.4634897311184
177.4884086610303,7.167911471930788
173.78919278805998,80.19040800092294
175.728921292764,102.9506062632906
180.58660632727018,194.02271274055556
127.2467245084166,51.1616586525349
191.48683179805948,139.89455158835966
167.96819481801285,7.9441831198392965
156.10052710572634,80.98838329839153
36.42824400514072,74.1516220329837
118.2377959053461,73.21788159873229
174.13101951500394,131.26141818089394
169.6546687610495,176.5298331399252
89.19068077420738,165.4985774420148
113.38701877189114,181.39244293913887
114.84217267242416,124.42501253231005
113.44019818434798,71.30565190016061
89.8832435025406,104.97666214470233
41.512534716855036,35.35400741327932
163.5183395443765,91.56411645941594
99.34328204471623,174.38817066010716
19.68660945777432,67.81155306534494
19.693575787013994,29.526164210462603
134.87486730574284,56.24548681986519
161.12941099498067,121.12467659836656
179.77007428447698,108.63330924615828
29.74046458678319,80.07492136466412
126.6990990945531,77.46448944344709
102.81971069526162,32.125908965478196
58.19413193061004,7.185721130786101
102.1529347352945,147.3216497965416
110.38534966650232,13.82023777321785
141.505008571294,142.12168965067892
184.0481018763465,97.78158511137202
99.35137183810714,75.38973898261273
24.220607524014632,136.73235919284954
146.69536394140317,138.1893395295977
19.181919116717708,105.40722067014197
112.88464256466342,177.21080193180666
164.11305877612082,6.9629431143981195
157.31723157212429,108.53674114271088
107.27929141242407,28.61657890114133
60.95146766853233,124.53632167080782
155.0827527252741,179.36136272092358
7.742976090548752,129.82616621954935
147.56624603652722,179.71412274235476
160.9739264943482,73.8619687234711
190.55044471054885,80.9929615615256
82.15043954101512,15.014180242440094
94.07207030612682,49.816593164082875
32.80355770104644,174.67608908927215
21.77385046121137,183.59030234544227
30.165957740947643,89.09790910799514
90.03645887544306,140.20113999302453
169.75344135582773,142.6007719257238
39.74555840501116,5.347292286364832
94.49730417563467,180.50448275383897
181.67902500705003,80.81759900889882
84.85502727019058,82.25302794616735
159.09923282797092,130.5878313871746
37.07288803117943,172.4507263913745
20.75597269026035,134.65475455890282
32.60504018776356,178.24977965992176
109.32525077518959,130.29344891965587
186.74179911720637,8.565157036361338
176.49255409598308,20.986013448855953
148.9253828061093,60.59875692791083
196.37516768874386,130.95736772212524
157.06679087669124,15.771084401134424
91.48391770644227,126.23777637282346
47.81576152374296,73.84743976494626
57.81847324027602,21.246399472452094
144.23554126789583,97.47776445857959
151.99100770172382,162.7844606122665
168.58479900543608,13.793256286413696
38.79636127537386,118.49522705276179
19.05626885374446,121.84231165525196
188.30341173410372,29.445787724349056
48.17651273364032,69.2752917440495
148.73460341540158,24.93600525431014
87.04384294886857,107.74900009119578
182.15864289148772,105.71131570725863
89.82706696562649,25.032270925597942
153.2262038293145,174.25816318148583
87.2596139862872,30.398717346547283
44.235179568996514,146.69469427495576
39.872618370883,162.47431486529234
98.18613878809147,196.1379000848037
160.14200261642264,171.3814504095215
38.638231971438955,44.29048492066411
157.03753752019313,127.68327885053199
166.99517074466226,107.47303220139042
37.47894883604927,10.240612964311781
181.51430963884815,85.71360009881424
54.05081474202576,137.0462593655229
188.2247680012588,134.97803679431672
119.77932412888462,74.96817868337779
17.884974396515894,61.04101181777864
178.7130471115853,6.749453884173902
102.55490264874481,26.908388018746802
24.642675196197487,7.924116728409951
145.60765659487902,148.53035405975874
28.41925575686104,33.9478938536994
129.5063083767386,51.27844191005876
88.36077927076485,54.60231044602273
16.746527146511745,81.24307039067686
145.41051892910752,56.49311253714904
185.8522949307906,177.97139985407918
78.79642643043914,139.56273150957978
59.976740632376604,159.77216718109293
82.74460146030964,20.54997188761874
80.14349261249474,60.31278185543172
86.8797053029956,116.64567791466831
168.38031555373524,12.583704446304615
169.28952094133277,154.7368003975948
81.04664765016535,143.90230259395832
59.50570378931961,140.11940246216957
187.44212353358375,139.65554237769183
162.05406721982604,123.76328594352174
10.948239758941366,49.229103217428545
54.339431296399894,151.91089055445622
44.473602442639766,153.10158993767413
92.01951857734167,147.72177583052317
21.717254489936067,134.04724016423074
78.64194274258764,139.0885224207409
14.562691920773029,115.2885072531653
164.45314084900463,172.12550911669015
102.40593921214892,131.48297123265993
5.160876109718592,113.76094642053363
32.32127668699143,144.99940193132244
145.65258937556482,192.3292227267088
49.05648599687056,35.45259788775462
178.16582480403827,83.27171550308798
173.0000238652456,188.3362739137048
142.27812452525015,159.98223611474506
156.07370846022087,55.821298718500735
102.2132031430464,181.22576319032126
35.53430104289973,74.30666099864638
79.8576245696825,149.43760379960023
85.37600971861714,69.94805355232837
98.57128707912572,83.22627447244928
156.29749883699074,135.721528838452
80.00515978494902,73.55465871715442
81.12994565573393,108.14413538813866
57.58466290223086,58.04738386243669
152.29819788861906,142.59439044198825
192.66557643202106,111.84448718097325
97.73588024334333,135.5560136721738
123.77921226009654,34.711793106823265
185.8576620625316,102.77622185239785
149.6434181475965,133.87374374476042
81.2451003981529,131.41450158734523
27.784648879030605,191.2443864897493
5.564172883873175,181.33945154375746
93.95922296563808,59.07612245240034
164.18695549380854,89.15638361158891
157.06174127480242,102.87833383434973
174.66995690222367,141.04683496846295
164.06434268412306,78.03523418054463
167.6528012348205,58.38963898848908
113.20820423460806,176.7930344902209
41.66305613170134,138.0278309992911
173.0460463229334,8.37923832271112
157.374211255191,90.31759814318937
99.1744184523359,163.30104488160663
157.67994372485208,147.24556074973643
102.4436563038761,53.77730872948276
93.78733065609143,157.922187315002
175.02487435522866,166.92883848648722
60.30921826267354,26.454751073095636
176.23119589436968,154.6260643392187
22.003168982962006,134.35528782743924
16.4280158185137,111.03081563933354
89.1205660186872,58.4829990203264
182.20783142045863,13.304912917975011
87.8684538935333,14.98032087012059
147.02974458955356,99.08799862585461
16.693321895099686,87.39759732276174
41.58220050056187,195.904537965305
188.64164137781674,111.48391992572733
176.39564258458532,98.98521707611619
189.27566062469208,174.9985163541148
179.92242768628927,168.10148579951175
105.60197965877359,64.1945635521547
34.039952459933616,175.93414611682797
45.35829459781091,40.65442057094953
167.0658228711446,15.64413475350742
21.865640120918428,189.2408573957104
58.354654513794856,44.33633861688528
93.13733999924015,160.31236811515328
90.13417254097631,5.621114576261208
95.48857354151158,107.1032752285912
28.914982852431223,168.42256981449552
173.14478348071995,66.22417264908093
36.60969932316562,17.0935387073798
15.76658494320573,144.97401365676689
185.78196664263294,165.1208005321738
174.0475973035657,177.22738142685606
77.45606796246221,189.44524648253136
185.19736975413625,17.58754960613136
20.99387953835937,73.22060825255028
122.08194379361994,164.24483287964807
108.0880895936508,55.60649496073802
196.69808366865337,19.812891135464078
23.359639896256585,85.70104165749355
98.63528861187874,85.62803716995977
18.218337640027936,140.19733121168068
145.5843693382262,13.504151738581738
88.7244163907721,173.63328238016004
166.29711086915398,144.70768750319988
152.96951199378609,161.30987126678946
123.12350866978075,144.08480925966427
24.845511763059363,26.444932757722764
51.19795123808493,132.93803475884673
22.104936069329206,108.06621662417393
75.83788709501641,195.4526408615654
40.634892629655006,13.818565894477736
162.55195742992618,118.43277355692733
45.641620901067476,184.80205934305002
159.80364054080786,138.4955013754894
54.0422093772691,85.11377178184041
191.97072972156926,126.08950423650838
30.536251937681754,23.81249026257369
73.57260277390557,85.18165163889616
99.49808563674915,148.00950050769615
122.03691125745183,85.18582572527362
144.35697909660993,72.9698431635548
14.510732213219839,189.64910546094856
75.58902049106736,157.56099499817037
59.577205943598635,147.43910364065422
196.28198721658703,196.61012510755637
48.15755804167519,53.86739564136638
186.851611208302,165.01593198167288
43.7125558613463,175.53193357789704
53.38333707314139,82.16025675598601
29.10511450544613,71.87657304966886
128.24350489120806,55.161566939040654
21.011176362254055,63.33574111679463
85.17671905754321,142.31983028686193
56.578586774662405,67.83796468612312
19.86319701242864,83.004482406753
34.6345960207613,148.88655008490505
191.8363979292601,61.106368621377264
49.50480276284764,89.33108016196582
22.570146134409626,108.23563757726254
117.28255357025986,175.81269412108495
28.92946800375623,9.857667695991989
187.2752084513807,22.108989854807184
73.25078003269866,86.54745801766319
82.96362121741575,186.06006376198914
166.96706908053287,186.32042057296263
144.97117071927428,153.68698492629457
28.05706870656267,10.853012698049755
172.4047558171322,106.96003320097034
122.79500231106432,111.13746526792416
101.31996542584007,33.007092187575566
161.021502578776,58.170218940172774
119.68708543655292,67.90781378554514
119.28912191261405,130.89899738565157
24.913281652437952,143.14584858136652
15.58858129831969,169.32599361468087
56.313045971359315,115.10042985543829
27.07871840817235,65.50416387530576
113.87223244308345,174.10585316082216
150.48862437647924,113.91924419839731
177.3443948343177,101.41281904010499
116.56386916069195,125.45985305775693
27.360143748282706,13.797006904245166
56.97297584286256,77.28656445251447
43.28482604993416,196.53612361992418
77.18267694280681,157.26096014078712
53.32883521999775,168.73274977785104
156.84825846939452,87.10640592367487
120.21885044084132,63.17047022824515
161.8153085825938,89.50437782902989
91.13802621248838,18.768431510214374
95.06875873160301,187.21352917946317
49.6794058597052,68.12030922775492
30.652117548413916,76.19931212628501
141.86479456298233,59.683259638804174
165.3476958751753,33.16049812796332
117.01088281502591,24.132955769777272
109.994519279943,14.7000439358498
16.297280349953557,194.62229090392572
170.384569621128,126.7712213693194
178.73560081416258,80.37893508878275
179.6388553248424,190.76108015593252
98.74304324850102,24.95158390819951
134.67730241811728,54.566551550079886
192.4523113045248,16.211458077207848
166.0200696259955,185.91484473187805
89.51227559691273,106.05159914188222
10.556365729627874,33.45174231723765
76.23126779786763,182.63099197698062
169.29291658112166,131.40098763057568
48.7564407255004,17.478230484351396
165.7761247956155,193.52241325790627
35.444462747112425,54.77132186990964
7.301614603765563,14.1192285272677
115.86796053335333,89.48612619817732
18.469281906861063,150.39890707123826
117.85295317360742,131.4881113721653
93.19486437896315,64.41211752136245
33.50804029887892,133.11555060336556
186.03345964075845,132.09071100615571
151.16217607451685,14.798015538399516
20.987112191283856,72.62731736552016
191.90692031139517,98.52409677107467
94.17112771669478,134.07189205066072
189.04532752771672,55.69754631724262
100.62579490034312,155.70072342701573
20.780752503769047,80.56772984896486
147.39420327537303,110.43480981408953
54.34550164341112,176.02269070444896
174.38730867221054,167.91333740985812
144.791600965962,14.414925865817505
154.1261828196492,178.59957301698142
19.961127782401885,25.425096581687583
44.1759938111788,62.048839216052116
107.19196413738582,185.0740114875059
105.59452585241132,75.75856104300566
33.3898220633112,89.95460047706156
182.00638484554494,138.7566569496198
107.1087487931892,148.34891610661705
105.48280666524057,146.80469012076648
12.556613817497132,181.4697795657906
39.39298367011511,7.20514307022342
182.47643770148753,87.76056427847337
163.10582361249627,144.53089815797742
146.71929206393855,56.48331901945005
58.09800421434776,195.64493572840422
95.22212387841992,158.7868245739117
159.50306199160798,58.22196575261785
161.56889854640383,166.62950638477133
108.42171909847518,173.3461857364712
47.06630006513538,179.14753124138448
33.30484714605555,129.56966555908508
176.07286206340945,132.2455111592286
114.56698681152338,171.84269089724575
145.95834605955238,18.893716302303115
31.027987031615663,184.05368688770287
157.72339512960883,155.67809945158726
168.95903918590938,163.13912308773382
106.41269362439643,81.95258299666847
56.816020574330636,55.790573643734675
58.07112569257317,187.38013670256592
120.68598151396752,87.80843824842677
143.3737481131751,25.504190478409498
122.87875930997022,111.14090609558002
5.882864481595121,58.914771779309866
194.45883270550164,109.28534710077392
108.28509413574007,12.425657252589984
167.13759652481542,54.57557245759239
192.35590906636864,18.13593159307767
98.46067022046542,177.87198901698204
96.85950188934528,21.27507965666646
142.8413271558032,187.22524296494456
125.4235179574757,88.40569841675796
104.82209046968651,80.00807322877594
56.36600805308555,70.9500504680143
106.71113921288222,131.41759246856265
113.34284589226225,192.34617362995382
186.7419048278528,56.603441829905165
58.580924273305456,139.76506553912597
95.75371444083217,89.30742753577735
141.46174329674434,33.17942123343578
11.69639113708926,59.890832339649435
149.13107240591117,29.433197654196437
117.42784346600526,191.70824504096487
110.3200136192257,119.13916164737813
110.792290368478,189.72903720353574
13.426025857081068,165.62287112762994
58.415873630634714,143.22294290720936
119.9038578008698,166.14045986557994
6.754028115082358,81.53759108091286
165.21374860119712,19.426815213447192
166.35125161711593,119.96430205378223
98.78547249525579,134.36223885764832
187.9477502227032,86.03584945651568
39.784546341667145,44.52339895426754
121.57331431631631,187.7945688208088
59.76542475992421,167.5534686825992
173.28782609044882,98.52770090749712
22.72892238380964,151.19147249472047
22.53573878311263,161.44379429022425
27.576465984764504,142.0050595021551
39.15374399697744,144.8810273790614
15.412009052354916,146.38221134150265
147.35632068931525,22.319879099397987
50.36521091915095,53.892482811978944
101.71192142987593,180.785870920468
158.55757874712396,116.6001022512803
28.61732878959191,175.3544396174665
48.41446685433763,53.94529362472606
90.86560064716795,162.6172268207055
189.08458703363027,32.47458826928814
108.85803496044088,70.38193668719131
99.30679468700343,174.48655368618606
183.62918434620738,121.00360971310695
91.52240959473343,174.72512959188762
173.15688513051015,160.8064780128342
139.16806490798052,50.95061600273044
106.31435188967426,74.52264574025558
23.346335002985498,63.24942443089282
175.7657132243879,24.837490008774044
53.296700232929595,127.34253991734997
180.8747970849297,105.95343766064045
102.86565743285824,192.916121080372
5.965571536482879,21.625321284819833
154.16971446027966,99.7026496692282
6.555849306115037,191.32346824209316
19.719977635470276,68.81872776046666
27.956020290914264,9.867082986335223
103.6985953300244,133.6743844374413
96.13999053650545,189.1685336217659
163.20407498590805,145.46567037801634
104.16169010405852,191.94596558916876
147.47582379338496,31.824833376944817
175.10890900780797,195.99981711140427
183.29092826327872,174.70107966833575
108.91264230426901,179.3692232248867
190.37959497212037,183.19177039229183
40.64624837094989,195.36094089919155
143.08247915391942,131.12528985748014
75.71491371441748,126.23095888283983
164.3714371925562,189.4491055219965
24.995032528885464,80.33198747225879
81.40081017715625,31.534777595786576
115.7254200838999,150.80587646368232
89.78331385864539,171.1950743953589
114.2619168003397,105.47619884709165
119.5018016368685,184.6636793561715
162.2680648129998,83.84058125442536
160.69876411422783,76.65413190202507
125.59043393917379,185.56426603148853
40.34151076643995,21.401262613607464
34.12210574920853,70.58352062975992
77.64369443544166,170.1213582246514
171.4254699993646,151.66923731632863
125.85727427075575,162.6315468475493
97.077844192675,82.08612633919122
19.243131655226797,142.81584343756467
119.68193191981166,30.769498342371303
18.79006450858912,132.67799330248067
90.99038641850574,158.42852600936806
172.26945638072695,160.62354355983933
37.345736920126626,133.93669612047398
154.32000909839826,78.69636411015242
106.96071674263317,23.9674993827671
175.18608052915587,60.4849211750639
126.06095687074951,156.75188715195955
117.9737525282359,178.71062322286818
141.5907563764806,23.050098902782516
13.054023848550802,34.3512578460936
90.35962111240563,71.2935664088736
47.36976057907281,167.62127282797027
49.116761034850406,133.30560456737106
122.28312202814621,142.77553306842066
190.28917622620475,77.79158025473194
80.28187352583379,170.50028542019874
52.04988922671007,179.2318796064649
106.40084574001003,18.760317685066198
5.0437612988186435,30.912400499666727
81.82343456502728,144.24783477050886
161.76866970263305,75.7666144225268
177.68496148593343,101.72525352897287
24.72407775065548,163.16559124826966
48.89355506314155,108.24156990413246
151.28517529897064,134.7692538725597
50.36440889533162,179.32644147741976
122.06128335480497,17.772720242313834
145.80108164827874,120.43979925701836
16.069380467768756,192.01936013733177
82.03853948081226,29.1828035633887
162.60091407041935,176.45757252614277
12.354831685913002,117.34389387831006
115.78683148641123,153.5048287786861
60.40750070666899,120.44142156970972
180.51936207608682,181.97717834483495
40.923034235299816,145.1034827250815
11.223648958051198,174.4951509227003
92.3777478792087,65.80783035140647
179.1224399414003,131.10761705305444
84.02420337037316,55.82234936603172
159.86782797565238,59.16254765726054
143.3589764956244,107.73026860629106
22.18436983779479,145.5309982072046
10.442409529212512,167.42360656341478
163.08745897770305,132.71972473347444
155.25652413455563,21.523056385578215
146.582324109609,165.2212038755614
179.9938554777539,173.2603553244961
165.84071011174873,29.373745946687276
41.43344191206194,31.72718013251692
167.89473487109657,34.516928444522506
91.38564624126646,77.62333001521894
171.63393971442352,67.1176397374495
57.613403132440816,168.85605690716483
37.615248402462505,59.372823142404556
101.38704129770498,184.74436208762162
28.586827764042816,167.13353609714923
31.04686291603843,143.82808160552716
155.80301465420462,136.57396601000164
190.46399322642324,67.34356076971766
7.501293120689827,117.83999863057538
114.69207069684863,177.85032076331277
170.45047346462786,34.907699307926116
93.95182101440986,115.30628497077524
91.2020734615458,54.0795725568064
119.32898602586158,145.7547905666969
107.39958675348565,108.40384135403482
118.52875158413272,112.91655267749287
176.91357773045635,174.8867349985557
184.6294439537135,109.35275708721679
84.59744906439856,168.89634123803594
194.666578240589,107.07131599023721
164.2699371578527,67.47552692389193
165.09634323330314,123.63738619669289
14.252684335795836,155.13679474625198
47.00644581315294,114.01659107610585
60.40607019244453,173.78971860620896
191.98950068442937,27.301150550491165
180.76695754619854,164.96217569851927
171.26649272194643,141.65733302913424
167.13578615233448,30.05779514712065
153.15231083521783,56.08434164362156
88.36012371604916,5.889033316241826
20.41231013598709,21.482445479331094
85.05556536279076,124.14924124227394
171.97405659712206,9.558573944394276
58.07288160554703,29.114341366239962
181.29612681488575,87.18427051748942
104.67953393702392,174.4717214569954
34.94791890904963,146.3527742321175
19.974295331609454,11.198976021031546
76.79471252743069,53.964389887686515
29.374361226141062,185.7495649836004
45.45712597947878,8.78439388456921
109.09271355329437,19.942885019041878
59.090569371802545,15.458314312674887
21.806432440608283,109.07896269119621
184.10373716397476,188.77994520451466
148.25034001256105,190.72960400865358
50.573551281943104,63.03228876710234
47.103124680193176,11.359806771510453
45.829419732790136,23.480597465425056
24.469299820372537,80.9445925793634
179.6013897100417,149.47960276969877
19.68401420410549,58.330186927540126
191.85193483026248,13.868489553751335
88.40847381703537,158.3574019833992
126.11476622260898,146.07880467140572
142.26746784582775,188.316211300167
99.90538718115556,70.96080355661996
14.863587771124365,145.38573270336767
38.99429753151798,28.17318161905453
183.16809525051684,31.722245028271182
30.55841405798621,124.1635469729812
33.88162820443295,89.36322067962683
194.9413382540347,157.99586110098392
26.708791435027944,177.68041710618957
78.24598504285615,165.99104080732027
155.2442994537262,52.230042953667585
146.80755763520773,132.08656785793232
22.783234729475485,117.1224410978657
181.91469989923462,161.09112816847247
91.14439497820872,187.61580303811903
165.00592459437064,128.44526481360413
123.63854867134481,71.8678220193894
56.44701021679381,176.80378723687008
126.43851333322534,71.12601227193541
103.95427532819565,138.8655050673796
42.131559705136574,188.3657302492559
167.917057033589,94.79293447521115
27.201593577320264,120.96819225444528
53.87075651916814,118.90120865108182
112.41767969690643,121.37125870201385
154.13689580867108,112.20983586480897
33.936623183800926,187.17799377236523
146.11881157979397,19.199707513219956
122.44305296177569,57.591732597503615
16.134723603586597,151.05817746174395
157.31236493607943,160.0231594936324
83.28087148622828,105.44162737383623
177.8117405187306,32.04265040509182
106.936004635385,127.57652367197107
99.39496051953861,193.03300375371717
191.30339633229394,25.135570083393
80.93270313345212,57.214265915941624
20.40812511237116,141.33788296455464
153.5427625221919,16.601108112388133
33.55667828174511,138.31919905518222
58.41776384253548,127.36676448076042
77.43720478414019,151.03517089422095
182.37784136179175,168.77646213537258
55.8679460462272,144.71953296208977
194.7436566872443,16.41444053653105
24.023341530366753,16.63420791126202
60.99262605344655,70.15124230262161
183.0655498475004,73.60487862705969
104.11891431630117,107.63319761045015
43.93729927443519,188.87099545789295
156.28497158041566,50.897475358429226
180.46971844403674,196.7112259158137
168.7926204575317,86.38709259098303
156.65752800129823,193.8740747062451
160.9604818223927,175.74979988555634
103.68829900029928,66.84172086838718
10.32019398080388,109.36404815518114
19.51285089030582,58.308014699024405
47.2642300786363,22.95716172096329
55.884082170044664,65.8742338637361
152.10951403483267,116.5477699303627
154.98884225444982,150.73817554583945
15.95210625727751,17.138168767285258
19.064357842743217,153.12437871748625
161.801083816031,110.05131709839044
97.52523177447803,51.46472923809966
45.0155565305184,78.40346341520734
59.84717801977513,123.60150496717739
81.76974678910129,7.336644625499019
39.34458572454835,38.2711470609839
115.0917275682795,135.69040593278802
86.42961266092756,56.45807155356046
42.72676180834983,44.559952082515125
110.90124198016157,27.08473872015102
45.14044025819924,30.71521343132044
109.10912317109583,184.6800588925697
102.5999929484523,186.75599780455786
153.70903251778034,14.36365579749175
181.04437826616893,158.91724666782756
19.132864391033138,68.06879044197362
106.23418006789964,106.12130130674986
21.35203252511636,185.35519680446393
22.264577395642437,54.24208668670707
154.07165095523862,128.0929369085025
20.339546957091187,8.829249871716774
91.33228525592955,143.8540672532328
164.14831832148622,153.91763968738744
53.771940702248095,136.7655166466087
151.0438585637969,82.81088384862093
60.05949751825892,196.8668328799601
15.598870920136175,5.507757385436518
189.42798177996843,101.09849590210824
89.10370768758999,176.85727499638205
5.683038228479093,181.08023275514975
191.42936162705405,172.4032128894117
156.2233685772587,27.235453085716735
39.79061703838188,42.65433280675648
148.08864899837104,29.59312086785036
83.61273971347897,75.28143273320754
52.310498912044594,19.24016595302072
144.96118473702387,169.79338754395974
85.84816371496272,75.54913721965855
187.52492204339956,190.65557667590303
87.18294946028418,158.15889519205044
185.66399903192388,118.51911191725677
97.23602099450896,155.10364093980002
108.97097069894289,153.6475922253994
165.99381525972356,129.34500195802934
171.20278593845111,138.14404748374258
48.44983041524546,38.39932128741661
123.22133955656949,126.48157526060226
121.56568940199496,22.828809458709685
30.609266465935658,161.35447190102536
22.256210098289106,11.384771647946593
152.1367159335911,21.560227559786494
75.18529156088837,139.4002589313774
160.99826834147808,14.409456773975602
164.5165715646095,156.1413449271997
185.56573379498815,54.53997850659686
151.63115798758972,57.68003030699893
48.94499117507236,123.61146114113839
51.8071495125235,57.69450824850406
33.46243128299043,144.0912382272564
185.0879626028864,124.79360470377337
168.6010418820646,112.60324782763402
103.47451605739863,10.961951458819073
79.52874398574586,105.08640038166425
103.87791832652042,174.41801631075091
31.351108103999533,35.54065142361322
183.60965465150892,128.26373100654735
15.482392663410804,66.54471440920966
154.90584283135325,64.14901856136544
45.21490356974414,121.69367421040505
41.021858028935625,189.2146731069231
89.70999668342489,9.33539521151375
92.8900536079601,65.32135926000878
105.31517019850418,150.41008024784503
40.54776412452425,170.5394588191005
110.86774770258207,151.23747631953862
122.79076138471603,61.087668448050955
126.98891619744812,30.308832495175384
15.824955008880707,9.845144046599648
185.52840349741734,51.60330798533053
88.55347920484229,151.2897370843144
181.9048328861179,118.57585309279462
91.89295354628428,195.88796354391667
21.434743026755353,22.115951010582723
195.1877930256775,145.00798648021762
50.13085050582324,191.37091041433615
105.94971353121096,24.011586870499187
113.01280298485159,23.68783881865541
128.98536221438997,53.29917137148577
35.17850198296762,20.306507488734642
78.38285084563849,133.38023867804424
15.15038650406916,125.22743855331268
60.591275801510164,77.05612771264492
152.68778236828717,130.05482135723636
90.40540527495921,154.58012559429832
33.15541197603965,169.2906888796499
177.56298610898943,125.50909486809246
159.8012127879164,106.32944985163948
184.1888276724272,147.6294854942682
9.781444996793756,150.01476547563064
57.37213694854728,8.495322688278044
58.50157284958819,155.26216560832052
150.28404724212183,25.87164795377471
142.17318469587215,52.86859171386039
31.35140941296603,121.67661039851026
155.2085297986459,50.160854701415886
48.89092900626133,41.36234527004562
167.92452591838628,32.39389905592941
106.19204337959907,75.31805181670646
180.81064850147234,58.28500800253406
117.57938821185765,130.95753969264186
192.89886687550919,113.33788350710809
90.25742298336363,169.53525637451597
166.55543939886158,140.65698156789801
119.03135698816831,164.05002170935495
41.26614781702105,141.13911746365446
158.47449084337094,29.15939307555343
92.02127643876916,23.271955752263413
36.144370846079326,157.48374799625174
37.67757049643265,168.7734174488171
196.21122583478547,121.78467264020826
187.30223296804138,183.60254423688636
15.127284171291832,58.020397218608956
108.31627298447543,30.22103916328046
10.95413492201154,61.397489443142476
183.21981223009257,96.13681909030443
194.74968412017944,176.8562825195927
91.55146522293884,122.44467606503812
11.874271872538202,54.56706110244197
16.91190409580411,12.076851393147662
174.72235156977652,178.90739451045394
38.46081212606354,14.882626039477488
189.36827665181318,84.72090303399462
146.7079641533536,184.63900578416317
28.26890464254313,23.064121681169663
142.47768533154277,193.19233421594728
10.053505390089502,62.1912372714933
196.7158568825128,78.11621709216725
146.99222026959725,72.39200060338756
160.77623460445187,109.86829356320217
90.20404573550151,21.72921034552557
57.47034068101683,106.2652961265496
30.834888654525056,162.32283282040592
164.7394685307393,193.3741381432045
44.48216521610086,58.59704906471767
115.40215195573121,19.85534456049185
143.89146309079314,159.292805063589
96.41022780300206,188.37694276804564
79.25712728830305,80.12115376800871
21.965707491499863,54.5949593928432
193.34055694379592,7.208667863811082
55.15949526580394,136.19165803394102
45.695567288471004,46.6244404530659
156.3253243180069,33.6847652768928
166.06811780279276,180.72967111140034
159.46739602326812,125.01021239077492
33.8018159660319,85.93025426166872
142.39976376988724,73.49760672886492
150.1013147723703,79.16826956072255
147.9542840383854,65.12676125696989
126.642610413307,76.07520135139939
19.41114367213219,119.77751302396045
36.12044661887736,149.36343471716432
193.29397002153337,58.638816960636426
24.765585375443063,75.62489230834649
23.492823765935057,131.43782895202096
141.2484282736159,112.9160673044326
56.689570915194636,68.64294661569949
142.38480826448475,65.60214113347985
35.32886664975638,71.70418378485638
185.6854823796418,109.2943820122143
125.1394577212339,185.6190059312577
9.04651588230615,194.01904203782726
196.5849605519606,84.5888348016324
116.4941701041094,76.3742765760759
172.29847109649185,114.00189165998701
179.93536112236092,177.74295410811771
86.14132627176971,71.34333248540113
90.72918066783045,108.07648025645466
18.267815619214197,148.17918219633063
84.81440206570983,8.689606591009673
95.31885270157787,157.79678432814788
32.21216764494815,84.25561897609107
125.10736768943967,163.1260559368126
169.31329386171785,174.66611077930605
86.22539682541591,182.83183677763546
180.3877860203402,116.72394919192236
7.014675347646396,67.97178024430717
185.68523190821662,9.889181136584904
33.9971932401944,128.31060548161642
48.14477284915722,139.29122111484017
167.08160860362432,60.11144925648117
81.58243433188855,85.56070496782807
121.04990113544372,186.46030168417195
162.2378890660206,146.2891225242131
48.29078629390238,66.44055679329415
187.1225060408484,94.23220048765782
121.64010957395362,149.9261406340486
55.17465241021682,137.16298320051737
103.00556867079835,66.9690530483058
54.951066724254126,187.4227551368576
153.60770469906896,75.81171979275965
151.91237826934528,57.35572249129649
142.04116766475997,11.97044511386461
83.73205537963533,168.09856656541197
119.71733916488917,86.6688067698873
17.897925895197453,177.35042649147067
27.94871087297904,66.56976204141039
89.93155453912802,110.41579727891218
167.03836488820207,16.140475454389193
77.83387835117941,108.54710604047483
16.26409083611678,164.91197799431916
103.37201977045302,57.749273609180584
105.13750458344967,18.205106733630327
88.67277464556196,139.82781912817057
76.34942428796238,177.93843089023383
102.41053841722949,149.05577695315242
40.317581296186965,129.60609048265835
149.13006511921972,31.794635658632473
35.12266944037607,175.72387263212198
100.81649371151276,85.81343915238106
171.37426625402026,97.13083803307742
41.231067978562194,124.4886251530798
49.515117945754874,188.74487599780903
104.36503111678994,127.58065143842867
167.53832497651595,148.73085905967747
178.10371016322173,128.3193995617265
40.59939062765195,151.73641927234604
7.950908282645041,172.41166942192822
186.52909877507904,60.46626646111149
188.0334404003825,52.06567475995347
34.84595935704047,196.33389357576812
187.8566468163375,24.35657125065277
103.51870232055812,68.62550802632784
126.88075380228585,155.56792288922944
90.05155434179939,123.07897930746391
142.43027793302505,119.52912913498189
161.08482184683356,15.905982741339914
26.465451155701146,65.75515369054064
162.7403328273472,148.3508887319292
189.6397833977663,172.48485120786066
76.69232317449188,113.61495063447578
105.90508417316285,132.52853031093835
105.35052852415625,18.50352378897301
35.519266092679295,39.48994427119923
115.86166947631257,142.77593361792998
63.880154794424115,84.02044770838741
52.46752815569488,110.90917892887575
79.81069534070494,174.21388040157402
21.000883322885358,152.88754364622443
165.4305047830326,117.51822248052818
29.439472049792837,88.64744717827804
11.5219533821828,156.46973652097176
191.83161573919546,153.89895810923412
95.09834431146142,67.45950787590563
104.43330196915505,80.2133087732387
139.57754618252122,55.18568653835742
59.005498283677646,121.11683788411327
55.85730563768388,155.34938511942667
42.83192780922916,184.28094044897514
196.9917973651079,12.729483669197633
19.329375430706236,48.30321440491113
152.87491250850346,25.065060375641927
18.155885056833778,164.2549138056064
119.01253949767599,5.442279139771977
195.69915446623904,84.77545446497672
55.44001676245516,70.10057910759767
183.16799499906682,105.83983694674471
192.9429682221696,12.284053927822024
49.87021480591297,42.29107313539311
121.76219210298987,192.87085212989072
98.30033327065892,124.18235059363838
5.182130646027292,116.38152283526341
38.86101796320632,138.94049832262274
42.80035756837764,75.4767246038201
73.13988740651044,83.80620360953654
22.550270785441544,33.24851532809269
166.9414630026696,64.26838077141747
80.69750418572923,145.41070983945409
146.23926035843053,12.738477594104754
102.27223423182022,163.58201274483974
121.41677710059875,23.476444874500814
119.40752789570195,73.15889239615046
186.77336227917888,79.77070796496305
59.65591566460927,151.63563921633303
48.3616291883597,146.4487389934285
80.19334292628955,148.26058217318356
164.8064849650601,165.83248740952533
189.02267336888045,166.51754745786045
6.476672252703427,106.60485619847503
187.36420258728884,90.10460229952083
166.6852898108123,118.59417330318169
121.65167577059584,167.79296591404182
188.3115191380447,149.61979397109417
152.7494110279313,160.84809286622055
179.08620112904623,102.9541440334204
119.11946839217643,50.89730424168574
7.048105811354099,135.54524071388528
191.0446159457709,55.63375996844158
143.37284328841412,67.00811110619156
157.67319886590488,20.857967824464875
10.323384677510749,120.53810557288325
189.29797965990204,133.48834318278702
13.368067390355323,125.02104519898872
123.41202453212452,139.36488015446676
81.20223326673806,55.96979547818422
12.450221404959274,42.948352047449305
178.1831279765381,9.904580864369839
175.94346511744925,136.22938952586665
48.80359876892028,166.13344627120455
33.382214365360504,146.81885192994608
149.864621236416,131.29063353986177
30.94801450071433,56.48325238579931
144.34656388328835,74.49515149476986
143.44130314881352,100.22753966714775
18.377911234281587,184.88960212924832
126.19007403939331,28.669354337692823
147.13354152843792,64.74231603854972
176.42872887974167,129.60914236039514
82.5772167394203,130.20361982984215
112.86417570868916,18.094640054562984
184.886606246804,116.65144206562825
22.892717634493486,65.18737979420911
191.14881230895014,84.35618500923255
22.23582598487134,34.83117900052116
96.09907780552965,122.13167611231935
50.8091979938612,88.92707645584672
110.07262738495083,79.3563341318193
97.32769479218472,178.05362025666582
122.78573905136203,7.3269861225779005
80.54039148226042,53.366368800889184
109.0204566767856,161.6722618458204
143.02949851987321,156.33300122883637
143.26056021424685,93.10083197836423
159.3605914786803,61.03931639864633
107.46900022883747,183.3279995189435
163.7542974536023,195.4239398575163
7.355726517285216,81.29672872142999
52.08463564470821,65.25887414878899
141.7282178923256,113.31915965984562
119.061579494311,176.8789597523651
144.51257682874027,168.3383574872948
77.28065348777508,23.69396109473192
185.5066372791747,30.42968799282045
177.4695312204408,106.51102644705213
141.14036717607243,178.77786081316535
87.23132661298338,147.13983159832048
46.95052517644435,153.13805825104035
46.17233680304969,59.366600514825876
83.74494574936897,188.3430398211532
59.760715974203734,135.46386233924332
45.64397170449161,152.67841084992247
147.12677040346847,98.87949421411511
99.17680479538699,119.31847498150418
176.7247342542037,21.653296224118616
111.45541550127263,107.03745432511195
45.14591371636563,72.28898768575726
109.13887412225478,33.92609221454132
52.45602789761496,196.19408277206153
159.03383794268296,29.540392191388637
172.51786539594227,149.62674071758687
43.1736750672992,110.74398174111325
43.114184341537275,32.37425983910225
178.83466816056173,85.74628150675012
78.11427939962688,166.00180490040245
144.53354815035658,168.45283413589078
196.0807283245018,159.99399071911466
44.56163962738528,181.2290750089942
6.142015170241382,118.69177963442674
188.57769871218525,112.06909284421491
154.50297690941485,92.39457438904962
175.38940141796655,79.71882392157234
176.3568676416372,185.50729125092093
45.469622262486496,61.20550440161315
187.56863737366393,137.72281639646096
6.269369956140959,157.34275497807127
149.11681932703218,105.58845782850334
56.85485342661786,134.25895278871062
44.67685791848568,120.32680575462776
164.8501711285489,84.12025504522407
77.50591602273859,58.96483803726852
143.20841088851793,53.799580698445354
7.488513572778746,124.13657891934454
175.40112922440855,84.36575311989422
163.5232054947448,14.759153162535132
14.48300700638276,88.97865435088183
104.1179635359638,170.37300518307012
94.71213388533516,23.776826150349965
124.69192197758689,7.806580214818322
55.588428494482216,114.751167812375
30.267094957666682,193.13861872400815
26.78507362178784,123.63679091385204
51.76641492996113,116.6952245429891
174.24264466793795,78.37777400273139
53.155223931910456,174.0355257664741
118.45461787706843,131.30797429309422
167.9334904496285,34.057695280017455
18.514810401069543,189.51654026510053
114.48670668471891,63.836879937070584
165.06478130042697,19.03937320216534
182.63594137268888,96.16691129723382
84.4748780773389,135.55129803503382
42.51897023638492,167.8787135229762
165.88311392822365,85.8581878544787
90.53927363444252,178.30701123063403
103.00331047412632,24.72639627319897
30.70042112866118,65.5462980103026
24.755286693094387,68.59914792497446
169.32841835625652,138.90729590778395
14.820013715198256,17.874443233407007
7.121257514460268,45.57545055440164
35.283314630685446,150.904651339943
54.26114791504771,18.501899302702878
133.74710935318174,58.66167392014058
143.06029727453335,189.8344196991108
97.59654132296929,184.97615830756467
27.037796929418544,172.97843971420122
76.62708790366624,78.16360909713138
7.088137467811096,122.66723262179644
14.302232151314954,119.72477538022665
196.58740637824985,59.24257257598733
76.45843404366961,187.04264166251767
82.76057473405822,62.801008901056235
187.23516162881563,176.68258704712107
39.613328359326886,55.462492721146326
54.64828951908769,121.14383917315185
126.99846842579835,167.10020970659608
25.1019226540838,173.63419608228745
113.99241737961145,76.75503221369851
81.30006342475701,162.88004229765278
42.222311858381346,152.24940795297616
22.006539617729697,124.25618142731619
188.03465357638365,121.46601144389682
113.2634133337,155.58722097374454
80.63969470578076,13.441759309670806
79.38244652050766,153.44739144877317
152.83444221761098,152.8886334246026
157.14742626095813,33.49781418824272
176.84641037565305,159.5652280454072
116.09367377822292,191.42689505982696
184.285764446782,191.8289534944998
103.19291813833061,118.72156438061074
34.83680499872109,114.7832290875313
187.6163963495797,122.306515433161
161.29896538904947,112.85418399971482
83.1723631852057,72.9691012324625
153.75628392133854,101.51199695230481
28.698300619090983,131.07520616090926
112.47352990955095,141.1861938688333
12.515927993907942,45.90418331193116
120.94851656874089,65.8567798807904
174.03496096533496,129.5896086240056
144.29903984435924,12.267571888896978
188.66988135626238,31.579036262943106
168.05055973297823,188.44159679425547
194.08407330833276,142.62218169327755
29.006255601453557,193.14204032268333
105.56145943558894,53.909173119663706
49.321895913821045,30.182297867727254
157.0097154859025,148.7694820873146
185.3438154984971,115.65341208071715
185.12315366994207,174.31637410867103
101.87748671203661,86.93939244873778
181.48429653447505,142.67162484294286
112.66194634255434,157.07056138173374
45.930143638611035,142.5603977150556
114.8396457807704,54.78399533466418
9.709853665117787,173.70232324334933
88.11147717703807,165.17206503850056
38.30558227422533,43.13567704498905
60.269103673054914,54.23644400147687
91.89534177186738,23.579224553581586
12.665518567532695,61.72690465687239
17.256574245985988,131.41822488204255
189.19049910035181,55.90379507115333
91.87262686684231,138.67494191605778
141.38905342181425,68.57518037272882
99.9628536551615,126.37483284928405
45.06903649398068,193.7182240361753
44.089928119658026,31.72126647875454
96.14497143771881,145.89033426350449
193.49484504132244,155.68249466623593
170.97978549743016,117.6964359877661
94.34927666105104,70.01377432123272
43.585019804332035,16.571181406836203
11.303007682617327,78.48268250905723
194.32923976309303,113.7251638688041
53.226119897977114,18.327722181592836
109.27883674984373,175.77889663792547
20.884790187205088,33.85755371074588
53.91621931194053,183.1617415224914
150.01715329243044,132.1899288448898
13.223098153693249,11.943027872273607
82.4610862693738,171.17488600365834
43.82259099554949,169.25285427081647
187.7953741059838,84.8451890397877
77.08408929843033,87.21942321571716
156.5973784479878,78.1688749812848
86.75830263534566,18.547121307627723
146.86032457587632,11.370562575652713
165.13235222385867,62.573590129376754
91.32924442177878,24.04565010019546
91.86013722410041,75.74680413050115
168.87660938693566,161.2328177964987
158.9280490369206,136.74222832494632
50.44098150899908,49.96856723103477
57.17214932898523,152.97746179528858
149.6860972219422,133.81233127674537
97.66782380529602,65.29517915342815
17.13009660027528,143.66304030098718
77.6914684139783,109.20981424180397
9.423867252262546,149.45944138050646
43.58846277887238,152.9560662274696
56.18063300738476,112.00789765557406
193.3106778439212,22.124254733425847
54.381511441989495,194.79331107109996
162.27528530183855,81.88259552903938
15.609335352227992,8.802859056706115
96.8869816326834,153.01888951999817
53.074684171302366,180.97507116555389
169.1167576585225,173.67726319918577
86.10258688611772,159.32629233026034
176.5727666787365,152.8111285606374
162.10419091625116,94.33951365284722
180.79165689220082,34.79744693864175
179.44571078970438,59.31022178914746
134.07597727008448,51.41164371712649
116.48637762376717,31.885840513099858
6.486539348971188,159.37128183182205
191.47817476467267,71.88337313806525
25.69104776958323,131.68758371925162
78.38052024169009,19.367970904458716
57.95887243440992,46.44946433963412
92.83323878309608,89.47246615538316
98.89139361942829,151.15838880937173
121.9824506955044,152.36579982648587
149.85586061718112,57.823872905391454
94.46024178157211,189.67170283610585
183.83031292296377,33.73425617164032
6.824445766964376,164.87903288797662
164.21095110365852,118.67273268070497
191.59936862405968,55.23948591431882
165.55439095904626,149.71158190955612
46.018393951002494,25.6542272554492
120.27652340447108,83.16728416157929
7.674102221376262,151.9508316842483
150.96541228717734,116.57254652232702
98.99182068207921,31.247141267425544
185.94948254052156,17.219633544099313
80.40339237949264,154.88170704700744
8.254331422269074,155.64255873640832
118.33535188956895,194.51155157091495
60.59971777531254,128.94263575039594
188.35297234268887,104.66020796199336
48.40598617364985,65.30576299312335
36.59553151691122,65.44641192777655
113.36969920143733,28.77297555022326
5.84135371272585,160.08461543665624
88.75859062515248,186.12643370366646
9.476197657775904,177.1695797659721
154.4707361975559,6.518688993369501
196.19549852153006,6.509089144048049
10.63480071704821,154.2296590253995
88.65265760276841,31.150267656866944
86.45917270898987,139.32194083843842
108.22092241566261,52.06079557687305
108.93285656133384,59.68187604334934
46.30415695180801,39.729409439744835
12.695244775169565,60.375054633629134
93.66940862983867,178.34396401540477
93.5007888062767,26.11919413834786
148.7941502073963,151.5270081039401
120.48077327753185,178.83381950368135
195.0700070226515,51.831031574539736
110.97702889561295,13.572425695738955
195.26377342395656,50.97857165583876
91.48894276902374,9.15550444305441
187.56777745554106,20.510587235295766
142.2052676885506,89.15933580043536
153.83318112023503,186.85981448885335
152.076909712752,11.4160545926727
46.1830040643202,153.03542591969222
195.64056194792346,176.89651151296954
170.30175999859864,103.21973776628028
189.37811803173526,103.3295371755401
25.57256863430324,132.83665590291918
61.51720697873334,86.6796045597642
151.7522038809974,51.099941720829584
35.242206936155014,76.9877990581844
169.5731046877529,192.9185149051105
183.94503111906863,21.918826538920896
186.9238713535801,123.17696408270314
172.53180773551202,12.81577175965112
75.91923289620568,54.72818456563082
48.09007412517839,154.4203017572744
5.37070491180163,11.07156900392279
32.169139025467636,194.83307911339654
175.8722515862337,139.1395664971878
75.04974004326078,182.74271795357248
185.91951508906303,65.43254311247871
20.13137803886803,191.1599003905387
188.60528124092684,30.09028449106166
40.921434164196576,150.51539382031558
187.45148294540735,146.9847452155087
6.891492657313959,54.12436478724816
52.17604056833438,61.134270993792875
158.15340505152056,168.69975112386717
192.9177750406087,74.77716874144828
55.88802590767617,119.48961707582632
47.34518680195957,124.92443692934346
178.6736274648442,179.6977836984044
102.79886685695472,150.48918390847777
85.73227866180041,107.712058493469
193.32709311102167,155.51703823587894
185.32725602781213,186.3162669574588
28.32574006920233,36.3270828036421
18.46805500241969,45.11276216810797
167.50205680292518,118.20768737102183
162.6623674859271,34.336605824509775
106.96060481620098,160.32981842043196
154.15947459135953,88.5143257278924
176.89070553548447,183.07609620291632
141.55141452587083,144.7706787321566
31.859156763134536,106.55478384263864
145.20429302921812,194.11692619987485
186.9871959131832,130.74167233696892
26.5443197279685,129.0818460350275
17.217492315573097,79.15118715291106
116.77759047444678,27.69545110746342
84.76295092214951,80.45995776630146
110.45515140043776,173.8336411034928
23.887156355790996,62.057110757028425
29.407397464639967,51.78788053280459
149.9958120211318,179.5218634086941
110.40913602939624,158.2773895639027
158.09167218126737,17.94321622175501
101.8582947211152,115.32054598032425
144.63426172497148,139.94895576713287
81.65172164037607,195.05420124111384
34.53368920204106,131.5869629842202
99.40584884732162,178.88190691009893
114.53488033694867,28.46980504676984
112.73568550036276,158.1016956153745
83.03933649650203,114.59523340643294
146.80389649431237,8.195237900284774
175.07740222216648,53.3145257004987
41.497665683454535,16.02280056545805
107.19011521383315,104.15615789480597
177.08672260769853,138.90891411172947
96.79898634000514,152.69375707143158
59.69826945611082,147.32306059906384
159.0626979561371,164.8081521242044
167.37797592719775,145.8021223870396
143.17937847045107,180.82857712641527
87.82633238240118,83.15840486834215
180.85694410645138,181.04514171191968
175.76672818233715,65.96932637253163
117.42053012042943,116.45668949984855
149.53670058953128,124.60742252748688
90.3355079755791,13.980854974384165
35.99741876093582,17.005538368505576
161.96621516856942,164.18705850521738
150.35442082400013,138.85162391779753
98.06764353792362,151.03443083476617
173.71397354918972,141.786030917399
195.03208495708884,154.4301475335326
111.64378136653397,54.88220797074132
192.12046772854555,17.063747278914043
106.59230846846418,57.914751920809124
158.07680171496702,157.35629552890111
16.329124951020514,180.76681719392593
118.8817076932188,133.52673660521646
19.071394263034758,113.20286425942658
105.1524531617312,149.13152496024193
33.1601512786352,31.49654674868533
54.46280974726911,39.409827813512884
98.51823639128148,27.676720180059053
193.90948715644998,102.13119528467001
176.62569944926625,94.4032380908559
164.25004134106717,60.07241975488428
182.37439227715473,128.5244569506098
98.56471625840139,139.7830532766611
186.33549592466937,20.896633033287817
148.5324561704134,175.7319302576873
146.37824655483303,60.98522292784847
96.84639997857585,169.25495128501717
187.45188579629996,76.65062742473448
164.2765345318565,107.98765103470295
40.95181954626014,110.18405714105582
112.75179852670364,181.9807041155607
53.04903993163412,32.43160521274973
92.08733116100943,138.68888777954749
123.4643958828298,51.25040679375793
57.707207499713945,133.76538095127398
77.50933385103242,137.7267294024219
101.50983902552301,129.37048081061172
77.36309792405801,81.71639622682216
114.55559506320095,181.2804440349838
145.74781356388348,109.15455772978413
144.96466885008022,61.102477681143725
83.47509348532121,156.23642979600743
114.98246933119422,128.4192469785765
119.2238166816296,51.73842683611556
96.27709523142308,59.224694932523434
89.71736362854574,168.60617201507227
165.72036911682287,190.26161592628074
33.33844190577799,82.8842723253836
124.22106164621047,170.4603878415813
17.630285914001103,147.688543353784
161.86978432770377,118.23299027054969
137.30376454902728,53.109330373920905
63.47026818771526,89.62210352036576
109.95717968618109,150.41341859984666
107.65401434876175,130.50994446349608
19.157853053384365,69.54685372047375
182.32024656986897,34.848253126272446
8.457115298621563,53.931372027599885
45.16113016765058,185.39358036040954
121.1835140785911,182.2875994138458
148.25540195239515,191.59051556559737
52.14330970056496,194.21386894014657
183.84357720540842,119.66662072303568
24.31103898402378,57.35887947463946
50.656242141223146,9.528008251483019
175.24805007518955,171.75120346076645
46.700079732584925,86.2184045819668
148.8750670941039,138.4054714871261
181.32797940064265,96.67021353623035
148.52185904583268,78.0844469215734
24.290510289013657,53.579948116467925
86.54251582063615,85.4815259891691
31.845929558446553,155.31146588931864
35.57508392937079,37.03225660152978
96.88749043009946,148.85019348980802
57.117740146484856,21.16430758446445
102.02907499494837,79.10204128481594
170.25286730175316,95.58156006324008
11.486183565333794,12.081373251455673
126.0576381877117,77.29186032540397
122.9647377746762,54.107617848912
149.55675771231859,98.13008329325089
93.98689826457503,177.39599581300942
41.230809100462814,178.2206490889325
144.00871563820698,158.02833503861834
110.79687393047887,74.43171089522872
160.27090097942852,90.32600460846201
76.47967102441346,116.50471117137583
79.68549894090313,160.40190469334792
146.50076877364052,190.56327217768978
30.882551358460695,119.96415521525036
47.82878867392694,38.81775415420672
14.726104561793221,185.91641772262946
151.04567510020942,109.5044977986037
165.10593573785775,26.5874649228806
41.565225231929,187.88058050441535
32.580217083182006,84.61996142028654
56.209969827548626,112.19779788338121
195.27160704929355,9.00471524329899
80.27806141256573,65.32964866324674
116.48192247929126,108.13359064557189
184.60461327394293,117.06225112588626
52.30252621269404,160.7181245579403
49.043345027156114,70.1571280021202
45.88800421047754,50.85015384118156
146.5938114436861,71.50190355674084
111.43194578085884,16.970559651711422
102.98194320565182,104.44688675295637
48.66901033447206,89.62418943392962
148.55962832334427,94.60136257372132
95.92453664859866,144.35113804096056
121.02314029767174,149.24095003888587
6.848635046951139,177.61342871276162
169.13934081756688,88.26101301983624
155.83236131119534,148.88491370164667
75.87841478524305,185.85159066487438
111.48049788687032,56.86219926724169
56.3930514948438,183.55408294566004
117.99657662582617,167.40018426042425
188.6579931936983,15.948711458007605
141.67853127432645,119.0570002065213
186.09160711236427,159.3996414885611
124.55319523562024,185.2033770705508
53.048385293017105,182.4649729495739
54.020436321585414,59.04103827917681
178.7360726147417,171.26387644305072
15.89762786972425,35.962233196051535
186.10795082622602,115.19605795139239
27.835675763676058,49.069309922446884
11.585994807880834,186.88932741935545
38.90841884285621,38.27337078636343
44.54965056232965,167.977720216471
55.373397397630534,27.586166291271162
110.72464555074032,9.625343030639
58.18518477233263,24.883790039555585
143.61642177479385,61.696112526269104
172.9980516373356,108.49291412400439
192.63666116435937,82.21187098321023
184.1461909412891,157.47226863868687
187.47817691385112,29.624868684058395
51.21118145666851,38.53701189821296
121.43842617921835,61.95197738475706
172.84581833098852,71.42193785187187
145.4677609332634,66.14737959974924
23.30154555044015,184.87252892227275
48.48705363763213,151.73307528631017
164.213739422043,21.305880001106217
143.43998774731418,187.32251120799128
124.55212998031992,156.4911026029812
44.69625157806771,153.89336624522576
28.349177306308626,84.06997542248364
192.12509046720933,7.629722844110449
187.4485865768873,190.47181165961152
112.42754153044514,128.70691905982565
100.15854572521047,81.35496646388481
195.99371118364806,62.09314168061224
181.2662360529126,89.234248029534
41.12102591257567,35.73897428242176
113.97189367173556,106.96329907501016
182.45519234842956,169.08982867390108
51.79332078820197,142.80493405151438
119.4023491132299,83.23644535018904
37.64314668039351,55.65839672737571
89.6587606180627,113.94454191251245
110.33667949254875,24.4283573984849
22.155495848936237,122.4761792169542
45.76576484497434,21.426500194840234
157.88388977212412,66.32110364279421
40.20117002337967,75.89668981431477
48.6262513325836,120.95064729357783
57.98827514567684,81.44551847715498
148.82529028067904,93.12716881384429
90.32343243075529,177.66973220300514
100.40460261848213,164.1735826565406
42.91437513513841,56.051142706710785
163.67650744967776,151.11210483284862
34.638745837994634,157.89416092596554
192.29368356378856,34.08400489576844
178.06236264542034,194.292498118484
37.54775049700619,175.9074430590286
125.22048487921172,78.01937878745395
23.471096465835732,28.82237418135479
41.42748937414828,40.29028386142352
168.9718686790716,107.86416615804548
18.131245376211904,112.35881670240956
145.76667432142548,184.3601676744932
86.35559333905671,80.2336403305873
6.480838975316544,78.8135272255312
25.56905911337963,47.006404110054895
11.962003027906837,121.09362663855816
44.39145976594286,138.95752694573608
86.71391849831855,170.3865437197002
122.7718689410086,57.19897150192382
17.29581244799837,168.2509368070343
115.5188046706695,72.0056125020971
12.277410484912387,38.876111527570146
161.07129492780587,143.92556838251247
176.22384724336285,56.88922386819158
22.95739327268236,140.08664613984485
34.41716141724655,142.3320566013486
125.3883798790089,104.22628684222857
160.77437958067452,76.58926163631685
36.61247240687617,131.1014460023769
129.70404897436921,53.194343794132756
123.1647501168654,85.64198565537546
84.90739557993739,176.75525765407613
27.874524838560244,193.7614559637605
147.99416445577054,165.65477458125918
164.11620695965868,103.5135780259573
26.825821171899776,15.268461023934954
183.9748038934171,20.63910983927691
155.81337326717335,120.84949930251295
121.3212042624091,137.0906125839657
30.50459037595372,165.90908407700613
85.18041710259737,179.47210947154232
144.74703034474118,138.16896292332768
144.2197438028702,184.7771251373035
99.02626403273952,151.37655201683853
46.75267245962632,52.18772435623751
148.06908894953133,151.83378550375005
52.15524070608805,76.23024009828531
168.16677362683217,94.723129576925
160.71648509674674,192.0321280000844
145.27498215882866,97.86330741454998
108.45127404998604,76.00388763362186
102.67301605102497,86.60000819327352
155.82867303673527,179.06256360940512
126.00765113786835,122.97554503196076
148.42304280472828,158.58784139488148
107.66100555728872,196.98935776436215
96.4392750305797,193.58386675872202
6.971312042109145,184.65373065022183
123.57032639404656,138.44739979107302
187.0069090506203,171.73004472205338
118.56257307935172,105.24971730674204
21.52142614070602,39.67119662186152
75.80764819969988,21.940395504812003
182.50236411963294,99.9842119399315
163.43306269867665,120.15363902569815
184.64343055009311,20.23978923378924
158.40675932033633,141.63346485251876
182.08828144466722,13.319393095546557
118.5334619242136,195.0880424899827
24.069187279112736,138.2612763452662
87.17259000939467,88.90176069314312
97.57058685133222,107.60042886776985
88.88040783304938,153.96442449536625
95.91251407212003,156.02681292293096
116.45742246319095,73.62839413129143
54.98893563821246,132.27871617369343
158.11704796949215,159.32226714661172
15.437537956942538,33.19301084484313
141.12242067748585,176.21798185424834
185.6570431281474,97.4757393333159
17.442426374272316,196.55562183534943
60.86940243421966,195.053594443532
172.2891857869528,157.6975953692817
49.4809065736786,154.73756147566897
160.97430541365742,133.5320216842625
57.10905945594206,187.7440017292493
186.6562841892202,143.63009001575384
111.6728123373915,15.790845269595787
144.41972960443056,180.31802418611775
113.88058544608803,185.02716919483092
13.619029197906142,82.3842199589529
11.162467342338374,78.00548248115551
194.93565835689398,113.46674350323045
152.49863788797313,152.5321628567429
98.01261151568842,5.763331284966954
51.51441710681759,85.78941082615835
91.47816030774091,21.71977564562699
102.67554650635648,51.824311192286544
53.68116277408096,151.21738109846243
12.796493683588885,26.549709927633884
157.70520733553548,100.42798583599873
159.73054652064488,184.66305201718882
33.90475141146249,69.20112049369307
153.15281798860647,113.68805034548409
101.80601557400871,133.7700528355696
151.7914830843996,17.828629561982655
162.35895523691954,81.95042147002519
43.681564053438265,151.09667408006965
25.08867440997914,15.960040411616855
47.487591533249116,32.55227324922292
107.09858441934723,134.84304980396473
26.7797660165901,60.96014119333693
24.950701326012204,184.25802749706574
149.14313924131847,169.89621711648795
172.63209218977624,94.87451347149295
49.52422808904603,172.2927006174537
172.7333190003688,190.88487066550618
22.830188089149566,27.126106330421432
192.43237806070948,125.60694612813266
174.41440813818735,139.37041075014338
118.55441661549928,7.123830134925855
161.70450217368034,139.5259839492606
28.852263811588415,137.03455643075816
48.936104422439946,115.73835288824534
38.279764797396034,33.29978193525552
32.60816357696535,26.307184120979144
17.93040028637419,135.35012836734805
112.0614602417602,76.76781058826643
37.122137988688635,69.39069536241163
176.86812767791253,97.64865581545105
175.28174789899305,79.27839199092033
164.25738409009577,175.70917951226204
146.9436727824833,195.746371062481
180.28521622577833,82.77834674934341
88.46676553583744,165.26638731323823
151.88646132677283,79.60414119644958
111.95913197511805,34.490511326164935
181.72723169102662,146.96931826176947
99.74365066929792,117.99552224048571
182.9814159206535,21.07702597971778
141.6137237513671,158.11565353876472
59.725790479070035,81.1169406820925
36.81440971531844,65.61226235238749
165.65986455369503,67.54552734247837
38.435239381116304,18.416461221187955
113.838584159424,51.615375577054955
179.9039693670847,174.72057673917843
109.65459710365892,150.5109299147346
18.650114466008045,147.71652934266987
40.627429025248716,60.95078850261776
92.59255444575525,185.75092820972824
51.64280299902341,112.84004741602845
17.65373306777055,84.90622543421271
53.45158317048819,175.38204209442375
55.46086473908782,72.62474383037045
190.06270652236216,186.84971958799744
147.8443106332898,130.92928590734545
46.94757647143397,46.246544642628486
56.969797553951906,88.84818741430652
145.36571167990556,131.47307400512287
56.64055298449961,40.94405425457231
50.023279400752045,173.33860407452863
148.59335388038085,145.20192696868264
111.05826970581657,59.56955207259011
168.72694033226315,93.82315166140924
196.01378057152922,72.51512759571678
169.60782793835753,192.54654180579914
99.98305578357726,149.0404126851155
143.4764106632387,61.49069364836124
124.0296739514434,126.29434557769326
146.1109335959564,72.66623135172654
172.76736923811242,59.582143130741535
167.0838294095172,152.98029914787662
55.30156001130139,44.05927542357033
54.16755490736474,11.218136877961475
112.29028817112562,114.66687859467064
84.31379165719366,28.357884687330696
93.76319214217362,127.39316867042498
146.87001690648037,26.13920393785378
26.28645198826565,43.205637269337146
193.57805185082816,16.863325239954207
176.63077190221185,74.90959291280204
34.157797639528674,156.07820407204733
7.519300478125725,32.74217949369403
126.07639609981462,66.94706585344125
166.42525523866468,80.79691101472929
33.27308537551993,5.224239960050799
171.3527025866157,122.72722680989605
91.5836834332281,51.31882987525261
141.22977521480746,10.708009643091707
57.53906942458522,149.03559567762318
85.53242236133642,117.95059339693559
195.04053742491007,125.47417932569336
93.28863787438412,124.82294235463766
8.097096713371183,89.00401668690219
148.1873618372599,161.00263127791982
40.55078226682764,134.27556889805604
25.343867979192293,168.40014164492717
178.4620520488936,99.9613817312496
108.15714988955595,17.843189248054205
11.591612673365253,71.60688304245896
156.07586028406297,125.10194508906598
109.24045320507472,54.38035152053848
107.62283757888224,151.66807134510148
50.81793799278732,119.49282809104247
52.87599706739261,24.9942963595638
191.69171330841462,176.27689035828035
111.0686189472212,178.43056601602905
158.8299873361994,30.87739636852964
38.873365270231766,37.75152190303135
155.8893574884293,58.02581392873505
155.30139872625583,9.879495303371549
110.60633464169743,22.132328682732243
116.69366204897918,130.00205715247318
108.65915368874181,155.53693398916357
24.7817858026391,189.38368788409664
11.453251799113666,184.5728843541944
178.08527214703489,30.190766634840887
79.81039325851953,49.32887852830962
17.32654185536862,143.12372482870265
148.77947338406938,10.66757818027644
189.21138889285356,129.62536420422904
181.10221649060728,6.917074810539646
125.60948131930421,175.58877086792327
25.780109071792673,76.64970718474787
41.849764592648036,186.4544602227998
124.21284221396003,133.89273519637635
179.31203793284982,103.7283926109666
140.9403619533165,52.47491705145771
22.298322416856088,127.45286257173291
92.2040354703274,28.39285578666044
180.18958745360237,110.69582391542723
161.97281345138634,118.18334761928959
186.03346945518152,168.26866723417368
179.31789446643666,126.57692401700781
111.67378484641135,171.7702311758526
177.52293425689757,177.5609666391547
19.21485449990853,27.25369564288889
7.034231222939875,135.5413543118997
107.77138725585311,60.687920631703946
144.44459313422166,56.81922245587814
17.393032981699314,65.43842623671779
15.105836445995484,44.545582201090326
115.96433875050515,134.8823093180592
9.516569575047257,164.16198834744145
184.50785099091343,81.71347840706508
54.68067267644542,133.57277450111152
116.99023601544094,16.627175321117235
98.18656853475593,153.5397695508356
93.20701677014162,126.22516701455919
118.55479401893562,49.098445286670284
25.512621375899307,13.625890585154139
196.53579718773915,28.58809254400596
24.201158731973607,146.66363271476743
165.91608597724309,25.242618865864554
41.48536440608371,124.33751035439704
145.92668269679854,104.6418658525533
80.85772055648033,132.2275046830055
175.45271038190077,98.11275316459827
57.22360729849275,78.50843540139638
87.73783264764653,16.69465663413974
44.59568386357845,16.752606875065553
185.56243356199667,123.69525457771473
38.49392096405706,171.21319581941344
168.26401873403768,155.68347157501685
21.21868849958221,21.645171453558472
8.006344327455144,67.12288013287979
148.55947437517784,118.73792293088006
23.12167774819832,128.4473486326594
95.7615406982158,15.24916292966451
161.16510570769805,54.561575471033585
38.23826714712373,61.874831751410035
107.83764298239475,69.45309785318614
148.5052638163303,142.96024644070187
25.66201117469735,28.939624789320867
14.99544635991657,19.719244927153614
113.28264094035619,160.88640504361683
175.99400165433755,13.310640715566208
142.91782229677358,92.00145750096196
41.191694680554804,173.80823799655627
166.10984106522614,110.09557810684161
117.67460735143337,66.43453975343952
176.76664719560398,158.13647783963054
7.789142042110838,144.31113997404657
16.057467538915073,137.26864324507739
78.56628817574465,150.51960495956234
53.579414188483916,89.60928996857247
173.74893649715224,91.44989053256154
36.3167297287286,141.35846298698655
95.43549276837814,85.69432403012233
39.72774896149757,110.2937609803823
156.0359663728123,114.27406392018153
171.96280595263912,179.70605439677897
188.29592665814403,120.31943269425223
32.486110385586755,180.67357931950738
36.74489347972361,133.0036571164632
114.76336065373083,150.47910748679547
175.86002924915866,138.41866730346993
28.569468708805474,183.88587093859917
160.83248251154805,98.50881579638022
53.8677158329266,187.74484489795
189.71350574803085,182.71555942404672
27.584990097267447,58.38184637873769
17.22697464970856,47.29032582100831
58.5191241150377,45.06139263074547
52.36809946295791,133.4571728878399
193.91267878554396,147.41435586900278
187.24694122031406,7.953677947662156
152.0521984911847,84.70495264130176
116.12863429300945,66.76612012271399
101.62895049751734,89.88256790636521
68.42315338650718,88.53709718247397
31.80474274421042,153.11392359811214
41.872127968688574,55.212761395658454
30.495968672751452,11.560833385768461
28.211874703186734,172.15279440012154
179.41848193298034,121.2410955335514
31.848480462026583,117.34070677612517
54.58982427698204,35.95226679322078
174.2053459684261,131.0168594112389
129.03129671207628,51.426798214195266
75.55664193055026,78.00589847714488
195.63158240617523,188.77057232936858
171.9189044178316,13.201545648840133
157.00173004599358,118.20911621908311
90.35580219816147,136.7084537845753
10.440212039032199,69.14723446285232
37.93820073084417,142.69233224906517
102.74462244684509,110.99748465510572
157.02382046105768,137.2530062643727
78.37836902374336,82.78320741223048
89.81190509611345,142.9269886885972
97.47203736335341,50.63869619794741
158.6692353914556,178.29599448987304
144.06865157012507,191.64029438513919
78.19011397458091,13.372998225678407
84.10668977149675,109.53798894633233
18.76628237638104,54.20071612698328
193.14961869648312,147.9412052081554
31.496973671036475,44.97790048134743
151.30282203357888,20.14110415493562
107.2446796897724,161.02081279293142
187.72278742747497,188.4324223470286
39.660241094081506,16.565345808444686
17.79648273980302,48.48268100064859
145.2965008346689,89.56539035059446
110.2261816664433,16.896431673351007
28.024044442746597,126.40509920114532
47.3673704155735,169.84430224303324
50.155738371569576,196.28061103429062
167.63320843733746,159.50305156732176
166.1847657102545,140.82065211787625
183.94877761494948,19.835773430200685
60.15839058162296,131.89250563452023
149.20159819129984,90.22313071923371
87.04419690486031,157.25128688490676
157.95937811445623,99.12315575397838
125.71645583603372,71.56910597241834
55.34099713011306,133.44335572280787
187.13551646494446,78.57216994357397
142.32931744508198,20.554726547447835
154.56868302420725,66.30265344021505
96.04910879630191,140.43239549127787
191.12960989055634,160.96265828651255
15.355770542504924,120.16807579832468
15.341078597963897,152.39106148680546
40.32483686913799,18.196160417951393
59.26242432317911,68.07200150015503
154.52537066823763,67.83394735102915
118.0913332494737,147.85165037071135
89.33314435813539,138.67280541269116
162.30412257992685,189.28114142888194
183.07624143225064,97.71026810789351
119.08246306113551,89.16750481071048
35.09842000713048,168.2908650793718
187.89382266176528,174.45055915858507
126.75256855032464,129.38257977994303
45.799097994987875,9.831862415261899
185.47335028652273,15.525612086792256
77.78127724948926,185.9042303879968
86.70179524591376,121.27718344517353
122.81525584568067,158.67200615882345
78.99453002289309,170.2044031609223
14.845227363594095,123.52372408298241
17.20582817592752,121.02679765665978
87.35146004354782,9.705314231608705
178.95538603978196,121.09892811845907
94.07390132181423,194.93047397016088
164.48716954109554,130.29432828410037
196.88366947078404,115.43013999597767
178.74455694915173,106.80505717164081
26.501733150941988,60.78037313804707
44.56725829908787,43.15395756472141
9.639722695686817,48.8135629255266
82.81412017050879,172.71938255030057
17.422607558975844,11.148379785678877
98.93881203759426,110.98162301145064
158.48104090846817,163.76487105798583
45.466620321101786,141.20367306612889
103.01645763309705,177.74212790884326
176.03168927228245,103.31736431693712
43.61032714787528,78.32789767446728
106.9562447286718,126.72293120732598
41.830130082022656,107.98592354783821
38.40990692418667,12.924242627520233
174.99253503684983,166.66870662389042
111.15885648031923,125.0277735626129
96.74181649586288,5.580222555973673
79.3054155170552,85.94102533919167
161.59632420977957,25.007969093828077
150.70358973885735,114.30084018888745
59.13535290923252,89.39952617285208
9.369954976492465,179.00754951500173
10.0,25.0
180.0,180.0