30.86321841821312,160.4491780938533
19.016320843244646,13.786774647591965
69.96679879820502,41.44516809054002
139.62682531587342,135.4277056691304
170.83634493177257,175.0173254379281
19.411240025925274,81.24234043719423
149.64517670242878,98.82753892466263
189.0827257119927,143.59415021481445
81.59481913975388,15.106586489985022
141.77840835792293,95.33620397014977
188.16026001204244,96.43831214950838
104.63161546070938,168.7874205456026
59.98713589010984,145.22130001690138
10.053152976552928,41.494790555680765
133.3351954929437,132.90984151847601
26.546289016936505,112.10007182130435
120.56792676085921,141.29935672542183
168.5870052304844,183.029509586361
57.96956501000132,102.48051722036092
141.808496270957,17.54409019592259
104.44506215111191,69.35886653902718
79.24315616778533,83.10693114769705
143.5508331023271,124.39873233467276
189.35512076234775,35.085415467504426
7.36355203150067,9.248768542132979
189.53144968053653,130.32464277769833
61.34732894649728,32.31926645763572
185.29503254030487,53.71020412766588
98.41074497049912,189.80184758214637
61.06635619596938,89.01867816118185
138.61599524782855,106.64288673362469
55.72632830520605,157.2778224284803
50.952524808258715,155.97356530832968
114.53484991038192,125.62756725943385
111.73203782698438,82.18737490572062
20.980756014503054,143.88845147020058
76.43930813185574,120.14013730468989
183.3028061242399,33.095320910875
41.97321137628692,41.9087810590034
69.3672544738191,124.02843060022204
175.2105599704855,26.869512429410417
41.525283718125905,106.37645966623049
190.55261005307992,101.37989233969422
157.55286566223518,34.36236309526145
84.10951178960345,27.65494815971321
139.78076089041457,134.89768701462538
92.08496162350978,177.9434595529127
124.31450274656846,113.90407281818521
54.027095749340944,192.63048025586093
138.58524165479244,156.60571524522317
65.23199303226377,192.1563047356017
188.21006259773992,98.51035109348895
47.21734011592293,168.2043021472094
29.097330475328764,57.69493000263081
75.68485384133798,15.422843507003142
186.98604053295307,96.19042160735546
145.68562559622956,5.348788887285133
33.97889655955108,153.37203317919568
21.229633431206533,151.63197554264858
86.13333762888419,128.24913721661974
120.5136794865864,112.26063716523356
196.79129580426678,139.8245668103345
27.629843223705407,46.63592741295124
15.357599701371816,168.21156295238916
182.57171616260902,174.30269820788394
24.32926164094859,116.39361438533527
20.632189267098806,87.88759433283009
91.86820420901131,141.263547207281
155.31790522534016,102.43697219365782
172.99409695622344,169.48493532452468
184.95618788982162,174.48326287036625
146.9948527322237,170.6238870453388
185.6490853284417,136.4975202963337
39.43604724266325,167.69363569304159
164.0804274398624,87.35252233275055
36.702923527264396,118.77131820609566
11.977450123889682,21.423582533222024
59.5903900442626,109.80158327695678
135.6870545942828,163.85294516617193
15.657389263182896,183.57134693747474
10.533297296240514,14.540592007872977
37.57345171849991,55.34946093984357
108.26173820971115,83.17590988508576
137.36974214126363,134.11765234709932
77.128433543866,127.49069914212838
73.0772129704803,85.66934175313956
135.95633252009236,115.59936223736626
111.81045665466876,132.7964563164346
111.67418427970873,181.47950300096718
159.55577347623728,39.90731746909004
79.11864813035598,130.07208116191998
88.58881534156927,124.01565359761479
118.61164260147248,150.50329019718785
156.39982313313408,102.62552949921562
182.17327988814893,60.34624056995668
60.317232961317735,95.17716431956451
115.09132954259567,158.91041388866324
128.65702936394607,193.95098573629332
68.3627841979027,45.14136916675712
193.30763670418614,173.22487866818457
94.87389214476075,175.2139325988272
67.28905151750878,146.6539285490034
175.64440780075694,18.162803646840697
182.16837570384948,151.74070383776274
16.128896108373763,128.43198112503353
102.46641172687274,107.25760918936159
47.8312790714194,155.1527858198673
86.54678057870952,26.206473746377963
131.22652901991358,163.25230912157414
151.50342606634317,196.5466091411002
31.987195257911836,170.84302481261116
6.584083492602954,56.786261525169735
170.53406550848493,33.9643210742619
8.584104480112586,140.9185824028391
31.937927037590224,6.07129581225559
65.98348558841847,69.6177819387606
155.69417087034256,193.44643779062721
116.12496335139312,150.54996686366584
6.811276704987062,37.79142837497632
56.181895694285686,10.036879651984336
186.37350999905834,139.1295611804691
91.10521652862072,21.47511340454141
83.15133928348031,139.08248231892753
41.80427668034096,5.499812002746001
116.88355934360263,160.26601537422135
17.41225703512996,15.034222838406539
104.06079178874367,7.1987702705873895
42.02892534260521,89.27386797999762
121.60968392786518,150.6623154932906
106.73717567427595,180.13044739018315
175.07359470346842,67.95341453052812
58.4836036773355,93.10773628084706
114.48476097219965,158.8206013288929
194.50222838121047,12.91915865084246
38.652338266859495,111.66366122804612
151.234659679405,6.535165950040061
21.38608081770689,70.49636645806125
76.93252048735208,190.3002210977021
172.08682247617824,43.822863397361075
7.078349671006896,128.93194143735823
79.9799841839993,138.4976122763018
172.8438847979837,59.06279969572536
64.1569817470604,57.98568139704211
104.85765822982842,16.510765450053928
65.64353072714155,40.351894064774825
93.32334916598445,116.93525999945898
166.33919720091725,83.60436539748656
162.45203496979462,30.131730992500966
14.883092997012236,71.7591248968613
38.303028335844516,99.62970390874287
16.141754932857403,194.9520837874698
156.88928911904262,5.446500483903854
179.6240774912036,102.16717122587359
21.508246553853223,26.329382790974584
43.945733990496926,29.945070603304817
43.2625914739565,161.28278457726154
5.985371432856976,87.3408479092904
109.52035310557173,75.57864623725513
106.86066793275491,132.1454755811141
25.487382713807154,101.49353990353744
78.64909621754309,144.6389847862487
109.2188734075211,125.34989686148424
115.02892386756118,11.237546549647512
118.73119841675341,113.41669293541827
172.33687824797622,58.09803783133261
23.649451459946288,14.572102682852137
154.63296446206206,189.84042728614668
11.110932303591788,68.67773753917842
95.80835586924304,132.56013962131473
64.31128088765023,51.407248530840604
159.26071903574245,162.7909866878462
191.0461690417441,118.87456637705345
147.03822506539484,73.86089681364876
13.782690260549979,58.84730647082774
192.83787727689534,151.82156241759824
132.90365177400392,127.63585447500809
18.079796407374396,78.60137448289282
109.71085768708632,86.32653286058297
21.825051332770066,50.205523755242005
148.53274010275015,171.34027231409854
119.99088876829352,146.5952840307469
21.369463501055442,172.8224334047409
27.251317664393085,12.107711679276841
133.8229086690519,179.29929882346065
110.61089549268927,77.72263091761157
36.956500168737634,179.8208148500828
65.26919386801757,60.908388612553814
188.13251489164213,45.0842391842385
39.24285055560675,185.31762720466452
126.20237817225036,171.04714646564878
7.347974050430899,108.60861746057313
182.5637735389821,82.71583718214751
108.64196730046856,140.34382062398865
111.77509665980898,19.626450150765265
42.71616274449078,89.38041503815788
165.89859663702185,75.6195801704728
174.49783711131204,19.037774713397447
94.99904334319143,121.82796309770302
161.12320875638494,164.79797917340898
33.7320979904651,195.37762192150154
83.67432314776279,161.18000020689917
81.01090748804472,27.772298856416416
44.71530166304796,91.27690597064748
30.98087135630563,87.89815152031396
160.83825778440038,173.08002626913222
50.51551543018261,117.72493946178882
82.12482041012133,127.62520921133928
168.9170172176314,74.11924105556051
67.82019375785161,118.00539650254845
114.70245825020763,124.90688859384655
161.36971934190504,20.180661818106884
165.8358928208123,80.42668196668706
135.91406113339016,175.57230225885294
88.97714652737596,7.254220926009498
120.09185816447254,142.00446755028983
86.50127234739519,114.92572293014811
178.28918528060518,74.820671469247
21.0867958303623,176.23118012581807
174.1462136288301,170.61257295589192
24.001837788340033,186.73166888972023
23.683230511258824,160.1534590572549
24.059045403537308,93.2788985794971
131.71947208605212,116.88607493529558
192.26576385139302,9.797212288816313
111.83495179000705,59.13766916914551
193.305926496035,15.987225929017233
69.17446496806167,128.49645218982204
106.77503299771168,59.17489017813721
31.994710059393295,93.95027640937269
171.98707403125528,64.7591422055446
148.21472398063537,159.28123739393152
10.425153731012989,104.12844215171869
123.93870410125855,142.77852813144227
100.66326054996398,83.30517405669138
185.94639492416454,60.42218154123716
95.24667236491892,76.64661305272028
13.735685990256899,173.1573717067819
112.3959254234718,138.47022823990142
192.0852860122399,87.27628160031628
87.12357880119517,176.54644481145178
177.3274411503889,170.34470037299414
20.955116840949405,179.82012623505983
116.60261040624874,15.781177196807281
115.70079116085061,148.52814124292019
72.10338955853771,23.610333289086896
181.90299533158674,189.1926782983047
8.01547973927452,70.92408026416331
40.26703763644778,110.67529663371116
134.12717091955562,128.8267845926199
174.68289345440246,16.774286416540487
148.35415431839618,157.26926473189
37.032200297915004,79.41850138825177
156.3539040226084,37.963596050369524
91.47901453856616,144.8662189798385
149.51905044424072,162.12710524053057
107.6521840228105,181.54960267670054
195.30031579026894,112.77646270094884
71.24669998042906,63.307374173267185
180.02663005845807,154.79484381854306
130.19710895295353,142.96994233577988
181.42619281517278,15.536585899460448
8.504773230741637,82.88140420439318
176.4630073187343,74.39102515497258
169.9684439462517,53.11678438948981
88.51632613778237,10.195122417073291
106.255932803979,143.62346239687278
175.47764533908557,169.90193603478704
64.94436395035972,58.8918090018116
30.968455292203533,34.033788361818786
85.12630607563305,26.49650874517603
72.12597605590072,67.58252607998149
151.7221098493013,79.85295296878647
48.57854047551658,159.80003481706927
74.3871142139929,132.57813067073735
182.6658106900675,180.34064899456135
172.61307259595068,172.8557265383944
154.9393863086659,189.99513059312326
33.56915375376461,172.64556679777206
125.21546872759622,164.49153092394184
31.09458535716864,22.641339985572568
11.072435078513625,52.62616325656502
12.593062789764293,33.54026280631214
182.1546135503062,21.51528743878817
182.34060439211694,23.398819067788697
142.7327363184675,104.85602682801303
140.44535899629616,196.37792133327315
70.59488320853144,44.318699901106434
35.73844460517249,38.28027756266991
178.76298387787529,164.52928360141627
182.30661063820978,78.67381104046342
55.88291746403741,153.49218439081952
167.5648397251222,196.7402079489699
139.3690211937199,106.60824330843971
14.688042940244326,134.0411719126681
83.35110854160847,170.7714313555089
148.1148008495621,124.9349005361108
111.86287626977051,10.928516171934282
134.49511825184757,180.27348025755094
51.77895825703161,60.12271807429828
140.9159422960527,145.06282487733097
158.8641649705078,174.97639196972713
6.123093539735064,47.161358095441145
36.93491117496185,162.50358597409087
167.1223032472113,53.57317804949753
133.4062473282865,116.40386105082216
15.99522067360306,149.32675960087428
193.9304396328598,79.51036858523479
41.27132155084917,159.2575297417747
129.35815751082464,111.59397368863532
39.81088085051026,53.03488031639049
16.584308963225862,180.70382847944998
14.757875354651869,110.88253609618477
49.795611674983455,32.31870013825891
89.91279103234494,152.97164218583663
93.69769581485667,125.5788623187985
169.46696002940521,84.71026550060704
53.742692449295305,157.29976001158784
17.57553072849455,33.655401741157874
37.53141541252262,115.85439085767435
128.02519834670775,132.76412302637672
118.1427163600956,193.29118550455243
192.96964021823453,101.31713961649164
115.08730127651012,129.9086701453372
18.5809713559132,59.818038678248094
170.8702739780038,69.98414475602013
187.71080817142578,148.92151762740335
120.1699996270262,174.20201616009538
142.935850562795,18.04433795513832
16.398356163487485,71.65242020121707
137.65114022337417,121.94078515510847
38.41328888454011,16.196265262919482
109.19473395284871,112.44892737016421
196.81828214408114,151.75502809804792
163.03802359578972,74.68404486353585
194.19033215051755,19.488895425365495
14.510529475360949,148.18229092581458
25.991315864049298,44.72375599197546
72.25610218879584,19.084381524373104
60.88180701720602,70.50522751526749
87.1151452861355,81.49771079685405
44.425033674573925,196.32143824882388
9.384062078399934,175.0209119616141
158.4781102073265,84.86240426240366
144.39380303214054,13.082900165355198
144.71764522233062,28.78007762447396
189.0199507833233,27.677895019944536
181.04543473465375,11.512741919000456
29.055464364011623,109.17933696901461
60.09300938465244,151.59185108099
133.06121259387524,126.64743421286917
51.31417988129084,106.93935806326863
93.0039664352183,74.5821321676206
6.065343388189433,171.14751764797208
106.88988533491758,43.189977939299006
53.721014768126324,195.69302179401996
33.734473696489964,22.38047241547329
12.742987552309206,16.04199639986268
12.366143448168803,158.62620253311883
183.7030363177739,8.575218766202646
18.710955451950046,181.1891429122397
18.842645628763403,73.48276408449155
5.026794495903509,8.971352640003253
113.15301705702714,62.97895800924094
187.70269260244174,16.77869777147131
103.15886333157084,64.62693598846548
158.7783101022914,6.902699465484501
29.28622913662621,71.74698062784104
86.09415709147336,184.22496087208756
28.450097462531645,181.94884163064492
193.96687965723737,57.40600664232804
195.73434865565352,39.78470269621561
51.266040996945485,20.977556953567802
135.85576304352819,137.89702698617373
116.69668615424631,74.29154321095838
115.01728274791517,175.9662087775046
28.929759399822252,58.193432910036904
130.95245356374696,147.27232145475003
97.72859775204104,134.0291408381414
160.36810114908667,20.984033915650393
168.00923906371338,161.3995871870214
91.10067027622786,65.89559433554402
149.29066279674078,192.6144914320272
101.89738229484534,24.77145624683942
82.13154149107805,147.3246184007242
90.1925469090781,118.03307539163661
160.03126984305578,162.95473711435534
147.5982622017092,21.674688445273937
167.47676351264656,191.3603863329222
165.79394374799585,98.44831658274097
101.78158117991893,86.45024164633648
62.85922341835781,41.895847260310404
85.17281842491948,67.36252683798034
68.59235106248778,113.97214406618549
55.264054167852024,110.90549148349656
194.78392302598922,141.4830017508413
143.38551257175575,42.35380560289764
81.259367472395,189.84334002611936
31.249866566791347,63.79165144703675
17.802408394512902,9.489812372201282
106.60980709358648,32.6207349119166
30.21337536954838,110.0528109538847
116.77739246132141,140.04730435686508
59.773312060717274,22.04265766203963
193.95454793499346,169.7744153709264
140.52850823467847,115.18931003453139
183.79427160634137,51.918983381875925
107.88343076195349,46.899425949279426
22.411538326509596,62.33264798429884
180.46440370177078,85.1725995048735
139.87565077453004,180.2456504812445
8.006384140915088,77.73616685961942
107.6802000334391,175.25343556791324
36.288146494272944,155.41121080793147
112.64283346565013,174.16866518517352
123.38481235694839,124.96026296384287
21.343957085684355,106.20876779247048
13.758696293797072,56.9703462271104
140.88043739720365,164.5917539036223
194.84957391921844,181.04310329355664
67.0053555460405,132.66206667092402
47.3716266982661,166.84546215792236
185.18093060431863,60.63466700598805
188.38465418872008,92.24255483917338
37.82486070811947,194.60145377950886
92.18838088257104,174.1914906733988
191.59646098792712,33.483800572144695
59.646895064594965,110.08544295993448
108.41757393220887,151.77533268959124
92.46917036825036,72.18285622631502
102.82238346025837,82.81319267126524
32.51793495560252,43.11365518670483
176.03346708109086,38.89798406412246
85.70497078081577,136.85989558427278
94.80579663302255,133.2621847842024
88.30625153249242,133.93593739208072
175.09011217462702,87.13266567360546
42.45911842095573,46.46500922157392
101.74986369651289,13.777018381502016
38.315466054654685,166.8112838821304
58.40472321777609,72.3878311068974
52.141589240449,54.67039570447413
9.608651382111109,135.89519197488812
106.80241561474435,85.53349411646292
191.89832650143526,80.89684378208987
106.05348012964359,25.65857123113716
74.86363842636699,24.49791630734731
36.719452146220746,54.6482277100884
120.45845443221295,116.30081232090562
90.6584259303847,143.55678216751178
183.68194666380012,140.42291875615865
150.5198954879567,34.416334245809324
106.10796791414823,59.84931439939498
177.18334850625797,39.336000226173965
74.54423020904038,113.97322865558927
50.94889991211904,193.89998564840803
16.613577629399646,120.04007553244553
163.12810931716862,13.826015483456978
130.27362489083177,176.80356763884643
193.9658299302481,162.52653097319873
56.13445352506421,85.66905138271416
41.47167052532873,191.64559213673272
60.20566962168464,143.19528940390475
82.69173860135662,82.11529082507234
46.11262154557149,93.10727316364685
152.77929449178035,109.69195955878513
157.42174953888613,75.42479053781256
120.68708730278568,143.9217881682542
86.29661054702817,194.09754611939547
26.209705901928295,149.1267180219361
157.55222710759813,102.63498191363854
12.260862967919241,29.396827680164147
20.337526885568813,93.79509900516506
37.69007313545701,55.750452622192554
16.000844189747703,159.32984246733227
42.084126273952144,187.09633139310515
79.88616148934071,166.74317124875859
41.90681481525654,111.5221913794895
109.71849536299057,121.1426396863371
23.852967047143316,16.598437695587783
116.88546988665396,176.87374936210196
115.31289989953972,167.14085816662717
151.40191899832686,99.84897352369268
29.093654566855886,30.296197331763253
106.02499080821262,129.969998171081
159.88700671837037,8.23257090671743
189.8904048882514,48.701358049792574
98.06376459496023,159.04591296964483
142.59403438174726,136.8520177433332
56.728352897058954,111.89361250004104
196.99717949097897,72.1349043797393
144.506770676583,100.04154478666044
26.55858393153246,166.078660885859
17.272196344444833,142.40372916744022
40.2064787572092,106.82360565337824
102.04886075166768,137.7960427944419
152.23536433471867,95.5418716160492
23.980729754281082,181.43908070266087
41.55561655129942,157.3113282398268
94.87397115502492,121.28984120245583
29.85043635661154,8.304328272195027
105.56280135939808,165.0480686577567
6.705051205913048,188.03101944438643
127.70944644891141,116.91920980443496
36.01692363726799,82.07016553661344
117.48974704341337,126.35213620643574
16.41034489205834,154.03933455573807
191.16711409158722,138.97000204040197
191.90639287458495,68.65423566685456
20.379149723104725,11.774504945635519
177.67673741952146,76.87530927599943
13.69630333153626,171.7838819478067
108.40851167264239,180.8188742309415
19.13764618196849,116.32112169821042
195.7728761679864,141.16359707464053
88.94560937492689,175.37047695644395
97.77129628912631,179.8270771515637
173.2030656837319,8.54564954343595
24.35479702705748,84.58742735025899
59.96760732200255,14.388579477860382
54.21151822456405,138.34010557039986
65.86706070015124,144.92347246761375
108.36354304619668,66.86040174470128
126.9376528879536,120.0079690137351
165.3543307323844,80.58752605597172
149.4150324720835,160.76768247797648
150.72368760221252,32.93762445725266
157.41542679094346,6.963304487045905
60.913891874947254,60.41487453330633
89.28235618418802,183.80617404524537
89.19431797721428,70.04210283683548
5.274502400559927,155.29738104150573
110.47603587701057,46.941868456531054
105.19010635388005,181.30077313486976
141.11934864018522,110.9051787656495
196.52257062004085,164.3311193434803
143.8958507894088,112.5272320992057
150.02564077545102,94.91019521725478
99.56735877161589,192.4108499022348
37.73452958525582,23.699387828454775
100.50487175131131,82.06428847328235
158.3082023224242,195.97943440845228
33.44759449949632,187.62714419572112
13.232893933485968,176.69295518936084
136.65422976545534,196.65514388540507
95.5246407116013,149.98669089112676
89.21519924723366,65.10310406296176
193.5275049571276,22.230954290462176
66.4832655490872,42.15331201637779
37.26187741920525,37.87752660838252
46.043393857460295,60.1157354496252
67.77458346469867,133.12475225372145
195.6140547323164,30.241825307452007
185.9676043128153,42.412063695249564
111.43582218992631,31.959955931872145
122.60911715782034,117.73674835721874
47.660413198856524,67.42624535865842
189.7343647279449,179.31898263099703
130.9033226571165,113.97942201101569
65.17439988763415,14.467510729407268
175.0568030947067,53.64886291667994
65.84953759024572,146.61602854918442
100.77587094242155,135.98731242902
91.00714843975469,70.33434310904971
5.251106828068128,66.38178734647177
5.646155562094303,141.74861904247678
154.88090399939185,194.49367361626764
63.91903655870597,132.81299284954784
169.1978500208493,67.67858649971451
158.47400559017927,189.01013204245288
61.65492697152299,55.03232487221144
28.18447032499481,105.77391953514102
178.46757328949664,176.1167159811969
194.63656980706028,65.40324294797384
22.734421433054354,145.25207491493316
21.762402202844623,147.79999821378692
145.0223273137041,11.485991578910298
104.60067614907399,6.195056443102838
129.34929243378448,141.47985978055854
12.530901475943224,56.19352941641429
170.77000129799956,68.62929182521515
193.63769773012118,152.19741993239904
65.77348507509471,12.12787615796244
20.136819614327084,38.108656215587835
7.952347984404133,38.595898205616585
119.82000636597456,174.33413450175263
110.18018883499062,170.60396766198775
10.915582865332471,170.56169534285695
44.17246714353562,73.25849954757777
195.0057255139104,59.535610644951845
24.74383759257084,72.11045180395318
62.825484317264625,10.949964037650222
30.266061403190452,45.346690097391374
193.45654402022575,97.37343883724056
145.4502636814475,18.908281341671948
188.12045432742454,84.86391975723265
188.1010975349403,128.59294056532528
70.33646424538169,32.15525610769055
179.0531068370041,68.86366526988178
147.62108108226957,183.35275374455458
141.70764015747636,35.2208104390821
171.30796933884307,160.01026903928752
195.4809267904265,159.4152288460856
191.75982616542177,40.027767104422345
168.8712902746797,70.14231939188267
143.43963187474404,171.3555165622764
53.90035508140733,83.865969020075
151.11470158864043,40.38937038221283
31.530040297232386,64.4427410312743
119.00323341663558,188.84058402426047
172.74677770544642,47.620961886710255
190.31459974642905,97.02649608140597
18.00525967233066,77.0123815152965
38.20761732014882,170.686574327836
191.7913429238326,80.46517850097291
54.486835117811,37.08164377412128
56.8063059416575,158.8912980935786
167.4137753607045,6.762461916851112
189.21282737205013,19.335608296772083
89.76494267111731,137.64197213566874
9.17114013103789,119.52810182275954
113.67602001559875,75.51520053853098
14.644475813443279,7.532172819686455
57.59259357421412,46.2377472045942
21.69842962962907,70.9146916886518
110.30062893527244,172.99283313718183
52.15248698706358,193.4142811484512
22.55999434239487,150.3016625848049
148.7979788495058,99.05376101592586
123.86132513487294,161.08946610273495
115.44128468582787,176.45493264557655
7.084313204733314,74.55610602052846
37.45289976695403,176.97129920619952
192.69045835412652,86.34377490949339
139.17632063669927,162.61995318480734
144.0445086718836,112.82410553664937
107.94543205039476,61.6372428551747
13.519278170397481,114.76458741637775
193.46083923010198,40.39770663409862
126.9341165473112,150.99366681073295
137.83174628095352,161.72458803657702
82.98272658899839,162.3927558631391
26.345930084796915,179.04469666465818
98.47974946055422,23.1362609589251
138.9855581197292,112.16324104645838
194.80777779426035,132.58829528705326
91.8738634484281,8.138322120046169
172.87592079708637,41.70842475962378
139.42361481403418,123.50873569622621
182.31595388628352,173.29152853562627
136.7960550139634,107.9948241344543
11.29274313800662,178.18683935152924
9.121824382519833,38.51931444949983
82.55318275727689,173.6660104352024
145.80112796705225,38.99985798856412
28.964764017299633,51.71863109765731
75.25517434954071,45.30697079453584
147.1997254974018,93.20515291359965
41.15845550239035,38.09734783968822
35.495578146100286,178.85493712883405
173.9161590527073,42.251487269029745
126.30368470720464,118.82176755983741
196.29777136169608,171.36217263220854
43.09996784065813,118.67242981669119
49.72068449190403,72.6505171597715
169.35435367110856,25.562070159803774
17.799577809962347,191.51560068211865
164.85364904866302,168.8474248208511
160.84577946217107,162.74401068673075
99.82958834896235,142.63208997362554
171.7153434224343,53.87958092244866
147.12926932632823,178.0409429804336
47.03281116476251,77.72960894677884
148.60928523783582,177.8001824616843
94.44441941315556,66.29370060908461
188.4881312708772,165.9361684717234
131.7919581494648,191.31559565013234
185.0863220096368,14.95428829764743
36.74157554951344,116.4663816992488
60.65946176719042,25.117344888921295
194.85135126589145,118.90794142321191
189.02200194967585,9.195169470955323
6.75931003860587,15.198005428346315
147.17215451962048,164.2262393371699
138.75640421087525,174.167374487948
31.652450397339024,171.9984230416427
115.64899760212573,152.0334911656624
68.48230301646464,196.56272558447102
195.71563334833826,152.54344434471383
43.29613548197949,153.58807711044105
67.44760456108361,152.11064520281806
28.612381418066363,52.286900261379586
12.413943053855407,160.0909706282941
20.2308398144103,71.3490504612132
31.878701134078803,12.280215033766906
103.86103928179736,20.14739187309865
66.81597324903294,134.20094093129993
33.63313226384184,22.6552826861498
40.204148700132485,53.56347333539083
22.497512195512126,113.86113948243887
89.42813379031952,16.820828854984295
19.853520312364225,114.67102279393187
155.87224603400236,37.93320585714689
36.39881896834541,61.14378635679621
107.1871103301508,74.20280183760691
53.35811596660825,76.09574340706781
196.53854521054495,183.43655484384394
191.24027119640502,163.31378602429476
112.86039490954623,117.52784206581848
21.779152370048294,7.787763749142584
170.43652126692442,22.178724253247516
54.1486274220954,125.7403594893452
130.4903125365539,170.079675973608
69.1431812757836,80.69207050866049
193.4937426718537,48.15701713763404
123.96294022375119,163.49668588216164
135.29404156094435,117.58143424039233
37.10911515622216,180.79239722871708
110.33101025897011,168.39837805722425
72.45496670989402,34.99951027062603
51.217236083460705,12.381120335374087
10.925511401273557,40.35996024136157
192.82279078084989,48.20094119425976
59.304652978220275,62.90823817088273
96.05708276290875,137.64013484383068
171.21948334428174,95.92873176499884
181.15687230801223,176.64711846270868
48.92847602515418,163.00751784144177
140.7004251378246,118.77421838953495
188.1329383766354,124.95011675334943
35.363574391313065,15.10595999379751
78.37930707800807,25.92818598849362
137.31263022119987,162.05051571260242
22.491561607140294,90.67001303310164
181.16234991249385,61.62783578558299
172.32212098744438,17.05201769522745
45.897445499709015,163.61328252000712
33.46071935496928,91.20959057066325
26.5798746610513,25.8242541376219
141.74232507768292,18.803868048604564
67.48645679955033,23.126738148335843
177.97382846704153,170.432080480748
17.260249999393444,82.42348052972609
105.14820635122204,31.465508814574775
9.918464759224362,188.7633786945625
195.412978327208,96.49715354546662
183.53009251802592,96.54003491739176
114.40963381285792,125.45278706715263
95.55618003598627,70.1180054111256
80.10396244623159,30.035546471759893
94.5808949824219,64.59146617880593
173.55186034874214,56.095008543627415
175.66996964521852,55.40205017926192
29.610136874188075,37.339506437162505
176.9480362493497,77.69196820469047
171.56171150934347,89.73739855625672
152.74237835967253,112.12774721608504
11.78330910188435,84.35351367629006
84.4493378342724,177.51519041364816
47.782455594341904,5.364642326625843
99.6640354994431,66.29141151830127
153.61592752245147,110.00744885620297
86.1801617774676,184.8938501794378
99.8663526500183,12.092047359388275
31.62271993217681,193.1846660553779
29.645703525655286,49.609471997717364
22.033080892167003,106.95333914408236
40.93500712038698,18.299632079686926
83.16327300722108,145.66457092596895
168.5292425791497,193.98173736732699
89.86900291113311,158.31550910126742
64.19237804314383,116.67315054414622
113.30794265165254,196.90106370895865
174.83541088179217,70.06291575467111
159.80803134184123,169.0369265000608
104.45405458675562,124.03392362064639
58.769087131100505,129.21699024532583
175.09978553792985,187.16424552701744
189.61653333781837,6.8085062375152825
175.26534442200608,94.02048275093892
8.219488322464738,183.98108414250092
170.85428361764716,188.5901958548766
64.15597466200143,124.80561243838983
94.9936940694606,17.461999227059774
189.6454519132598,186.5625577192818
43.37103494970762,8.482149933029977
192.14769215944904,38.561013007533326
28.253652923530247,50.85669037733671
77.86470754905773,152.52772965704517
15.233510554000018,172.87696256027698
114.62340947761632,13.672290270470079
142.1351374250184,108.35453555273635
78.78933946557295,189.3418747794777
43.66702308516907,23.594137777336957
88.32566358809699,13.735364807992003
5.154733722847306,124.02165074732166
110.97235665300978,24.23371324429075
48.40127826845371,191.8651576920633
143.76319148090383,195.7923410414183
169.35827365921787,26.287006109829765
41.20350645600907,60.79256010050636
169.3815824933417,6.929702179972049
184.34711679685918,189.28764092621964
67.20371645502482,15.909166721574595
11.223422590610392,146.58917614630604
58.83058007946593,56.74971855620551
64.6893828993915,64.45637159495347
157.78008186399884,102.16673123398263
140.19961772343726,170.71593333511797
98.96220972748799,195.63595844371144
151.89795638680044,193.92122002927897
101.25585732571179,63.97274992155926
60.09823388120679,153.2728187772494
191.32179364139577,83.34242871687714
183.89834929781307,65.71114120443248
162.13937342688854,181.18347261337624
106.58075342483518,193.20825147645905
77.17076199983238,11.089216727567804
70.55556522465629,127.60369447330623
91.0124504252713,133.80164089614155
77.82538594779543,145.75239470504627
159.70912192909967,100.28297757515172
138.839299997563,170.27202021224693
22.295113921313174,19.24400512342055
55.83308547490458,68.74571416540984
118.3066174028245,193.46076530548282
196.30733476523878,71.61236619335408
149.25661677378935,73.05365611140826
193.60098316004306,42.33184100365603
24.50125130269229,186.19928668139502
184.73494693325608,103.9151816089113
16.774411883738008,145.20464492754948
23.02571670130462,76.5359328704371
131.6147877548453,156.46402734296674
27.98824012834815,85.09179640886829
23.386368663638052,39.042256032501285
6.995062134957435,178.49407845322202
57.470399455013634,107.93943459675084
113.79804465994309,172.98331197731233
112.7467949543798,107.88271548950793
96.80538480066932,146.3522859464679
184.14088481100248,62.37542543380454
41.40615970043014,23.483955176507905
82.45295287975435,168.17029075026267
8.50729205171472,132.1822756482021
94.8070425820831,74.15866766621205
187.156214477052,21.965762824764848
115.45208967862487,175.89590942523492
185.82614716053334,123.38915521851827
33.99011165573674,191.97961783520998
147.49368008573623,123.56039065926751
41.165231671533846,95.77881702899649
50.71272223982074,20.0836020768551
186.15714298733195,163.63574856561692
150.40277009107837,100.44518216004137
120.36669990069258,7.937420348591186
31.383711221121256,10.23016359866717
193.3409653243744,159.49605813997707
116.99425306381883,18.744952226089126
84.42808356703624,155.31682230252105
193.347000960045,150.6145912052005
173.59987138938203,62.90549399889275
118.90382896514963,107.03669443414208
146.48346628607248,40.667660047499126
129.76756690314429,194.67158970390787
179.0666293861359,169.2788447386065
34.0392951524607,35.37322212858981
117.41060890748386,196.21302666919746
7.217307673016018,100.85855716544167
11.921588829004676,157.89855834906626
91.20712766602287,10.062751439603426
49.181012755760385,78.24659271898632
157.26961500972735,96.23393724913
108.96984608676082,140.26521574418723
16.446342443876155,186.49142443966386
109.06766664560323,180.87298120926508
180.9049938942201,40.41003825988201
80.27665185940737,130.856340583319
167.76816233967642,87.80193112127223
168.0238440690111,186.46123046021648
52.18981283702959,15.241323632080428
21.269129800353614,73.58074969651446
39.04542865017035,195.02511604203937
139.5085240507791,135.33941466387571
115.3882691988882,145.72122376776107
174.7647552075101,93.61223862292209
190.35122632401405,165.48921203597908
78.71902065114564,193.50596971720728
7.855761228893185,141.09871873999
16.350292263079233,99.237111759629
6.063554143424232,136.219287284524
101.90947549579231,178.25361811545108
82.58480396822266,154.67456254820218
85.80384788868962,64.41728743126941
194.62444787800655,175.1160718068645
51.249393655031376,38.745085017311574
158.7530901199781,190.12928702828438
34.067173980641755,13.052732525380305
71.97329924862623,76.45399644497657
155.49261793000073,28.021548383014117
37.63857896601321,20.775046235621332
125.58660548307711,154.13068671020557
158.97491289566437,196.46762479321663
58.82374839343767,138.4313825014861
121.79552627165042,122.52137756403323
109.5984252425519,50.97392488141501
69.40211549392123,12.147611705015159
154.5671522483869,24.12995058447027
129.86005308570049,172.0800437215717
51.17020697603189,102.77856960669834
16.884303574608964,194.17136736550566
24.55949113566643,66.92582670450875
189.22200501456928,100.14490368136964
118.94818586084314,194.00847095207578
151.10193035874354,73.06361753684926
99.13459358714617,147.38491757630243
14.67148983673935,155.94793045541098
18.60406971268212,182.77887237819348
57.85148547992897,192.47768362099984
115.35632308929401,159.17530935224528
30.478375771137195,23.71308624557626
171.93537667711757,63.63824872293082
21.599870490096272,71.77212807921414
124.03970855519228,130.6514023207122
57.976242947899294,83.83585110238083
94.24715392529217,195.11455300990954
194.8282426383624,31.253028249514195
187.13680407595294,151.07067663747083
170.89556800226148,190.3419716034325
57.81832782407376,132.2377264349416
54.518280645397866,75.39320883631265
59.880407737447534,122.72625386920424
156.53024826349682,91.29683934734003
119.86589280485289,14.702419126768518
67.8377283512371,153.92436689335932
16.116212484983706,8.955174004216655
191.0347513127991,27.962760741668667
136.69130950453328,145.52146273360896
119.93272570689359,152.6307062632911
188.28609968733377,56.84806710960927
80.10548190901395,20.122491403675756
68.00406648905577,70.0917875279609
146.67256861827622,90.13929228128814
183.8002240289601,50.586079803465914
182.31853447626386,15.468217890216712
75.3264384506091,9.820109589847101
10.9935903832456,109.82882998857487
43.60988270811884,55.819860691843736
34.130422375583926,158.2896607941944
103.18092465750355,125.76310083521128
103.64588414501134,63.92884040721903
110.64462934877655,115.72011123917224
109.40091598257116,130.3872824898714
187.6133724734592,11.373302797358582
162.24518275906695,41.45054420424247
107.35247899343948,84.92382310138284
100.86668847342223,155.03836026298725
19.65033070178677,49.118992264379344
68.98975338361133,135.82109455737003
147.75459428816276,157.47469630414787
9.754721053853828,92.90780045955461
48.47559683304579,103.85486155377168
45.17449387155716,53.449722262522094
16.35645539055339,15.689813491208113
17.96980824316589,158.6825110575595
72.29324918356066,191.82051696323632
21.539209657425538,74.4742566049559
17.631933928444173,110.66935086178371
13.890127732113502,173.26123179472444
38.437347194603866,189.43897117908037
123.84666670921305,187.14239564703402
112.55903545419739,110.33405004919354
7.258860991262328,23.442291612279867
163.55145098443916,11.546037168712548
14.710127497763747,16.086646714771575
193.2804470448072,163.48086475652354
135.24386994465473,195.64881640965223
47.14550870574822,75.78593207541363
186.99677917950723,193.05491208019944
190.35783486310072,15.792993086259614
84.07443809682533,156.9103621935196
46.11284206032196,99.81194946457923
20.88341514800808,184.09134312057552
106.6185671183774,70.28717970322475
17.267746703144855,134.28831539809295
83.15510888386994,67.78609543053881
137.6589219184518,160.95052912710864
137.11661751365494,123.44500659141544
156.8443187637433,162.07923907302072
58.92213878943265,141.20722208332245
44.913233908522805,91.07214554961242
185.45755278852056,29.661328696767416
45.16621974285696,67.43708969089374
18.21313828407802,82.46907722864506
162.5580201826253,169.0953932937672
96.18597439888941,182.19877787774277
94.64576921782124,145.5703597707258
98.93638583070842,82.16308845833363
76.21360177910486,148.47186472225042
179.1225212576262,169.690890933472
72.91645902708119,152.5413917517043
23.04105314325873,122.75284843670418
35.195233134554776,81.23252193096556
160.8008008863007,18.542077512247975
69.50973534366098,80.58711022392875
58.90865794397331,118.46000034271985
87.08231186562169,63.96887063723557
134.72795837193223,176.10158582060808
23.117517645191057,28.399663822247494
33.31742724523233,157.13040619979185
25.128543142897875,154.71819048051202
139.09507275947806,121.67368652093501
189.51367835356663,60.875485681905346
47.996857252148715,65.83119071937494
192.3372734611027,69.29668134742762
156.6144921391266,12.197723263600608
33.60330837850168,61.812163299546235
184.71054720595757,17.681773532403223
192.29942006120817,66.80797147782273
150.05254534746638,190.8738096609636
181.04842971217687,182.45710810391267
79.7488245977494,16.127194027596197
73.51966244833221,141.14218911365487
69.07199900120081,39.795838373124866
122.69161951827272,160.78475682822335
196.64140171194506,132.59993907750004
95.65441948708282,157.30879972294886
31.091410934100836,51.684892698587994
146.78243500088226,98.72378179297031
27.16688639453253,39.177630203023476
93.3438931358974,173.48563728647332
121.86289058388843,156.79082345547442
185.6180567951965,123.2443112812151
17.94270321344001,135.4486597512463
88.06405706877604,81.13617449025573
138.37142173288467,127.86243715029015
79.89944034256358,11.049393713669343
155.98080052806702,180.2626475019853
193.1266942556195,15.014681576500458
114.50560859723015,22.920308070730016
171.8525974321758,162.89722645467788
128.04249453680862,132.09317319998306
175.48649744303185,159.82876398886688
50.24201462080167,151.8982943206066
78.11731453262115,116.9405288285757
182.04582018999656,31.4071200862734
54.33517438767775,110.79831071983446
176.84868102111994,88.25911341616131
157.49125811134158,33.549293019738734
171.78036375835032,65.57277664212218
172.77595263656417,55.60747181507798
87.15404004857268,134.38852376563563
109.1417273764266,174.35510875328958
79.01166664008014,192.5697817809383
91.19628988000565,71.0891211029104
64.4526296525789,144.6360165124412
73.14932228021793,70.63556510758302
55.41147879216822,5.454676975238318
119.58829102432836,118.48896741997847
32.76266106696643,98.58677578154432
193.81643829653018,118.61841502618847
29.702859971912474,181.3950321017404
42.84503699649291,39.672655008686924
138.1280884981553,116.79640408003692
6.94611868792516,162.41708637541984
193.4590358326662,172.362475653686
117.55320342504609,196.47554349283868
17.957346846694968,123.58178297899158
43.38056389075091,54.119695841811584
192.25717011077012,144.9500985752888
106.66629168206721,44.80901712555272
168.6076206729299,78.86863837446947
115.32208254198456,24.841417393900254
25.477473070131335,22.098749672223498
147.91507116806758,121.83557881668787
119.78324850242697,130.10008470365028
133.33268190801962,127.0374824259807
159.05555194742539,163.12398464862054
149.7026449857473,14.123025266266959
107.98693122933447,190.4593189285093
158.51203193706615,162.45260321213408
106.37237545605785,188.1354183581146
125.80887544222401,140.859204561538
6.3970517067468275,186.37095334322794
126.7064768078927,141.64750426357995
11.030617170329792,69.53170639255586
166.38791918133543,10.363280476575774
151.77902185665812,27.27487204162899
100.58718143650738,133.95070976192244
95.02841785421818,29.710774126580446
180.48768898451195,78.28086884119602
121.14284998951317,115.39679827966484
114.18310744327411,156.2548692728736
121.3784811969483,137.4036743687287
192.47198145902763,175.50567662201536
151.8608713357498,88.2469978269917
58.43564875317496,44.79922746233401
145.59656228158477,10.251887403742792
36.333452731051345,174.19728958230635
39.092162598268054,62.51859153149965
27.253516301185165,78.87024878563929
150.89395502306022,166.94120364258941
64.05936477435385,40.95983318104433
138.1678635866409,130.60674109067918
190.25384598296432,36.16976984769614
29.351831030962558,16.795540726151756
73.67670152893056,118.88917554853002
185.60578386345114,157.335548881426
179.06292305444978,145.29424115922805
127.08076321953618,154.3915089881796
101.09796988470286,162.22735595295393
163.14309562796788,80.4373280707354
185.60834659712236,63.632458808719505
169.229494955683,186.40380433356853
30.33044900963284,83.26201054607083
44.970312105536955,84.41162452416522
12.493707401572172,110.45538295582219
106.84549910819875,148.28404879084937
106.86846492113119,129.91832803402613
139.00852539235493,120.3912926193894
20.316159928593212,78.88316133018373
61.7137785716334,11.767058354773862
76.13030646836152,151.29166324796876
186.32390713334956,69.4956990530216
195.91926666112914,27.12605893428994
175.88349507217475,30.158342815454517
172.1832644997295,90.5224330272622
17.90618645159482,134.7337421035189
89.39097604867911,164.27715809635313
105.281848566733,115.73610668497771
142.82982823063858,138.38329284261638
85.27651484401595,180.0286687930397
56.20053434760632,72.72600310303737
26.528341492630787,97.1753756398184
192.81239259733502,70.9021113647926
87.15598259484166,167.76867174599798
98.61564069174734,118.76968922138548
57.82816482508843,146.99910438580437
53.7135203949506,151.3951096332811
15.371216067900727,27.58386415629078
190.34053243858668,160.61166506812657
160.0725346157055,195.76827647620735
144.80555211358129,153.73814754798605
108.84103719547072,14.064788027875764
109.53978515943459,37.58234808887606
190.1665741364016,128.35774073348085
152.86881328046974,40.26265252961781
183.87253802881682,32.26382578942227
35.82375648082982,43.68395105116021
100.41309638022345,124.63189874378048
159.84810331747167,18.916389348757654
39.11319511639743,51.249544357782085
20.33168965180537,136.75102108600947
82.86102782987756,73.67011756965508
110.7239976420784,21.316812706027996
55.96506105806936,83.2518682446506
187.2019642147195,29.54670764536152
58.25295651528542,124.4658153802993
64.63098824319871,119.32750792153655
46.861404218275894,101.71110097375204
114.10804633982532,13.910565522879986
83.47177558204683,123.81139353389705
44.536653160541874,6.873381212153968
12.142744793030847,108.74121083464485
177.9563556927989,49.833609301299184
65.10296261480022,108.85889104862797
9.88146465566207,186.1275618172162
98.52467205085344,22.515771627808867
143.90915095733183,24.87956040395812
110.56999449356648,141.6260383311992
22.75078335913386,53.934898905363696
124.24510769519196,178.2721548621152
187.76612573113323,89.65165970148901
157.70853238848673,180.08871271364637
5.813395128821616,7.805274764040192
5.495009054329237,161.80932333345385
186.91407809176243,188.50575303009063
88.80761433907452,180.97501082675652
172.2430466381396,95.45138189464762
48.96258376286009,78.24375406790824
138.02716793233967,117.64074384752617
29.83399670841242,22.150558576271745
146.6638782203103,131.89211811270494
192.57448504955124,66.21127369313756
42.67648284530093,26.043085506466497
155.2394068636348,163.0795930720002
61.074286617095154,138.0977459154765
193.61332399684912,148.5945686844059
174.8846286509107,183.19886581651593
87.36543923519082,165.70723277999372
175.99557487076905,186.19738973497468
21.602445447007774,20.75200172387597
17.00738994524699,119.42576583010484
17.365762876167448,105.49048567230548
154.25671387202513,39.3462742760783
159.00187309845774,190.53308195378264
75.33040827532263,28.478097704263824
47.0128461038429,153.28403389537286
54.62937901647979,133.3124825948889
103.9815886146805,168.52782725500674
91.05035926921819,127.46439647760815
162.32979494146127,195.45184809275818
43.71355878634399,14.434606552892749
60.37876529394742,54.685870683167074
187.16109371377914,30.57919813796968
126.09922136764705,125.39930179607418
124.1698595438176,142.08151164184034
98.15403757930632,16.969899024578126
106.99099487095502,61.33521998645765
65.67565795407144,73.83397888446359
180.24468513576787,36.69864794154455
133.44843744668776,196.57424728372763
70.37536670090182,86.87642730380495
149.10331322255837,13.726366242400585
69.36738475515811,51.04665098840167
62.45990085300339,189.73608705903612
192.41051453166452,101.33334061258964
66.49923856182629,66.68317070994192
23.261038260428986,58.513013432453675
93.29659015179648,155.44333665520685
174.33096081645445,67.83975461106888
165.81698894543678,192.8984413452058
186.07346466501716,38.95449813470253
103.61068523149815,178.8939828985229
177.39504537224352,105.9055722426166
45.02457729219137,179.95136883755686
13.27381599488715,186.89258470970478
13.82256199471637,104.50242174796146
87.3561865328286,27.604245763507485
102.0425956481925,131.36311721799515
78.67618190326378,11.827549535099775
88.31025953784265,22.840586625354305
114.59679959597891,183.2314143690393
107.51762255566193,108.75863342324688
189.39099620954752,51.897321616853105
147.58633882282285,172.06033762473345
160.98827679696478,15.368218148477698
10.635035206404217,5.3605290498401414
13.589002367483054,159.90404169457895
15.106632428446046,132.41283029585458
124.2828189201342,173.02747495284777
146.65738621904825,97.75780778820874
121.06183270330351,143.36795124016714
82.91330471709756,182.07140340199516
157.5643620822205,38.98814894458731
14.450772925062592,43.657932346463525
73.61045040979549,145.29798932419914
24.475775718932486,194.71238327701298
157.2196939590155,172.79323034654414
80.4417025996438,65.06358784415744
101.75190009053159,80.22494542679131
162.8011124190451,5.627036430135998
110.04232793431032,68.87428697641474
59.95675937686991,105.87289663756603
30.341288410588344,40.44288384980042
21.625840020102967,124.35237514487733
58.18803886790001,10.234403495078023
124.74386740112975,124.23855115170224
196.40418523275721,6.5942216150860915
103.39209756111104,114.57957151569406
181.62964398667452,104.42083715656902
151.88391296229318,9.005847758172798
25.559225930717552,175.4049779634882
67.82922713859593,8.314354720077286
146.9736169038317,29.89917745025961
166.7679074767381,102.20553477677751
65.57915702639738,39.08480381917493
179.73816288304167,155.01398979614706
191.43868521778944,109.47335011385373
149.75024064397041,27.286255549796028
107.12703860287165,63.914552786148725
47.77734990605403,75.68686302358617
163.28496602817543,75.0743720928376
148.26721057280346,116.90096690657683
30.630624612601363,187.86770861151953
49.57998066509498,161.2783922877355
24.758768360679063,67.6343042326886
59.42456804332595,26.063840592228903
19.231627164459738,43.59345305846321
27.171195948837646,157.1419022504008
52.50459974092147,97.0853724799529
194.99311653402455,181.24068182623478
102.17087040171234,189.52607143953682
140.64802833687705,195.83807815620384
46.768668920026286,55.76128837271599
134.60451812488245,160.2897188015764
27.76578583393437,109.01063998813171
59.876260899748964,7.866021557460023
36.965915234416336,110.85949392095785
90.72994604200724,175.6553222914445
113.19637141922614,16.584447900802278
184.0742681293645,83.39691601581238
116.35387618420816,157.27781402674958
87.27746721391085,136.23387180020285
59.399890282699296,99.31293655984535
64.83981691254624,31.292010941274487
75.48571212948872,141.08325082569476
120.18465570277766,135.34183650520782
113.03561213544003,24.350638165429867
184.76474045974618,46.58928249241258
66.82626700158379,138.0014434953875
189.82928565333845,108.39558444948172
21.438788967612492,72.39931410010104
172.00477391388173,56.07866114947069
106.30909661319939,163.57485525827389
7.297803736117656,51.43903220428154
183.60579620983833,175.98131354771746
120.0410971626697,150.35294226650103
25.61377311013046,50.5366505312316
109.24179102624097,183.21101317532876
98.06034344260925,30.107756718646733
115.05044449475479,136.3574246324102
75.08888406254242,62.50643097836435
143.6481486917432,117.50968773371517
103.86866304286482,62.713059828308616
35.27156599688508,109.49106499905311
170.96876187915757,21.65469632808893
140.16932997593221,173.75030767349926
77.30429578011723,132.48485060664356
105.99957449693089,34.679553741218996
115.01136724369424,180.36991769073117
156.83541341098416,21.512402546294616
106.74247052577559,112.38257830445383
129.7263155366462,111.18204242085785
168.93569778130325,171.62924638152026
96.25726072232321,182.62031820826002
102.99155791298303,151.87867660505162
6.567753054959143,89.46847898877738
140.72223005585903,110.42885348597117
167.57770149499672,97.35112701485434
116.53047377954832,170.83124159043203
21.332923508180436,46.278488425838304
48.867272164876105,192.8523823784177
110.06413122642411,60.99210471901898
5.520814272721179,164.504256846423
5.669476919148655,155.99768277425025
9.39518763999798,35.48252321611698
128.89893540237665,133.4676160953858
46.698876549336866,168.15063897933905
42.678779777886135,76.16579637556241
143.3544118958148,18.384731091829394
135.90631703631064,113.94338530431425
116.1647301665785,158.27498443018624
129.27443245207195,114.19538820975629
29.308072852834037,25.02803690206738
191.58440091970888,15.70884553598037
136.6532561360186,123.11139327980563
21.186573690314788,34.62732118408752
56.4248774326649,66.54528788419607
11.159257506485945,171.06692058825217
96.62894022100136,152.11130087948078
177.64990341948513,181.15220668268108
82.58948888014181,151.33126145334356
69.91194979026622,116.13959431777846
103.00239315767038,122.88386193487256
59.64462467917709,190.12545217514403
90.01308571896558,127.19245728555184
115.03654991249682,15.301924044637378
71.08501081583576,114.62955082467289
150.23402821017632,101.11570353853003
166.20151718139755,101.19208510316074
128.21342867979334,170.6532418882002
22.03287387196277,48.130321723332926
101.30428334925348,196.40321473539205
92.03927109184293,9.050718843534353
11.04668861338162,120.56042272949202
28.391838238568003,185.60035950757995
168.80702611429047,66.2145896876434
141.35637847913193,39.270445130636276
127.22139153454296,148.52590086044177
100.33406710703109,29.332558401817245
60.20502033332652,131.0448011594966
9.472894155078718,59.596624061814566
88.49451366057717,15.45536591150411
38.42793824830665,167.78218200220846
89.92303209543532,193.4185256955426
8.11808862471551,23.612601162313496
7.604580488257297,112.47827247867376
135.28712676351952,138.37280036415342
17.82125408500719,58.32712816135769
105.90032493630832,29.87935221482082
93.52386123245984,15.43355410336557
181.3373808966347,106.16380189705545
126.73970408850026,139.72936500912587
127.69837239019141,117.57657530220871
169.16133434274263,74.6396791944081
147.51552191707395,36.428122355066236
190.66101873356075,164.63613377526258
192.51085594540166,177.70939563486522
28.57782602249636,26.030209230146223
8.130188324027298,53.610186586591624
56.70243329444946,196.30019991519424
173.4151117409368,35.56326486674285
142.96165053026508,128.4627474442894
188.530256970834,15.016155527484383
135.19016428906315,177.5645909877821
90.35936893862677,121.26702237228882
14.032948369140245,65.16135937509989
150.42614027453985,8.07546548618097
155.2673293630601,16.31161863350587
57.97864799119308,94.5494904218741
110.73408364040614,75.40250943839268
15.30729059823723,29.201765106592674
168.29203528446223,188.28207504731006
132.70591114160575,164.6188518076629
48.594979949239686,50.508635918382396
10.316477933874737,24.914297619838255
139.3939223223484,119.81209553383812
66.23806690804805,29.84771588651655
66.21335440777118,126.04143571865211
96.17222021765075,62.24603195187869
105.42215893138238,140.8700663554977
58.459015863571,11.045091034809294
76.09771791183027,125.11096644864067
121.06113220946636,108.6291452532843
107.96789858332275,123.60217014127542
106.37914165910186,156.87470545883608
190.3755684154229,115.60057091785727
117.29397575408963,150.1107029915911
67.0733937532874,140.87054291591434
191.17336483794557,125.2933572062421
134.72088975431296,139.72600155207354
74.46672690170227,82.08938324499277
158.62831279382198,27.07711912410194
165.90046877299392,33.809408883017
81.41653812820984,195.3401525730767
61.87978069955181,113.53801228700357
122.26584260118437,147.18531095535752
141.10656211672045,38.982279407097515
18.539710681539532,27.071486208454
63.33847690875715,19.710418943373917
63.70480202827701,57.66984053294056
18.616363029043363,62.16265811240594
128.12385804660653,112.84695970927142
108.03811449530936,15.974076020503999
185.96234609291974,17.615361541415606
150.48485663312883,77.74269985100264
19.546521981102003,116.08272249116338
140.88634025548902,180.24971038793126
29.77914446128956,40.27951807965946
84.79839585027747,76.60957034647171
11.988733025475558,154.6657548052583
11.741978582893495,21.99117397558589
7.004531834503892,13.241696831102505
27.456014079400784,194.8357753877773
64.15392529306546,158.88073823438054
181.16486609963735,22.328181274163306
67.70041095742718,143.83577709536925
57.93391659106028,35.14572518336744
125.29851416917764,143.87373645950825
153.45916393278216,93.11579679594173
162.57342714297283,178.81501223286728
182.85515488905747,42.62043249501649
35.078508846569385,84.89655307959005
152.24176245202733,41.14234956141965
186.49775769216382,100.77950728487974
69.17506477627768,44.31739705480648
159.5439418885815,106.29523613489462
60.85042558840837,94.27076656576895
26.069476795983093,53.82014222423889
57.796809833621744,118.85232148509932
39.50364818564953,87.3889103870553
164.9741458392458,190.76094380022
58.00275709400993,39.08302622317164
77.1918954105151,127.49037805208434
51.27911777009266,116.61765293017622
193.3108068124864,94.98283522953669
11.055848704392465,157.3485771823942
193.51635454811324,72.55579069740804
44.49487815917462,55.069136703229624
32.08149143945583,25.36596826432651
151.6122678063448,115.08350406756789
31.668791647980868,45.455918089106
143.56633453377157,174.03576894419962
11.395743981324138,176.71907273874038
56.989684043293416,84.66909081700436
68.28278180036314,26.39074194712306
113.65993853979592,171.50188237619125
22.930696633772133,98.7633858107499
58.63893589253334,115.44076762592807
29.55887586021861,30.27873754544028
106.72097620441654,69.67625914821832
28.609940593287483,157.63629274218144
81.64641231736277,144.15807104215324
58.3997144042485,5.2504007119449465
184.52986133842575,12.612311504898447
124.3075910030892,142.56040735806823
13.571401199173751,56.49373677416127
18.111287104148897,77.07720667550664
109.62088228711264,118.87731589431682
145.54650716421554,136.7265544480809
41.917220299914575,20.365405038674744
119.71907016316395,9.827618643743586
116.63641985497595,133.04334248390597
64.75715708696963,158.04801817790332
7.913492600175329,96.57703781150727
35.84500917211031,61.90732135602088
19.096216835270912,74.87035441960522
11.646529758688509,159.03849992238472
103.41219771994172,187.67052605100133
38.71755937783971,27.03441518248645
99.2378224549684,180.91705720915604
188.92971138963193,19.803346319936935
48.772578194717404,191.43960591692988
165.10532451785267,85.29328495587905
63.19126660188149,36.84966317950815
12.894977299011995,156.25018870389084
56.59510067921296,117.3849154031195
95.4620957936001,83.86907317885043
69.23142885079625,75.16213043025436
66.9968843987447,150.9387144869806
193.8073028421072,95.45634703474713
15.697533977190853,108.40897919540807
136.7558251967024,112.31859875722746
7.919330056060501,196.02559729407088
169.5016989559431,99.69033028049589
53.18500424397605,69.47817648312059
80.8855318378501,151.2196512762413
127.0131175643593,122.82309611655198
89.65033488035104,66.83227876388646
11.611785600064144,76.62260770238765
151.8902893286832,196.06410618997427
9.658094552049263,13.998537543778596
167.75854932121086,190.19993652801728
74.70365574966175,69.38306915523874
47.24255533783325,112.49482812667755
189.35270472143205,28.16937015060033
12.492061896606828,179.22642781277693
178.59381401264747,70.17005438063485
11.62520923130695,39.84899221302342
6.065355792899089,135.79220028791443
143.01780045824884,148.18253693142307
139.87352253372472,164.45154797077075
12.231136321262946,75.18432687471974
97.54359055682046,185.60823164284227
145.49054634951756,42.952506087601485
16.902502324608676,105.75041785440399
180.38314594852486,144.15009304592678
135.528873782292,165.56854271547164
194.65368559693948,132.53262445561512
19.16079440596687,18.643401377397886
131.33588143373183,191.5007344295371
117.7657496479734,132.967682376557
137.4362138286651,113.61060260682923
172.03910146864357,10.86251558770261
149.11014519281716,25.813568423097983
149.84608572201233,179.29530611171865
119.9131959553845,27.669478456055526
26.324810058612442,181.66168042442172
95.89298972737572,22.743228625857316
163.8307264475378,22.17779624322808
113.59217694940428,139.42535693803995
49.77360169859373,74.61868271123923
24.71899538026427,148.1921851467684
78.64614252724917,125.52243577434052
145.13667888414662,128.61041588405254
44.031740360851664,187.9513158543713
11.42933158046063,36.28170920355226
131.47340570123365,186.2712334910789
125.42155784799985,149.60693029810128
116.23897974308197,160.1545511306911
172.22683438432705,73.67670947218548
150.3185891812817,79.54677447897902
97.07663150321136,115.89254949733329
175.6553305372152,174.1315726076631
97.20108879277014,29.263205890688184
56.26986749552859,98.80403756514086
22.832262039812807,49.82814379355267
21.70648093402229,115.0689433072507
32.325354439818625,182.71126101905998
182.6656874446131,28.873640484587472
7.158981498811176,46.65834852652891
16.37734974047131,95.13660939189549
95.76782486749973,191.6835106731757
159.49581467317367,162.07362459944267
45.49494254769367,20.51999475695801
63.16559148054382,50.00584694202692
12.423444894087563,78.04644769104884
6.850339353209732,145.7187298039757
187.06715924021267,79.70258269981863
68.84280566072339,122.28522877108657
136.75138062621875,135.72575989192302
94.43501075437601,11.57511543748496
106.16053977448313,186.23090554023136
33.069048166977495,85.71497303116111
149.2860345051419,168.72647507144188
190.80109868258359,85.06373288178546
12.228483063377723,130.5026419302617
149.5043994596036,38.35882990000265
174.51998661670984,39.65737768625292
151.69387733973514,34.46051598462192
135.57019406395668,187.99536894051735
54.88644252330329,44.06841048652987
96.0089838227678,177.78577466731664
85.20753288718755,145.66645431329843
64.35431417607991,27.571134165582684
108.67939925726928,139.04938915510579
60.649783469839115,88.75571340306638
194.53867188997617,28.677803333839144
105.14717230902905,114.25525063581426
66.74049322008537,148.75723615137036
153.61142127167724,12.75337370126976
112.02253487855967,138.43395009268988
77.78283131384678,24.919208306867876
30.57007115612585,42.383591017549904
92.65873280025308,83.54874217197731
15.329374549228973,44.951857655404645
42.98038154916746,62.90218156840151
113.09966566722692,76.36876602584391
161.78204331319776,22.137375652282238
52.042883706338905,155.4120289984718
70.86734182534518,85.63438978294671
21.43450349963429,25.986271172595128
184.71808962856468,183.50436159128293
185.4779415970061,157.3329188971827
156.09403847218144,193.08760034333807
62.82997287472898,35.138785915347825
20.488070005747765,94.98104228086792
172.62821752998642,39.23096075809977
179.42312361473037,74.51659928560892
106.87524464728696,48.457584870074214
164.22770220633146,22.126284052380644
179.89235789654387,85.2328438278611
135.15034272084532,172.75854993197447
36.124702061363685,156.91940203960905
66.72689714331382,28.508947405127024
53.81625117384479,55.20570083684078
60.022218303541095,83.46685444787593
87.08822664077235,173.53166649491482
95.5783317131564,119.5864998493751
13.707552251314244,81.37145876284511
101.31401471235299,142.9790679225217
67.2187366408499,36.819518315548216
109.70190302939551,59.95945000481994
115.68012116134315,190.5017637888537
68.12670432251885,119.90103759394889
19.753171316277044,158.366372437933
183.01444200686652,102.79237630216748
92.7440558906096,132.7361492519028
142.81402404224536,40.07477234661749
65.78882617987607,6.063729940282585
126.78524974097908,161.268223183059
12.015067057648755,66.7603742058528
53.738102829889066,119.23515560769097
115.56070988445607,173.38227430172265
113.50244148658408,67.02789866736337
17.082550922316518,125.95451158353937
54.54664566204912,8.206920086993836
51.22787693354902,17.48410463323243
109.25515103736353,53.07639582605808
52.30034711996227,68.52322359697237
44.78363733116682,110.41177911250747
39.44908105106702,23.46276324279487
19.338229085907138,29.25584798588953
58.76455199377208,13.511990963706008
176.2414641226163,53.11180475104782
23.22922679188559,95.97928754518807
92.64306794522268,164.50467815204863
71.96885943594945,54.995748564091706
80.3163901071103,121.5007039689802
37.14954684361125,89.12180685399952
175.56187309654052,89.28385193626612
116.13539112189362,164.0052694316087
48.086244399868754,63.1557414390694
128.86525435821252,139.56615102786554
47.75568692327503,165.95429226908777
125.11883842806658,133.77493884336968
128.38211432410782,180.1392337541996
90.03010777147816,140.33752655480544
7.690701032436433,10.498071476692784
150.52525604521196,38.1009977248627
137.786283605068,160.80224748528892
181.68239157044022,59.60938016476081
140.12385043733107,172.9558889233311
81.37890742478338,150.4955749963768
19.249731272033774,153.75975208658238
15.649452573202502,33.95545938964305
25.196663783192328,49.8713680545125
95.07220677391926,128.72383209742068
180.56844831121205,143.4248618678347
146.4717448241749,25.66671890871705
77.84869428108316,27.768293006634863
122.51406902250535,136.8327924151273
37.61364083932054,149.44579443305375
95.40443865515836,77.05778421817286
166.78494561178155,181.72145670957738
23.20571900157082,96.95744817479374
178.4123360092305,63.803415406606625
99.63302052112704,7.739717103780133
185.61399860176428,174.53715161237062
6.114606149274877,25.770973144555875
76.93356174030083,71.59677496454734
74.30390654896937,73.6409538965274
148.05126490991353,10.993062347890982
163.56712557473892,73.48282090229065
45.25251367170559,111.44023953514649
128.2152278496592,121.82676474156035
89.3790316081258,29.071364714297374
80.87176405555194,23.703571784515354
43.45631932092897,97.84601177487711
179.57832293173288,47.635797212191335
74.73165256784944,18.739892446257922
84.63605815160561,29.965372381647523
181.49083277175546,151.99625026665143
114.74926014193122,18.780817078346747
22.45981206128606,47.790974228422606
34.1427523656439,118.26529190316485
38.07502336900326,157.86790819269925
36.79153611647055,65.89090429582805
10.391374108969583,176.434551201551
82.9541290576603,143.72203243139705
6.043568032883865,121.34179670838878
178.03061882069827,155.4734668093569
146.17721564570306,155.89723246347057
55.43397765047193,145.2595602205902
8.61972674820484,22.941558562497487
188.55715447974038,170.4909018218172
124.93230799498369,128.02984745238757
190.39329693629267,174.2494234925429
122.22965031532588,175.76693536063271
185.0892686021394,59.48818803634599
107.6457796941905,71.08685257539916
111.41637774980109,186.37888206778172
144.3280262133181,37.766998220210844
43.482112565544604,196.31039706541756
156.21006150742278,190.68522207572178
182.004891849301,163.65816856928484
6.007324133647234,6.924700997293
122.21951193072978,161.70875501406843
159.39657233053515,169.2480228266244
189.28690618794275,25.464651151048507
68.96535523657562,156.940383194503
108.42979375944174,15.348349316838586
131.20009025013698,121.5784960526251
20.86772825223485,92.02909759656242
138.80276779592472,153.92138067377212
115.4005138594676,193.17341464566337
148.19198465367583,84.03471238347552
170.26325016484213,58.25657711118966
54.08305699764733,63.709371364165605
140.54008839593604,173.7062246955472
151.54605024971582,97.78787135750808
193.8537589703809,156.39588593174705
24.777274388704523,33.60261120214968
59.239037184334414,38.31530068527101
68.25916508475008,10.375234895908646
91.64894542914472,195.68668981647886
146.12684505934072,135.41476408724316
7.277322618299095,18.95928345775732
167.79257204119992,41.79023626445131
60.700537712710165,53.55102593849904
173.33140940713824,74.51648214466186
125.33227070757731,168.3821533688528
190.30363224626893,100.36373540793826
67.4122030414971,29.010238989962716
165.28730856842722,83.69970857191264
57.149013191273475,147.74050855005225
135.88022138801026,162.3144503400874
96.76929822490274,23.94175935582528
143.50102612687465,13.813146775613149
133.54559925932512,125.71851920667793
39.88006833073533,157.63372912756742
192.5572084664042,156.55863808157255
60.63131513711072,5.683280994404019
125.64835115440789,184.91707759214995
150.55943914229482,92.9153552099247
190.92400650517928,25.595288278818202
52.91851244891467,45.14509508153315
162.08197579878902,104.865400877853
42.338751367642004,171.91307175470953
36.946315441530196,117.51286984464754
127.21181919197225,147.87328995317563
25.931647807624113,77.82474115698966
106.52654620890344,157.57302642661205
192.9345719618972,6.445230627022253
109.62136374836484,110.10620446692747
90.0039270436184,130.34528310680005
143.04664116156664,112.72942761659904
195.84630094620428,164.62323503110048
22.28390925286786,165.70420980644946
34.697284898248604,27.02601296785306
20.575609747345098,100.11229906960162
19.510175444309066,149.58757896016908
187.8781212987137,150.62700577045382
80.70202595585225,133.22321569311532
112.56739173564013,11.78775110574313
66.48288535953081,144.54075386771697
42.228616088847495,114.54423376462846
115.19572977244869,116.88176999875908
6.096557564676046,28.940909821107347
142.0968794620029,6.11808779204503
59.7520789718108,66.09253850628407
181.88082323284337,186.47615195312747
195.5257784296786,7.701662677792958
181.93374960892626,67.85476023683486
98.19103920593459,186.11199500339328
58.513970001872075,143.73736439237783
20.990997826673816,53.56341761113164
171.75041274394195,169.08920940002005
116.69814407149286,14.81614465961995
77.39994931305648,124.01595751389164
11.018043625427854,60.01067023849717
194.76929087161642,155.56730480838291
57.317507053767756,81.48701846709348
99.4645825055358,194.3364015244261
192.87304221772726,179.9237351081279
121.40598620241641,137.3662326363508
100.5359229033887,144.14687615166847
59.46016068384234,42.89258248623478
71.64698584184046,39.800772111134144
194.4854533951114,60.68908224917154
121.88593322926008,159.8222161672558
10.436063347754633,40.72516717567223
91.34344574835055,22.794643609922755
148.672151614933,17.81849738510827
81.28497253123204,64.05080826023186
118.87883494504548,155.70192186295867
67.1055444823459,149.43422681215273
100.0714598903607,127.73993888765034
21.38395411320466,190.37246522020217
193.0331526693719,54.09076714206086
20.5486547398411,50.75416989345817
68.21733330836676,138.0700545932931
66.15477242564559,75.46910948493591
165.26691385928504,186.90172997255863
165.28991984213008,87.41724123743914
49.96013259534761,66.27938221604187
93.74663984006979,155.76856246471095
146.856672722849,141.68236033820574
26.75526623638248,175.1959044294091
34.15930361235439,23.11450678939517
159.43373629788687,42.08296604749129
49.805531239284534,23.90758071045999
113.16977797852199,129.06892811206285
62.30612737405659,45.204187685207145
10.127055037167521,88.55237777325573
9.828140326768095,191.75642493441165
170.9171243677109,44.40861533907451
19.259952130378934,89.35793630892296
190.74048530209504,186.4221020905046
173.92243680801596,185.05781487297105
70.19343060483541,112.99154020786919
132.31282473590412,175.94315871091905
66.14503981337046,51.74582623657139
172.83866645773176,196.71443618865894
84.07249250589129,65.90052733381575
194.19512332338817,132.78950274313488
48.92014523176464,162.18765748169344
95.53561197242965,137.23043181744447
196.65422502318566,150.94331137708025
95.79549536714366,8.21013262179311
29.523397024793812,157.57473230715806
182.80028341359613,42.546796893035804
66.45321285774237,86.90757059528912
86.78100092601764,16.261448180026473
95.90428254125591,142.41978012854835
195.16582501312297,51.41163219207597
126.00020202068299,181.08307809655835
33.18961690847716,47.460612095760766
56.1841642753711,118.63509764364207
147.5779580590248,27.947354620857432
47.553927054374704,20.027701336220243
185.06030397047223,65.3656082564282
118.38101191691855,164.71091224483897
191.64794176701798,176.88104761419424
181.850747508768,20.87412280338056
163.13176054660255,88.5079197546009
98.3335351026745,29.728277664880757
38.88111931486272,153.82098613523394
36.565202183321006,43.355039714758234
153.52201089736062,175.20171980136666
175.90011427109766,98.25622274378087
191.1198694135432,161.47235904808375
66.43009649438648,122.87576685032181
160.4364426501767,23.044785149860036
187.99459744240667,125.12913000069311
7.720717827108694,29.244075808595447
183.2925756379007,95.93502892230492
89.29423046795816,160.1860958912721
7.211782698402278,188.12304108603715
43.42506131146356,44.49199359961444
145.21899467121284,180.0923755690845
96.38190402480886,64.18005418606835
188.6834505977241,123.19354362024309
22.543092307195998,46.85871716626621
37.00718789257688,163.44054245696012
28.994737826133285,21.819400183203985
175.50477764610574,46.58344110909591
39.54685778497327,63.82936490753783
182.3767908444622,99.02496825320988
137.33566088239428,177.17451346303486
193.43865694157915,18.030101472617588
155.63122466923167,13.97659007122419
40.7587173578012,81.90208972595534
14.437063877136449,114.03348288429956
57.99980747269491,97.14555716130985
106.54473507695309,124.0737933809028
70.30133516088188,17.478139037483395
52.67848810455218,9.800691730562015
189.84655028486017,52.1519799568653
33.10265736835072,77.645323774234
42.99547593262617,10.176410395789937
183.54405719376916,172.12554340697824
166.80169104724953,175.50355548112907
48.66518903182455,195.77474512134626
96.10398674970172,161.15260638096694
52.22376924488344,24.281573147348773
61.97496699507282,40.897029538061126
54.279604747243546,86.58728219445165
56.14735063850385,148.9009967002983
112.3644873697497,142.69319804354245
33.938304158945456,178.52391557294686
187.90704212712382,101.68473217186768
113.08556948161615,185.70218671940654
27.904149493185542,12.819781563035951
150.0581299813677,21.655222224754244
31.002042677021063,88.60963168523374
50.15616950147529,192.55534690809608
6.172485475825397,180.14245988073492
31.898958322570518,195.20312089222895
101.19793148430124,66.85251826905015
28.965801570104656,17.971341823674713
180.58824455629494,191.14370740962462
110.71863244668455,41.960279570184476
191.20378685478704,150.10111798395232
187.2998323092205,178.08365673378816
176.38878875879305,77.83329737861781
168.18442235070304,94.77725764772418
96.16997502901137,159.3714362210114
8.823276427915218,13.895160528085949
188.19046060519835,97.31875450170914
10.932884715241286,60.35470756474019
114.83034982799539,12.71173911201562
87.4411486480653,125.56520794273914
170.29225005468626,172.41395918013632
44.2754118223595,29.596939095429406
48.68387439024192,173.81749266623004
7.256012035169793,136.9392722521561
107.8060189222168,74.60913730271764
67.78029116342397,156.69024325694016
81.92488839512933,172.40701298535865
181.80333156084137,106.84503559653801
132.930116021743,118.08682716652805
167.71512679626827,34.418663035356886
6.19125685704649,185.9410708770628
142.03325432178718,155.81210860268817
126.45777382368976,125.71182269449652
139.00817304667106,170.85125267978057
21.27378813932302,72.38132496628874
44.874396692508135,63.54285390740199
82.82068191069813,74.1560352071741
86.65206755536433,150.24352578436594
20.322214052090654,70.69760594549115
23.437270971247237,169.27933726801987
194.10483754410103,166.87868670609683
146.92910876284375,12.987036753908244
36.58944302600741,35.108480432004384
186.2942306891076,27.930961686788486
156.43773878885992,6.790021079332249
61.84489374073067,193.8888459540678
134.68835157218615,162.62004600802106
29.672219479306825,194.92496924629344
187.84415937971735,36.82690999112731
32.0826170520868,78.03633122553371
122.322116674426,180.39849909123032
22.19604721679341,179.82864255092701
14.092198894993984,63.4429959064495
163.27385004334468,178.28637033190856
58.088192763196815,138.80838031219022
31.264391530224543,27.54744566557781
177.03715260570323,182.05077220766012
161.2809597706109,8.31971083407564
21.584388236362862,98.0769345852655
26.926027306164773,6.898523657199978
114.91948680741109,184.15003647253783
127.51485504463781,157.20928151678888
187.05890002679095,174.2941551719383
165.63175824720275,169.4967038677771
29.540311693648988,111.25619378113281
44.05643898590207,60.33851528510886
74.07672282386156,60.7820398613405
46.151826469598404,41.85527132037378
168.16422609160676,177.63569608265894
46.60398097898921,188.73335587987285
14.629754737353805,55.02795910903362
38.55975532711507,97.46947026187752
192.05611961341182,14.44098313182007
141.46252316401507,185.44240893651036
161.3739875048021,8.157150245812185
174.34603210795885,34.5472880979332
44.18992630034967,49.53357879864163
86.22561448343207,191.8154262822641
181.47090363250473,189.64875265036957
142.25181719232074,42.52745743065879
143.20663558831032,123.10118911417425
48.37318302124545,58.430200859670066
154.23918023608584,195.50978360998917
195.1738807539675,83.9334907679587
152.0842201245021,24.11355001248495
140.97017897120836,119.35569200061563
37.461276206933235,155.84748064857177
151.32224495003078,188.59489974728595
10.0,25.0
180.0,180.0