162.27263113378228,21.38172566621932
42.48195000229012,71.84005906810353
55.97256320019111,61.30517191630372
185.50390025018632,62.69060974200688
21.340888129328548,169.2308013755282
5.81648493398834,67.15010506800095
77.97432859421407,94.66671459035729
32.569502739734794,47.11159727830149
194.26630026111485,141.07595897617142
78.01479821984563,133.42610276632496
153.97696419739145,5.0223908637130945
183.23693056557167,12.579676066028775
162.94455366253865,187.8755087285291
172.11701877233753,94.1921554952026
188.0385332696063,132.19115105567897
187.287705381977,56.835138859161376
135.16489604960836,137.21069191692177
43.33278812268844,106.03431058966922
180.19720976371357,67.26121843813101
190.5845934998731,34.3201200386717
170.65258310490591,130.42700485011846
49.94006307341213,154.74014661612912
44.53612501474524,77.66273854482712
86.29742597569667,116.96326905772582
117.7498618905863,180.63439739738465
119.52155077222393,183.68479378779415
75.95617211260675,58.21665569223257
107.631827267258,87.75705501444929
25.623135337999486,18.217107903729353
105.1138212403556,70.39687882290013
36.47987193037044,96.60829340764907
35.73853249302828,177.00927818928233
71.21266087730463,170.09079347107084
75.90855384546848,51.860159788044115
85.01363476742765,107.88464034323461
5.28894835201029,189.48673673004538
165.7963445952088,135.49406020970784
16.94462344249235,39.46430915635036
144.7468912286982,141.2949829251063
181.90379923397717,26.84134729607004
177.69562196460373,101.49227774495967
154.5432500608688,142.4301320152078
92.58300611851664,77.78382539095685
50.25401149867412,106.65437481571459
108.57488556475505,14.943417426163261
51.94089405581862,47.81248369389408
72.68460196542645,188.18783851011185
74.02100459669737,96.890106170772
162.35691633303665,73.15829848841082
107.15298655558702,109.64946685935338
12.800014292790292,87.48838348272045
43.54902755039623,124.26660321671794
161.85977873166786,65.76312940172156
69.86496342471905,174.24582455064396
46.17446840507049,8.262677746592491
35.847293652268306,64.19569338009865
68.0060522113898,159.76368114905435
89.17134834106393,49.619592871182725
58.96733608803978,36.075946847544586
15.972788727956509,156.02344038141686
164.30535279320415,192.91925223162414
167.70591067893395,90.55109942821838
185.64627658059962,132.1628312270846
161.87190784821271,43.865389456285804
91.52270726150932,60.253397880002304
11.102207353248248,108.96774058060998
9.686440139245976,46.65315047822031
171.84166324573434,86.54619051912175
153.80775128356396,28.39090369714504
156.89999291727634,32.52514771357317
175.35380842083515,74.60871158942484
13.507505706201904,79.94778773292747
167.74835991550194,54.73305439369786
35.21143105968711,120.34864886011543
157.76783923776395,73.46035554781702
107.01436054914394,105.71822347766381
8.865698822864806,23.299003100716995
46.81699874090882,154.21951979524158
5.596336063843181,67.12741438345272
85.09116491493914,171.6023489485057
69.31697735624067,62.445143116329426
178.31927022671817,184.75424834112138
193.82098412034105,165.5250769333893
99.14390845720123,193.75814072652057
66.14251167508317,188.9020266974642
70.89090902962393,55.594545559073225
159.3545832026187,44.36085566529431
104.06950470310075,25.85070422887227
12.355207792871093,59.824247396661164
100.42999060910752,154.57326918816554
135.38376251212006,150.3847228592687
108.35276499744053,68.04116225321944
155.19344091905637,155.11723034056402
159.96213885993168,38.287951263475534
17.365302185284474,137.77268207091598
40.97541283818491,84.78271706020024
47.818988071452104,122.68167362126613
159.0529279832156,87.05020752221624
67.85453166915678,178.9385359758193
93.70181200028324,94.0986426915628
74.63551033009874,183.76624334728177
21.0424337287744,89.96970297585214
176.85049782727995,12.040285359546935
161.06178079792613,162.35229694671287
6.82167344435375,31.249948345137227
6.874718397667621,165.3208061970569
42.61182561581788,160.689583335832
13.54187897780214,87.8600269459253
189.0406516660386,154.48266124659943
148.81925338013448,87.151589925873
65.27902846790799,31.751432763165386
49.33856692961516,19.789485373604244
113.98254020540912,20.706675940556288
78.0795798074571,196.45799879437172
122.42214905604003,165.86765650779103
130.93865686155243,167.42004631997438
148.84915672485303,99.72468683889309
137.071536324463,188.53201293130414
20.470500618006565,75.90181495919117
24.93497150433776,102.5596442736516
60.050441598157725,29.75314582726908
26.85356397923249,187.77120637393537
37.1189386540981,138.42821041986642
26.08092466807325,22.66607107438872
158.65583876266282,22.79260499790958
77.3877653707222,78.66736766224476
146.83911791694985,31.730452736044434
123.23850192897169,173.04228720441674
44.823905182359695,59.15925970540053
183.39105631955883,123.26560966949376
138.0502512825448,34.19944237902274
9.725286109228454,107.37416342528834
21.210696067109158,11.084450772995975
108.11248858423957,82.82759527608522
80.37224462302555,13.44027197565182
103.38432097883181,11.875929559973219
156.93614825896435,89.85345292012865
120.9554418953829,190.66321406772198
35.810150311355116,29.316753642923874
28.570386736126693,80.76170159710732
85.22923277122626,103.79114634034087
96.89718204384307,163.9628224078667
182.7942225787272,38.54952068376432
153.8477816646267,73.32031263370557
131.54618772671273,162.4222138131108
85.9726271104334,46.45971699185603
137.25096669994824,180.94634498728536
180.30606242410894,106.73061193398871
53.95631024363576,131.84828753599652
186.2010427818777,152.33450526262448
12.671010194241765,89.9402564864802
166.9604054318102,6.612863855658603
85.38163383519992,48.816675051115695
145.20468193084636,89.04463964124659
43.374227150181156,160.45957534996276
176.62632991133552,8.367508315688404
40.01531024543717,45.55865613381733
101.42348341100224,190.3360877869728
115.9136390404662,11.363521185013509
93.30185345741187,165.8122929764264
19.109726416155414,183.16457985869582
110.2064528585236,28.343713391573957
186.13808232337635,186.47582567416237
55.42508468021673,33.69275176916161
192.9611378231398,40.16200018556337
22.828005768795222,187.18035117977664
178.67486537561354,85.46110630651026
177.77257012885397,53.15838197216848
175.437335013505,148.74985007404388
157.94305913264662,16.161985810393006
25.49999002338381,130.18339290037585
188.98752776801663,29.091052293523706
23.210290777481696,193.74903347966702
160.6395718698599,14.127077285381839
26.752744665893882,32.83154265792997
7.667996310504889,189.28866683269095
179.72005073992617,8.250700257886038
148.47845991940122,11.248499337991284
46.19826334865188,103.97034350801138
134.15490394674896,25.54241902697352
42.947295104616565,171.04129783705005
176.49308233898847,47.81192431649258
118.78087790097753,194.87501627409077
38.16461913262547,163.74520451443848
34.4515712685905,35.132370180486426
13.230754745776245,52.95532319527357
95.34901981285877,122.18508803483586
71.47848819595482,159.65743047358072
58.04007701444349,19.328359155913496
27.827201396893795,72.14836809700662
155.73166089875315,18.359723697374054
101.58928147607605,121.18140395613203
92.84318561367256,104.3676878305766
185.22071792266652,78.76754716174071
131.21219477623868,175.0294572463269
51.562684744859894,32.1977371919896
55.44185744506306,118.4226382746982
153.6071181154443,91.6173067006247
20.1857878275177,68.80047855813129
111.70599350601108,117.23958831359938
105.70166512626957,11.864251020961337
105.76769840343681,29.115946083639326
122.87264375571587,194.4352855419789
189.58778451504512,155.4810355801828
79.98462213135414,25.559448167369546
45.651463129823135,122.1345279104819
78.97433169718349,65.26228153316927
152.37044208584314,144.5539985267184
88.31794776655855,99.4866054525533
112.88042592124448,25.559303210353026
164.30922382203312,186.91952214855573
35.74972051045426,185.98771105386038
28.10274578476969,20.470605843016116
36.65610764659685,19.13932997968864
102.19848447270047,110.61359943638939
107.21225502893613,158.3486622166212
95.00603032938776,24.003993778490962
188.39795274969399,126.13379286677446
94.50252041394756,26.39666070396852
42.3690459137479,25.071842726148002
41.37210465894861,95.99161203433586
194.67781339542057,187.15641530245048
88.477509421367,187.28132418006732
18.86148174801567,79.8803343683585
193.0348167146491,46.89887868403387
137.96653494856034,7.704211627265977
189.6396026868587,163.23807483671135
26.24784957515489,59.31538022439829
187.16273969619002,31.24444774711509
106.25395653276485,13.387584071405204
165.15473476571285,13.96029232504232
166.23799417317716,15.070847953363922
192.04782652871458,129.25492310491174
32.332772438234834,132.16167858544304
169.85580393888782,173.98040314080157
102.5244160911212,111.6836673189296
36.56211878350294,123.37636450395297
169.77952297860114,153.28965030450175
142.84034134471926,176.2196460554264
153.71795866609065,158.7036966051216
80.93980222540628,175.55411181005698
39.42944200829981,162.3698777395865
103.56265095444897,80.7221898456261
169.24616209977236,18.204415406880084
195.09022784337404,173.47892769257956
196.05561867532106,28.265405824590967
121.46677795753861,7.344744179989386
22.604333102740128,196.10160454321158
8.742999268512392,89.67150252144765
59.699553604346555,47.560712624645575
108.08068219650397,56.65559318775651
78.46701980255243,108.35195056478595
59.471505952443536,166.13844700565406
93.11845979363045,125.20098214921292
59.76868785604635,160.27812444417435
187.82863218590035,149.02461377585882
111.35905382180452,169.6794543458902
124.43029980046911,13.85847904962351
170.06870641402475,95.44450489727257
161.38642264248074,12.847772648025202
147.69607527777606,24.122969279218363
85.85353600580369,160.1892771533017
17.90289177234621,157.5187902273054
156.6102351543965,195.82162833643002
180.24947492939154,7.963209260934648
188.2785113032983,123.5928407155823
119.6770214975471,172.9045568116879
165.8465918279789,176.83082994855394
172.3479577156435,139.4260769280681
110.93437153606462,131.9255842488011
72.35798413364607,91.13710363250502
27.744611391182755,47.632860752626634
14.83985682587892,65.02305163552653
33.3942974998672,15.7248480408111
175.50346451406057,128.71159311496749
76.96177693281314,15.315832205071874
12.406045921511959,106.61387454671505
189.2047496681641,181.15163722868593
76.71479187008508,166.110114934568
99.5338426603812,13.767916910014549
104.21940103578862,172.38893261005353
52.669576301547934,134.85080554430348
81.6550358329771,130.6900293733012
36.01115498414525,42.012962553348586
62.88094575505377,15.871213506689024
101.48964296979166,174.35232054578208
163.0711090893127,71.77208057694688
195.01431951647746,5.564277783210132
155.11387257125438,126.49451211398636
184.41590498031294,80.4602191416812
104.401095646823,190.84136938418771
96.6013785394067,116.33011687857315
53.88695153643723,26.170301536740737
168.00603963363602,74.82602610049372
82.13919704961552,10.775605791148791
40.07939769858231,48.792732236444486
175.4317493617685,45.95725251890296
180.896220659968,31.63278385612177
150.62773023581738,49.05449550240109
44.5536615140506,181.70634934301202
106.44648877290106,65.02147022640594
20.865592480047606,189.60790747072855
92.14126115221406,10.751039935273184
25.128300230547655,6.9503210216811695
11.2779085787799,123.1334611167379
49.83970600143156,19.966822237865546
41.44176446972517,81.76421297625053
41.58338933024389,95.06366325128705
95.21578151718369,22.829008896326293
50.56225992448555,107.9381659351765
9.869585122378398,64.47247603310473
106.40795978517211,49.90319900590581
75.28093034195352,180.40380080523934
191.84267317607862,43.566577004267806
122.42483189812715,170.9700884336438
45.199028136954006,13.489839214534598
93.73658999056543,85.65624973268562
7.115472669607797,49.34515348046866
191.39717225942076,196.00530595599238
147.12167621910805,187.30549515968264
8.818686431707071,184.29686140065039
46.784225495380184,191.58244068060915
106.44778495009957,160.35402115171058
55.3689001926254,166.38350471153566
128.7554066574419,29.879424620046528
33.85107238692799,172.82882959245586
181.415718110238,49.817275069007195
125.71768320194302,181.03378352226056
189.69839248148915,33.2121725552626
91.15488450338613,131.72658348301331
72.75750576529069,64.83808977630903
54.233411928255244,7.317843099644497
105.11832626135869,127.90644313652037
127.0467169021208,9.515091218447273
50.47290257697762,107.77722368899403
49.112850969696545,26.391153278669925
16.58762662643747,94.43599899753092
185.83478393862973,144.45557219611962
80.42340608337584,192.2183303433283
147.59698772719267,49.441875764624136
195.86409473034206,162.82504721396674
162.26870815224362,35.68481036129797
52.62340157204814,190.48018294907993
113.867042540176,90.06007475805538
167.25708007785246,38.54589687140275
173.46174209682195,65.37876379194843
86.34114357832881,113.84579856858545
33.854037442702314,185.40449782289343
108.14997760482773,196.90708011298014
28.34350206327954,114.45643352694117
26.212135631923132,114.19772358225407
153.16600216005065,92.62900927760111
74.25694884184144,183.958340605609
141.95329115174982,26.373816048873028
113.47730272724458,99.90875094321858
84.64264174206615,93.56486625031602
61.70448451735344,40.29492461969963
48.758131939573055,135.82635239503634
121.28161024773262,151.8627825846417
73.91086449884962,167.19109038220012
184.5329836992286,57.49096299469825
32.14558361512125,32.18249734059335
101.60939035101816,93.4114471605646
160.81079421521795,128.601626331161
140.2122836235358,137.49595941854574
75.90236971773217,109.08744947477672
42.080362793449204,73.41620211504912
91.24861062696769,101.06288832003263
104.11735683758555,180.37767199623983
135.58189468644818,28.536073691225855
121.40001907419658,184.32267144748369
22.917034366446167,38.04446259612986
78.3639961018696,188.64307761927915
176.132716091187,90.98045799504644
160.70709679529972,125.52408406214116
36.57703002510998,64.31963191840156
12.357999328712188,9.393611488545492
14.282956731924521,39.86469120231906
76.48915295495192,161.05130985965405
28.795034306117394,14.564007048112195
92.80200191880245,186.94977574678774
184.2414087407013,22.19924500046003
166.90079525958006,84.50107167461661
182.29838316759646,170.95169970768768
19.698640270070733,58.88122454251147
86.68830109783558,196.8207237535158
82.86858129645942,61.268233646219805
157.57597294012893,14.547042330055936
103.34831488793753,181.08827629604147
33.939180427726626,133.14383206393953
31.177439887909248,179.45945422793187
79.60445826176746,172.06259536282423
20.722942373370337,65.81372165485509
67.20553742699005,56.91432640919607
81.43377810905555,115.40212574677254
38.085956281476044,61.35423296719244
177.65017416201414,103.82007127786777
110.15504469165212,184.54182679481767
85.80789757970776,110.02288778689852
53.64327152787938,24.306737668991993
183.34269073474147,16.78792218136453
57.47413555004296,62.126331969736555
31.697999056069975,155.56090270870422
76.25921536485546,158.5717070571681
172.93888081141492,65.08731345583571
91.42327928856598,14.129019224467315
29.95006662892779,160.93647444078627
165.31078916425608,183.80602179185496
34.81178019779112,164.0081309717074
166.07525159056016,179.71987188508564
23.74557837777123,20.82814512956277
52.072001566268284,154.41666115527713
12.21177535052918,38.79666586804301
127.01580402402749,196.76034502918367
27.152051090881276,169.3672746179236
136.0332017085683,146.6462051256969
31.477967795405494,49.01335075018131
7.884733106039723,61.82662261591943
169.9561750647679,30.816095406217023
72.98037998500715,65.11105780704591
87.88886172201708,177.12181864917048
173.67299009769593,61.43076069554639
161.52481913614798,107.78960693525374
196.21265008899792,36.25325826041793
65.00294451089593,28.464134091073188
85.5277105456959,114.5004602859454
151.6207273730354,49.49198634654525
86.11305707539073,85.72318260945491
123.25004854818408,159.4777975191392
16.652121405539948,15.659665916489564
95.60244341252577,178.58555091758458
139.20188312292825,148.23940078302257
81.60306606825546,98.49406098683282
60.5350546776037,13.682242871441307
62.997779399215524,36.03276421506181
147.6695638633307,35.93536847352904
135.35871784714138,150.96092198307272
38.47177421895216,77.53368240176214
51.1123268816234,179.14454491103822
86.9380577182423,95.79401083807808
187.91648820803903,53.911256190706176
189.37530818655728,5.722219285330878
112.38524883460542,110.77126545695506
14.621473525916358,194.88906589597983
68.0576066130341,15.731831683624257
174.3026206467238,36.88567892204754
66.32418048534144,24.22056904806423
67.2290382201572,166.60818713881744
179.09117270295405,162.5104676936059
153.03494252682,74.14212649229802
157.88133044597961,84.62152763196191
165.9412843016665,86.9590968175063
96.97580040950903,179.87405763093756
94.36826808635143,69.76597822359481
40.00420209427156,48.977148273406975
106.3457312021925,182.53987133077254
155.7524070424095,61.91849280022618
27.065071978329236,18.456623277651033
149.77703495962788,139.4542666239979
183.21442398956532,182.32166379666916
61.64178706927993,15.4229641725911
95.51292581508847,6.042578666478772
26.819786782204936,155.4706533246043
19.564817000613207,111.653097072987
16.606994879362396,81.12913169874797
26.815487770175242,121.26418786867472
182.85301228271757,8.049586982879644
25.447467496064064,107.7465129966928
64.9657158623627,39.840034406812016
20.12309889075593,130.86312171802314
38.60820584986815,131.54072745138131
41.17674819560086,126.51331451465916
141.8729368864099,143.85489566970477
170.8852035391578,74.6727459148586
92.62083679799713,11.437511408219764
6.432780835471173,6.471773920175831
101.04826037796155,51.950229928114155
123.84032815298265,167.13996543453078
173.14620707791522,179.20279735307906
33.88536939824821,64.06351300426188
147.05056726621117,88.42692812815459
155.68944601192803,57.4417894161458
158.51042230694162,86.6222958009995
138.45970923335068,196.8869096243196
165.17548318859048,153.2982537888231
40.310187593955554,64.75640888638216
87.34440437240686,26.563394656538296
52.17600884052275,10.069267425546597
116.51253583883485,159.51029469163507
191.12502868283053,43.901611740773575
88.1703452258187,77.03577994932239
89.95288991732993,60.75070436252306
8.762037697648777,22.09079667794997
16.898742863680972,157.5500116476987
62.39481286067675,19.4271256497506
26.74104641644064,77.223329934612
88.80080724137271,106.8417207163193
149.0112531204808,159.77386723814686
28.45324812271829,183.49044051893932
44.860852129644634,137.52457400187245
28.379320582205395,83.66063180266028
113.47215962150095,93.14385642456644
14.006511543583201,28.210136600864033
179.35213509851823,123.76795394800529
25.38030331833973,27.626431132365898
168.6621411874468,23.85760680517689
13.344998139961524,163.11084456812415
76.34846770524625,92.29811591352977
35.439848374107704,14.009562559666081
81.83680271328875,81.88496320390216
171.8936152907902,159.039936841222
183.43877068089105,179.38853798297225
149.50412771540255,67.84595251076016
49.244526418853184,158.8441603816384
171.36196904528666,149.87918795775093
29.088785389611807,29.450438048699734
89.44034549328019,191.68645606785472
163.0646670387607,89.70852205665003
73.17537356565144,68.30473611599469
26.053852452717074,116.54524386877807
13.173355357156968,16.528632640274232
192.30581444097157,93.29445981512922
113.88965651892133,195.88163020078792
149.82456935949062,181.283324402104
14.67238150793021,37.38229965893034
139.4727611155418,25.01528095731728
84.34121811802302,155.82217237292426
19.255669633361123,137.6098723315154
105.61331207086391,71.435330805113
97.30573128970387,92.87262626496111
135.18094305668814,155.35567194107372
88.46490878679313,20.590435748925767
110.22338706792333,158.30196681535804
52.86647844161399,159.69261417887975
56.522686066098075,56.35598846041665
74.54359469603922,172.8550706524492
47.4047460598723,96.12006277260097
166.83357508530904,54.27133127342365
179.64488285834057,64.92002780402485
84.95563880126163,98.91639634466883
72.66010389863375,92.045848504886
35.129328329742954,46.1761946511605
178.56390014460334,61.197357815787726
169.84960630417493,136.82019241347604
52.206316573491236,24.026701468614657
83.65486551380125,190.70021823803432
12.994178265838555,32.40592586552137
25.485466936337833,124.40760594736345
164.78308688761814,37.297266236904626
43.16464324783418,18.626761990109227
94.08939269774764,54.776064690720496
95.18207726029232,178.18587922735964
121.40507018277292,18.285038412158595
188.25242029525685,23.47663368722172
70.01700697109463,153.91548691107542
177.43632642667112,99.68996167566304
13.981890308988437,86.15335942707098
84.83414386826266,118.99408998171253
106.03248734043584,179.6629360457074
182.65510990177762,183.96442932801514
110.88437056392934,81.97268405483973
182.51592634511437,32.22337338258201
20.549583390850174,26.875951582114023
161.94766979237855,187.09271661475773
119.01326759387182,10.24406991860883
104.51684312132465,6.055038673115327
176.84336733700235,27.319874258367836
41.82495315361764,191.54730929230323
59.318057031926685,18.087615095216798
41.89002937485489,191.00255448552502
17.501792696895805,160.49576970464759
174.93804548534965,46.95879688418346
113.24105648788081,8.663143214600439
184.03161955330037,189.723918215301
98.21475808139733,106.8792205797767
100.41128261061799,54.4344796831036
189.52186597010663,78.54030038054447
16.543606030867707,88.13131253915651
54.45536190469172,161.79859120210304
188.26321171309135,97.99572006441234
150.950865021001,133.88620297686433
190.41300078639708,194.35582926154274
6.821624722488852,69.38769540378468
73.02214109376975,50.090489817795856
58.80183039224491,35.30757489412949
54.08742734458071,184.988735510511
7.627917268636068,79.19098297358435
24.005365110869857,64.59408661707879
108.13902843382661,101.0779945478925
27.237756627846345,27.086004092051223
138.69946266316592,184.09878587140378
24.822525317483684,111.92605325501249
72.82745140787006,128.05576580483887
22.76979641001153,192.73385209493986
193.65393496092128,104.35876045321878
184.2559800558917,30.43074994868416
86.10430040350428,90.1138776111452
151.6376972986362,47.32827255347865
166.69643192508445,71.51421658486858
157.57390540474626,82.94639905550063
109.9100788047509,29.378247742235036
21.204768214078165,87.34779486905506
172.7819250355875,175.95011719810194
31.076152648604502,83.78367808815086
60.60318160248821,63.4269414967162
87.07025197355179,168.7472268098349
99.40647648050097,107.5824805284536
99.78167049488636,23.183446252042174
139.34676441465405,7.605118151109499
41.72268059252463,156.05695581765147
137.76995952132364,22.710522056701596
136.9932722730601,5.249497789506238
183.40655320299456,48.491626772426734
15.151472012572272,189.00756426254628
47.371446694705206,127.6506091867091
178.8721331140982,58.650919489875605
149.5205999066464,107.47595023783619
169.4800085422574,45.99500312608422
61.48655303215533,37.030740156901956
178.88749214384336,183.56925752433327
47.90476200049609,154.1306238340533
52.769652252997545,60.47678623527668
167.46155759666084,89.74847675985103
104.0134581124863,185.77482459275376
85.21825654481849,151.6263965807114
41.62191513346856,184.6228681041202
89.99188551163417,28.00865293560971
193.76443977873652,128.4364773872332
34.07099413270857,110.23601154982138
11.608323418653264,109.88830278941558
159.52467960130565,22.395836597732707
54.53073112240945,36.89598868576203
122.58477000783577,172.3847182322515
192.27447638265684,173.5083282553401
27.545932981203304,37.691446284710295
141.08206521950873,32.99015963786196
152.71760315317104,164.4315527793027
70.08371440755278,158.55893730760772
79.89739360839789,48.082441599631046
153.37333279160777,69.23933555034031
159.15725949884904,11.572753504741714
39.942649232302365,42.56366031059327
121.09120289560023,23.076972154616005
10.609850886911527,159.17841068029153
192.5713352379917,105.74982103244561
95.99918813850456,66.96982056244312
188.50055080917025,72.99962035700167
120.11325775360294,179.36879594747174
76.81250811189418,156.65215195641738
113.11353096267594,82.61659730833114
56.94545945451297,26.709040820470072
121.62217047715714,166.8449233896171
32.47765729461173,159.99170203207424
195.7496480718859,22.543709269232597
81.27280425765903,104.00798693367076
45.57624842254409,26.597170005299517
39.5013203313026,120.87514691912907
191.07722775465777,62.11498282599899
21.59516323745991,90.78808150915654
41.29560491073579,80.59029307771047
107.10709201313223,60.698790300104456
143.91962949823508,139.23800998553082
36.41698768002367,191.96338318230664
139.5812122739604,143.46650462067524
94.78164790551159,176.5292184870074
162.94860955228702,187.38051536333433
151.37976481626472,104.68792938918858
188.65556750765043,159.54035697487697
125.82674177728525,178.85102137572562
25.48901867463448,87.50741014878216
161.3789766411156,9.52346234902883
20.323247153861708,190.28380276075467
16.89492659492871,130.77682829726993
184.09211780133282,99.52807930174035
62.453268879110546,160.82836104154887
171.0214215301119,157.16695308084715
72.87960405467932,133.83928667411308
102.27812552119774,82.00395634520132
18.917025550863528,138.7839392842693
96.40899239982946,27.273687741554422
68.57225463989982,179.651614404989
51.84939586165994,75.12194274999226
162.16681515558483,171.2609635875253
147.58236723099137,125.45630283935661
77.25606186826109,49.528185359997785
161.02968962233945,177.45280998017876
8.207573643619305,22.727438447399805
52.759180991117006,113.26476414906125
47.76712544944821,121.25874481479708
158.06532194802827,128.73588428407885
16.824508902713923,170.31054198606375
94.37268538934144,55.18428981669412
189.98249419035093,125.72150045975478
71.45209832286075,13.891676858526969
15.478885399174006,111.57381276204923
8.04249880707176,116.11077045024507
159.5860198167923,33.683661479375296
95.94487946570905,132.99516953179526
63.395474036359154,62.71006713735113
88.0239395186936,19.211355436818657
174.4265539159229,78.52133047038673
175.50345691740395,129.98883735854156
170.04144394311584,102.48804661563884
65.94081391338042,190.9488648277348
12.993640728243832,35.355633866621446
44.11286112616813,11.444088202902892
130.07380978223975,190.1167714219216
84.70458551623965,155.6261828742823
89.32403818615386,79.38858864743308
21.860623688239418,52.20926665619071
100.61692588777633,19.009975562614223
79.79986763722523,20.56278187700962
162.98636495283694,53.010046920388284
13.140445759180075,128.94674473493245
7.511195036536439,37.13850388093091
102.146002660686,168.22501780458362
144.4977179920995,24.88178172720011
48.22907935904133,64.01967435023494
177.5899636323442,177.05160400087405
98.8476153795377,65.88701841960075
157.3804185384739,153.49981168074518
192.0402853938159,138.23390580425502
103.04987024593261,79.91871234750845
155.85884186113506,143.359869971644
17.31341492902377,110.09012789052464
170.15572129868858,133.5251935607367
62.59499421071838,181.8340952673246
66.12781262590292,26.965629275936212
39.923557618445045,131.0419551807199
37.144055095199974,15.371038447939588
191.36289627300567,21.888389602383263
175.55672999632222,62.60324358924209
161.4434986638048,13.765610177912976
37.00137969758903,165.36957628524794
26.9875548863694,134.12800086953905
44.79303492216843,26.90039338669036
108.5524657931204,168.87074213159107
15.64722094605944,168.06688343660812
13.156553032783094,176.96359238915898
109.62735201752528,65.97566645072477
139.46920983801292,174.57894906958785
155.9185493412264,176.72072123707287
155.01845284657594,94.70488389061478
37.809759076832144,5.339365678713255
36.85083300414041,191.7600127970145
136.55874407495492,22.135779079732544
179.84446277293858,73.5707088107495
28.8366841225859,157.06583911215404
174.420614137326,148.7377188224968
31.402890504451648,48.224609473788504
27.541965848918377,62.571308619805095
191.6041140662872,169.16378929533167
90.32461678195729,27.89944318545176
48.887462514070066,82.76891462726621
191.25937038603348,193.62185494662853
14.94584697615492,46.26559363155851
88.2022073781632,157.24012443000092
102.03637500042797,69.3580032922654
75.07112948806028,7.190548760848781
8.245342089754601,13.602329300003756
121.66363984876318,170.12694207994957
53.668809448978784,31.15417783447598
142.78305107693745,187.8625791261958
169.43984465166812,189.23280014122489
18.45180343774676,21.36029163387583
115.64029561705598,53.71528316430631
30.964831455959665,127.09700335025799
145.86724552800123,5.973187373775065
88.96679284224119,150.66408795974766
136.44116463356514,157.43430940048083
37.67833205662255,104.34715802017556
170.67165878311846,16.47693680171734
139.49214717968883,30.01798208895258
138.98268003042526,30.517318826110138
59.89565437419988,14.166163421306821
17.993455224508118,159.0758564157645
15.644574068664838,19.3529246892869
99.13927121914399,108.87965518711312
179.17321038096497,13.888304653967298
98.25162239908836,151.59284939413294
173.53357335349867,76.44296780737139
7.827041800636608,17.617127555116674
123.80926139524757,19.653558992282818
42.68400148908739,102.15154857110738
97.95242935643626,185.49582727932597
44.00712036871679,168.87854050065084
31.28018911119334,126.87205028120547
78.27850412360134,162.65439591084214
180.76401385576955,53.61442143878144
173.2662194031261,31.83161151638806
13.71452322316355,29.49990889829576
50.58442770036814,162.81880543606192
91.59386619489582,8.847440287940826
51.44720784312884,158.77724488283064
190.85130857359755,23.39735474097395
153.11524331878067,34.463359788587276
169.84717338952086,101.84612919872585
193.53338853161807,18.55967184121866
162.61014812817146,163.51641647183945
156.2209880437197,132.3147439099778
85.97294281043615,132.93791030637408
47.37630490202656,104.91432548884022
189.33812566128591,68.23553768973767
19.571215844584703,59.844900483514124
194.614601323603,67.93357328291418
40.94172175826945,88.40753731877942
34.620858488541394,54.02058424332545
57.48143003577178,159.73939952059538
156.0073101725925,14.157115926955704
170.62583678432347,76.91782103673806
13.143263672934864,48.766459498069416
183.43347491502755,62.53675598619667
35.09957119076178,34.240523607166175
86.27489929932469,65.70850600228029
105.7206357736543,153.40849883899946
162.6873017726036,106.29859414621711
175.30477655707435,60.822191977057884
142.0802944017324,138.86877168391945
159.59851134571176,135.8846497077371
44.5877377000005,18.95161161640959
110.58795890587373,108.67528333537959
71.38034863149372,58.072209117993815
195.11811583047418,16.00521370446743
73.44368683684503,106.84651104657769
44.342289619163246,104.17895240048192
44.16930589669576,93.34234919590041
12.206867664113888,44.93445685305592
138.6823034050733,26.19722971397569
60.144523520355825,49.51525876784655
138.84752548383432,36.538943723172174
17.385763414708524,52.65877671405901
113.64268705969533,133.50983517241693
155.42660876324754,130.76285815490027
74.10249508556589,12.742896442500452
153.42042235465058,130.73189812655556
12.16338697154729,111.77243235399519
66.65911178240215,62.408200942393215
13.734590113240943,18.230562841792562
99.96976697709131,193.23115370948443
183.01020561739037,85.30349921921261
75.76058318631172,116.63162463440574
131.1333533345147,129.5446017261645
189.96762664101482,105.12306952262338
98.2850617683928,154.22678149074534
129.8552683633942,31.33194185081754
73.98802736584533,124.23831522380313
15.074185792832242,58.75480741405455
65.46881848639107,44.84532239134121
149.77955024573916,160.30816462994395
140.00533472774657,34.302181418996916
168.62037104308666,79.14496365301692
32.9235979492547,138.26147087791554
14.665162409933979,38.3694452796851
31.77871736769317,53.55842928022655
50.108916579785266,125.08108414504828
12.920649746486058,163.64499270241745
102.34402919151651,65.86824662065435
148.8001577474442,177.1819382817949
13.058988151938538,6.115447494602161
53.83450948169971,32.30519481400967
56.70335295850676,48.53670403560249
179.75417800226475,186.71566163148006
45.477019500008424,78.27353258210925
39.87805593856489,70.65333933815532
129.14472566214286,162.85205382041562
179.4914287068903,28.046703562696102
187.00380003551956,129.7103004047293
111.65796046461124,52.641713874425
189.34209677008275,35.36356528104965
60.70476520639088,48.391169035316345
82.90938742647944,7.489540408352878
98.26426451733485,93.76778519744904
109.1703525832943,48.650080079652625
62.020972851441684,59.383546562642614
168.18504941005384,14.515665008256002
156.1170153141125,55.80998190293156
108.20789562785035,57.803418341846786
45.95336332720645,179.46918104867095
21.106800882885363,123.17016415249871
101.67056018233149,179.83831897663032
118.723727202134,170.23834294245182
88.62734371619757,56.27690506377993
25.258978080311994,29.02624300459771
16.008468187629642,192.24590250008413
196.6695538783069,194.15758020949116
90.53860694792539,84.09797930348155
159.87779855268138,70.19747689329802
50.241762977623864,123.94732667561419
14.501708627181417,21.16962812729383
118.65825515568955,154.97006112763856
145.16855562756595,172.7040722331354
25.69330377634742,20.32770556664623
52.743210752693955,88.15534539911003
46.22731107804497,158.53449112645316
29.973292938234664,167.0924505440797
44.528680132978586,163.84182934946585
187.87012193801036,96.54545764295297
76.36900546424668,22.309915924694035
83.04520915495921,190.48378412098674
60.4723939155414,45.084835923450775
144.78429911249503,160.9624680379387
114.99465434004857,196.1230044002529
10.919923846148519,122.0613225537837
174.87653671013294,185.54140272760372
96.76540403095113,47.31560442116023
145.2852688747694,137.51538627313587
168.69976922507774,69.76975492583446
183.63763766685133,70.19647555698562
128.46099541418926,24.20653282874316
174.41239792390985,130.0946597340836
184.08024468858622,30.820337091719207
146.1415404010439,177.03047146653913
45.47072511878036,194.58477771435855
30.527497747324606,112.71357921579694
162.21913194105207,53.032850926498526
106.42516660655846,28.414947263653385
45.74797702679824,76.16839935058836
97.27387779081155,118.65749525013939
72.53342657786914,29.93771018923297
20.868335456809618,173.55806838084524
8.136954105871148,50.08526992747896
173.44652607118087,23.872320566381237
163.9327891566832,195.23854993806668
191.3918949739156,196.2143564847539
192.9822904902733,100.62919725629935
156.38918065117673,10.799308873968512
160.73237294011983,174.99717621696783
59.201124691861835,31.814176552675985
29.125905634841132,190.95692476907334
131.25891015804342,35.66178216945766
32.78562150815722,37.46979375406111
91.60677647648797,150.4173738944763
16.880256320982106,20.722999750439094
48.143113536722744,81.10981005908488
7.699408038452441,194.00608568496418
102.39346211807091,97.63203988231342
164.42677299182628,68.47374386786608
22.363532877771053,123.83215047668413
165.31935078305756,41.746709861456026
65.60867244776954,191.33259555595927
183.76087147059368,30.421593422720886
101.56442240727924,65.85063943214818
179.70190298263586,51.458286614357476
29.704135842271867,48.18416850701188
115.16109269348209,66.09032777778043
108.88764430875024,82.31602336771547
155.09546070214688,133.0865004619061
32.503164792890374,154.33959765837753
193.52517233494157,43.98201503922678
145.58212227861895,140.8368428543385
77.59023578896439,110.14555268691788
19.22287470483919,166.2695787398545
65.97076102709072,37.67936532725987
127.61106606132356,154.84168695713097
48.074903244286574,95.0196477654278
113.54330380818602,173.13416058988113
165.0080407882088,186.1596242236078
120.3499092478311,12.805851454441129
162.28704699065872,89.72170416879689
173.7035380149073,37.913700202521916
168.31760159425383,139.22574706681038
86.41964084112963,68.42526370742141
74.07127598675147,114.78640759930754
74.61571969932963,69.69224561235126
93.99485682016407,113.20087711646464
181.0929656096749,105.4227990278281
36.547448467774316,47.28603847751541
104.24581583562193,189.38971188529575
78.52588914325663,7.528131314906398
21.71015519355855,161.57111551761628
84.70208342322938,83.93417066153
142.09868853434133,178.37494349232176
21.00502939706504,56.28527552963824
90.58377725834775,125.69241148390562
89.79756804107977,99.56537455305896
84.67159984441012,153.04478477408387
10.338545966742041,127.62372597162793
195.54932067764446,30.481520551594066
99.60200836753616,130.4620023741532
167.78003964141243,99.10637661002791
16.294435807780896,177.21439952098123
165.1210233987038,22.025289492105582
93.37229732493762,119.57897260796831
120.480019290686,168.03318277507717
79.95000491354538,6.083422827517461
156.23429462570172,38.99591343702726
98.53928974790153,82.8587492026381
46.17863086031417,160.68790670998428
160.32277303515306,65.82223708783364
35.320479189021974,56.78847092824315
71.51229162677322,62.48194061964942
51.524714052577984,20.53905560184892
56.26644554289311,51.73052698126804
153.40928007986267,87.66615798418947
82.4934500231316,129.712763271666
54.05014762775726,70.5890107906966
53.27224348810242,14.88927497366673
186.65485150015076,140.97401676980414
25.691812516814487,22.341761692141702
96.66534133401254,84.37986903236352
193.25065505368605,53.36242234935269
11.959552523465849,18.52579627971219
111.96195875527017,175.92365541405348
132.6390079550783,160.48232073243807
193.2986630208476,130.37779656577473
171.04346311056432,125.32273985491314
189.19393880619424,53.411680008029066
103.97342682081172,153.3949320637452
69.31258907038081,154.38153862874904
95.26123550428899,74.00984193973544
17.0326494290699,25.0971165590939
7.455375741552925,30.679845497649325
90.60053924987562,173.3183390816869
56.85246826811944,34.02668432288615
191.45477317111144,102.8879401003277
44.880009123936716,82.53227507752955
188.79184530044117,163.74709703502708
41.80662141567412,160.66876832674583
153.5958964622982,78.24663166280394
29.01789072828863,119.72281638579959
99.87199584583713,95.09365756546582
18.77044797814775,100.52711875863166
96.06812961775141,26.970565234917597
46.85716723114299,165.33519667290832
68.61406011561412,23.90330215440538
181.91830787184662,88.26382669441543
145.99436176082472,16.39797319061256
108.3967270718333,70.99575849331124
128.27868997070487,190.26738925838754
88.69474401591073,122.08352597805144
40.074304496919844,21.767163769972118
140.2362027314284,35.027105550268935
36.3413643981964,154.47631024633046
110.72158547674813,173.19149780279693
159.65155885345644,150.45411062901672
188.17111727776768,81.08449705699734
195.610065103224,178.50009806321262
57.39693245710182,154.6296000919146
79.14236558185173,8.371486536395176
156.94561367337315,154.12981263980876
187.9160886357142,58.30685651426896
66.7711725850258,194.7843384004071
13.46794046811541,85.81574123599138
81.77866133635065,80.3084488846281
158.56546491502138,131.25242473921472
158.71400020343447,132.25866286420901
153.38693921814397,186.92731948388902
194.80233926905538,169.07664219766093
68.82257717917874,64.22606509580834
80.23943966260146,60.08772964624828
24.731886969822003,74.99429717981795
29.75454155828759,182.02628658212146
50.00289269734646,93.85495578817616
147.2471987801317,179.21250745830034
145.80516776552665,52.5462392488716
191.0373052857632,70.45488452079196
103.41359873398639,68.66685090355116
109.21661536522288,79.0389590948887
190.1894939566832,160.80813960703412
192.12898300691157,169.01453703994665
34.86787675104381,6.504649186242778
145.97764204376935,169.14785451072453
93.95226381303227,69.73007972049562
84.8086669052599,77.0261609267465
74.50203373572606,133.26630013405014
109.21252631922756,23.268228391237553
20.22992373151455,88.34816081697718
24.9400624505937,124.01893263964688
15.618368521139336,56.60035187303955
7.63752229014245,76.11397673243566
181.7074841897476,95.0534962460228
194.81628795749637,36.02451667132918
172.1906092543769,138.70433357274166
51.8551336689898,19.552566244364815
195.9459241276248,139.8605385967825
181.30034708786755,41.957007128940496
160.64164965058703,178.5037129188299
186.83849668090735,55.90536940390765
181.69342237619287,23.559655970792083
167.21790005361885,37.92962568710561
50.15445944643161,187.00022781706434
102.10766774169208,134.30640993831122
123.73542543979842,12.662253886369655
11.538437101847896,85.57741454481813
96.9466851787513,66.54717601931416
10.37934206387269,52.90181271430375
90.53183469929859,110.5345818759761
67.64844006206474,41.79267577079852
100.91232556404806,59.865532547845014
45.23929608531306,131.9351433699067
20.024182188871215,168.2383402991982
109.61171016327194,163.37258691517707
53.14696847536577,61.670553405428066
89.73417175412662,106.25659825085292
11.010887711498079,57.480299267736086
160.63529599541573,159.2306816516674
69.68993993525862,17.092403468578155
73.7978738509669,129.25234393870366
178.73517090956423,191.02073049569768
101.44798059731752,89.09196915304115
92.74318004236781,55.29904206663234
81.07852734209723,77.9493563583985
54.306157353445414,134.6772766614814
79.41290552479029,8.592947432681422
182.6719963070567,177.63778198798522
137.9078966169759,168.38235634362363
20.521538304487215,101.62814058065732
151.99980918700433,86.20425011211779
160.22342034188597,80.82934436929148
193.29212121933725,64.39998045359938
30.000650689176613,36.26605190792506
81.7593607460353,73.99229937061982
77.53320246574276,177.57735139501318
181.7624857406025,178.04752243490105
17.427269255170817,169.32078866880906
15.00887532379034,101.94635252939861
185.11003948165626,154.01347698220235
166.78575474677874,65.1251549903086
166.86685718955792,133.67361195826854
170.93538242332295,61.101820834038854
107.55242113951434,72.31202034374036
188.7553320935964,81.54233910000978
180.92174934317586,29.864988819603912
88.14849821717299,192.57667787917987
146.6105771294057,58.697558590709995
71.5404458397948,167.94183788283996
150.61681920401196,20.33120044255239
111.79404330103883,161.4295722120673
105.34767968953676,78.52237815753647
189.91208865984126,139.74554053941944
55.30673007332669,76.40436936359453
29.23411100592837,185.7579702002339
19.15637424641703,90.41470503082532
37.3651700832635,111.81384418887208
64.53237583356483,195.8828795830815
137.48803278482538,32.96289951080512
55.13139112570943,77.2965919354529
62.89195743037682,65.88878920912964
144.75895938566973,133.1076438696946
129.0731599607095,19.971481531926205
95.93778930245519,62.425273117892765
150.49124252134746,138.37665169971925
178.66141423488614,83.28624241196307
134.63159760102639,8.948678011753913
12.999616990030594,175.1992101031514
22.956848048786803,35.93741905865277
156.99418737372073,161.9377267431923
181.13564396075776,74.98363401574254
103.00288649242124,11.665847643604891
84.24819215970894,175.76856586811525
57.06149458445169,53.64322948334658
59.743617881096306,48.449142426311916
152.09543404674622,105.65351352719465
173.43564951446905,127.68628691567915
59.259045890344055,180.81148948218575
190.09770215631983,83.42882402972181
123.61836205908796,28.040843507455563
164.0436127899124,127.37383911294015
170.57853943307813,106.37128465647415
118.73596908394327,172.2209655757943
109.05737050972165,79.37505491848553
75.50914507415114,101.67001770756733
22.15168776652595,179.3594876772576
63.18976900797683,167.93160640384636
147.58116669723825,57.43624358642914
93.31048947077454,115.82080059776628
146.13191197012816,58.80271357178671
149.03830989010024,35.24599895431307
183.6302615609124,56.073775684898294
33.53918522858004,31.45190589043229
117.22613661008731,157.91086122085852
87.97596182442079,119.54367081523547
10.881365644396693,79.96252112860145
169.2976002884387,14.826386576360685
178.13262339984522,38.47456413579385
85.98182200786154,161.10689073466608
156.31253861990012,10.085040862757072
22.149137679889115,33.033131352330194
27.139271902532826,107.24675892630124
191.62399251218923,160.41448556514194
152.1578711257856,40.20293358777191
137.9437403372847,132.96718814363194
188.0875919473113,132.19975792433104
96.11264485237166,133.6920006755154
11.25743305340682,174.21891945188705
86.80443960424003,72.24514931988028
40.9440369180457,11.235686925976179
73.93576677658496,97.20556488803727
58.95840661065679,164.35899407616444
195.07375697494632,163.32393754663306
180.64649137077276,173.64187204073428
186.5270325665376,126.669689605556
123.25857649032093,163.3165857838506
172.0736909843873,13.270996974548742
54.63423540542479,79.60366639976984
188.3895375152826,37.05295248775555
64.30305869774674,60.40050660131047
103.5647906080067,18.45365445560864
189.2310818110376,188.96976090493698
16.240521182788456,132.97429492807214
18.815594768746056,83.90544262250319
192.4149458234843,185.112915201036
52.051486964961846,30.901523635962246
154.50672342572213,183.43419826275598
60.265734095620935,189.70413442291488
144.7207853447606,145.53421394177224
99.37499291338234,50.544708791602346
183.7374885034262,135.30625464760257
114.53524820939822,181.52622335093167
62.05733416301672,180.65705685491034
111.34838473896654,177.49128396427108
177.57602871930584,187.8440590692109
51.155602388031795,132.10458588702105
104.18302911233559,21.158138085617278
143.54249896442838,176.46544350372437
5.669177980405731,181.42846027258418
101.99189021211943,118.01658095909109
103.98719626684753,168.83974655054337
82.9740267518534,7.606210874260634
29.603243042452384,18.474468026179192
163.03346749638476,161.74084986548212
99.51339060375344,188.19579655549563
20.041676999087024,39.541240647839345
196.30032131962554,196.27918344243125
108.18278116765303,28.28104978103273
97.03721468427868,75.0246224908712
97.72788451402167,68.07682935811074
31.124690189443218,155.40992716369715
84.6228469490762,111.83791781037459
101.49088169990586,190.0596111371255
42.3559438039323,66.34498600318274
17.97272803578143,114.58807697925299
166.21393032724453,31.52756224437303
27.336038220494526,12.034464677702449
162.85069851726175,45.11816394006425
96.13758519997111,131.96310579503543
155.5633506555844,82.79349007204908
89.70082181380805,174.9975314602379
58.35906948027369,155.67757282394027
16.881306958844533,88.77067294209068
169.25748080036274,51.67636556901982
56.92788439264111,127.54481541930531
147.14044550278084,21.554578612934453
95.52099645711496,20.488156511164412
144.7647031060736,142.181409000993
110.86305094421121,46.17698221923983
173.99247517677293,7.076553299064287
6.147690622995295,177.72316396131595
70.97440262707643,63.78295024192303
136.12967192282605,137.86712632128172
30.436740052578113,131.1740051161071
171.5412675959866,134.84233838936365
155.3687060184034,161.50449515992682
65.62248142672951,47.73053767080081
46.17843006532951,56.280799902200606
27.492411546500207,106.27146769626509
38.278711191307835,128.0752055447789
37.91092582793328,21.486665516209072
112.25919014675746,29.781767074336997
156.76311360004453,64.88249204473703
64.43761727006117,186.51083272644846
189.10505607345578,91.7988996378313
105.51063805069263,170.70375828412116
167.07404543626672,139.78245081728085
42.75256673049831,163.30884886674374
176.36832428073382,87.35430882250476
157.22074826302784,39.076732009656716
63.79511185185383,63.72241611497903
142.5227779038624,7.6128849560453205
33.898376030894525,184.2655024857057
126.76150631922295,165.46049886203218
27.956395617833543,171.84370424374384
148.95440437554322,143.38230470311103
55.86183888845222,61.1355611135175
29.298127570383382,25.72752941113884
50.402199497997124,104.3220481379146
94.27813781054998,90.6385940953416
40.20296918672427,128.61423824339417
7.170299484214853,137.77736069255573
143.4922505837548,126.7832126472821
142.7453128621772,194.4694898082886
177.0875846544232,153.2406961790422
92.86050103721176,28.721911816475483
52.38812416782604,137.4397902003509
130.74818707193495,147.32995336674935
178.27535376368047,143.62860701352784
131.4760261106768,177.80629559828628
38.09933180002778,84.18319412016531
156.8761153960273,177.31798614807877
73.8795458254777,46.21415245469578
148.54285873309345,157.5128500204773
79.54571676314887,153.54990078170783
11.199334949273142,160.21980851670892
172.5780868353725,194.52554379963652
28.603658545611253,100.75263362229438
103.85018396723638,114.24761553466773
93.45446923952426,195.12522565861232
42.47173365407764,129.39574825693686
182.70201293391946,23.728925824607533
141.46580874587093,29.68011754587346
190.08866027129676,10.57523864231703
93.05351789495968,18.682306155780665
178.1367767111343,52.07298656795573
138.5785993997058,195.77810005512617
149.6957185529904,180.64659914610212
15.397234736310136,99.68543232733985
18.679537462339518,195.23671017099292
8.947922526514782,31.372821997263447
141.6834631708874,37.1579718794087
143.63939939806966,152.21090750901223
126.75506544091408,157.5334074327624
55.70622438129917,123.06472694035732
89.77164080527942,124.99796760015026
115.46247585619275,107.94069464425334
175.289240928861,151.83028465139088
187.91323648160756,76.27505165406822
102.57983726424611,160.32458536883794
138.86592720982352,166.67186609517313
9.635732419416222,82.90494033550372
51.78835458012732,185.1913100859704
145.89756748793826,83.98058472839311
99.59914477355457,192.48971654339206
162.12506225708387,41.44560464325878
48.58534273433014,191.09862785673343
107.95368803515149,60.92367870481683
63.108886912735805,65.8189450597656
80.06620474575337,158.93529246795373
137.50238776242458,129.22935778620095
52.87336175355795,174.19952247145477
26.85655416861867,55.68460308389426
92.06040620841708,83.71172344994973
150.35351065098894,67.12356052678773
172.44008786623922,32.1386449153287
84.13661490072121,166.1177913608905
110.5743777932274,88.32469238029287
97.44594290883444,184.0971110426564
116.96108223529059,186.71559396944338
167.67534949882773,10.467219284794384
182.12605095966995,5.244093015258375
152.50762823621616,22.18218039798386
77.18501169576965,50.454869410147396
193.8142811665177,145.2418456841759
193.10753636657617,70.36344941730981
18.327786687069473,57.3637789539424
62.87294691808932,154.53094704739786
86.5277693807072,170.76571719164681
150.7488676181314,37.721580866893596
164.9023914988646,124.61345438768076
113.42437022773001,29.102859374227542
57.674300103258425,53.28902862565521
110.3955693870865,74.55401833904402
166.00671359384222,54.36383586414855
195.66476837638535,164.3568784920115
44.344215420707485,75.47957374326981
52.91100088460247,85.76706972453594
168.69372754842985,194.00390897883264
177.60359685499196,186.11597810959861
67.91136636551929,5.932610874290478
176.2568171014689,166.8011867612604
90.83372732200604,96.50261261805304
64.27940008465184,61.996416200074236
28.894562436386508,74.38004160958243
84.94803001956761,152.0612434799257
179.04453932115032,35.83155414470114
83.35997597767464,188.6485139706416
185.55461987589516,30.815195273078363
129.93651069380618,187.00475709002868
160.34266802081547,25.44295503534323
11.471271437010932,191.19544872083426
120.87686233979176,189.35001453644009
157.3821854955709,59.60589275657611
43.46350418979095,66.77556652221752
49.88140481759146,183.88641775639414
26.876970745162932,118.45429724120528
16.54463173567435,34.60229559209866
108.10376495739874,157.97262712833736
126.55747929701269,196.56390081149976
102.27770347325448,189.3079536141479
176.23457413651994,165.89905364737487
95.97181941018965,53.91857123128944
78.79300706767592,130.59301198415164
137.0737528721542,133.02636512818046
64.92538213771824,13.76202319159706
71.0715418019357,158.81234073260495
107.57435188496196,89.44797333763057
186.29064128791595,30.50561277056955
168.72012038739408,143.94340775047237
79.15521481358483,112.53497033310973
96.24987742016867,58.82449009347144
130.7770155130721,152.81851146885893
96.68844989060473,164.18192616774124
50.61840753384139,15.655009200744631
89.3273420675237,65.57143052320465
11.27059536759912,157.30073884713875
112.02595851687776,124.74155445096694
41.27691929779066,155.6304725110693
6.024357457808571,185.04254903934526
183.3846020273247,9.803858407890065
136.9652302851806,189.8519481405087
102.60833992283186,87.76044918216307
23.980249641912806,166.58614449329525
89.12037469098324,160.0099909874406
121.39449695975075,163.67087255699644
11.25509341446891,79.44329733611492
78.31279993110346,49.09685517432508
77.81849169741757,73.32894353537604
182.56708158710373,23.89756320080029
187.33807106715167,135.63714891442734
174.31540562513402,128.41305546540545
5.955348493384395,70.49259328040108
130.4324157543199,154.87443730574938
181.17341731487082,163.36835854880746
166.27829601434263,132.42749398352555
156.24554427536745,179.1700877903179
18.102665764601632,121.86076080087888
88.7985358238142,100.53267439639657
59.54000909937683,178.45863691565174
81.81811279190906,192.92223662911374
175.34162746368412,60.47066632808268
71.76107674317693,188.7504984164967
63.23974248134324,183.61118266280445
112.37163860520764,70.3839467936228
60.49690564192265,33.61204941274248
189.33855920729258,86.75765846028438
20.95917655409397,154.05613979067658
150.1884048414322,103.55085850330146
189.40291075400683,171.07567037993138
82.0058796125357,124.75919335638075
112.30191277670241,156.2102430725728
167.87947666560711,10.975896692363328
33.8986038088164,112.41609213518282
128.31182118735123,149.60832463992705
78.70183219325322,125.98583493163676
115.13181284663577,126.14969756621234
14.039575014781013,182.04496868494107
17.995801367452735,107.93129935316357
105.26534887863798,90.50560831161589
114.2676333965545,56.748256799478426
19.648111241402784,97.73022225859565
71.62359812426055,175.3498204287699
81.57020974531167,25.977552972318634
140.98770986026182,36.570342351620326
67.59914828987839,13.343199814996648
145.24345485242472,170.31257266656962
167.56250721269862,156.48881531940287
42.62155282350417,128.46610989346377
5.04968590781116,59.910688280515565
147.24177241728344,88.8974520093831
92.96806895781728,150.01879814265362
103.84015054830475,13.57473799126084
98.93401441403243,29.74285112766677
19.45076882887909,154.85963582679295
94.80892973859956,82.87431602587232
174.5032421165528,40.95329943393974
93.5365038346543,165.9640366259668
60.27065392921152,65.29998911702094
170.34243804184456,10.048473869671943
147.50071929874784,63.97278835816265
50.42949695867168,186.49615500327616
106.77612683721779,58.45900117957285
183.43784330983135,184.3180572912895
69.79144713624369,170.8241153215521
166.68009134779663,171.28093096699718
166.78706749410782,143.554293360459
141.9716208132812,21.46648102370147
165.45494528843267,71.19198784275642
38.99980316916249,92.61680814985114
115.70456151458872,51.15126254073265
167.82433572814688,73.05466901447768
90.63021119435487,20.728226567417366
12.742689866633574,37.921509052224934
162.7804652941659,88.95904149793544
103.13545994903804,168.56983390372199
80.17439599258596,16.786257445841372
147.2890422452514,194.68184641320428
85.51356061804606,96.13456931859153
176.38606501202307,48.15981220692874
95.43355235309706,76.87986454985497
37.96321832333371,101.90099161940113
54.248192669849644,55.82240899954295
50.86628487867666,22.434752947195953
7.659768581466141,154.90979619492663
159.79766579978929,66.96102055750205
52.476638249474746,80.51588946014495
131.49577816508102,144.44020558967722
72.8391383574253,154.9166093185023
90.17638728304051,51.60005803454959
75.2521455614232,129.43174585734403
22.258664955119176,180.53262920026458
33.83605282631478,99.96740463213524
135.55714077112762,195.6682803481422
161.70280712309645,46.964092039062045
155.2733499090723,90.6224683122429
154.74334382011799,96.0577815208452
125.54186760749681,27.454883066587705
130.08641000080132,26.176511486357366
95.08521162204538,120.10644156514059
61.86356679574949,180.09104299420284
13.19608512506195,7.240534660464256
154.03168523068766,44.165034914522586
176.4475793566482,158.3624551276047
31.583781697569318,189.10523876894084
36.44035437724246,96.26300730606488
160.57921445623765,57.742648999541025
52.621529778624954,92.14106208154459
185.60323463165625,60.66468910582863
149.1312918123063,100.48865575814888
72.2486387378399,44.020777279599486
135.72509145980084,21.363619071430794
191.0938891713932,18.3516044219415
97.41845584203307,194.45984209087504
47.29262247011832,102.22253566445539
47.224111948373626,99.42124655885607
27.010731951526846,59.900080478180875
83.61545610180845,177.0961770261755
192.1889062843377,136.4899234071415
85.82604789235366,153.51910998762278
130.21986979392463,173.40928941123974
78.16430123945587,50.20417091160948
86.65804816139324,70.52918932964641
158.14529906350933,43.629341110559956
87.75948801905835,124.98423623651969
99.6179746991764,188.7154096973528
83.64988076949317,180.15285103535876
180.9055413917917,105.81071801760218
153.19576601035033,74.67232812394462
154.74207655903592,25.697376296894678
182.05392915939385,61.57222096937312
22.469428965256025,157.52693977968642
105.2493847025665,25.00846220178887
80.1808624708344,29.792765672537584
66.84396579619693,55.7261808559834
150.09224008300026,51.46304877082121
35.077043640519335,22.42322728062054
13.297123349660804,51.44037842571057
139.5745414924427,9.774418968783653
46.83367213212954,83.74812561238825
196.4134725030135,137.77600824128223
67.88325498400428,14.215947743673889
102.68030706819695,81.66491966632441
23.657859453714778,127.04711179488996
48.06045045533178,194.59144431916914
96.19931958523775,97.96465229748216
47.45134695205698,171.73059256112276
86.53588553209624,181.5628731933275
158.50788807700738,151.95913876655752
23.51481665776485,79.42318620119605
91.38579185183833,79.36699530460729
96.94344659918772,77.34298344798478
105.18298718106,93.54439252560758
149.8821542623265,31.711048607078887
117.56521443357558,193.04195499256076
36.07094387603603,115.75033221857797
109.5271006646896,22.691772366365754
150.86563824939083,103.86726228582503
169.6490322171659,146.8146577968999
46.11416220829114,109.45512045392687
25.85788739990561,154.42000820870672
91.9339893915219,27.52737332800466
171.29308496289013,61.56879894693446
158.8857868904815,8.402233016647164
37.207701155044035,29.750891337226317
19.67452972785954,95.90343030667184
163.84588762742104,137.2512581155468
73.03996925280386,63.249955813609745
183.5421682663588,28.250905285055726
22.08626370762631,119.95987184281881
149.21321213892963,157.84377618958095
177.31636194417672,75.0283263523159
112.58322599489826,25.549449597487097
71.18637797691258,20.685298526838544
11.215887520641534,21.074972142753413
45.3399734587433,69.12486680095896
28.86729206523321,173.03456041404306
161.95429473570013,90.64529135481442
34.791528595109305,127.74574306164035
59.54090176284631,166.8901349489996
81.29691590097674,159.1943208153691
103.05420240803775,93.15462517536241
153.59781722699051,27.252435966007457
71.3771506574461,41.937353234921474
36.6988550644129,75.9969554027211
82.62766147101368,181.8931860480332
49.24867450440094,116.94687878897443
100.09747294680251,167.44139830063372
61.81142300968521,59.34675058506666
155.32205185348397,66.59554909361373
175.83950840007077,38.22436509575152
146.77704365296896,69.7586644372918
118.03132672730676,161.66114981631966
62.703387047464126,58.027127041408235
58.20467141632731,56.2592704574999
191.87708537799395,69.12562280786737
38.05330423252818,135.25043078805015
176.64083685750623,151.36621512362018
93.00948958019325,56.272443327871834
45.79082339233935,64.88839285080545
56.51223700852805,6.551407406517505
176.88427760816825,89.41943726767137
26.425449696644748,14.021148664853829
193.6039709986224,30.052025041028937
84.95225494217242,77.25204041891106
170.64434223757053,47.09273134640979
143.4713826111086,178.26218539894523
112.52226064044144,118.05051574395364
7.889816730357337,114.94344577415983
158.24564653440893,44.0926406855621
130.10039301594867,26.958236789442413
158.69096645962208,181.53829430803728
13.389024252353067,53.53636397912764
68.71817225191603,11.715454500332312
75.04597334292751,150.205747063959
70.39443919759947,189.612106708748
117.58682497132227,15.907910993800106
75.87041962302722,151.2631007067143
38.201166728902855,175.24454135524712
99.27092077902863,28.375239928438923
188.6655680593834,175.10993631934033
16.99834978499825,10.225116040941193
115.52765222884857,73.07426107864204
159.97486533488475,150.25960057856926
175.7708928248293,28.925764357643455
146.39043852059842,150.15959822723386
50.453198897520394,116.27251955264316
81.91186162324797,67.65000968069425
97.70124865639754,157.19358721345296
18.077376830169065,15.108636950795788
182.96488401681273,27.849588967050526
60.325528535056215,59.302567994754334
75.53129762270791,73.65419212591337
176.2548527261052,165.06147110025694
178.27565613851257,90.35249975261172
12.549680473089705,48.688840198235994
30.627970257240598,186.03616877558628
96.56655602350995,11.380972099036365
177.59539375529536,92.43078573054935
135.21441394737693,196.59062165398757
119.63596963256067,190.92777824268094
157.71272367421057,84.08857109012922
193.77264583603016,168.20140686730306
62.60792545624528,17.054648704429937
173.3893728477192,84.6776593700772
55.49481529724693,136.49423708006034
180.91094483510525,9.881296314304935
155.25603374238014,51.211450125951544
186.33758595600972,178.4409111359911
171.26704975256362,17.97690887178499
144.838650334615,127.34337291875715
96.75491687549255,128.08218421044887
171.8779991083461,125.42741737796176
131.85943396909047,6.070855074227924
57.12243589553533,157.85158868947437
12.039165453271874,38.35429162254557
45.481009997686506,167.56224614551004
105.60624851512063,17.355680276358914
176.7709576195453,76.33926639469456
77.6592474529933,71.10654776945898
28.950749378521845,121.29797741102496
53.27763708395164,115.13761734340707
161.23469725652808,87.0621197499229
106.53485794088701,132.14760184857613
108.77873058264603,6.880723208314256
29.780021662724497,122.14623923249036
144.4684804258324,170.13820549500312
40.32516766372142,112.17724714498758
153.09407971495975,103.43183300434497
64.18787712698555,29.009261555536533
49.55709019413537,80.9901235103567
170.9870958198262,138.48300262116734
146.57229448741342,167.07561268789718
170.67166476694055,177.21970186635042
10.087330096274007,77.2414551115047
12.547790524727759,7.044911806831743
6.386615448768365,23.730271761323852
30.31374322899755,32.778636187526544
56.27463287406973,14.10640947195323
72.34039200623235,123.86461823433446
102.94673595755529,65.6879187053855
78.89527237177367,19.39393641520188
24.19478247257646,103.31896270880837
28.292169775172955,196.852031631926
86.27006560227484,104.97093288921049
191.85480424249644,75.74907941751252
47.385401465806964,167.63607102326137
72.00337280173895,76.37021911996759
17.50840665531182,39.998802492481985
128.93496485250847,190.29990213032687
33.49655692771531,16.87220947207952
49.716309950940555,97.25523518396922
149.41953721740364,196.49787521040233
19.570388933080388,168.26619700827044
141.22597561539115,130.7543146491366
153.01093640622375,40.0788484487026
100.46797101888644,116.91220164162868
6.075728863234876,68.27497651167366
27.406699386013194,76.2052633818586
78.28964199098564,29.168437020276905
196.1713214177115,26.744006750972584
169.9185547491035,156.79768995008013
110.22489172228752,185.34171992425863
82.09716586537981,20.901572217742057
11.298671903671188,165.4126115226694
17.02556899577473,125.79729432805308
74.77974878182019,117.49900032833368
132.0660550769768,182.00784131342635
159.26556521669525,94.99202891548163
127.85317762625623,180.2821529096246
190.25856151182913,53.5021857762801
183.7733130221044,180.77835650921136
86.41812886597174,105.54331991182073
99.53280172211784,134.1645396732887
67.51823027757,156.0388545123783
90.73968171284125,153.67433160771847
174.4524322808023,35.37494270375664
138.0423228680647,12.893338180038317
142.2824674642582,182.85722265168965
13.375112364197655,57.72879539086724
81.06248611319849,15.536166836697772
86.93756220611638,60.00114982097946
78.86688686088002,28.903134560483096
111.8607583832681,113.95141194718147
152.7391330920696,43.95640140182633
8.945922240663208,119.97838597390701
191.13153337113596,27.05129957097056
16.84530110589905,19.64386218670108
70.82300623677206,56.75485358312476
67.32644880926588,34.839895690075224
56.88261660906387,138.05306822648538
48.54936951508504,174.34386498718519
33.29804428311918,187.1533537884711
189.4873366298351,185.60993129388174
135.6476396363843,135.65213641590057
8.140492834094307,137.03023843860728
84.38270785703693,88.55865218841677
31.62316055486328,30.024798915249118
179.44665333300628,66.53959217742609
164.1229449228391,100.43637012700117
99.55076576291711,130.45980201800768
104.26746533762383,15.45228056972892
107.10403742018568,106.85163792346593
194.68299729273758,29.28622734681891
169.28405697626323,18.751366029856875
18.925263801856907,105.51984135768294
148.05191151103915,88.82606244017443
46.64532398936413,161.26460219096566
168.50324372825116,52.473793333676646
175.86135363524497,86.27590310943074
164.17241169048734,103.16160053508588
102.6812364151818,17.108156719193097
28.47234607954081,176.97094271258214
103.69013582927633,166.90158601248288
106.06955497008795,133.41220271477297
99.29952116353338,88.47135070751366
146.32290446566498,52.066017597706654
36.068049231718895,63.11837257974382
186.20114527265923,136.0086130784813
152.84297148537817,135.5742572659215
8.145817006886013,60.01623295546797
51.60081589897197,21.461736791452434
87.78858100193624,120.78804951739448
48.84702944757061,159.82688857163498
75.41026083497152,193.1251734763775
54.33718380119743,79.86684043115338
102.73735017465205,67.5839699974254
92.78240322513432,114.14496942842203
145.7887823618167,28.0143161911178
106.00010486885571,58.872120189373625
159.50106285681218,178.5273016077537
54.40826203697752,50.99886754727271
190.83648487643984,6.821679529337894
147.75919821358295,130.35721665089562
101.59590852985997,114.849919959415
142.6002086522816,169.50556968256942
33.24584390612934,68.50354907320758
117.22790366854353,176.77542760345273
54.15045670382944,179.4411779088721
57.72063082404211,18.958914131468585
162.56697239353056,34.33099348409515
43.235233300641084,8.396815790870301
189.42179494560202,130.6297755483554
24.688830003366014,189.37364068515876
165.59163675395249,167.9034699778221
6.767516412482577,9.896898586340317
184.23692080583322,18.23780446700092
173.27917881134118,144.80714489238224
73.21664976446762,91.20487899500299
138.7965862221946,165.65266758102013
29.15375681988121,114.82307136129604
153.09343162066918,133.9293908484233
92.2855824982946,80.2382088603145
156.94198070528242,98.68932450104718
89.23434642680533,70.27053688966282
42.10716166956656,72.05296605941415
108.90210413434373,117.96984151297333
45.122615918925476,28.999469158124338
104.16091196871885,7.036022773579693
133.3482455395425,173.90064022851962
143.56029958896454,128.45900332846028
37.116523109961975,16.695775324469295
114.543204864107,64.48737846196946
59.8264557607821,171.9032608141824
21.171263977689726,18.939616935282096
32.96878287625706,46.90136305349928
182.77023375805828,161.52872822917956
173.2476472487489,66.90275056338871
165.5637981222944,187.24208286246835
63.92558729165553,162.63076878523202
44.410977748871794,43.603417317514854
114.63979835105133,101.91652367311016
174.0685002959513,143.17963943972725
26.041099236413217,125.79644493380786
86.54152593267342,167.10070942717397
19.582920521949656,135.65082406489992
97.20610415899608,58.89202109911229
101.31780486640884,121.3672342926343
77.49933837106089,76.18274626234829
39.91128623396771,133.53261585934794
38.41517627008652,43.2236435975397
110.95702953590093,120.92610941527168
163.03939767908793,107.19238985087873
39.651314950435385,131.95475288744078
182.98243973015502,194.34664404305772
169.82359688965926,149.3103447080422
136.79233823694983,9.054529783449969
6.086122182048661,182.76776354145363
93.09551301102819,124.55738513796807
68.2950787222541,34.243308979878506
45.793972915709276,123.94445243167088
133.82437627628656,18.932629485046803
182.63490984305517,66.06612971494934
57.746933647564106,55.82129387208674
112.50883255876462,193.38646096730756
36.60558433962914,195.98344129126974
64.19330710286685,158.56875443247324
165.81477540251268,73.71664384359939
130.44776696040216,194.3778044162418
175.6569242404439,176.70529719307498
17.08206193687831,138.21823322533257
84.50415822835916,195.88352607019883
172.65000380101458,29.722796644073618
81.23263272073251,8.39417235705264
150.7718481682454,101.39468318733624
100.15087305641246,118.24779960055855
109.69354249542832,88.14815504534621
172.80587339383132,24.009086450141535
189.8455856743844,96.4160320904539
144.15304710353067,166.52145250151472
15.973528904974247,26.34051386431041
99.26378320863513,47.18905654777284
146.61673917939024,134.36733933624657
162.08126571957524,65.9216556484265
55.536665135396504,158.7259483302558
118.47969001208904,153.06742007766388
108.160656241517,83.12374373592137
130.45091722720747,184.42131020858974
156.15043198226275,149.17267623002272
99.58421141725438,94.80844378039598
103.46617534007927,159.25769084587682
98.5744665111386,72.52444163305567
83.55023512886338,61.08212504583339
185.38500728601937,26.135895045888905
115.78859304060911,85.93587390586403
106.92053588415601,61.58137465843275
43.02441916086313,27.274389703518846
168.38392338597086,8.285758572707564
163.97533667380017,81.29015822480335
189.67400037609374,148.161490799457
173.48928358968777,80.52274792665915
190.18449079009602,169.2016256393842
182.8719440251772,83.7962752665759
173.3894684097855,195.2814197768144
55.84826470793669,122.1131538813853
16.159707418269964,67.80322597891706
106.3401644980617,16.219890102008637
72.53184926487711,74.73136093845368
171.40970650227624,187.35518731073068
193.10451544619062,22.86280980820562
61.83405618454931,30.649460705143017
152.67497090019214,177.36945633209007
92.58825408969152,163.82973828535873
90.66589856858639,67.0351639281136
180.0514864582916,42.4610926887756
115.40198034220292,68.86005531528569
159.13937415237967,171.20860421113534
101.96558912786972,113.29020701154579
138.6049272449343,9.40098707398042
51.47751245835057,125.74137633319307
173.71673456480747,43.38579256888352
38.25422596606789,86.16004656695918
55.5310821812595,100.24058058988959
166.31863188905578,143.33329869805104
178.13534029617307,77.99601047755058
23.96876531499284,162.7806534529732
26.532080316551294,115.78738764162559
92.52590786768475,73.66498491039196
72.2781649095879,125.54581409270074
150.89203183662812,137.36038711991623
24.220084988265864,7.761086044113434
103.33990882793118,76.47416126017613
192.0223878815463,169.39035095809726
146.64308451017598,7.110240226670817
23.466887521705225,160.26317691901727
75.3959701531041,111.38084619290298
67.34654667638284,25.3553856381406
23.834007944042806,32.987464308150855
16.930195260553024,175.34989110677924
97.0367451961306,150.94099907916652
90.50284491897553,26.635311540006064
40.71623986256292,82.71075619427927
195.40566692607732,153.71354429092077
193.14112649031603,71.86491923637752
119.31688589872704,180.95996443361378
17.59564384251942,196.76070375823042
24.84467139916472,181.8050324481168
114.81023843089832,19.330588361418837
172.16769073685407,16.967854348503323
34.8867457564474,168.25961980468546
48.48696425712122,32.99518676134704
102.17234097051795,65.58736236859363
49.170644228863615,18.112280598670708
196.86927687235348,14.036859891343177
108.94336461795412,55.79155858455775
47.38089083129162,66.2979023308836
38.941111775958476,13.185226672413332
104.65258185109886,60.159168670392695
10.846785194379487,160.14569193873368
84.88659997034989,122.896998018812
48.64411032963607,8.830100332016206
151.63799138178388,195.89170557360129
39.055310415489956,120.01633200433808
180.6428248590092,37.71241149641573
71.94578083989276,26.502107577516075
172.70208922024133,23.1716677934218
55.796924795625664,186.65569203058897
149.22751865300972,146.70361741443244
28.407915441304514,22.47196994880003
154.31245124132994,181.97237306013295
13.041499358787528,112.77120309073844
55.3172572585339,68.72045231736759
149.525789703107,169.79879023151355
58.03103972561716,164.78308220804587
12.148194225443032,134.06619257097293
127.26913085073038,25.765801568095306
88.52320050461724,150.2805356809889
180.27322700360244,18.27506852627464
164.19201849243365,63.62462226359307
72.88472534449512,196.62532657457038
44.635455950069385,109.24564720309804
155.72247985778804,161.98152748022537
55.653319138024024,51.42076622590278
86.09764528182167,119.20913900719547
41.52773244677472,8.796169609645348
29.758795918706387,175.38891531370714
8.958830690379873,128.97567541354368
180.74970758085985,50.95257836519843
118.29717310209097,192.48270230308552
82.29440586029114,155.5351322733239
70.04083997279619,10.136976373620094
11.631771712508879,167.1706077229585
153.6180707525097,35.67199782171738
147.69938583348312,125.52361238445684
100.62890393145705,97.56752550101602
18.52401297371902,173.2653105099671
168.3424502484086,43.21344085278786
87.53292660236923,176.65495188032372
82.37916084631857,88.8662821889299
106.0099687039486,28.06482057847897
24.770572185924937,107.31678112039084
17.36775425338911,63.601343558740496
5.958903661641305,24.62446568776935
39.45596748336174,175.53459758899226
91.18786954137123,58.20431893492703
107.82004835344335,22.509097444860817
188.49460576414415,79.32558381711996
101.3994569928764,127.44750662367792
8.795511764752169,187.03118087810708
186.25859521586978,173.81559712877407
29.56030473151424,188.67056955787805
19.237244565831332,182.2303306839724
40.392802601960646,25.399965540371802
196.13143157174764,34.25496852472671
34.97341986606721,87.98266523460298
53.06710713336117,85.6664713897687
51.605500227301135,81.27002390566138
22.638476263904355,58.00052470532855
109.81783817071211,8.92743362578496
96.90370791802283,26.8545476123585
188.33741388825854,77.74156029644492
102.30333512562909,187.12863989781818
111.58341146868783,184.6183200468648
145.66061580570872,101.79470331712241
12.726620797527131,112.96638559471597
179.97538169653987,24.859849759407332
83.25261259428082,60.69316002690137
106.11043055525955,180.75087153275334
24.125031998843088,119.32821618326892
181.82068629380942,56.521388733135154
99.93176348173745,76.97563449593936
35.000773287364616,100.06524926921456
92.892319859148,47.04903111122076
45.02672948544341,70.00014252271144
10.0,25.0
180.0,180.0