166.1645063181098,59.16063082548441
130.0711600896078,159.86181181280324
61.055121044650726,59.93181086152288
71.7841808525431,125.2723885713555
105.00857743326286,79.8420612323554
180.74177748721198,142.81329334721704
50.29494463452155,95.41732138276154
154.38264056960236,80.90625958780016
172.6777492983626,82.53084640075664
129.09348547608397,28.77301815693254
155.7500378102617,126.9443372895871
61.37352366056901,14.056115920746848
59.480115114807035,176.41823655815983
24.301519256809456,69.46518088705479
130.37011975969395,111.84835004545914
189.76446590794765,85.49073688280063
65.6156670446684,46.96146454942313
163.4107218757619,30.61491343400956
153.9606577852896,123.70168443483969
180.4176343582479,193.6515745442048
40.87304418866945,134.1961135552026
154.87893495304536,41.6276710716809
183.01389092317706,179.32268787097505
188.39568997831265,180.43617967585834
143.64615653070152,50.35249614870338
75.13775434740612,10.336937703609891
28.1903922609093,8.217643718017207
183.1811354288986,63.45876879428069
44.43532744179496,84.48434272106309
133.30583415667374,49.10254454505673
29.822961818610498,49.38634476682587
65.07240461129808,120.32469279402
43.3123431293975,129.45641950848054
34.17593278071121,40.030825745384554
23.032586779458708,24.754325579860183
73.95524099277871,79.02947715660996
51.49095239859993,59.84290854342136
176.53241177504054,81.13197916431949
17.89961596038992,112.91462798153601
72.13500003081573,174.48648957828098
176.3173585903381,33.82823090521299
179.15924965942654,30.017444408846544
43.61939944197868,5.4247556625745705
35.25878819577637,119.25527522494382
186.48688229251982,187.48078257668678
174.26195832986397,82.20172774712987
129.44152837564073,77.38829668480194
27.584497856509646,41.680417086134376
173.12095915152133,30.21113357912644
147.58605282703442,67.29636579223124
153.57920612506535,166.53533582720246
49.457680353785264,188.27782987315132
155.10652911685096,139.21586947676957
182.47028163710257,183.48941372592918
145.17173739057256,116.41098050419063
136.55475834318585,178.71873994390592
178.955213413721,116.61732382612907
41.76745657011964,157.57449870847287
71.73625119452505,50.47151243960542
186.72305349972982,181.19293713307385
153.80037206109367,71.41557562068049
185.06845648751033,166.20559821295544
178.0129121126155,49.20796310713646
182.64988823038752,50.889344867055584
166.23012367842767,84.39218260552431
11.99565379740358,139.22393691049368
134.69360419330715,43.884293001304435
72.42831849156468,33.966240601831196
28.000355674659744,107.3997278813981
56.10336897723852,167.62641817578572
42.28032299191094,192.42590319851828
134.30195158557754,57.298935626604596
147.1872501811378,12.401352006683775
41.54259222987394,44.15815778131314
170.2176127279313,61.451318192875746
184.79436568616833,187.66780435492234
59.243212506534036,181.2984634273342
156.7963574139544,40.14141297018268
193.41007403310584,97.65646441005066
36.96502993604179,71.70919091527634
42.86255005960181,70.94288849317222
164.5845442638051,173.5977469381526
129.51896677051795,153.85731152602358
12.592980081284406,7.091072442322775
72.31229975826759,114.86165364727107
141.54218231344097,110.14629754153304
195.94067926825238,12.960951776433678
138.24049094009115,187.2320336609983
65.99936490333911,17.983895869861392
21.567171601748267,66.33368365042914
189.12703031710072,170.93440235484726
136.55842192023871,38.98186514837173
167.89829007339145,73.06611390036068
64.14052395761738,192.84610483254858
94.51633834740997,85.57489098782739
187.63361105243504,54.22446484226668
162.84787800704927,11.61155785379361
32.70106285684627,164.72166216182725
32.38806735949584,179.07451781419502
72.18148813699489,149.60040461649294
35.95917090410241,165.91546089661156
158.5795840261368,68.43888906976535
150.63399140214355,125.13401162216769
183.7562508268024,94.64509492641018
189.85595405101296,93.27725852418203
177.1703684074336,148.65223740587354
28.811888343862844,76.91082772036596
134.00814878125777,160.71847777691377
141.08630302391973,39.73254723677568
62.01851342861799,137.4437973545215
15.819017556431815,176.57901396689604
32.027818465814086,185.61407185731895
61.500367760017184,89.67886059680005
20.574550130445235,45.50136030070534
181.22610858758046,129.24413847424393
170.17700629827357,110.33580283633032
196.64893409485484,27.703047945865986
62.12016666122645,185.8708314278949
167.81751347986147,64.36435708312678
176.9232465624988,24.85575147999852
161.63950119828044,135.82087475267053
52.97926100600938,134.16158018870976
49.21253125738343,99.61543476923353
62.17624223506054,7.050177690873978
179.72796027653067,60.39169051248661
29.240888445887578,54.4185158075473
24.498233985777514,50.704895788937925
159.99696288489034,52.144344297548585
120.40486196517232,78.7788464630756
192.66382509851726,113.13204055274514
146.72703807095667,108.00658595314154
74.36829230188276,136.17966449253927
180.73462049632082,115.09606185754853
15.359654875143779,27.60080833709471
158.71790130622972,59.24126551667043
54.922646198458516,54.155745628571964
60.603608989341794,172.495321319085
43.67977244016912,42.06634423345501
179.76514716612218,50.49084714950169
52.60271643075563,5.818731182668189
24.493475455113273,164.4779531394581
175.68249985291945,144.82594438833377
190.55585429039078,150.69679135422578
140.3906185310486,67.44004627868514
65.6043924403509,69.38294195972625
181.10358288572692,152.78242986166
152.92744916757843,182.26061210763558
143.99006144768558,73.94877147556416
158.841902264844,155.54565136157424
196.5284420959985,65.97751452404738
127.46891940786442,51.025589694061956
74.30252809724917,42.97388344347223
193.68930928541235,52.62418439368835
36.0982056909056,16.663990724757024
152.49035648980848,181.1891369393915
57.6597093614741,149.52805031477214
136.48503842587476,126.3664131718416
169.42355619466736,63.67029305892303
28.91835663639956,138.18668856292547
147.66475134007382,97.90363527230797
178.2398254530707,189.84276236953295
185.508966229049,144.7239220396675
160.26568314505445,32.17104630845532
166.7269590637892,160.59554850687132
8.19248960124376,82.95637951261473
147.4437515474005,77.21880951304922
174.0336259256989,183.43934866077873
64.03799021094115,70.99920873629395
29.71491895340646,181.91236968936428
162.42667915680542,146.3822460784731
7.99299921041884,166.79653066983596
164.42478912983114,150.2216753736258
54.59523732726904,31.65366596377804
29.900313037337124,12.241863959341039
167.7004940065444,158.05543826305868
134.9627751409324,189.23833826230322
15.570142687907008,182.54295185910038
62.192018166172545,100.95887724618967
47.3625787162092,27.322725884263768
130.4729672654558,156.51806497653956
175.4300251094333,67.52635401329127
155.09686384225938,186.0284178467047
137.1449657366884,34.30891671209033
130.86898922464664,74.50662973422807
134.51619675906312,86.75380281535192
63.26527839072307,127.68131239553038
148.15802084190517,191.34114508779982
167.0184614616112,53.70154955893268
194.1143674526912,101.86979998895053
50.15647540825548,138.1064671347266
63.59983697471647,165.31887777573627
136.5913925305061,113.138943739632
134.69558793514832,140.3472401780353
56.930160540902435,191.46053841803825
30.43750753957066,163.79037160593026
126.17072177314755,161.02384626505645
170.15382991133322,140.36261999410928
6.942551447892845,7.845627840116119
167.2018664925746,40.64989405459507
150.7403709779066,25.465983876189682
53.72348130903247,157.27668167883115
110.42179561137158,80.97166285737539
27.817401082569305,88.28725790429007
129.9257733957117,117.66400502184231
20.46042347994991,25.702685578353538
19.77059720031028,102.69117890184266
144.6421945539568,120.64614937236142
154.44698463684708,63.63526721135574
150.41767725800312,163.17014772726182
184.74575636773443,127.57136646170851
184.71830979936524,90.0469487211463
159.799885313747,190.76050447777357
155.71696251397233,7.526329571747193
182.9911646355131,149.54506659372024
178.43385488775363,117.48526235304911
11.348521853831757,28.039553524095165
170.30684647323986,165.47397011347198
55.51746111793632,85.65238041901637
127.1897396664725,70.2697502430213
29.854492727097494,150.0512029157575
50.18168026355386,38.74630092201423
130.7016572462655,24.99372595061773
128.08309933396214,48.530705480202855
43.84601369360252,122.92479955010621
156.96228231412346,67.5294558357235
159.0089377878885,177.05443327064017
138.48418972612416,90.0500376578319
129.8884068686181,186.87576020655337
196.60922273341166,141.51464875511044
143.46326169394078,13.48815503137959
73.56657666602693,52.66799544463544
139.78394777690133,123.97308334395191
138.30670440411103,134.85428533231743
37.06845940583038,43.79791566571993
153.52493562577496,120.16748626879553
14.174532195626046,28.60942453665007
151.19039201936232,145.37683955232117
131.41525692640394,56.420783541082166
53.847888679673204,55.79204734639556
191.7514652397159,80.8249163322091
29.263241403457208,190.29965155928676
20.37920528689476,45.1966240005198
33.53280580088742,107.21483878373458
92.78095237140913,80.96380525013359
31.49132096806434,128.6820635928188
50.557127867528145,107.70018193717324
21.906952863115485,148.92688979686213
174.02804744534555,159.42571379072047
58.89090060901823,119.82241487132974
151.49414878902158,29.486706721108504
59.311017668548274,146.05662379330892
128.0750088427541,15.16744184222975
35.51892518019006,98.03395871983197
137.7022599703001,130.85416333143598
130.0906670395203,117.83345815391264
166.86046080009058,16.740617797870776
49.266291020850815,81.07623571625182
26.74356083680263,153.7646118361159
53.48528773230827,70.1304193487846
172.91773985314646,162.1052915442472
133.51278649572427,181.9057443742678
196.0579654785916,13.151913923309586
137.441268376956,31.289212815861337
189.7789054973132,127.62067532740096
136.6309796392619,131.12559605093418
13.07564769100697,185.68490343246717
16.199163079893818,143.12929552747764
40.25527480733943,161.59599817294543
73.77725727641749,82.25250312018636
9.251693254622033,50.29431995042562
38.27672529492079,142.60141341038727
61.97317705331933,101.4230263155081
139.8413518778568,102.80623635987459
46.6517506374639,128.18354892432114
55.51754802042754,34.36222605824107
23.419737863549607,63.93574849363367
100.115322652883,84.82992183447504
141.4274948376243,23.33386141455436
153.72370768040474,16.127063375468897
15.321393707029216,77.83982980413062
25.128975892963343,128.70659477433261
54.336401900684905,137.40004512293885
13.588779627337678,42.63336926536877
45.008197084507884,57.221607339216995
50.940722736245604,45.087079615182944
150.976574175692,163.54090149657625
74.08609455920822,46.42301597173431
177.12709447305596,149.40517752858162
130.87597623148343,128.09272276978288
137.40799681027488,54.322882533561824
71.61452877319819,85.98237096001468
71.62188061058026,31.005684936351408
10.318026835685231,123.05659799671292
29.735295655097413,196.6381567086468
129.67126644402538,36.132932511088605
190.9299820559806,140.09165825316433
70.72830788899125,160.5630060707018
143.09456379778896,66.16850757480803
175.5886757879673,175.2890814015364
141.86700528557546,139.9368770988586
149.492172561862,8.41664358322031
35.257592893424516,92.15746511708764
171.41623066083696,93.03400043724513
165.9116958792438,102.62596609843868
69.14615746918444,120.77068641146
175.48768499095854,178.59556320714248
58.560473240360096,167.2824978206993
190.97957909211502,183.12901860392756
159.96440226239895,57.02820212075313
17.12198270915779,68.79464024772356
154.02700162006624,33.764685075251705
41.85257810140986,45.100854409399375
5.775156900319599,94.98666776542478
127.80330577570123,98.82121818231934
174.65842536107624,123.86296109810498
195.51045389012359,141.42671245614167
40.73861144639592,92.77165241914867
58.00566144520739,151.97940326195382
182.96046431542499,89.47827612208125
45.57250188719587,22.342414086570038
192.29252146474494,106.79599794312003
10.747342843092934,46.769865464104505
189.5515212269443,147.2493548446331
34.60632543154225,189.8658082176313
187.49966919253092,174.27072768792834
7.8853476712506305,193.7111539307491
192.20569421607468,118.61569939871046
142.72596296345893,145.1387324453143
71.76985782039017,143.0238638905561
143.08961726668358,174.1127837222979
193.9236752990669,196.24503996330068
156.43299194064264,161.19763691440102
132.6219599173085,195.18803885676485
5.296123548997611,138.99695849128062
177.45488937422576,12.22049108909878
57.9128385390837,85.82468469931665
146.02099422745226,106.19178993090404
137.31249829672086,100.03838743836069
152.45248385695683,187.91576746237007
185.70915191011824,50.08514266872234
145.77235934527923,75.41558601232414
29.140056715404462,195.48335268904373
174.18066450047831,160.98582244934906
182.57976813474062,180.59454440198715
36.92278370744214,172.54469909698156
188.00296671548892,194.9287899491302
133.86152014544626,171.49787595973322
155.5307478861509,169.79257615037523
65.60611506859792,12.740139140972651
13.386396588767134,67.90942097444378
88.85874318694168,78.71554069391746
136.71179633434215,195.49705205200257
181.42128615851777,91.30436399960554
193.17704831335425,117.08258404623068
186.15541384403974,188.92621707956684
18.144442078746884,25.25700470145484
26.693086533475604,21.756555900394666
19.246891632284793,111.37926334401699
159.30079519740664,136.99724568664638
11.299784178076086,129.15708199814418
67.50184894900397,149.7940732489376
154.06839268524303,196.6098380188659
144.08719852425273,61.917308848440555
185.93125605851475,10.41927956075369
171.57976604315672,127.31504582388528
29.668088562183616,34.973201253052956
69.18789285116898,186.6632217196435
30.41282388908333,63.966914521830766
8.544042191302907,78.2066861164608
190.85775968305302,133.4473372098229
17.710655248313973,135.8347173549854
25.618987476031158,112.4952220922743
74.79290677626545,64.52005941349944
61.191462152614065,84.78597284147415
105.80524326814418,80.75703461051316
44.911378961575814,61.79170109002955
68.56494927414623,30.98153082998943
195.11743658924527,181.07139967713326
31.251543553206705,181.6394388534606
26.256767177874394,112.62343508257862
75.71193512360944,191.36027246397833
74.02438815309296,193.1139134531508
195.7785818762741,82.04813519684508
171.10436204648823,111.1528791195432
65.35343923913621,194.74963407581316
156.16893985005999,137.02082247806553
23.434393945079094,189.3080328234349
172.59813179471,48.988454592587935
22.355599601368763,36.38206738604486
171.63325857218447,124.4374003341422
170.32856075239846,67.94184687920097
154.59660859174687,76.98529218578493
69.22754140283114,158.813651706157
67.13761253832035,27.55150342886175
139.42289768819313,58.72750241420308
139.66597583494212,73.57007799723984
151.9941033524959,128.4112055535861
74.3227555868047,31.615062960203776
22.252670669581057,156.58229132403997
187.97214836378564,16.52342929562984
58.64023974560587,126.9728037853208
6.2559702363256635,33.79304585007653
142.9509632930016,152.31398639607676
71.27762512677938,71.56963978607895
61.777348771948816,108.83476355903753
170.4709730632384,192.88393333257014
194.375955323835,192.46897570250218
137.23307943746602,127.5213215140012
187.23140409248612,97.69649470016896
63.758990566672125,158.80329556225473
53.86930091226406,75.72102785558307
60.41779534989625,136.83529358081412
173.12340844791942,74.54520586580644
182.3299463482318,192.3883512369264
180.6662552228559,65.46167562531443
15.240335841449989,76.25871139979323
37.97076318294159,109.84486717683514
18.655380332000824,112.60376518045616
14.468965390345348,5.153975189550575
16.33992596517501,125.15451365217383
48.82192370285215,13.20625778022083
37.82370969770469,179.58254362256244
70.98324839892437,13.748175002651138
67.71208895637659,119.22074581434227
147.60426186923988,80.92349226231292
17.345612159943258,74.59410599391383
193.5912711514965,196.5098110205472
152.8389319784606,110.4911638250686
196.68202834586594,120.39080143590728
187.9836934424201,70.16364454750008
13.105425256557801,34.80840065021025
147.24122973917417,27.84693234421838
154.89622397089832,107.87371980841752
11.47185430084944,84.05400332979981
36.81839940222001,29.751178471014704
130.6189669381707,97.7405700735963
172.86431126142807,155.94281016221285
51.27051277145816,56.527675853298724
150.76436969279118,89.09635200222664
39.722595943168805,159.9573286675089
185.84615473158402,26.667361977729865
166.02689299222794,118.16791012689276
164.83587795699503,57.90615906924148
126.94376035329438,181.1536562032159
148.26446649724758,161.66161349829895
188.42060600520415,195.9593242289621
155.59176278000066,50.223708770739364
174.98925164662566,172.14815296505162
61.922840226084766,99.26153872848722
137.22995679792658,32.139343483416276
57.15210251536525,37.60879240589771
11.571569638588333,140.3440856632018
16.136905527068745,156.4603297648352
67.86033005194324,87.08649279757974
192.4496810485574,40.83017202180903
165.2432113047847,170.90991932400811
176.73730821734696,9.256958481241679
138.36929369998276,52.724285383587514
26.529265644699038,168.8699282201639
172.19033788581248,143.34772011063586
24.50426979121398,185.50986574818756
97.51886633695376,79.68974336024172
45.236315153549725,66.38929629995754
43.769540474540165,110.91405744145462
161.44473243155713,14.457904856963504
71.9198962003061,32.062251445039145
54.8783637581284,160.21751471167622
194.39533096714945,10.088020534011596
52.2212062580133,10.079984394412042
19.23672131062301,46.39160844417107
159.98007866354138,192.37669917271873
167.02100862021842,84.46682265200306
40.432572991780034,136.57392801101284
175.6826839737859,128.99882756576335
187.57300411460616,110.82852803957901
175.0489099551472,155.22839821330547
45.968762479586836,93.13614969953927
137.52495195559746,196.860379034888
178.16953639239256,119.99736041631748
35.07318496961594,195.08473325689872
184.92920914108404,127.426572649309
151.3932998513579,166.90912981205062
12.62046007155513,72.73934537341154
10.322075938646377,35.83367821245865
168.20892702938758,77.11257037359306
52.77876223143752,68.94733329476861
151.8989491037854,94.5598999940715
26.43846725246502,85.58252150110634
179.60393022160565,93.30564696600547
23.855937332216854,91.02306862431024
134.46211981407674,27.83522424723006
39.34662167583445,141.48284418289413
185.1721672579702,170.4388769330924
6.719495510559418,140.0198288608393
160.7304309882263,147.1259889587057
144.2262216077655,106.47582590591772
5.139512598914432,130.69135833400608
129.30629398544107,151.46884346527065
193.81215490638937,168.92609863435405
53.81903262698649,153.0370537445056
18.52344005876976,132.96970579466856
30.02200835291976,165.90538422679649
44.21835111991818,53.60406758080303
60.322189443631316,189.90082177187256
71.86374566371546,179.1434705885666
152.01206069644823,37.9333786988055
148.5302403192051,79.80815801078579
178.00746590065512,105.46871863354538
38.03215973202648,55.39090928542874
65.62908275131805,111.26775214841675
194.49277727512415,51.06301145759133
170.5091976725671,174.94390209403184
17.120408697204407,125.33302231125217
138.58239841777245,184.60060369176153
196.8879542970656,167.26983246866868
56.42836838046529,50.629419709947264
5.183548041545214,151.52038618121944
196.50437427040086,123.59403571060007
128.93934263302452,38.76875731440128
142.05130445542045,6.114935255453515
12.068377712411275,136.78299633678918
52.51582649452076,110.39255675772662
161.14956644325795,130.27937696660106
169.03665161836992,74.50296141806365
163.56061600135672,36.49048010546294
154.4818085688519,42.834722759681945
162.1446663609528,69.30934531389329
17.408185879542017,166.45305082033158
157.15512607798314,141.06667622919943
45.90473450100518,172.22645135195054
183.5304185016285,183.80937609685427
172.77681246895744,104.32475347151032
154.8855275092738,58.41947869422033
136.4948974012109,55.67441292544142
9.510867340232588,137.40407543012458
152.308664934422,28.202724452076833
186.76909588389944,158.52019196762396
66.98719663077753,176.05864201620383
71.83032676706839,178.04573217728833
52.50871554325286,113.98403141595496
176.2736104072985,90.75659119085232
73.17076274321627,176.73151971325166
173.6481557522229,178.26816836360368
140.0949258043738,165.5890787840331
42.394031900119465,130.4995520549324
138.0912044059092,14.854016003507965
185.3837768308747,43.42882190670498
192.20024989582816,190.9934931975702
177.72320383995495,116.00854997487497
149.65873920601922,127.33900965297597
187.46595707596308,22.370397303834192
61.058989605228945,76.96604210133438
93.26951303864763,86.01649375989231
64.21493336072226,191.1701023561003
154.6256756144582,119.94838743570403
163.73505387910197,74.47534227753903
34.36818655430188,131.49825926185926
17.600985828266495,157.89503115232677
89.25211370186965,85.90844278376075
8.305109884356954,194.7846938421297
140.20148285806025,129.89186336256867
21.608815876744295,47.57186574257074
173.83773335012046,140.79346733366032
41.341162069771485,149.41440770784106
196.8160017016706,14.566717175254139
154.14722101213948,98.3040039130942
69.6187921627408,126.35799831570672
56.25123230914676,139.82173818714455
177.90380431064798,44.01201918521103
181.45073029457004,183.68747538410406
39.628703602770166,105.18954142759267
138.5778205330246,120.11461953538682
52.402368517105444,93.26603315528307
147.41417349811726,123.11225349397964
177.72787233062667,68.89333321962542
130.49522091101116,84.43788669142754
14.224754599382905,91.54334184619144
148.6415239611365,74.20545530933818
8.42796079051908,97.334929853398
64.73319494537068,133.40641020163466
176.17549326413322,122.68591631346567
194.76495353083715,140.11946167833602
112.96792067245819,86.79018791823046
126.47732683594195,34.300273652753816
152.3660434081702,67.51998124419238
19.354673380540923,145.5704941197715
167.05922692894924,64.35086631615113
67.10282642597883,6.25405499439655
5.569859350532317,33.74773902839969
173.4230799729969,21.663880433408252
144.42091523445032,59.14324760881878
69.9853439592348,144.3787040557076
161.89956325424276,196.48199161110605
173.0569371283515,131.0193499674381
34.15447691254994,169.66445910105585
140.90935219452885,189.04412336389723
161.2636283968682,144.7887700315907
142.79589406372514,28.4962186466302
185.88960424692684,105.30084491549535
15.594945075917616,39.81226441306445
59.17533651352759,153.72423095253544
161.08662775053747,78.67440841439024
129.0814490911419,78.06694593916093
170.11884250738981,60.03885958739379
68.5648575798409,186.35559360352937
61.313602836771544,34.02667790016101
12.360701189253437,109.48125228176782
11.322566617368988,13.81080347309924
45.07349305220272,8.522155315612302
8.944861800388072,146.14440937851066
70.29101686311296,82.10055163027043
183.6159211197579,152.6673695858523
137.12638833226237,112.31029851706487
45.49435381005482,71.00400902915638
186.25052286967767,46.7886407608216
71.35196753162502,143.50932467466032
134.0135953603781,105.386226272718
58.18681851804014,33.09774773624964
45.514028423869554,54.8135650245482
189.83224943460652,70.85519009906676
49.48997444101943,44.300874494435845
188.68168766148628,97.30624680289465
182.19708462602327,186.36995058852852
148.87540755138426,28.937342886209724
173.59642046284276,161.8000623589036
31.82422731538875,51.74731645264306
52.66226393425794,157.3441646359095
67.20092276849851,60.353577718145985
37.14728913126876,147.44935063891307
191.498110510205,9.74441838170868
149.7777049799539,94.40906554409815
141.16755552661434,65.68835446638064
194.70059428659624,72.52690305315137
181.87234518561485,155.81089894269982
179.62803299284022,42.78600222499977
68.8519296921463,87.7598580934197
57.347464575332836,168.03941574289786
128.76924761969522,177.2498244824083
172.15283715067346,130.18151337407585
176.27746800569955,84.59862693755576
57.5792142733676,148.0955800121342
23.091766847261834,101.91135015022574
194.21899047779365,150.2211591573637
20.27474252102647,51.44989775004662
49.63045050002799,133.29620868089336
196.04215206175314,112.9022532843876
11.59618052264817,161.2062724574867
142.59734923133476,191.79060167972807
69.21435043665788,13.413971738093506
34.88848673578871,166.6911628192904
28.87428845788056,87.66594689639176
162.53547257839233,58.51189132594436
128.42431718164877,80.87517993928948
40.318683243752176,106.3882197644594
6.894017442407886,139.96343016702087
180.71266949455276,83.21207372337706
70.94777798581546,196.11165989995766
47.986888379224894,9.359769845630339
53.477943783957784,70.46175215614616
184.36297234681481,170.20380280787865
11.642107037018315,23.924658385347463
51.01107958988968,120.47869512978558
137.40245471352017,81.60597599767063
188.4218820280951,94.68090457772462
61.53307411693234,19.633923659232934
59.21224540243257,183.47174455421228
166.20075872410703,140.4528885571624
175.02797266387577,109.89248168552157
51.95050708181735,99.64669464650359
34.259678790108886,140.3061451859725
25.831035175859757,193.09435308205238
57.6646225734103,145.0519474536382
183.47225900414486,22.83240063478397
9.743385757293076,184.47066064204157
89.99079099990543,84.39541234386219
53.15651689783721,108.0648216745287
17.811806522588093,185.60750316834884
128.62422715520486,47.18737170682631
136.3159064160736,109.9610150213216
161.19450174916787,104.95159232562953
66.2753493172194,92.81672974396302
191.74200879010988,137.054454346964
180.0245083063052,89.41444629601854
31.162340546568874,75.92876349274123
176.41065030786024,122.93081542327339
45.7031874821589,86.5664374719126
192.74980370004653,187.32830669553897
168.36152183617747,50.887722131678906
66.07135468486258,173.78111581291452
139.65055476399084,148.08129761963832
60.792669361546814,55.34724679611265
16.727544149475836,189.7268425702012
186.94234720149623,167.69803306453858
29.747449882564826,161.51729143697514
133.6991862776029,194.6096948654539
135.6742817245505,175.99897427744617
69.87640172270864,14.449330859069038
9.679656842936943,41.502412872352664
126.70231369041639,10.494406919453748
169.38631338858735,126.19879178761582
161.61926594182137,69.7050503423762
149.9091135792944,31.593810837567062
182.09239194938002,80.058534942852
146.2734808338661,157.7099669058668
38.97151887277053,180.06107085213236
42.494845785314155,127.21746530428273
52.099194415827355,175.03274330567695
128.38126375922627,7.9964665220143125
65.39488486082188,17.427864961316835
59.4596157555982,67.90529603676903
11.675333416187229,47.75344277473036
188.01739409587523,195.09110333278647
24.302365238129813,140.8521191658912
131.4944295265546,125.96141074413532
128.52677069372385,11.282051074839448
162.51381106920567,63.769639131978195
6.537549207804238,75.0741511709384
162.79989582083383,62.21514017521385
175.21605905968244,42.06888680471839
8.20603727163632,96.70453773869396
42.37790757574711,104.39500780031332
127.42898154370599,39.696543099312024
129.92414308183083,152.2034908534805
132.61671184765075,86.58238143015464
133.52381671129004,163.83877064937508
130.93383636530604,98.02407981892462
189.98378319051804,195.21230219562096
144.79130473287012,87.44109314899107
155.11343396046476,192.39011654678833
129.3101066433618,105.29582053031385
186.05934104713103,66.87897981652635
153.18403340869284,32.548085554258066
131.27699858067567,185.5999378733423
174.40014074583556,191.2601207573664
14.061095760235123,67.99052978201192
158.08791658586335,87.62761980973941
10.718563366688787,191.07984390710595
192.65048449755045,140.44549616983585
179.0050344780856,149.53147876207387
24.853203217315087,144.12386255838197
180.83680540165935,136.70671916193473
149.53087273056843,51.85553297784743
134.8820187688494,155.44989492399597
39.69632244965287,65.02135482089858
138.4208388511206,72.83337372571374
165.77274439477267,22.209544306603718
74.22994555807274,87.99871533152866
69.46884605693616,78.83657027677899
62.00781776751278,73.46477450846189
31.098538625279485,50.877026884203744
49.89010323276846,74.22517329153763
189.3938811390704,152.09341749563973
194.90401980167087,99.9445026994813
61.17527506059706,19.25947113630456
28.60955624927862,53.34941220043822
74.19062492139776,157.62649986173903
25.568233743708735,134.41143041146913
42.618250802761025,105.71418646047957
52.50241226031416,7.639680904773506
147.20144778699088,70.03903584568702
19.653659202220897,32.669868777536095
190.26934037566122,187.94918921416323
29.700058558075767,173.49912272237913
160.1032385809051,158.7531933129739
175.88900831182318,185.88521099240623
5.809825249874714,170.87565869113018
189.19239020448498,73.52825620872328
190.46576585593579,166.83923561189204
15.22751305803425,168.3400216245342
150.42850889271688,81.89661891630703
9.395743311375309,180.54263875094426
133.74956625666366,78.53470776624343
73.27490335369406,145.49526126020996
129.80811998964975,64.89855687500817
70.87031748215128,80.16606576780447
23.776210712169135,134.41049728000993
29.57919439442839,191.38446424232663
176.8778520820953,104.9915727366838
137.98791350996527,70.98680875808968
61.143910886897125,28.16899795799339
135.69613750594485,18.87447242446506
55.48929767588316,106.97343062955878
14.569151062324192,101.92552762526324
11.193387551668565,141.58836089405895
130.90219192312168,132.93523795822566
136.1096241701203,69.0464945704131
128.79646755400285,173.80636278953173
157.16374523591676,45.83535457030026
45.62671774711357,127.66957419127796
59.927701778032095,158.04761519408902
36.01529115825702,128.40934396294088
20.89645150122365,176.5051839213958
31.3672458537906,54.88731282779047
139.28754093042107,88.39939274743412
5.743844272559436,158.96448224583952
168.78587859885118,73.76351381239597
63.07235157731958,189.8571207604163
43.77392618727292,165.6893448317455
196.06091094017603,48.130900536009875
160.73330331259393,125.28337883493951
157.40495434167386,168.90501219665305
171.54733019103915,129.31863259498584
146.6554876806426,187.32544861929333
187.36262424113664,170.3148198737681
15.145378348196159,163.7700067640313
25.846907361858797,125.06621562024927
132.0119495019722,151.7268762486336
178.8053332848405,147.01043852804244
137.27025674502184,180.81461200033905
11.369951869741854,90.3062353688397
170.5330541985708,98.6598873612638
37.36173475855794,159.8170510563238
64.86657905848537,126.45421585161381
62.886377261929304,92.84426859579926
126.48351991706284,70.13270387416026
53.41324202327066,52.43166546309559
14.647978437187104,47.9114675111072
132.03630553342703,194.2706494624927
16.725184599497712,188.86785420764411
28.97372396315885,15.497113137175708
29.46294627423684,154.95619966306703
17.059662453265886,58.71423587597992
144.7910815812008,157.4750337086295
43.3921271790782,150.3459901983627
44.442512180119856,126.65623905221894
12.163972097802022,73.7837558542759
75.17657123734448,127.64559716887342
48.98180688316697,184.13233653191136
37.964981192732466,28.308744176663485
49.1147067204163,33.024536686321845
185.36965162138543,58.65640087654659
11.858357224238947,189.05900212575622
36.747026014428755,84.04777667524601
50.153944845352534,195.2330701218751
56.164315268326526,46.141462015649715
50.192806830974845,20.65389868457536
140.0890983594809,98.10405741096984
138.82778796176044,161.1985540931817
17.979575375634496,151.62984656777516
194.49605331821994,76.88487682914574
43.288630103180466,81.57866790066863
24.949448064700217,15.133396116676902
144.03075363491487,87.01251730771398
17.115908624686288,112.45937532765394
129.14477158398,173.44758972408047
28.64286598054049,183.16542430962093
154.89838614909968,164.57957994237287
130.741943379318,153.61259780175672
8.6968288405699,168.92225771686904
29.15541907499063,163.16866205910097
26.61638951070246,119.3282854695728
15.431842491107433,176.6364588984792
63.96146401149929,62.1843706217093
160.6129518127464,153.05141429090216
36.12218935574151,141.97547455914605
188.45338123240734,92.1744984630129
81.79181475733118,79.91930143545207
173.3985222689747,23.92860814803207
145.89548948878357,22.378277040777782
149.57065131272827,55.847669073155785
186.23405027706568,106.73250778821203
27.017819421841732,121.96109942979587
158.54997539331842,191.9206305369302
175.0763421929028,51.43178596117886
131.12066897325715,176.94330811934702
196.49491608834188,65.59283366730442
47.5537796863419,120.14309289132103
43.15721253519843,73.99578423596718
126.4781454041838,49.50462587270407
169.54279956565836,173.83332991211338
15.087663809895165,94.41309702441026
130.36500167585794,192.64138236543602
74.32436489452876,191.64461616102176
82.7623128325663,82.27977391807747
157.34945451042884,163.74787429635566
153.67799070751735,163.44436250226138
63.88921654895848,187.58689004270724
165.10011958412758,126.73834252342614
71.55708754802369,143.5255638066978
21.519467683104633,55.66072137843799
73.68607690505307,56.17387544680338
149.67745004491795,70.11374635275678
25.44761761013013,93.78207552161764
145.04837317405455,101.80255094641745
46.22320578986585,183.2151559017959
187.94872224672952,175.73376447772466
151.6041240613242,119.80480273217694
68.40266577357404,11.077708882796498
137.93671170018297,47.30598050780459
150.14165013429695,104.92952028311743
158.78464068033577,192.37968668900663
182.56284275354608,95.28101383372747
11.285730011383267,28.734479098771253
29.87947684574435,136.2521008550566
191.03533569085408,28.589063392760934
20.935551692114437,107.13718856902118
7.182847035625979,81.85605385720717
46.906599641701206,155.1463754255423
190.8398744905043,102.99897931371532
19.471438323113233,120.1211826165179
138.82213329360712,88.16461803119324
14.103510467242119,24.529721332802122
27.15774913529091,145.5015960713271
167.8482291088132,81.04592802076677
142.491242617324,52.161078753235785
191.1073863061782,55.99940865039358
28.02699100253165,6.396150680057375
13.429785905885156,123.18491848359028
123.31826383284069,82.79301901390201
61.84608067697767,38.44622194921247
150.45830009288252,144.94991845185132
170.90367106686764,63.5935572227848
177.82897091972995,190.59612361086184
27.31528079743745,89.80156024421035
169.08159526774213,107.4706738475568
38.669622976297326,95.98944930293224
186.54123845725076,140.6689948663482
184.75763979184856,141.40936538463777
70.33105392923926,60.30101450747372
33.0590202452867,162.52468692320272
40.11021231432975,106.05175848230522
73.07460156853352,150.3362782179678
191.49841738377182,42.03193873643531
5.616478622245879,196.38787249397987
43.89969592484264,106.81983254744647
66.5099855274395,64.17450731218953
183.29321568000725,104.82173846116376
16.87820967447823,158.0458677409972
37.753885058952946,130.04606941483232
44.75872150668633,44.05802576961876
138.2233508136786,146.3729624971506
5.635246656893973,191.813012716242
168.67307282759927,11.584161657491617
26.106229627981516,145.60043322287575
169.86357538255268,30.327312946403172
140.5462566973364,28.56415710959662
75.51330226667052,11.80172487652091
18.0035531192862,74.99399470454136
38.100964957494625,82.74707687107437
26.25920007240497,163.51033374972383
72.5643672956824,132.74802834252628
177.08758048857484,134.87311980204137
50.90212292357728,61.67766150105583
37.20972885729405,79.31716369834649
174.37278484192402,123.32474424730724
140.0216441507867,139.47491417528758
182.60043077687274,139.57680302288856
140.88178889754758,176.23985058799028
25.04825927487187,126.6678252216523
23.583502237574343,90.42203738854698
154.3832456153883,133.7704657019143
66.69959066716348,139.21358049085174
147.90532174033257,37.51787363753578
13.284170173240627,184.3652995147314
137.10995148894227,176.0294775291885
36.51951401453751,79.95890768969495
140.4153412729126,68.13097225766444
74.77203695204678,186.63131618090534
184.66504693635213,165.79365505753609
51.460385896663155,181.3164614071123
129.1940231641703,170.79676163234433
144.3018647115222,7.3360470249751035
131.45719254214006,135.92765812744756
53.49759034928152,170.1520737729444
49.84903593467087,148.6567393655009
147.1858166846059,25.508592979342833
158.92975820441413,75.47305777654562
139.7000970941028,173.59908114770107
168.23529166125488,178.34165065599802
79.4904529372161,84.27073175781834
180.03557225981172,64.27989497288593
145.40121069678727,180.4499573581654
153.176335612723,95.79242078711027
67.30730858197255,175.9273726978214
190.02520151989535,151.6175961088673
49.23857514336528,179.1362361120999
134.4433519383487,98.14188005261558
11.133602523602782,78.23694611753626
67.33088277842691,45.648881571112604
64.89466267310209,98.67519946800567
194.6278163824557,170.9705974355778
21.011423209465143,171.36705130678098
143.75356270613358,109.74629670774263
181.9481782693485,195.9481747415036
183.64852215083803,54.65849145887861
40.95688880133426,73.35551570307624
47.67452550277243,38.4706369770696
179.75406300401812,146.00829255538528
164.7355150527182,187.3060876889196
127.98787283751076,7.760128777574191
183.17236457773564,49.331202684908575
175.66359896013083,58.617763921385794
167.455935555602,158.50254685432452
194.72690793390538,176.0499309637691
173.55200562148124,64.38915889770415
11.953320069775124,163.58947793876723
65.4542966122298,54.598445754934325
59.80456026040868,82.87042454043664
7.648226404545466,41.70895970948954
184.66658057502156,88.907600837409
68.18215324276484,34.39596568039766
163.5462564358998,185.00194417022078
130.35440774072805,180.9531530512986
145.9548938754207,37.83011655559308
193.01873506025976,22.3530237070067
16.11937823885495,24.16909293823298
136.92973327545738,155.8625123856512
50.66946222799216,66.82252278794104
191.3562945160345,120.17434862253167
145.1495041795271,108.22381108379496
74.37825476785449,81.77971692154308
68.90758756751103,37.14194861697112
165.5679804677799,185.97557571949145
178.40090181491732,48.047040163710676
192.9918419892562,155.94471198355188
175.4175724293647,196.11481626439837
131.71363306635553,36.43114867773548
193.20509403202993,105.89948901716448
183.81274716140229,23.09039827158198
6.6678708145563865,173.55735398681148
70.62948399300193,57.78743686593504
66.72882366371955,131.98757931346705
43.00802473798084,89.28166200255339
46.50541101666663,23.827611135193333
27.45133118836794,89.52195917140021
141.04226494246663,24.915459792322938
181.76017495381308,92.49692215298604
51.062197521739115,181.03694007935857
25.014325371697296,111.95843355242101
24.36549992834528,64.83671350386692
141.6874060967357,112.81800159494377
148.74614354815455,165.29916098462527
12.454100872835978,194.05100851104993
56.94506666166391,112.72905669780282
194.6593526584871,164.99219472138296
187.3990437860678,102.8955744696076
50.079792278418104,8.571353922969404
187.9887976276909,77.75058630214888
181.6346707422992,143.77042772046633
154.5211881070032,137.42974439234771
63.29423511053191,60.251765081660636
60.04465461055298,75.16051572254189
156.31566075572619,99.20792170136107
152.25306337418937,33.68413991467512
145.63821656617986,142.61105683153392
178.16063135779285,32.444108756958926
126.06952286630937,162.84614691080364
145.3141392640246,111.95738884028137
8.198670071966982,50.43568199966385
160.89681584182347,58.32856652493842
47.99060212089149,104.77076476707573
140.02974680054461,135.3848752520881
64.3262639257891,16.367686269152088
164.00560119977027,151.79006651913195
148.0639531062626,100.63539575440993
61.69851629890676,193.4723627768914
150.86141409338393,132.3990742805408
43.98180172378498,24.601513464378467
180.7098047814193,58.86015581389895
50.3649757114156,182.56093894282697
183.27837849533688,38.6671734398032
170.32296816003915,22.801326402336972
6.958206034544112,196.78426578186344
13.980084365701632,80.78352464387049
128.76753883413048,81.52500360596206
12.690888331328736,65.55270781469358
138.02645540217057,70.86704337003549
158.03724619179678,74.41396465563453
49.23944464687057,44.90383086304534
49.69715141911806,20.571973709728947
31.998433900032555,120.22365069794277
152.3085526072424,184.55575312051323
64.1522550431784,153.12981212574235
27.813578201816934,86.22110429561786
53.6809982801171,135.0886096170258
44.06121821763345,54.53809385691078
51.80676249914178,147.92021958995196
54.60207684128728,9.079506405101034
43.60064151918746,24.781359654473427
178.16737906775322,157.4875213106642
170.93018067568207,182.04472667743954
128.3273931951245,84.22335516211473
62.386328725450866,133.64788519974536
157.8204633315496,43.39310697001316
45.30600685069466,134.53431490451382
63.29314436193136,104.01867196395244
31.538328517960682,197.00202718898288
15.735907702605997,36.79237164715564
157.31668738220588,25.440505443745277
128.7332358857041,194.46999586645117
53.31722855204633,159.36640675169423
69.38289728239133,73.88064557788886
188.1564868689049,81.95600835848568
53.297524896876524,28.16869685635038
58.22231278280735,68.62548978441143
131.60641467146527,183.89814158378192
44.73003731425564,46.749056884046944
41.74644482633271,26.874049636656643
190.8629045298395,37.467035715951255
16.22539866827266,184.8130666898841
72.62700448648286,106.42753854240533
38.68101787439386,55.142014204873426
22.4852540084144,191.01397761852974
152.56971231974356,105.65091546997276
141.65504072495045,22.8763612174903
20.514795261516664,117.05104641205239
178.7600591492157,9.20052056450103
67.04514570605875,172.31485450514433
134.3764159455848,81.78327483536037
67.9289968175245,73.43992320249008
47.19750600446721,82.3293424135137
183.80167237880084,165.78690829370916
35.61773458124735,33.191412847507515
30.493458096817665,7.581028113931463
46.06820435126201,138.6475604473777
74.37672310823945,140.55938204216864
147.13341643239113,61.47020007400227
172.80932342052353,94.43642845517931
8.798149592239877,40.489782386330425
47.760644136405304,131.86009695204748
178.65129821966866,144.3291336062317
39.116976052322826,56.671197606263014
162.05769280383734,188.15281870468488
64.80435550249364,141.07954196565439
71.27083381197056,64.02475854185697
26.773963059429565,86.30931618647317
192.86625313738134,137.64849366788576
22.08528564771391,95.04005628552832
149.6792459326832,98.01254271603692
158.57779441792417,47.32193405432429
149.84027986216293,53.84068560574456
46.09631731475475,36.01361870433438
64.2698201274582,161.7203882852378
49.59188138742382,94.65623221841298
57.36302608414717,39.381070421689806
12.778359434078652,13.527412411892078
146.6321272518468,63.09987874765744
56.88516678488768,43.70116519273411
58.35833158021007,106.23498921091942
172.0133675334728,112.2528759560083
66.90938897983452,89.00568366038858
140.3326714630125,175.20877531493812
167.4591145879288,193.68491759689843
151.1838568577368,127.39385081057557
85.43106082612299,78.91440415698769
175.47370417568106,156.06903039059287
31.612271609923933,23.65659238314065
50.76722790833176,125.50932594382847
195.53722388987424,29.38392589722749
160.22947024508375,72.87268446990896
29.101401135154816,175.93771685196995
47.98226531799129,130.2506459468851
53.86790095617477,14.552016107362665
68.12230162552336,62.53526233940872
68.78357288532229,79.08758975168338
7.038723322338189,191.29514501707277
38.919237183479765,89.75151305823564
31.08862190753462,66.91805892085164
31.14984336190893,156.5508375208146
45.9257969813361,141.1008467570063
141.68974060590017,189.32642388675225
26.413349623146946,122.91904633395497
147.06277216721446,5.161941606458406
25.59941842542218,185.3300723222781
185.44191137163727,93.50282392026187
181.1329272729084,40.51430759742499
33.83948109030563,153.67680003418937
196.43166092184325,48.99341084746188
47.08204635867984,52.563133426298435
32.55935802925448,169.7241055002481
188.82399877691705,94.34682337963451
89.12175590142218,80.16791662352186
137.40835473035702,135.15160080759406
140.7012151796985,84.31430217650374
151.56565043166867,176.22501196486257
184.69123413851813,42.75341165161941
40.93125496214961,55.78142801015689
33.40372078084583,138.79731651386047
172.5784556659807,52.76670979746878
149.2646276206939,151.47859758291952
172.00994032083173,75.29798207471795
128.01397169992424,139.55946489551678
7.478915045432871,170.6054114793389
54.20792800676211,60.177870878200814
64.11613996075513,178.80115303073256
148.0993214875557,101.7111392345516
167.2449373343743,132.36585166295876
161.65440545539516,99.03720642447405
161.1500473842383,139.88775255566202
178.913787034012,86.63696831448294
11.395638558121243,103.40004607086716
19.625723477806794,113.61390092036252
161.3050555769547,46.863517345279675
25.03843252408243,196.26152912924644
30.912317709809148,146.73113042232424
161.058184807754,124.31140011146164
173.3397972139151,23.04314012403554
20.852483898688213,90.24123573421899
135.5589677115122,140.38750739850803
46.74998021554655,158.87914547415284
152.9586285100329,43.91699785166742
146.6772436841923,173.44525402791655
130.7787084950828,151.8474357829863
162.2864121446269,25.989325952138746
74.39713267722392,175.8425522608796
11.029944919428319,19.740151428887295
83.65222413957147,85.86144201271016
175.48327834202212,156.04854429230065
168.52544563226743,27.54062640713419
27.72583473491869,165.1950598675787
149.94752420398456,69.86488779410396
68.52488744073074,193.14000890028225
151.033320354361,139.56532640471733
191.93670704040554,120.60439345967029
168.7728571673617,22.002117330170105
147.74847245764428,180.5820054793557
34.67712906114101,182.50288639473112
164.49433072057312,56.156255894453224
25.7675572232287,160.48149741308134
40.49793993970055,34.77815568628935
33.36724794719348,158.93197480852086
43.56350867592121,19.258822989422338
177.8150980989903,141.92149003808476
140.40718912983925,146.1423873737726
49.21951245470545,88.73983539439723
180.2683742137086,87.22749259209048
25.966160148376915,124.38120608105379
47.31742393145419,180.70904981980618
29.327897802509927,33.251190768454784
164.7714274216382,42.26481298077376
27.991767914697906,69.07793075931717
15.485961825341656,196.86644740743026
143.1279093661334,55.48592472245593
64.40374563481708,187.45809900752772
38.760230378329645,65.39732478818644
27.82983471420976,120.44874526678215
6.482211261570188,132.15591428528006
183.48186658831312,5.04789042013791
135.8157695858269,27.951713029568115
55.13904694244232,184.42774392221773
22.90796393036533,114.09621118245195
136.63265136350586,180.29823953986437
60.1556573497623,168.1150660486142
37.8922588264503,152.50091018502783
13.744000136879402,61.894788507658234
33.132861582202445,50.140205909363054
5.8378540148984435,137.55968053473646
27.72303104751846,10.573735595118023
66.24554208756703,115.72477784408608
147.12327449603103,139.76872693369714
155.02138858271448,35.57458840576419
128.1189168022057,39.62711652302503
10.484211897099534,85.92593848203387
72.98920446246028,176.48900685172237
20.072118965888023,115.32966350992102
156.03005384296483,193.85935363769755
29.14722683757312,58.37004367921419
56.672415499160294,184.17323411645788
31.25104070436028,83.01875642925258
160.1341909067906,164.6336885709088
74.06519237420444,108.83891821240495
66.30869646355255,121.09952338787544
68.60933772188166,49.39663725122204
28.24805844114143,174.4778056996404
49.07087947469015,105.83574838259588
46.92108068508339,90.31212687997926
45.739331112137556,161.26281463004415
36.591425539221156,10.92848801528842
24.44632077060289,100.62024331676075
26.013137271233724,42.20650653273996
23.969562556945306,129.9689246424598
29.74825131761912,153.4693678577304
155.29631718700387,11.749001980478743
42.753290843365434,161.35742048444624
48.631183050284164,109.57692908443998
193.52713537136424,74.1951326484519
29.740108536474914,150.85414958289385
20.05394216937742,145.75761462917725
133.91906805068936,62.569728117116156
184.17533448230577,127.06056020648771
141.12865122556838,107.57952163823525
176.0506857402017,138.09820072786334
140.7490404065452,139.2324975448267
176.42362632260077,182.7251039993875
156.7288194310562,86.51653980125839
41.766671924845134,96.02148568511342
147.5570364392654,87.3719800168046
191.730655669314,69.75157270600856
151.7477994011926,17.58751202114073
131.3909840172751,96.08598126619877
68.39765837684962,171.7375518253222
132.3944371045927,31.242966798211093
160.03526511142118,100.34436680653741
67.63807118877871,74.2555992564506
153.1283863063778,68.00625215405336
9.564386356182636,17.72048244765507
137.70191128342535,148.5956305098233
178.00506529742688,9.52449715790184
47.14458927515378,127.82051661220677
176.5314125693876,90.93738311744649
25.024864038626788,107.46944566239948
64.45717928857782,140.65352027556935
37.68930188587033,91.733108378607
147.96425281176664,62.35348244054828
18.33411036578261,28.26997906117206
75.47977761550186,173.6936652694721
25.97314444671742,36.687022129027106
183.12110081739783,22.59709074650826
35.77648954270343,22.912302469150266
59.46279503459149,158.4223510322989
47.2762109428339,51.659846294766076
53.9160086175716,96.46929939846649
26.72487370656923,105.91771598462618
139.31494063624427,82.2845145329749
165.5127615360254,112.81037454142268
15.21123381653585,39.78434178757303
185.1434206683255,168.6568025257615
176.34021695574643,82.90478310326259
58.05825282797853,149.0904969038681
12.9142417322123,26.45997478950626
176.33864530017684,52.176702882742745
170.9265255607091,142.0393906570851
75.95678260349314,74.53270410537395
53.82314447140748,96.78635155151662
6.265561381152021,89.34702104420039
5.081487236668021,111.66299227444908
45.00188531061574,137.97000626085043
61.81301539714782,156.7782918117614
153.97879738213683,33.211830019481965
65.59588808697599,70.43083363015828
143.07307622419728,145.79809768521025
154.7145452117691,121.60984659823934
156.75868637306192,113.72128398125103
184.26084117211482,140.3852948798414
22.29782394188573,110.95986941110458
165.62245480786245,120.22878484492496
165.8887279284112,97.2180732431604
27.785351935037518,92.39908537039099
56.69214575732284,179.5107241691398
50.82818805672947,91.08699596062904
191.9957539838365,6.8008494176055025
172.4973763069207,119.13025997488438
9.660403448088125,186.88093324953317
189.7966155539071,150.4576371856414
187.1104106643883,168.17146517510693
156.89781258362268,119.6527350176277
28.03642979842179,192.68004154765507
29.463583607627335,97.73117114744903
15.46966265900312,193.4701902616647
70.69350133674507,99.59594621324001
141.68660087609754,70.85837449019525
21.90870093948986,43.75444097809418
21.63673269577791,76.13315069859324
189.5185805423938,142.9727489336659
29.959860447260652,43.51803896668873
52.23618509787924,14.817668424149351
93.6315333353595,84.81207877553004
28.586227011345823,130.02812412009752
39.029522381436365,192.65001510365346
44.20967947022218,142.09258639362355
36.170839607655516,136.25857015487233
52.55504225923329,48.56388446873502
71.65198360414043,152.80150320424082
148.99009005816643,169.2283639216587
134.37572614421077,136.67658051261384
145.16306520253534,144.5266373440607
15.336028823737994,178.7276935450129
33.637431818960025,91.99621387884442
154.9890868626483,137.77062960029215
133.80180648476662,119.49608219858902
178.36001166218873,178.31253473261208
8.708096932311678,129.06141106609013
131.07225130089543,11.925743468689127
131.7475393876932,184.45121821773105
61.13215254158089,37.663976462480626
13.05421487889693,40.13995415385209
127.407071604783,102.46090772058918
47.07611513877797,42.74566788466708
67.15098061853145,107.22914172048297
62.387203966250546,195.5567821475561
137.1835468576573,100.16927478153093
128.39617219854983,175.96478691376348
194.00771898453587,93.65347389676168
10.750027543023302,123.69255826235687
58.377328880378286,95.49158161456756
155.02054773097532,192.4108960183237
126.11674591183703,135.39704813812568
31.24082974588283,161.80230607266688
36.215889343079105,193.0731362059198
17.835074536749232,123.33827693003673
138.40477263270077,46.19979787736444
131.07119339871218,18.23777194180999
66.5935020304225,40.113288192259084
190.87483356911565,18.339763837300893
145.6345833449935,115.93655704272511
129.7707144204433,50.24849354468767
188.23638757765676,174.58678768695628
42.07003896746545,37.78409694195692
36.15499234701862,37.936045583917185
196.29041321077878,82.06637708649932
146.03165007519812,164.42915109086272
152.95250089288527,66.71050841225734
136.99339003164124,17.628566655263487
181.41319611914153,161.06190225296976
142.4749163231631,121.94122721426943
24.229831460530235,39.462365513729075
73.1846910650863,93.5112011768251
5.7001091820714045,84.32211066831589
121.31043752007088,81.06195477937432
139.42938025715438,97.17973905058905
69.60110461070104,150.09833620681837
66.97583860996953,37.313546390647986
71.93933476147203,81.75826297197246
190.00205955402336,110.99972462037353
22.469821503535844,181.64604628807493
16.036259425269545,90.08479244302275
62.179070331505606,63.23795365486794
148.9149963845844,178.3307976137496
5.796395090937272,164.40579563630044
132.79806890912062,17.014658979743338
139.96314133186593,69.66111740288561
14.509008142965483,47.71610077526346
175.21918137384952,32.19659749678689
183.86843746557108,37.00312854979178
40.38816061804425,196.06097083197758
22.548903590055378,154.21051017806352
177.9233475184563,170.11100264175326
62.84939927992865,117.0454306669224
44.98129842616991,49.4420770819683
38.577843136554876,107.09478599842119
70.93740170795559,67.63348486881085
128.15203542044645,194.61116270793306
178.40508653190702,47.23878635265401
15.670186379671133,174.8390119164341
34.39100653431617,25.12914683168162
192.17008929735098,178.4384404607094
191.60705788899676,107.55748407575125
10.006903665438138,89.9361356594077
30.616242517798526,74.29135891376656
144.83951839513892,67.36621863612146
174.8230504140996,182.11747588039498
63.449069559123494,81.54337967838232
67.24460811665989,40.2921743121366
10.611762410571979,119.03093377883452
35.799925708477325,122.74946016065749
13.18173514298459,94.43863675103891
191.51018714684102,34.62077601628096
14.21758504467666,63.28515556019359
17.504050840184,131.41911287621608
74.33486733924151,55.178993891212805
55.33908713359054,52.577288355214925
73.24806235968376,186.9791525621567
185.32951914077378,29.731136316008453
162.1592337544199,102.13333932713226
145.99095586312583,14.633755041752549
5.777621247295764,61.98486156709225
24.752484163025684,94.91913929290098
131.93879350995954,16.80087174548792
158.76986408866404,107.032912211796
165.72834921865686,159.29182400345593
71.44540990970371,158.55640840045618
157.3339153638392,99.30924136088426
164.44493382762286,55.51384052053606
24.30630976193786,87.0785776611214
184.02273023193516,184.9573564014733
16.294031352516015,119.61827093327024
159.01873282680663,114.866344162774
161.17471619053865,191.00019816877747
166.53126286470305,132.03057105663876
23.052792403727555,124.82941653580983
39.15483354729409,139.2964977868059
18.121587730596264,181.5992314373305
45.13108949492307,147.60929751716282
19.591688103833953,113.4198622553266
30.629476875024775,152.72979699453273
164.96722661454072,142.98465756398585
60.34037203029503,191.0654864399045
33.23216262446367,64.77297367475224
146.37101261309542,132.89595891435306
154.7980349592318,91.43928457557625
54.783034506158856,71.50259224186964
22.525043470227512,7.2761183391402815
169.50402764099636,96.34470536210574
9.524354037789331,14.541908445515555
165.71989593015016,127.63256772660583
68.7673094952937,188.48635170519685
141.61042244909922,154.3889763580499
174.6848486839559,32.51923545467937
58.71266295588383,35.98379390411165
157.04995912922485,122.09639739244201
8.460844226686998,76.42660237158422
29.980529539248874,59.13987672406874
25.94663994578585,161.24697374142445
35.95858152956532,27.4137775787759
161.33105241930338,82.41218518152854
38.51007987089852,148.0510356947687
163.66683494292874,89.2236591940225
12.779111703289468,67.76888571800932
143.0333952336584,118.39697296971414
66.1906555528588,171.62030644334766
156.72300549910025,133.4662653195301
19.937013089937622,155.03894259705976
57.88528234074557,180.0545143156314
192.21414488706864,105.12537357125734
54.3773868665382,104.91906844076999
99.84719642338229,83.51370064607151
194.38740147068532,96.42167174483438
162.60137189744654,8.162929458663688
144.88190276000543,163.31727375750543
37.82832772130648,40.195685843759186
56.19038365406506,47.870297887417316
68.11040347412123,29.907072541836037
34.08705742032463,24.320943294414526
149.55344473183126,48.22522517661802
133.78381186829114,181.72052625486987
139.24625865857485,82.28397980005172
148.59698682469843,139.14907294380458
37.22334003788745,133.75463410120207
164.78856397653095,61.679058055741066
15.154667779719231,125.7114121594129
75.6523766391253,17.67392752511034
132.10447402075863,28.78388086300828
128.61209852200653,9.366394525432721
188.60572068907808,49.43298261549963
71.11945886399657,164.4608357133285
31.962977217388797,106.48123896621428
63.35981463130921,59.552530907034246
76.94364604494109,78.87980491849906
58.438680820260245,37.4770224716658
25.936402676625022,81.88042628856843
14.600181365913,10.157291203704176
46.17161964424374,196.1374625785244
190.56260866062587,24.584699420493447
183.12228343805958,100.05306760628248
47.29040508418924,192.25053529079125
10.244573459212065,148.4039499576295
64.84169566793224,15.929302053330932
47.41697128169374,179.0981099511055
42.667401880453525,188.3683505434822
145.28475377304474,19.12116993899833
147.48920255654048,114.15079854984721
155.36837791639456,76.78359405473604
182.12351099553135,113.16893426908983
58.49549200447759,92.78525290461195
45.720167133063455,162.18618416608342
131.45522613189783,69.3521663794109
27.27731180857878,121.30591421333114
151.32514732717306,34.33321591793367
155.81129754148202,127.78114857771074
138.49928461506943,114.96735858817237
195.21473990352897,14.086430206151627
127.063274118148,146.68564530400033
152.7761143951461,15.922185740335047
23.106837982978426,14.948820504350564
72.97679387090994,160.45113624501425
182.20807927341482,125.02378551392411
126.23343004755924,26.662161808575654
38.85881439188767,73.64604343295719
194.16616032934752,45.64891888132179
169.57821527740484,130.4944871965824
24.37524981748867,157.0980772321355
128.4350213501097,135.17744180026057
68.81290089725873,34.84094690611435
38.741963027447404,63.010482244479945
57.81220148578517,112.05892953284948
135.215513990574,196.73318589882348
21.718125469694193,154.40642521830785
175.964264623207,194.21481246213386
176.44426615452025,21.425466984920252
26.51784262747176,83.72015291586152
69.18328850835086,31.537315937086376
80.5501757895013,78.26553591778024
71.48709292523124,52.90737199485936
168.8259497871226,124.87921865626075
20.337993474707776,147.51664277536838
188.0061519564535,187.89845999840472
69.19787803601889,115.07895712638035
65.16521662543116,26.29439663319154
129.5452530301645,182.16897448343653
146.52279635311498,38.74041353881901
67.9692860199171,156.1044995042321
184.7876111852914,51.536117651016205
6.072205067909869,43.11079338515644
185.83521797549523,145.99811723859747
180.24993060041118,128.25030141359196
25.269822713418503,43.048149643003626
64.25009136418299,86.0150116858647
25.562493808194503,155.39279218620968
7.734763397401119,111.93452509720002
21.61242447684657,119.90403495037269
51.74503601274312,175.31033777452683
35.59639832426456,150.4504124664029
158.0608695323944,56.58802980366415
14.613234368981429,45.73406424119763
163.67085267741683,63.084375784360695
140.1102152500858,105.22098102599477
161.1018674712105,18.34003005638618
34.07945122094044,138.73245610912625
185.68460924835554,109.56068785902741
56.53072384378628,191.36737465432458
36.58557252782573,93.42104276954832
25.584464830598925,159.45332866757292
22.81876219996404,50.62427916695491
115.6603325396223,84.60790846352211
186.2152769020809,182.0089102607214
189.05694398343314,130.8152723928478
135.3043112839376,70.06533053199769
33.91624854909149,194.83468496048448
67.97812463693353,157.3107129329978
31.332572353007652,148.75130030128133
32.423097259138885,155.30157042842404
70.50522192607215,136.88041596327366
166.48887130060064,173.51182737717025
36.121823504771854,147.82814290473064
134.23269219709505,173.47560860248365
6.978329555727178,52.92381825836656
74.0179991243484,34.54656938373665
37.7609085482933,47.20215655062573
187.46248111982231,134.12047591503654
188.8923724984856,71.39536395539682
165.67336921239507,80.0478382189823
162.60380785765966,61.5274698748027
117.23892001019217,79.1826273084529
153.39128843899255,143.16422729290977
73.0345842590214,165.17671679138206
47.733762321828316,75.00658989702545
19.70041348395522,161.58325248283757
14.766074749832885,137.47506364965716
55.31910596246966,49.50753219814042
164.841424884855,77.06128850175715
8.393023870495973,183.19056006862206
153.16413844493644,47.18543113260033
42.62056110197312,69.45545018083779
165.91484999803194,11.983988778326399
190.4014821358611,51.82195461769141
184.25645281058286,88.74023434452211
65.36540753080904,117.27045621136513
26.046855340180816,102.84158984255608
183.5931632668913,67.1547963070685
11.612432664784855,93.05365330183871
188.95653683420397,84.27929595055134
52.703147457126775,44.37122853788448
60.691958589759,177.90770575024632
69.40284370079891,34.98303054195048
69.92470999027786,112.8866447316825
24.24246281438527,43.530545967299574
138.1275144243663,113.46324911093717
63.39046852397606,5.110053082724071
139.7063772671271,121.07663633426056
129.66433724390885,71.06200497750541
71.28297157934475,46.199174809138604
183.6181655582791,132.74683620499263
17.572269173591117,145.33281989774395
186.15272833410165,153.16618357587535
183.5544643720452,106.14216986267068
137.10059662390057,125.48726810445814
32.033174438715726,186.23906732210028
27.690013209488427,30.216044223156892
178.42652773870395,180.04572964690433
176.6721572967268,59.25680643176636
167.3364816149607,111.99494580058992
8.491047445298259,140.58409665739998
144.3633161424295,79.66679906247603
14.513429692467405,137.26413476994753
147.47764030918108,163.0648935236783
152.37757690735575,61.780729531980604
191.58873819870448,71.52926028152753
175.41735055994843,189.10732684834562
179.36903929797782,114.57576710486929
54.94287770713233,8.715513157695906
166.88702118109987,19.391763051007487
10.241841866503,159.3949228408218
188.5172428533562,74.33218473619394
21.371255395224846,129.48193620168064
129.22493536074984,159.21293625739847
38.294070687755514,138.9971657873974
10.310583334981557,26.557696112926255
31.554471044146446,189.86209686227627
25.007662407148274,172.76357695634903
193.8671045438996,82.80584870139393
143.87936121676952,154.52299811671716
42.94308338749986,159.26382024215937
17.324135031090435,120.94250864194947
130.01766592904076,52.300115082594985
39.23822230032798,93.37575880728257
157.7225795726989,76.38856021145946
124.01376611722704,81.61694574361638
142.72848126179468,101.38603600382852
138.75682708255385,162.14848334826164
153.33666819513815,125.45750631239846
191.9321156949102,63.8406594730652
134.44148112737307,33.780117389052116
43.31547753665612,29.232721508396402
18.73851921525833,25.425506864781383
158.4856859589863,108.49597980859588
43.946573278239775,185.55170639351755
25.40519735365514,38.53479601675988
22.520731875839406,193.0156996719423
25.42910263767874,188.14651002416267
75.16996455831608,11.555953186438277
176.51373531407626,19.090357197007258
63.24472352825939,196.57143598930622
164.36424839161535,120.36655257123871
126.83403006167023,186.59632126321893
150.84496383937352,37.27248649053588
141.11462438747225,147.35639504221822
16.781108208486042,21.935169971226703
188.49958218433244,109.93413130943884
74.49980688073725,116.40301416233008
161.90717753759228,107.98070777668488
50.45961664932196,123.80144471955742
174.66102367066054,113.48102441061721
60.7950170296407,24.9221604969112
158.27410935830503,172.03756793575573
66.76730235175837,42.112250877472505
168.86647390446166,79.27769250184113
48.76081309670763,144.41232730137344
178.71191791082393,83.76747689259798
58.60372811014521,125.26200780505154
58.04972387639636,102.5406569095391
170.938681484929,91.7442393911967
185.35857818426706,94.14644158074702
31.822709316252926,139.28692775206437
72.7813160529723,47.43169415833294
41.90623934433672,153.62326780227153
170.5358806333597,69.18348896568227
22.070717225855518,47.06983630647542
7.22097604378442,189.64166499956116
51.33622401035818,100.49259137443035
64.74989492915414,49.856372445678836
72.3235740721601,103.44827581023341
51.48826339881935,176.5212437509915
20.137373854436337,138.6669153935974
159.8931699249726,117.27959873748998
48.581901197638146,32.772303204202935
31.11125415902196,29.422229863733627
18.54871404370735,30.469468146079002
42.11055543078371,57.70379977038049
66.70574412695032,33.017830024445246
25.029972949292432,10.779652916996536
157.01273948949893,172.24986626116046
42.95778757112203,141.26979404042297
153.9941865579511,30.67253401254337
190.27616603840437,66.68918631308443
180.99649658558883,24.973821641024923
41.547301738675515,65.95826724590181
37.992902507258826,168.97273975692895
24.490730648732924,77.08760068599432
79.76473737024237,82.26881500509582
35.63158897303401,169.1789408562494
187.61501613531433,94.09456216105235
172.5438475171482,189.52490049157353
161.07743183685565,163.2029881709362
70.14419874207105,30.743540157806045
131.28490465234373,64.30397697354886
75.71737178325506,167.4046371089451
168.88188550937275,11.243111784482991
176.54389373509804,61.66973306832782
50.08263973090799,101.52192683003423
55.415503373235296,27.424268261926983
136.81121121031782,154.97138224586226
191.39617925295414,69.91915727144367
159.22054305925775,89.94719768126616
26.720463505941634,169.7747650928705
139.7799959446077,21.17444810279003
136.56563479685374,182.27400204395047
127.51708336878914,160.27325398351533
133.30489819996652,114.68510019887219
15.16732968281154,151.61231466803113
164.7111049949506,160.69374544357674
138.6862952909785,159.88584502825492
176.18533076941713,195.92298513186444
158.58116718401402,34.33116645709754
43.443346315356294,157.36010893613044
68.00602484579602,164.86325593269655
44.91756507062038,196.53764090765156
6.051593214107878,138.05618047120993
138.38014222634186,104.50190124803062
149.25950226199274,48.55383990501402
23.512689567275892,185.700036064264
186.2922414481478,30.87099802035861
23.365063866414456,136.1939242290441
66.16999203168572,172.6566446524901
188.6060227790871,154.80277093190634
165.35468684035638,42.93748480951305
21.98608187872189,175.56309801489348
193.77361593520095,101.2170155280698
48.81303895092432,132.40515728231085
7.357696063859377,11.173377536338103
140.42187092975277,92.83251587283345
48.44224173672096,59.380783199546116
148.80003643630096,85.85450871507935
192.89228581193387,181.3308926172371
179.96653661256448,121.18209820480288
39.84710307572978,129.19875424447963
22.80421647086613,116.09969105900791
189.1988179018574,87.06592359734168
165.33911846519266,80.26847076715646
42.197353766510986,15.628727705878994
136.9358364698705,172.01068442898054
150.94320541929176,71.05952557461396
34.82241081153554,64.95925181602236
21.72034954666147,48.2592668967252
158.69897692384617,51.681151208896644
30.494358624173827,27.249273735316415
159.14965828026078,110.44722136827163
186.89323217836105,119.45351931925323
72.667366786751,154.82608269105742
72.09571357647903,102.61285240602392
21.111781432174947,164.93581762917032
37.305906202210416,85.76004235295648
163.17605685446566,160.0023035272119
56.23474442376242,58.10180357194934
36.88628264869521,5.305693494380522
31.284795497637294,36.73078761570091
34.16319252349577,137.23529132905188
189.7382819710313,144.18601010770297
15.393269919934609,32.47045689466079
148.81010024864082,6.801008317911996
172.72717970030405,91.65168062594769
51.36050225502148,51.55123674915316
132.46751706572593,8.556290777390632
25.688649046983976,43.98312447285047
157.1937010134771,51.986970142347516
192.59839865933793,20.33664982155011
165.04540309495542,191.18354074464605
11.77692918950921,57.24304350038081
133.49179746774107,187.39383139483633
69.51432299812109,190.10596689372758
41.99473153490593,43.5802896542272
116.99070506732618,78.24923064353248
174.6674427036765,90.95499796617594
38.34460452182703,120.94788588272185
108.05957112882075,83.95097520356722
171.39042955433933,195.63685177759845
167.52934455635636,39.32629583381239
143.7962894082884,118.27292330889794
57.08104656793902,174.13707532485643
187.06850142988696,130.17410511776401
66.26301340083884,109.76618038200344
8.855066067603527,106.1320023540544
39.189265729313604,150.99740264520642
153.16641008054248,7.897914806836017
140.45431408129838,191.60078129496648
66.35700055233103,156.1202161978849
42.76687686066948,191.10824266931007
138.9542845816439,134.42523060042546
163.23923367704043,120.1569391046021
133.4624166654163,137.49534351258427
177.78038544025867,47.12971622732698
192.98293702888188,157.4829938593625
45.6159130413568,111.77071112943948
160.42175929162755,159.66923350811152
131.95058321018124,88.56494921868014
62.057402837783904,170.5189326935875
164.87557955801972,44.21799524442021
149.14231574977342,61.036860271177396
189.43666196421563,108.83466778294178
140.97312432263126,25.004809168604748
134.04314937260895,83.39799730617504
137.91743724053686,170.98795835974803
114.83678197221542,80.64110930542101
34.8240209888762,20.642347458585284
7.873024497962585,125.71236272741118
36.03495397630877,169.67469076656073
137.2837234946463,84.89744455411399
138.6378155815686,55.19178874816348
179.11401706106744,159.82344819473934
31.977355971862174,163.40136692691115
161.5070171094873,38.39271960630328
145.6552242489972,31.256290931359487
130.52356110242073,146.09702131623115
157.80047884566878,54.57961446133223
150.36077187833604,167.74291799324996
134.49055562631358,188.90296146175803
182.64331549620928,48.08071225524708
169.5499582340842,174.022064662173
29.805698181392344,86.77405909339606
75.7859934187849,116.74906248245257
39.727864687043926,23.15648427941308
157.68125511992866,78.27021863205775
61.99393258768254,189.50632799911156
186.23922398446868,182.798465549141
65.07750419034403,42.01957840134747
162.7387776269686,28.097081245294646
119.75606842006134,82.59364729646713
18.683455406977743,51.32208648871238
62.11710614433918,136.07995489863808
139.78869121012835,120.73205920959477
131.07807762945382,170.17626113009078
63.600135330318096,99.61247229463488
150.930156874001,135.51666357394873
187.72755987673904,136.00506416223666
133.3931987386166,49.875427870576914
143.19948553399402,18.841132635430487
74.36808960486167,13.10567559048431
164.97164493402954,126.09047699557543
138.8908334545756,38.51577441380766
49.888239420351724,85.7347605241971
193.71880045114779,109.29087723014698
166.2733143013317,48.873752090119126
174.41199053755977,181.18260231979795
38.71379878211287,19.555536412902605
184.54522979023542,48.32510215685346
10.27554220380762,96.54192276924331
38.46283192068301,187.8690187381287
73.52631309855806,95.64883782106548
24.382981658486877,171.63001033256987
176.51035257958657,114.58627700993175
67.82898365578056,157.30578878340307
127.86941447975802,140.77609452162622
164.42263512097372,19.610599171461796
142.64804763232058,168.73760668499628
175.2936455197374,41.27469521465049
154.4559644076985,114.43491145384692
69.18381531044632,98.75879771621618
34.975820166311465,102.07654987072755
68.55325519568878,114.70064425333591
169.31485449372556,191.35582820109175
142.00776199110786,37.841829522614944
62.60949911751141,125.84560277325089
140.5644315541456,112.99717609342403
135.36915896998988,26.478948021624134
20.27163362561944,150.48897236567336
40.233906202244725,13.735077847105845
70.15839015547232,134.7674260552333
32.67240907843969,72.5966977192832
188.86624724041684,138.83794409668556
71.6819045671503,154.97949917057656
187.35963515328794,132.164596215316
165.8537677898112,92.05963772789032
155.30623453514013,57.4139842393167
169.3668695830062,19.470210259511543
158.01705824776553,111.16206026110864
140.82194959201243,172.82911639554206
169.27959503406151,96.54573552190423
74.13660769989418,183.041371045389
41.03767737345453,172.88652850219594
56.83509895604349,76.45772886726135
56.001230619344675,191.91538674099516
35.31474160754907,146.18546896538066
156.04873561090645,77.0134690407375
171.46058373293954,17.031640585554523
26.964546990658413,185.3389995446726
24.240874573808885,162.3253455780869
106.03697165469084,84.93533160573215
33.918616658532365,103.4141023415604
134.77007639406705,99.86763324329728
176.6444289704685,25.389281523611068
50.88520329256254,190.92069112861927
17.298401656907167,64.06319810643167
58.798868803984085,94.2276468828087
54.18422480294644,148.78187482654812
17.177717928199304,76.53830375548766
55.19626585893055,180.54165146366086
71.50309033176612,193.97623171374474
75.87900043393147,195.47973082636582
17.10469591689665,48.826232589964846
46.35382652016418,92.93311784724793
34.893480119357115,40.225062711735845
128.2123603225508,130.35626329017717
156.64776102425589,86.21444651448344
26.011485153515732,112.91416373908936
160.9866271965075,154.24158711298935
5.8255532707254245,168.6103935842634
57.002620359892894,151.24618989014922
19.02658163296271,71.3813752134368
131.89360892433774,146.1838907815134
152.2486092326701,146.3942225195054
22.063658947030753,125.29158484307737
194.8432230087444,166.5846596044221
64.42125521829821,108.60855841166094
33.96882897325618,142.0733914685757
52.682448474820504,191.3158141686184
42.788358256163704,77.76269879031494
6.428472859478607,92.61725876702297
28.4152999192678,150.7029891485455
18.629294349779293,70.70234352609056
71.41102767060639,132.85930406725652
174.52299698324416,195.7032061713362
37.95919493613038,50.26464464454925
63.98914894224155,83.86697323176442
46.55273589354277,43.49844278709807
49.708696085272365,44.64163746264979
131.0844238552741,81.94119034427229
167.7417422283405,164.56740098532612
60.859838109136085,67.97484904362688
26.84163117330273,129.77163508082702
138.56616844709202,23.532844965214295
196.60393039590704,24.33272775072248
141.49743393523568,112.97216669488813
167.83477296396921,49.626061247536015
196.05240010829735,42.088124884548456
27.015991281246315,41.09045276555012
183.22009596291687,28.379395237741655
127.38897448094885,189.33197564952093
131.13952662259433,181.19506709655698
172.26312010518595,125.76614573528168
193.96416685992344,86.3631814745391
143.13763081515563,173.01442127180238
30.774726536876056,32.65154894363992
10.0,25.0
180.0,180.0