185.4253230227179,54.921013717300404
121.54231313888671,53.9199070362533
35.31925353488158,63.43267378109052
142.3471673568788,31.442953064454937
169.78757551405081,24.56882274226983
195.67870512440928,92.15030107553534
73.57426519483639,83.2724938149692
165.21560265844204,180.11143138079277
10.248795632025619,61.29776239198159
37.78202349673821,55.27917778949331
43.205881459777665,48.08609866138135
73.88462756037723,10.512788178705266
143.92678507500327,23.64315642595593
13.31180379141566,146.05204997690205
104.62254412452482,74.71055971210659
49.03900083938888,5.288450399811995
35.84572629816389,43.61012497820872
153.06383787474894,165.6661759332742
117.18289997313614,52.08218771838302
152.28179186281392,22.6117862223055
96.85552461001917,8.306922040633482
151.5801881106799,78.42811602872521
87.42814647190853,195.53290128429288
137.4440019896167,60.57047715241624
112.4056274319662,179.2063455949089
81.57964533803843,191.06916143468524
68.84410989185236,123.59180340694937
24.882622287066702,30.698087655942338
185.59979455722407,164.80984295280408
165.78819611476484,157.40217917379871
186.59903591139155,60.529393879385424
166.10385879824264,75.68632467016488
117.21497244562201,63.68653858126151
108.720513063198,40.02841524451301
158.60652186005532,190.21074662990603
96.357658753109,88.79654320013212
28.847560029420908,50.531715023561986
138.7638753202084,31.40723268664694
144.83767059502728,90.09462287599074
11.001019913845363,21.878234256341365
150.12238082595292,63.18599054813728
64.08024819003322,116.83272546398807
184.82778139153942,75.78742771254974
57.698195222590726,31.729946936159035
164.1599414973533,187.46927813339286
116.04547397860031,79.3336866657721
175.87364306826507,60.851320442739045
181.17091841341724,185.98921344163801
195.0967931777818,191.30314971345126
164.43883877384013,29.887909392387755
80.00775810600013,10.822699646497886
19.193597739346636,71.92885784556269
173.84484793375344,82.05526305347742
51.204695676575305,152.6369464883313
75.25423396932655,120.83541640147573
174.13073639405292,39.0629070608558
23.633012928893116,154.3191171292058
157.08218748776144,15.200140477252505
24.914308518549536,153.91200830653383
113.96489442989112,43.91691903731421
184.8400531147067,182.8675031943263
180.79982040789656,136.3768963514829
23.068415868586772,28.30025235087201
146.72986647047415,43.570386065260415
185.2304956373573,151.90023252425385
84.88350896094228,142.54813320378
47.84911403007854,193.02352501614007
190.77746029958618,149.05146172347006
143.8700841902388,106.47259677164018
179.58766273737564,156.06225017050383
98.03649836848854,120.22597606728105
179.21856263549512,32.97121048494845
151.66681009633845,73.73775304374065
159.69532040919262,26.66651959993713
157.10421889595892,74.32285837824037
112.00512142867663,7.141051510150635
190.0132288227105,181.67122042505136
147.10273006257137,148.5216240141366
81.24524265740614,113.7878782138147
186.04055122807407,99.20200737307393
52.55412701248769,107.44341667645638
107.67476392838485,112.19688523230845
89.35876166232433,120.56287119980672
112.81534443775668,65.3510489788769
185.19570945536165,71.568322520481
145.9406102482237,63.781608914830635
163.4598867361432,187.5294687541275
46.13823673727255,158.75681795952764
6.021667492113345,98.46587202232632
39.964736109116,12.200167837409737
28.212626637921588,40.657803868599416
195.5642639775951,83.90122839465154
193.47014151590628,28.53838872646074
162.1168035442755,54.73354160308455
28.617020470392564,36.986976326139235
126.82775512468334,53.83598497882893
117.10043774707776,38.69912563669418
61.998756114245914,20.703318965607252
153.3585857441718,80.8553633598525
5.3847869407735285,161.6563481045791
183.10782575340696,190.32288489761032
165.58824731191203,85.4399143101033
180.29502471509304,153.59263831297864
72.81195871607508,68.21061018813596
141.49968586017724,80.97851370941055
146.5661957786414,159.44767658729953
11.362461938877017,160.14983866483018
168.2266819376705,163.48683460589706
161.3033469470996,80.06338610968687
93.7044169482627,112.16432826532086
161.22534120756174,129.17492327164194
138.49986242236426,44.1144801396176
49.96975539531406,94.6603922422906
136.68081698962493,78.79220598383017
39.15813896992718,195.07494924371082
170.1171739785709,155.18435664938147
7.501500749938014,132.00626687270716
114.57655163796089,36.81125017702173
24.32876670092334,142.48306572586083
33.64709251134413,151.05444855459015
60.289744060156174,146.5018282707359
14.482859788780939,162.38924836615078
96.59625987533965,117.36351281142585
55.6925054521162,126.22228792234309
183.0158167927155,144.90913567505183
77.07146369514041,83.83851611693844
84.82432800070033,193.7884559232614
103.306457027938,22.914919331289813
118.52528705029606,85.22456834220064
169.42107725002555,139.09109872869774
111.52009001297664,192.16957727559634
146.77180933812136,15.107240949403312
175.90788097510261,90.72718870097391
165.55910418027352,149.90097512506733
36.03125052698326,154.64199944428265
105.93662923092812,10.676321186777432
7.541390849381315,134.86947757313254
107.77057133340541,64.68163726619773
47.091242981452886,10.003128473663281
162.6827232985093,155.5449371520176
28.22112574624224,145.3093328259281
119.10980697044866,137.71482360423784
6.0098208774075195,122.02359865476973
50.1935526118158,154.87394411021194
8.907514660347548,8.864875067737126
196.9430108857452,186.1539894616366
8.530135195135916,160.20383374476688
150.14770719046234,191.5711303047601
131.12307382927855,20.73556957312001
37.418774296021645,143.35414679112
17.765613755798018,14.318102530656903
143.40599070566634,135.95710584364022
157.49973699738305,39.65297317688578
32.94571547505937,183.8726990367803
17.13357777039596,174.77923489531017
19.387973812631643,72.5273284122741
159.06105157411818,190.54117580477967
143.17458990959062,165.2653970777969
59.69176809271386,80.42208345834587
80.9011669050471,61.8158256764148
123.13603543750251,73.46580214068942
18.05938441358784,59.05816680164128
156.16293603188427,81.09692441145005
70.93924369210622,7.784573866007493
183.53881078572223,46.58215255420965
105.86114256176046,186.90789167792133
83.93375472788824,83.30364793421919
139.6525442731028,69.7493420346107
57.18187150344276,22.23095357515913
118.34913102985372,63.251750605298
92.32616699529265,84.99351208959477
158.5189187632377,58.68484770004158
175.78900307712738,54.519722506392284
5.725665680550319,29.8944350682578
143.83661920720868,102.81301345096357
166.39639146354784,135.9967781721219
96.12477083860402,195.57721348331128
119.9693780797596,44.291132472498454
21.674503096467983,160.96121085513315
118.03748593091207,16.85704328270474
126.38918699976662,71.82044272537058
178.11491938751112,164.3254481332106
91.86684316388279,56.522337132850225
138.05355855334886,32.37300960014758
113.79187441986835,31.784108240979382
97.93697139174401,64.45744159089568
188.3028387010554,59.50969656434671
62.88301857700256,9.187076315784916
164.59411153454766,169.56781786522194
76.83616399211174,66.19470743570636
192.25748166620363,119.97586100641757
144.2880250535439,74.67372186188123
85.20047070603376,77.54290732003719
12.657174495157278,39.809656837487196
122.70453335306857,46.361353323268766
20.505612191531394,74.0175292559788
145.0819832406709,89.64281730914905
21.98413019438609,89.68058764654072
35.418206633417356,47.23946786754378
11.082380015550374,134.2300474621296
183.48769292414974,93.61599327678186
83.90365876022055,76.36941819167554
68.35775418555562,149.34321320637412
124.68374284288137,30.5360720612395
144.63132754624368,14.223104853344099
187.2103637687205,26.393494867161888
176.70891888294844,58.645087697186106
93.97021285889737,48.562978164139714
159.04676372503593,180.781968415238
19.428801374967534,168.94534064505706
171.8521874669735,50.423051233207154
153.52525507821088,161.38336215231328
59.752966782593795,92.20673473970977
178.90973259046055,124.74407453049936
161.06407436811318,166.98171470780673
81.46761947393274,192.25340289520415
146.48701967448238,47.7347917910294
21.793863544869428,62.05989324823044
185.75203765010622,174.5144689329684
56.69475818992602,80.2654025128488
9.202115507886052,31.505011925601817
33.00519630027834,9.992887766105182
77.96128827304423,80.80460893664593
164.77828825737063,28.523700018789157
164.75489530760518,88.5351685855883
19.612935872021104,65.49186830375452
171.0461413985152,163.20208594015202
169.89240951357772,144.80859411426562
98.02583091163602,185.58479885348507
126.90240838836336,70.88965198752159
14.441390505320047,190.81147855598388
25.885360318640252,153.3237303307052
153.3169542468305,27.354461631634763
20.36624925141249,161.50112031196457
46.3614951020586,142.16495713134586
193.07896353955948,184.38048675411628
21.901200408446698,12.410297787458852
27.66711047290373,39.735485372310116
159.54879225045156,163.2273168560139
64.81783687591414,91.67910296867704
66.77110097877889,159.28162907899716
67.08511181769681,80.77596633605786
115.05600664972951,69.39845894845675
9.505755763352862,10.324906948497098
168.1820498983353,31.79426758337235
5.981281790787223,167.99227309503453
184.36419552150838,92.55604015747241
145.32965836515,58.31522922987478
144.91110726177047,157.6897704800122
108.28182135338973,19.24508862229829
187.13214512150975,130.06194209015837
145.18628632128488,136.62764225185234
42.84999528559469,47.04995820313216
87.07232419572371,188.79508251389103
103.77766599523865,47.58884769450128
141.26269825992637,9.67812949101927
99.5809404767694,18.00991701910822
171.52957199667668,35.317006064089526
113.37086232028338,57.4640834043157
180.98836120737073,69.47512158870808
149.37597304940383,25.95861383074699
111.61686203797817,20.250850072982583
38.17245268017697,151.38444104396754
36.82577008575055,15.721913436401545
55.68990450027606,196.7541529397526
76.06019087731288,65.8353184765492
193.40123670541306,188.03390830881372
181.19357441512815,184.33807809573693
24.90469741522144,31.04460352225533
110.13945203035463,181.81147131783197
132.98118275980607,41.484823118045426
103.9955258218042,8.834086579154643
145.0378011878754,105.32502684652688
189.6758039731797,71.09514761834154
195.32713634074787,148.31925575657917
184.48129894877815,53.81398285702183
173.91977437164937,156.3288748682388
8.795817744706213,179.51254234233423
6.712349636918114,187.36363612265583
53.285780821173525,78.00144945300255
186.80396410417757,64.09468517705734
114.86579352408894,56.55368176646635
150.73553663608732,28.858225690967956
185.32943059981145,98.34997131946253
15.962198698635941,171.7226992375419
44.25843891828096,45.39984149580589
100.207910388244,82.99727365444456
11.728164633133652,123.91905458872377
5.836462229152081,132.2340055618182
186.9570207884995,117.79513505769447
145.32409399084798,16.102410619008438
150.110837183761,145.6323671522017
177.48716670445918,89.00198010755615
11.13198814054512,9.244173686145537
150.7010993693286,171.1805534099352
34.741269545674314,142.65923307117464
43.40113529804148,35.19534367314184
142.91476086654487,25.403333292036823
59.638188709040314,91.12688320805
185.28575182878888,124.05093786897714
156.5631094336565,88.12754948172916
15.654465910111366,67.50520014671991
72.16143787232454,135.11370457992538
144.51016421816908,44.189156847114184
154.74697439909338,60.598762606596196
33.44617171155967,196.19464821863812
56.331229909732244,13.864029850805027
147.5612294265367,180.45737547930142
115.05599021724174,135.193924423269
172.77616213565608,125.22059896220863
60.2832738895045,90.47692080062706
114.0223539798536,52.63945642145688
191.8828168936032,81.29171230760369
54.02109992650298,8.922952334965828
152.70261975120584,55.58060313937954
38.189186146711585,148.66869734196837
147.58081988136675,98.21770706063582
163.27329596495002,60.18727015549519
195.86589441309525,9.982838885918802
105.1737522221744,76.96802244140515
159.6984053843969,19.856144039042945
115.04986843750288,130.9719257037679
175.68105410113844,61.7497384885433
156.29783270914007,40.43335951000373
183.0901215446158,165.47081876684237
107.582804057389,17.580170541346682
153.7657028624671,41.403499886530966
161.10636951574483,69.1414093325482
94.12150188599418,41.24452736257769
52.51953605434195,19.127893065791113
163.77578607081406,61.76994558852258
50.82352852053969,18.30461132709385
16.522010385365455,165.61404245987342
153.6841553632126,138.95364604211886
160.26625891842497,24.514531526150137
81.45896569853358,140.1598196470834
60.5744042580548,79.30791429549737
60.18662108961912,155.12385316454404
111.55910477007238,121.50690981513233
68.51804788432807,78.72896157348242
130.0359901811271,80.01271926848396
188.5374237361538,175.20069235002566
53.00620755848326,89.18275661158174
179.21690823097117,184.27158482386503
13.133664864421885,134.39483339321947
7.224752471342281,193.9853251008393
71.97947786437256,116.99633949872019
96.2959479011788,44.51034501519127
55.54399527742858,9.221524302964454
112.07942650318671,186.66339835125723
19.07521891842368,61.9896783705556
85.37585564049844,119.90862973086897
27.294100283965978,187.96072691815124
172.98916536115627,185.8357282077681
42.88747396174021,156.11248472791604
6.998987777039715,139.47324502662372
41.386703650364844,37.81153781898073
60.95032398846761,15.655496928961306
25.998853334576513,61.722514234579286
15.794661706426114,8.255995590572542
56.952203529648884,147.51515374702723
141.69997098400327,143.6527173579949
95.12354497429624,50.77517615223188
60.586237393586586,95.6678819705896
187.37968166439336,7.663535128645998
15.051245518926264,169.50499827871215
193.61356247448944,64.65164715875308
21.68542105261349,176.51477513895955
172.1576991467259,132.29175065950008
139.28266924515935,90.10716343464479
26.14309359345082,28.90245319689027
56.19443183589602,130.9898385463921
92.26423803835705,79.62357404222172
162.9609711007584,196.44712000467888
155.30427640042032,166.23299159510796
11.496179435214568,91.510823561155
36.62658002714088,15.691540060142662
62.80978166859215,157.74931192430043
121.49172008739427,63.7713791348191
92.39060361066802,119.24763448301893
142.63939482892917,85.90980476706706
134.14018090227987,16.00281743898125
71.08939618756787,152.8313883910459
148.50140649146658,158.2846242402621
74.79795013922211,68.96556806318304
101.21240303396807,68.95470642728878
108.74633687045169,48.341390845036734
67.52826777303589,159.91565575359743
95.33126967260687,72.7010283619644
43.59653354598937,36.36346615305818
16.24553954437494,178.3883665481124
117.91657420008866,132.5414102270885
151.20455975813758,135.25764594190161
141.6270314481922,17.203874531473097
151.06659790311326,138.93963311474087
45.46303742445064,21.88330821442046
7.214445239840857,41.39591832844868
171.86150990571113,195.11632323678413
170.86035061861494,87.7840065764484
149.3850024628602,108.66162097727201
142.14164244213134,55.119310104987335
98.01028179538082,27.900669245605904
15.630510975120929,185.6240399992224
169.5145321550246,180.8552072723468
18.981474048682973,66.6220417640392
36.73982873726753,156.09707216079747
82.3810932312171,147.13645691004507
134.38825846417276,54.12922919217822
14.689267395565324,39.27436763826914
52.554822103908045,161.86484537059218
53.77120009465632,123.06949204844165
68.34913280384022,127.7257907227608
66.65587453024547,150.69998565398194
12.157189944801758,55.43420864435225
189.43014765050273,168.16314485535258
190.2618545778205,8.995108114426381
184.9475550260509,51.09490919146323
92.19906275481208,42.86079909879229
160.69094087469918,145.8455616133045
43.928841446031186,142.49833397434497
16.37264298973408,93.16806731087387
100.28068097362528,21.693340035982146
156.13873445073412,82.11276291760622
93.36666037992478,6.076097855434102
181.39430345586194,184.17661670135655
147.07405030951506,170.37015043065563
47.796289485027025,17.424619154469354
97.94672254264167,47.54415111549501
196.25343227828165,91.43020728040463
152.1967879908462,133.35964601326776
180.68740683147615,130.65834801238842
109.74507882533905,78.06007733691914
151.7374816375844,161.07887527499503
130.79245019169173,7.610243047215809
149.47380798657605,81.3469862289652
131.40276151413758,63.46792583015695
187.9407637090652,61.59852906078773
79.46220140149839,136.0476388828535
98.37644949739503,60.79180102419323
41.827138265960386,40.612744938266445
191.43047706460496,153.72144051084888
114.46562220143244,54.92629358233043
82.0679352536327,137.09094335002877
121.63975715035464,74.10574532237924
63.82056462387267,143.79972631797824
15.58861746866623,65.84711757736812
61.49528499362508,80.33506149033782
181.55088711957887,89.30000105391692
109.12029800048371,72.30224089038988
195.76883472821456,151.26167923016112
103.7624582218709,189.2064531158712
45.94377571009879,16.79138569668384
179.63102450335668,29.906801631181775
149.36188742274683,31.2925831400098
187.30401700721447,187.43591691930385
162.17324195153188,187.5849936080316
194.5776394236631,9.367574522660734
42.493691184208814,47.805107985945554
123.11623671429116,21.01073521119285
101.73628001224282,40.00351758471089
143.37366671062216,148.71468499060387
85.73889521877699,67.25571709489829
171.0760377306945,182.49862316691835
191.08918164039196,5.385430810868123
140.91490906472364,29.86276971244727
158.28681707386076,5.646044362397658
106.92580140802889,76.5819731122919
149.9719344946913,86.57729033728735
115.48248603392129,17.41851560891838
156.48340110701497,51.15909607732847
61.94918660329657,29.552742257353508
139.3762645710787,49.26664710753883
130.28928328289703,42.58791472380178
166.5357118761059,122.24775204220101
150.73174126478187,130.6468878279326
169.03008547281402,54.62288501436228
113.58089168498194,31.949842399078086
153.25796384781466,86.88346220788831
76.1537818414686,88.55358508186877
74.16259570505726,142.20035446252606
88.73446369068711,60.281051508288
113.74058796279401,180.04254238916488
158.48289539168454,121.84940855628848
106.71812257484311,13.421542710013806
125.72164638806937,70.79870567566704
196.41062111430853,156.57542540663894
26.41655023893512,29.378604750335615
178.97997630742714,74.19599723225633
169.1004723206493,134.01657931401834
188.71430718389487,103.74268824993105
90.03269025702296,118.68141393454377
112.67652797684096,91.13257486013929
108.79197852322542,74.73574810042311
32.14963035134892,195.24178567602755
134.5377083961942,15.278588946043776
165.7857817942426,48.71465862925802
23.237617246106463,194.46348034552506
57.155003149519814,30.710248268420703
133.54627065456623,70.3319762344711
83.76678108440758,9.593563157419565
174.50323152225496,79.88772124490828
105.1013475518904,79.44296195267161
13.413639979071203,163.42610878045528
147.85187922702576,111.91980802627828
49.311101768168086,115.76642562298174
105.9734004842427,6.669614973685135
85.0022200583428,144.6282051714102
21.435314936545716,194.67657182736096
142.41064464779143,72.47969699233587
90.49739960399208,75.07721062235956
188.18765349247812,103.12080246229648
93.41310642958223,54.77020708735942
146.93458212855353,40.769962859341845
5.322535832136026,163.09263947488049
48.93036564544291,195.11590511743395
146.72045135688205,150.34112300418286
183.0831839170682,35.42780536338976
168.02575342270012,59.670428720453565
150.16940179457245,18.043410737460878
194.76160333591682,188.8027317333592
184.76221008636455,125.32913650514155
114.06238589064425,38.530976736045
161.62357101882947,42.63884302277734
144.7033302797918,129.25121359278648
31.73088109836128,145.40498755868813
126.51372992788436,83.94035817473804
118.12688016557645,143.04955172149042
27.681818620609558,144.42330840162168
181.02965260537314,25.38443535118249
45.27886582552435,142.62520601297763
25.737480145130586,29.460519029935792
188.78315505176877,15.368319458482611
181.68484989438423,79.47176089965394
148.4276186132021,153.94489282120355
43.17401748006969,140.1069619373335
26.065704824649142,195.72140920376347
194.94729041277884,79.36793774170387
33.42280317493582,196.15907241932024
39.12170885113548,8.007512930983337
144.85889800945012,192.2856280158071
14.44568182166175,125.05598139285749
124.4267249087728,80.1099157177015
156.6283581238735,10.461852300328015
184.8957201592997,108.59699038164518
34.032111642083755,162.47310049696856
161.13646545250177,81.2097255167208
26.59871404290525,11.754743674047344
79.35523172526763,114.13775414779795
180.60002035655725,91.08787147282112
161.8257840214333,8.168389420081827
156.06421356844544,183.20630684435173
178.02908297010583,75.71807001806899
114.35246616349504,7.124174819287742
190.04961354741732,24.432982376411825
6.066221686758397,193.6669126735393
120.10927302341847,26.416658170675035
130.9512135655038,32.43445676521001
141.2912360124062,165.8540449551162
145.50180174370112,27.253646105071912
182.46239852779925,79.21983776831031
32.129581617528004,29.852811181268873
82.7982041389408,147.3943362073052
142.48731022054997,189.0272797124282
69.61486435030886,88.61682631539439
149.83009625780124,117.52115057918907
88.07666453020343,85.43090678447608
42.58594373710506,147.45455686798368
116.84975943488283,186.99793853993518
13.044222887293065,140.46676726287757
152.39165644187432,142.6102321669089
114.62234426529679,49.86147566830553
118.22274024391021,80.53686766146848
174.40443478719942,11.766441257439148
195.7108018424688,23.095090725694448
168.4345620765711,133.41944780703605
196.95692956899373,66.27313624175572
12.056612763833405,170.51845551688666
12.418620707876078,128.260389378352
101.87199625294143,75.34842886732055
175.47490480904128,75.83821334879158
173.17729399914978,194.20871068736264
161.1428385704817,83.3734424818373
184.72397211227545,94.84259965906934
105.07408477930392,119.3427586836043
109.9717047166595,191.30440345101272
13.83312416109419,145.1421441006855
138.4586285951501,31.621683949295612
146.42350749493468,122.21207382030578
68.20954420486034,141.66391074598212
101.1772768762419,187.5679113363375
173.2874243000417,131.38982906233065
26.427400103455472,194.21781634628798
94.53128371091957,65.6386902190707
195.89445046213498,126.31850576745481
186.0783129576106,96.57461583767048
52.386119386359276,151.5671007622385
77.32743732654926,72.66664118081478
182.9496076868373,192.66015853085563
130.08765767297885,74.67396167892635
114.06371523664093,24.409238078622778
174.6573520685724,65.24606839770132
144.84805910897992,116.48410276979355
174.03945041517866,171.66928408081114
161.88582605630387,164.4707812138141
60.578729236787986,17.296758586836866
32.42556837284396,162.10653903195205
116.0100474186633,35.94804972246788
172.78024300585196,177.05278042178142
114.00379733757505,48.88396884335898
152.02374932535633,175.92255282334506
76.60239188820125,139.27162706994085
108.85220272293262,187.75980895528366
156.92666777406984,159.23437125125565
146.42132130530592,106.4382968441853
104.37167662242082,194.06461520772052
185.9271507931169,87.80001551322366
168.52537094087742,125.00501372480464
148.00872847202604,168.86829323573988
86.19684631880345,195.4801091595342
13.307548258245543,65.96226469424245
139.10700647185166,90.1640277765298
111.22551660700897,116.51151491230762
174.240006997812,186.42780601616394
139.03329628050372,9.61335053788245
103.27301680658154,50.35051020820957
46.84713293074863,12.520453332480503
192.66163086826973,179.80424357522992
11.271906913558903,33.05620510368824
116.9503440754053,19.755695742723677
154.46013525450866,48.718249958283515
32.91841243646155,62.092759975834696
25.019819751986663,49.19077927189315
73.57184437870981,162.53876335980792
130.41752753754898,78.46825187792398
15.026927713545716,67.76967991931038
155.85230397506194,6.840716033544911
129.53626560625239,34.7311131176568
76.60596041187655,137.68928658089973
192.13624877434725,86.66408925408295
175.50762855547597,191.01356340025245
159.31246766313754,47.23382863122132
32.16616914943278,168.61431196497716
17.17183762641633,23.63848565417271
188.8185476885969,136.9091685158164
28.269503992099303,187.27661276438874
143.9948423331893,50.674913153572454
188.03144527628424,189.59902361093017
69.19577667402524,133.05299564671552
144.58805672440803,186.97989899971074
112.17317882862244,46.982377517762
6.141556478997172,149.1810428947801
120.28678774636172,66.33181968952768
54.52276795895041,135.3982533211401
130.48765356803864,36.43580947878533
134.2636237586345,65.77830514534868
66.57182233800019,141.2933893857112
32.37676921134476,196.1147718523488
156.9630658411984,24.82430192191733
178.26289120357774,155.9586843156455
177.35301202208117,13.358857460195626
180.89475017662292,127.16153394242475
119.52750203428796,7.38620701347557
116.55193209562087,28.617323182782993
64.33002937169903,159.58532628820285
33.00020230249174,14.889735814889276
98.99336565578804,29.899314712569794
118.25636763647186,81.2438763208579
164.71131044992967,129.9797468578115
112.261296735554,12.543709693476668
147.72841289045957,191.0997819834728
76.58667518957041,125.70222195216346
77.39374369198077,10.675642871396324
38.20377998656464,28.959978924040886
165.8036102045946,90.54692949541298
51.58640635354275,28.714975256428488
80.06549728290067,153.72625208963396
180.92177657778802,48.75568230522359
160.92078906145161,180.50295492859902
8.355953502230063,178.89444556298005
184.18275214018846,142.11695448823278
135.01145822370333,42.278366347781976
16.564668242587743,75.18590685987607
149.12740937953868,60.5702419679403
147.7024680628938,131.50188997435492
128.97905497568576,76.50775129230736
179.96244964100248,132.83715390952085
5.2858912884984,169.43670158288646
184.23499639633167,146.43041620248016
162.94977590021543,62.91608908758651
196.39780325420423,154.99018841455094
120.0915683431126,11.55120027030137
143.4505203551397,22.77479079162833
164.9757111668029,124.95994584734949
94.5720968270761,11.885318818318458
20.273488466299202,70.83053578686683
33.079153112709285,139.806882598912
96.31936172953837,48.38828798073784
172.01213743196678,178.56515424850596
125.74259103501218,27.746952319924457
100.82586903601535,112.35666544723706
75.4076692479557,66.40922086571862
90.55721608710199,78.31180778483254
173.76138439481196,155.36910701437205
192.7421722229658,172.72117350278725
100.92323616575408,11.030296483101694
101.58624190754905,75.88450350642832
160.89324688523752,136.78934854411725
46.467537025682034,152.91724759932976
58.40119048782706,90.39399259154935
31.846170353663066,178.43048848998853
165.02584358210422,18.769609715912758
142.9636351215986,164.34478221938878
5.787773333047012,87.85715745421912
91.29734890986792,153.53290578148125
183.6330140306198,158.7938787967785
170.26008735201887,33.54020951216817
22.21181113126342,161.50216506355352
72.61011582856683,121.01630509419081
142.20148215955533,102.47449577278033
39.51477208472438,7.425802934237625
27.16034620788727,154.66239384936296
180.49256370591763,46.36782506955986
26.10062608752624,55.96524661592781
19.364314007225822,92.98717082745213
94.28749670721939,120.86709616484497
118.90950292108775,62.60004807626084
19.07147512917151,190.3198824920385
72.45027696440748,130.15822747053923
61.3729126851694,24.86616669436597
41.10802244813496,31.496073643991107
47.52363225923483,6.052528852305377
98.400843745241,60.30347564377101
168.1450713041665,172.5848352527111
64.70827809682494,80.82989736740002
38.75012069804904,145.07812947811607
97.27272192889804,81.86509500783576
62.43941957946336,158.77339391599867
18.099386352697913,164.01355303627167
58.18528258782284,107.6908954072359
191.98038392759753,162.88816078030678
94.99031379517285,91.03421534492492
195.80950746224053,63.2908595295398
62.02202079655993,122.3692181181939
188.216294252702,163.65316098828148
5.731524810112863,89.3029566590637
74.88698324335562,159.21550688120936
5.595438796289312,56.780465246327154
49.14257225078257,126.85965997152563
86.53145603113671,122.18876130878228
144.80877318059066,93.03023395273252
120.14602963957168,91.78496350254144
151.98248173529856,23.771439722730136
166.76108569016031,83.68187074854697
70.32721091952169,130.4111184759498
74.94700979393986,77.14930467548521
150.03434433524924,136.68305446011456
108.49883445055667,188.67217293922909
57.14223881317871,135.33699102893485
170.08176017246618,78.86288414381126
180.31110258942476,152.39555067084206
23.899605817089633,27.44215076580083
107.81845474934507,56.708556402297056
10.989796369278865,187.97628853613074
33.28893401088717,7.827780807111637
184.48813926453602,52.45879458728176
151.35284779892504,140.6481100156714
61.90829221062693,158.93453905427126
12.29545603385765,180.39530428897424
84.13044845418736,189.0499794658448
41.95000528864152,145.2142642430321
107.22349448473548,42.228750678025875
76.80147929531074,134.31316138646773
148.21123814420162,174.88727430108082
37.24514952676423,64.07830383913154
174.50453233934925,158.1942330781313
143.38949376382294,89.50166588277479
173.4599495875635,173.22771039797684
161.06626080384314,89.30610425066051
127.87134014057729,42.915938386356174
24.15105981675451,46.51597664376289
106.02495877693659,74.57545301904406
74.67350300793566,114.9037842642426
192.2917326814839,82.04064353351691
127.57030348309421,30.761553291096046
48.304056554772664,141.10192777680652
106.30169300226308,60.14689757952841
70.68579384193943,146.7534891666016
8.761052818093232,89.81771387909085
94.11243803188478,54.715934101995614
110.96378713803831,41.701276898736175
156.33219483338303,175.00198077344416
170.72207128055038,153.49420260410037
92.73334245008682,83.78923125275433
182.31204942256144,22.26157878934068
31.927506534613112,37.47946896374425
117.19136190187837,51.86363755307315
71.85790778322101,151.48567737904543
118.1355957511359,79.80791222083802
64.88770687791225,138.6098100646327
156.40793245670997,127.27835813802947
91.00540340930029,90.8705514080236
90.21251953862738,74.38710745049258
191.78679503531217,38.36487048473237
95.3803488092451,74.3926491860512
110.88617890658075,75.75771815726097
76.23361370387694,158.2853607261227
37.115200211163035,36.7500827467231
87.61411651381364,185.46329681894338
40.535456352899175,194.26478571366036
184.06098050432516,104.7102463583896
184.49298780707548,5.8432023219558715
163.9251567831185,131.37807079879482
23.593296162741826,58.299120147759794
183.90193192824773,117.44539394852215
167.66967758478293,18.538833959448155
136.67576904312386,85.90277536309691
149.53144916374157,153.38346613153485
17.931486381890267,170.2879320937681
140.03600537715644,27.35598643734855
66.35101522739237,122.94014335128219
154.7082107223739,129.1054177836371
93.14736566483099,57.69202071469241
62.985863631165714,141.05484109156276
152.96062613796573,83.50603882629413
175.40796827941426,56.873818390470944
153.7499490089866,7.491504228587317
47.20982058673581,158.37959877878475
127.37710903833528,17.041372934556556
171.01201753258465,164.51044253835417
146.3678848870528,134.70319817400485
50.85043993887649,115.83070633027725
134.83035395892804,68.81177243954095
145.72193267075386,96.89777322878376
33.84986176244479,145.7671198833491
191.5189242452768,7.657060383131376
13.410663623289564,134.86675218996623
142.54123710609758,124.54275744030434
133.37327991950028,87.03108395319515
86.06566910477436,115.4915961984779
81.65194957719243,119.20571140349684
62.92266297678792,150.54312323917378
149.53581477176266,154.2275318856211
139.4850097624498,6.124606106652251
152.1234804636343,176.01268718483462
62.69234706328303,122.37093491471198
158.4027286009716,14.03973944770499
5.545112474103221,140.27086315650274
107.98677123119346,52.07819867860921
43.11047204881601,196.18699595081162
137.8406135727123,69.78407419051538
159.48417050756746,19.522239000096214
99.84491067894045,83.12953452036831
99.05623807152605,9.444959882667659
82.99504306568674,59.025688250380384
64.5536626920142,196.13530762402496
7.627647607484784,163.8373986208956
139.69061943247905,71.84466503877832
34.001909980344095,41.899684454130494
177.63139517373932,14.64543050072181
74.2762996873196,112.33321463393484
148.05338340759104,80.74568691426965
196.60911334740533,176.85405228357766
149.05159859835584,6.610639677069386
105.51630353430184,83.7763427882925
102.13797348126957,48.047565327018305
196.0148405787776,171.4991241767708
175.01864436028623,29.47909946978776
145.20697619196994,59.52740359506374
116.55254559254745,28.3189142544904
54.36295301451916,114.63048690356894
49.43968403589697,144.72631708817292
143.25967856468446,24.28878817014562
183.1318580793351,11.37574496626731
57.4764837587645,157.90091564246075
150.28822959550718,23.8363638753445
39.05704505190349,60.09661400271023
175.31058115775008,164.18562146692605
150.64238079113292,161.74544326971002
45.55602211495483,138.71489312420098
68.43510786540286,89.343563069384
38.20478039421368,152.7846970591436
12.78635195035556,17.77128793067274
149.36014246710187,57.83710508676075
18.337614909891673,181.5450482779492
17.051208979406013,163.7203384091813
177.8958285464452,79.54765615909666
117.46862855151004,144.00835028401937
87.20353213718133,77.9375457410004
27.253474403036066,31.27013437239818
174.76230959712558,80.35339216037109
166.47365063245263,26.72578863263749
108.72397312229776,83.6636832930937
146.83762305122693,34.9116506966765
40.545651416445835,153.49007428608817
188.06903815974624,158.96002161663213
74.12680280951139,89.04528821727129
90.89450651706039,70.13026287570034
122.79264918995341,80.51122354351142
50.0590517855641,145.2264365853602
58.13034162779314,100.8930352474334
9.509535524638583,192.34847696919036
120.94736937067064,59.039925947141356
92.45382468534397,113.82712078566144
118.1726462981026,58.61031324871355
57.87612400648493,117.90125501670948
97.03982427808165,41.72791309419988
161.49558333661167,35.83720143754783
28.687277007756002,45.70459418028018
157.97033895331813,134.01242932230733
8.046883286923524,16.772583266715618
58.01547731960066,142.3487626176003
148.26203049557608,149.76053955479324
119.60971088966947,28.1969261463931
19.757260904024708,72.98584715708944
113.0813677408098,26.04390051573442
105.14387075021492,117.92706587329967
73.4444619127123,123.0131905192037
195.18363048226655,196.8756512367112
161.14137753237074,59.44328711491195
196.31642687535447,53.684798876030676
60.25752865851341,14.466858770713301
58.678477223438776,93.10486029102283
96.83117592047779,193.47524514485985
158.09723075685295,57.819338273066194
17.281287963775764,65.47408906976047
31.69938761204798,11.810834966295696
61.37368048128769,83.50383938701162
167.61545793451938,68.35112278930778
184.42959445149532,22.019824810947497
131.21232558572356,83.696318460521
196.7041800255966,22.856899911004394
178.5284322510937,72.14254042443675
45.2701443846207,147.27544944303085
193.0481123212929,68.03626147749353
18.32986285332928,47.962360029481516
162.76979195745164,18.864721628707887
101.22039568465323,185.0287614988886
196.41806966313814,28.03070873934332
141.48592833220488,52.512224441572265
185.75276342497622,162.94956153469775
158.15615503797537,6.912936816974331
127.36143099867918,34.333394843239184
183.06009405415065,174.31873934718928
76.04990774504904,195.22915147813796
107.99430413765857,5.57156601885942
195.74289704928685,159.89408686079653
16.765836128217067,82.30751672393154
143.5299879548041,140.80584331690213
8.706002449932738,192.80862097528967
185.8434289710045,179.52060794172584
152.21002991953458,44.4020511947143
159.97264625717273,88.73479401106674
18.871100761049668,167.67827858147731
96.90139786572078,78.81457309554024
26.712964042001595,188.80353082110219
155.7056931400251,26.772644151381726
128.58110204000639,85.786974746747
158.37263283210314,138.33494377987935
97.43534463915552,38.63476991120619
180.4807650909342,99.92088157797288
118.08100141256138,31.052873312408245
130.15006666457495,89.8446465447004
176.65644201886576,6.261644758797018
77.33650238772985,74.41471718789322
188.409073844067,53.33515442149305
71.85818102855302,119.58172202003456
192.9910642669825,160.81171415700277
93.99975263648258,73.83002421303465
52.942973838448985,83.34079596673284
156.98681405719492,182.64644118734066
141.518278691543,182.76107364229568
189.07757089882946,59.13710566228489
5.377815168130376,149.89940679967717
117.80211428340372,188.35091830653639
6.010808471996015,170.74694787548756
148.27370354608442,137.3392849989488
39.72748186152314,30.908640766502288
117.35566032615198,185.81597255503803
159.7890328734037,185.0369085594758
169.6398379749311,31.064549300935223
18.18500333694692,68.88912121780575
48.25458817380327,9.438300794641926
161.20337614220892,137.2657175149436
32.50112127180312,189.40177178392764
161.35796834579693,163.8054534180205
32.66246174813273,8.955469426352902
172.5733971948773,42.72584496066235
5.566255561598451,174.64001549710798
8.029137279139096,168.86720585244063
84.5287102076701,192.4065724740549
5.180264916647415,72.96869360199867
180.4081550456592,23.060616729802444
8.451592836528983,168.62350240553465
187.4103297841893,59.53611023402931
11.448432051854633,15.115549526284548
73.6220031751947,62.08634842518922
73.46488436287208,142.18122773755726
22.204701131920153,14.219709219202286
111.18845841692043,78.52156642430917
37.16863240497381,29.674910325916247
28.73597897852619,155.7999270189751
56.59855054925269,114.08516445526475
123.532555176778,9.28218016588634
13.503971208217985,54.32981363489681
103.64392177778379,187.7172687371917
124.06556660118846,82.70526499937847
179.90108925411803,167.19391673723894
22.854210101581316,40.507529168044236
148.58348597837548,158.79783212997663
65.22317423187121,135.80163599246788
192.82582985567566,181.29058462698865
157.43162540444573,63.07725002536316
7.063460454439449,142.566168095014
144.47901673282377,72.82919407778918
6.734852733851407,47.56810356583404
196.28438033128765,172.86222266113225
96.3441343522235,53.90804601243853
118.2343293028246,145.93665215858505
54.402650799550784,21.78699408776822
18.020819096195382,166.73313723483952
25.973996829417565,196.36757859312507
121.77987392151955,59.447183106752725
153.78963880161368,145.1344412587617
162.3471999485973,64.73445575795027
42.3084060490146,194.44574163884698
144.95808041635115,50.383488946966466
15.370367498213422,78.24106882272811
106.50941486247497,185.44959224889365
156.20373533800395,147.95718954267087
60.26418399111122,140.50453537903587
147.90764734289783,186.25186552977664
190.17259743268605,94.74402296518981
95.21340635543137,85.56380218651594
194.76708635094715,14.40256669075816
152.78285148786318,156.15468957213685
143.52964717163465,176.91775041593246
110.56994362571818,89.78724400900936
49.94677269017817,118.67730273484071
152.74172329927745,55.16553860341769
154.04848017640253,70.31292317931188
180.57741078968294,109.93171588790709
63.844659868880946,83.3107630297492
24.910762701339895,46.765057270744414
169.93356775786785,16.273713826620988
120.49465319617458,63.79506818403469
51.75873820475293,23.57344366173461
146.1218994263524,118.19069299794518
85.2260495550776,66.98162429678435
148.72425568993583,39.73280985404815
190.00749473702646,169.73809845362416
78.74424367746629,60.56611170800104
166.0378029521651,175.10686824603036
56.33440378893007,19.276839688415052
167.85396234277079,193.28445736392277
39.25506594184424,10.379417918932466
153.17857834693672,130.10790668396402
83.6453861076959,62.734119941552784
79.85316278562104,174.94313818452187
129.54638883705152,35.167846410644685
54.88885038586966,119.59644462870439
109.1452659166816,42.2108053384334
75.69157948560635,142.78775566638745
121.06993567622371,5.7371865894243985
122.84432579830907,27.766632419740763
79.00381631026777,140.4346828098345
159.5687705704989,30.50102861651644
7.682180787185346,115.42295613248618
66.99610348704843,161.03820276853062
13.144194751131684,92.9596344574016
182.99453042409766,27.161091417856348
173.12141249077771,10.888611314030985
175.31903967729704,173.14306064173755
82.9826280205867,9.039102106896433
33.96081503748073,17.129557331123078
102.92065649565164,83.90906016527484
195.6666787442552,38.38811743071516
81.52316916012298,65.85694526912482
22.61109656362841,56.501641768628886
182.06383099296644,108.69867817440344
180.88880817740935,121.8468468412223
169.4264478108309,132.58191726527414
180.92036092100292,35.94668278230913
163.202741147128,76.14120154774909
182.14836990252894,147.4417723106485
76.18289283704335,194.4247988897092
155.431560503199,24.649080025857533
6.399931456884656,100.56576900863114
170.79032494869753,192.2081842075451
126.75139570212008,48.78383003229974
119.80221741991556,53.85675072730595
150.1146239271857,74.57323368254137
181.7694734827,110.05108582774561
190.71122238757826,10.306502311713563
158.32559082520936,58.37950988172298
117.11880204849078,131.31946410584166
58.29798982525219,30.210454967544436
78.54646654392491,159.4128637691932
189.3938935926511,27.81001959394114
8.375086044686544,35.272596822154206
190.80794509885808,139.7914656392852
61.772987368229266,124.9672318737247
18.152379169926174,78.33819201277278
10.661021956472977,77.592648250369
121.26332027849045,68.61549268153621
180.16333167751293,6.55952872896616
32.94877368347572,10.639299098366555
9.065486755821553,14.25067147066689
94.42172969957582,65.63562297590363
70.3948946583453,160.58333994725933
155.01348364995363,80.85689486887526
49.897720822427594,160.44515041228203
192.35837351390055,161.54181481200743
185.19894575702418,127.47376894801998
165.08105823994836,90.12937516325563
169.16772866581806,170.8271079185077
178.64739119986984,65.18766958803417
55.78272877079548,97.14602319005031
41.81129511545747,56.22927738192973
53.92317851468519,145.4327261009097
138.7125784592193,39.88917426093392
112.88733140736701,12.852315334928585
105.68075696299873,40.72698105395322
194.1869282461334,192.67711051658065
15.064311994030392,91.35329519176621
63.0016248499787,119.43409976347603
146.35727080468362,105.07879927344274
89.83650702293522,81.91233399963963
19.77612265045884,90.47392116476217
102.36450500168986,5.67862134966694
129.0014410060286,70.34233354651117
42.07420010467745,160.16544696746473
8.116125919908177,5.858265621445101
148.46365638116794,118.83471317140648
191.49141841234834,188.0388852608333
13.968137595179433,82.23083777370871
48.00182180816327,21.224028306659893
105.42566076562291,86.75943688549589
66.7750447914798,6.58006057449709
118.4650237432546,184.1260586073019
149.9708608561542,182.61533667563234
72.81227771605764,148.69529874705088
195.82556574932784,112.63379427386852
122.39468684727449,53.53479521629248
59.7221539122256,139.5362748844717
174.93562813649882,152.10282617898645
153.30618390922305,69.32644059814088
171.6047726015922,123.86970553157526
39.44353357841873,160.39051484402933
20.05153225878298,50.58458456810959
126.7477788399345,72.51524124640069
29.030495457984927,196.9902648241882
180.4880287461876,130.71319006986835
42.12413772001451,160.32353841496447
144.67210262343073,154.97587192057998
53.25685084464486,152.45495859894493
155.87879382416867,160.0915318480307
153.17101658830825,67.12085571809483
112.99526418671793,192.3358677836492
188.0405465946528,53.08583160039677
158.2145985904438,174.30584693136933
13.280169299742113,63.629463567612504
196.05563634266656,22.96872276788301
68.14330234933925,112.97245256463704
27.399177729208887,17.602615649289746
78.30484833041933,151.32817000305627
9.518084576009162,47.06874495378981
150.7520290652065,66.62448748903626
174.354193001482,25.270971189701946
158.36647725121776,184.71543100292982
108.59802210376846,189.29114488350547
98.8223349180073,114.80322169751356
126.55165658191828,50.25674181178709
180.17985985805706,76.90315577478121
37.58897119781521,149.9550316286273
135.18036201779415,47.736085743198586
154.74359538893268,11.61829133702225
13.031695789331689,59.72091454188973
191.16628429314014,142.24415348686847
55.04070212132015,115.01066021356888
15.000825846788864,126.16564050682751
172.29767431502827,195.48074577387467
183.2455688480872,67.44917719407748
159.50721127664946,168.64641680315762
106.31777665222498,17.190466138694642
145.1723135961656,136.06211968013852
112.61503837740652,43.39152492845494
153.18422038099465,121.32298529659407
182.3884488327168,156.40134426059376
9.65306019236888,179.87163168610533
189.36814051432717,167.29850319320113
80.67562964387844,146.217011950635
38.55900015421564,16.00323031503255
149.36475380088442,187.262482032242
60.40918123324505,79.76176600231442
173.2807415707466,168.77669806367112
110.82947924472764,74.74060472469698
52.57847687144428,100.32732024525323
5.130354453616988,174.583444800428
159.95921321397083,64.86698614059318
56.509238026915874,5.07936168907092
41.37494972591196,30.71557190063359
123.38403795604764,54.56944526106751
44.79836450977494,36.50414845589593
120.56788482928732,46.33455564141592
128.76153174254387,23.750343377622336
14.108241846381198,44.691690173486286
163.68675066447,28.88152664195947
46.706730026630886,133.82410706766973
152.47905141892255,28.247893753306315
184.12876467296795,121.36952497370176
149.77433325284912,140.05491550658772
179.13995038095769,53.81826196934647
60.504240144137825,147.85871079793776
156.1071313626579,31.605190664173257
96.74963011794641,44.97765435409361
121.97622646912934,81.04253545228283
173.1792617520078,11.556040499901771
50.76560224364107,8.135691925569997
97.1513716089244,25.554280927020315
35.90213484258605,24.572095373446174
14.963237344996596,51.51125688515849
151.94648840994574,87.10205617728504
39.95278041495622,49.274979173950925
191.51554638728342,128.56123350379437
12.421679115217659,187.42978848796207
182.11829011676252,173.1838250174715
139.32605980787875,70.70891686441648
16.694704826898413,24.815996792829775
146.3014156834992,192.4783104251245
164.61096444967342,19.89283970536227
52.28156178886101,123.00047781708554
60.835840203037684,83.22936928394758
165.954122808594,39.604709743632554
168.3975686732248,182.09447600522472
171.09800979595587,138.60178466429406
6.448377139729651,82.16023898017703
125.41681186762544,43.61364485145119
99.99209503372178,25.57795654710045
189.2164093154523,160.2310834637729
178.4102246209979,171.5214722472846
172.4901954971536,75.23241463494489
12.550940190563065,9.614892026185176
99.93765656682146,38.51689868132931
31.82181303665218,39.18403560114542
107.02115937418094,119.54055564252006
117.43584791196703,72.54081331383101
7.255355891822247,53.44884960125388
23.738966060196223,140.82421163885306
195.27078526338323,101.96171702441544
9.568369808628258,151.23151868009816
188.35713957607564,147.48840233242214
176.01782777084827,61.38745373641235
125.63253708054705,38.01365630638418
192.64043455875907,53.498226420314836
75.76456568028823,61.122160122280945
107.71337389240333,79.39831378123809
155.81539691266892,51.87130477947369
185.00687011513898,53.624572946397905
64.61956966851207,130.594417963161
154.31795336130725,44.91311912285256
115.77679911165015,82.44649460737824
176.35097916461973,133.10073307195358
178.49595540039576,61.06100041773295
67.97233456269547,80.3560146666556
93.70248874246691,185.29948787663696
121.39345545604012,17.013648836912036
116.04841234131685,184.77080550477095
172.8893826988946,33.84148145743274
95.98102589404154,193.25856398452572
79.06749486631819,88.70442566076407
112.19923859701817,83.8981672229753
65.90390153640465,78.4632692128175
13.662225450960808,68.19690310853927
179.1894253031856,10.108468136501848
101.42132354999147,88.28696800444162
127.33992674160868,9.182660375837049
53.12965471009801,196.01663973857958
69.96390889876137,7.988337975189804
55.07672302758165,147.42624423953356
155.95138750950306,21.553885213437482
81.28373464670337,74.98537323938619
172.7897354877981,47.26377309147394
169.49776634726376,70.32364548968378
194.4769075827578,16.20486432862775
106.8830618556908,48.38317556331159
23.738201146447626,22.9623742183593
193.33204718340127,51.964061850406466
15.180074886461703,57.98629904435749
65.04360600502228,141.9924851058003
139.387403013681,75.59027165329482
82.05567986609724,64.57305358024023
109.55068846986802,33.09330761601975
182.21150517564868,19.074219720619016
26.164168804512055,20.837879731509148
31.74851531257312,40.22157758455742
193.12855620094686,58.109651705718186
180.6950779432534,118.34179767468852
164.4529131523082,188.83543879890877
8.483676492462262,37.16104020575713
39.72943899379937,53.96567634453963
104.44168234376568,117.87176658596422
119.26544251264362,9.883230346621062
176.23317043232694,186.1939178871075
71.64043564251251,119.79991601479814
151.64250157781603,159.01855798205287
124.06192955264456,14.613495843469163
15.80286391188695,92.25435276413268
165.2875609170813,86.49683703885908
132.7254888795341,30.73250497384458
136.71898803091653,90.33150738959965
102.72080418793054,71.99380797360155
181.19820788636432,147.39066131362932
166.43456472159184,124.83260911173005
55.02850379818206,105.96520686537751
172.67882758095507,7.092467844790179
9.730767383913209,140.22418935699056
93.75522823909458,54.29366186838284
113.91840577290031,38.35769882529214
30.351839377410602,25.37251133164173
28.64032474413977,5.173540582756405
135.6919751346758,15.944812383599839
80.77388234246408,77.95653882743429
89.66174101131378,65.16636321444759
5.824054368127603,145.78986730914866
13.237282175477212,61.8400197468297
179.26828984662683,176.24447598713485
96.15532024092933,18.481048845995588
50.91075871203107,31.54128231862579
164.97501969320896,162.81330225691232
155.541589019821,80.82849492702383
160.2201040968018,162.6605438368877
190.04112997836697,171.23040015617718
64.10509155161945,132.36857251508505
174.0793628626899,159.33422534765273
182.74470099791208,67.55565940597214
108.80957537218215,188.99001283997427
196.5979051567376,121.32704935056867
76.2358661991855,120.18058986631242
76.05609030008748,79.72249622218959
119.5984444987186,11.770279212060705
154.77880346854283,58.68054666709147
147.05460200181426,164.19582958902592
168.12841620087295,5.0105186803420345
148.4877567464129,59.69882661108431
184.03048100726812,66.34430078035878
169.45847404766593,90.85678464168599
96.08439900153492,87.08327149942919
27.281674788166058,9.199134064396272
6.853161563575251,109.9682237318301
20.54529860436668,149.22440301767097
8.02003227260054,180.6656550043792
72.36913885298301,11.23969603668458
30.425557453887933,57.680527789647655
144.30464979388586,84.25315051237594
166.12353068626118,177.077886105362
187.24100575745237,7.778803295942694
154.56011913959182,130.5425178263893
35.4613787385994,191.724236188086
43.71577518642388,160.4899405550998
17.588137475886104,142.7230569904418
191.96696097560428,86.34680146271572
115.52634778515467,17.082625709266892
19.153777288395354,171.87961775374666
32.46448681237383,26.760019548175997
37.09873667442414,36.7420941393368
180.35320246286363,44.25304902870035
162.47625837470497,189.59149234238402
192.88865874859167,32.268776164099705
167.4441652072729,124.68157875195158
91.28106651838473,82.34786382487381
139.36293101567446,50.47889048561706
7.047963654221143,118.45266459321239
71.86440905550214,131.03019797940144
9.67201732233075,50.34332864231243
140.3076897418289,26.637184289309037
178.4125447011407,74.66880572223096
7.4627690887806315,84.70037120160248
28.959817063058214,51.33524557828013
21.297555969639987,179.8075302359989
102.20772633787068,11.438302766207055
192.0858407918789,88.2712655064215
41.15208724600779,154.18786420105985
86.75390651746163,8.911498175923738
63.197743757274985,85.700617037017
30.523741685240793,55.37747926736402
172.3458640530417,162.6889860398546
130.3281482352198,54.40393589251345
138.94368651098736,91.58742846045912
62.50339337113749,146.7447166651507
13.49759231463701,81.45577660320934
190.0843909697788,109.04150524055319
61.639488813361694,139.31465856695274
192.60032859299008,9.489158669230488
29.446033182510835,63.47599109212879
180.89850140818768,15.396999898337292
150.2543298171311,181.09483351728665
167.8687517399644,20.37291695143475
184.3738105852997,74.45313256701775
156.7516636039272,14.059264212254456
22.202800062729324,156.64936381515986
115.24193145352393,32.894864973736794
79.81601208646784,123.34833519595277
170.0500522860517,129.1588546112892
163.7708910951002,69.01261639596895
97.07337668116035,35.77747123328071
162.5264845113352,10.162282192562294
184.47247424919948,141.46762854347517
34.22773226538031,160.98206038364177
140.11858717039894,83.74008546403
82.85220000509295,73.70804661341529
120.50920670090638,37.13723242676243
46.95348328703474,192.98620879961203
5.351000040133794,133.3654505235362
194.3719727879952,99.13933799206903
59.63183797413101,118.70677319724004
142.35948399262952,160.8344433109174
131.78320800959818,30.781386950886798
154.65636050294998,31.304501819816405
84.39035661482482,113.67177573426342
70.74110267401558,155.67800700124192
39.04663163431982,22.587043641517166
190.0662734896927,193.29272420003423
171.22067838147944,37.68480872672788
15.457335553131376,75.87288267671099
33.82009575104179,13.45054795643133
6.450392473740759,19.180801375396506
163.54506456434908,21.795320301840277
119.06682294615169,21.996399223366534
106.4727483747871,74.0831256962647
97.94410714887393,31.182733830346336
31.8503614733927,59.68587724039829
186.7750939635312,25.90373650013467
50.63467944259924,137.23027251182307
6.289898113893319,21.100029446803564
118.92574598368147,42.43233274324942
161.94828134625263,174.4407856807318
68.8528026691753,129.16577605513183
190.77800287473883,68.81376573084825
65.08621307726813,114.07992667249778
160.7624673981316,90.42705625999847
33.53351552410894,158.25393580534654
119.43965349965379,61.84232911568356
167.4842365696975,26.161953399956314
136.82049312798685,74.39625153407988
163.3719889401284,167.59450909546888
76.2253034274699,123.69177906413971
41.64948873708588,22.582831314193644
176.71841149584233,10.118216561147067
156.832525325838,134.8498576221435
37.433323092545386,54.7504197121627
151.51400334844976,6.437316138852417
149.46803650136735,43.005642953828
172.35917505487677,49.22125969469608
84.20469112203588,65.60474610587552
146.36669619872882,60.83941091761947
23.297496249881668,140.6826842193038
132.18643259312745,87.3095912550663
21.65289218432905,28.89866473210367
95.2976029938777,73.92048809433291
102.72040779125699,195.915876267781
41.093520625796074,151.6602318706622
109.30724403737594,87.77019376676387
172.41335669115654,165.46166713985173
18.548529301820082,92.36456177400899
62.05142971597435,160.20710656392697
194.18508761474743,190.49346171246364
194.74772783898825,125.81072595202703
196.23144927384755,95.82952309969703
144.58338717389637,195.21470374358762
151.33296592034947,181.1504587288126
35.03602696063293,15.554454221888607
121.21055654946531,72.53773072874883
25.54329485885841,27.784651963728496
169.70148355946546,153.16802396960418
104.37746207393259,68.09098494158442
65.59592895871275,117.52489282708726
153.69205759462866,167.7703888287235
133.752438712749,45.6631186416467
49.41757683211394,140.8822811045551
135.70212986026263,25.590804306817628
189.02892997163562,10.682017811429056
29.045857223004457,163.11174097408886
60.1178406390616,18.307753703813653
23.749126613990683,53.95311143387425
162.05971710697514,38.60543704677653
52.42863119068685,25.375262860553836
76.69598719877736,119.3824142132182
161.6567960790488,74.74154366459477
60.20957730445342,194.50118342429104
126.0074125567159,32.851041640817996
108.4371240146474,7.663224216504561
18.736925250622726,76.6427684036232
149.4984814659136,164.0842633913847
56.44398214363755,87.58579383687618
189.58671242554,134.21907556994975
145.00112106611834,21.053593829935036
122.72154397366916,35.9596887301815
60.805067562995355,23.366081052295492
42.81690415162107,39.10998339325843
148.0203212810295,39.617215602815044
30.509588863996722,195.95666666904754
157.79418863309536,169.41466565849458
166.93022291612883,64.4321836849134
24.886943224646544,50.04217640022768
79.1176673184566,68.69862587312322
153.2176666718314,153.69891264874877
195.1776007186416,142.61678649483548
25.090131660718683,5.5405260942048145
36.12689927475015,56.06353790043287
107.65754435202787,9.29881557073471
189.4624801150537,57.71791279681806
33.5747798110598,42.777063022323816
24.97663350969001,31.383899105985815
193.25175549573405,126.28631684453437
98.79036957605584,24.10679233529072
181.41280786858405,179.32045799496944
194.1468985138909,64.68249778446611
99.87769691782559,65.36926064596943
129.4180504248377,52.45328232819883
152.71536783017885,191.11327231718494
5.285480168078804,24.560805648139745
124.45098032445622,69.95858099108027
116.67357820233791,195.3900004525618
37.169284182680386,59.400938401230555
190.56848274799077,49.5779949747102
189.6194067103198,104.38049975165282
135.88088289628243,29.628918302048017
166.32665727783308,19.128715991127923
124.44765200723742,40.571432535185146
48.87267632599646,151.4031364615701
49.86867717952917,152.08174484357485
30.66048618950743,158.62825022203864
50.68322105817832,109.4237621995628
74.63993248784016,59.30418530032954
96.89096655063868,82.38779476347341
73.25671228168629,194.1668800315974
155.29882803964287,137.70477790670674
19.616884747660645,178.85679354277988
38.05792271550633,21.65737560207075
33.259907338222135,12.351182014616377
28.694871103644765,63.13749879093947
194.55870822467188,72.1609603113418
50.65268575535727,95.40931491941545
39.33718354856387,52.880368163931564
122.50697830575486,56.81885885192198
92.09612006448367,184.84898487519752
30.55928313666775,59.88887526812441
188.70661353852063,194.82861146666093
154.18740527209806,85.46291865944609
169.4058044109004,144.22592767996807
145.89189039441703,26.730167190442685
119.4712715481887,128.06150313867792
187.04062023400408,27.234209027605527
121.68472719589006,85.60049328684319
66.90119385878732,152.10214982042015
95.80174721885506,33.34078711895467
164.23369309485435,135.619351091193
63.21686667099585,122.20628208785195
63.25301418292528,161.96938584796268
158.59444296447475,165.44118867498784
12.971077947716708,70.55587617735652
188.5752246005016,59.90119488226886
146.68843173580615,32.085421240939375
11.696007929885234,73.7835316665137
145.12133918523242,35.536130892029504
122.53205462357782,6.938774335691573
39.00241358829742,196.8716487533702
77.0082518397661,128.49200945403706
181.00592997448126,101.60042247543943
75.66036206205587,133.57451046242858
99.00012947905616,25.21192761603989
124.51322320390913,55.84795858000905
116.43377218275833,50.502212470205635
69.52422669060267,5.800790602829279
79.55776207888832,118.26051584328559
87.57810660647301,58.857610513430465
15.877702301654708,43.44367053359394
85.17735054004213,124.83971423346895
10.323523141450746,91.99826553708935
107.31476227320164,48.50496794935628
155.02110564849582,7.287736779626005
53.419885955070015,131.5944168399231
41.46537944764645,55.07684423201533
179.99589923912364,116.39440242167726
149.63373948863136,98.12926529514793
157.970361279002,171.47701405903183
34.76658951320887,47.62969700713459
46.12940171201931,128.23979485610096
165.27120756840375,73.67400645979308
7.8834089734501065,56.109150621971146
124.99524186525463,33.9178659199612
94.13476511483383,45.882143619284165
178.32545503595972,37.57687623565103
147.7522609916215,129.73133864462466
102.24280201428414,47.750655860117675
46.437356429658514,29.888197389740142
168.42999155825652,192.86231218051637
61.59639160172666,136.62163299185045
120.12777374686733,193.44678240130193
14.090416312482876,130.67584427670215
192.88461767785486,91.62382081778026
150.429009405441,174.01437768967293
104.90225728789615,19.838051037430002
5.835873267420665,170.60119751681535
147.20708182103866,78.22243574702856
145.88913910148636,32.93051738900692
14.81757560966642,90.46174320376274
104.81079646994463,121.67629122036783
103.74310941395208,184.20272590815145
164.0383842772869,45.2237812997374
70.3133673815179,82.01066571551947
124.17528283813118,81.44527890103844
151.61064774546102,75.06668254738237
187.58266302401597,109.02341912458712
18.789095831329234,154.51701226238637
120.25128017790905,24.632873732357197
187.29861107791663,185.22101955808762
194.4108964473134,17.40725106184575
60.981970813438274,14.332807617811753
192.8666213748813,151.66145324624472
12.375602163400258,52.77179626705712
149.69642142398968,13.86621897270074
95.63562832943137,84.67891970322715
16.56497306898119,165.497930890796
113.41334641931043,19.796577267004807
188.78752136141597,98.35157644123413
34.63979520452381,14.637786336307425
171.98476128556663,187.70802916002674
184.39946444157363,16.812395070558363
19.01925916262895,31.236086500913924
152.85619963048566,126.45297815310778
53.412338661144105,30.859949906538397
40.00057993851311,139.47925254710117
126.95188165377034,65.79178907607073
159.20505369355163,141.2935764459831
160.57642784457005,47.61521592757197
73.61358187651811,194.33604925060112
91.21660241080606,72.14926822613486
156.70225367788484,64.55034696471533
115.33933151104715,135.777891909247
77.98570679471558,61.35640659336792
146.1503117751279,78.34255962348232
10.698199098540059,175.05208811258652
140.68458197690643,76.56246844601284
185.59783818359526,156.1560279822812
155.21580519100843,159.4469136453734
14.334150466430298,165.35009515596303
141.92072250251277,41.30641837844312
154.88685007565252,46.02194766130683
7.114192543697733,52.50890534135392
163.03335371642913,84.95987992828888
5.724439291012532,107.18184053773248
92.11494445606888,190.2099671538936
79.00865788803628,124.36380458548
175.6146258440242,127.34744807787925
115.53042400098602,41.04109486641403
137.35269523950933,33.036545403674324
18.310450610753943,54.44531612331668
25.326040566900385,172.445701326479
101.31928469337771,184.89102612554
158.36136505922295,9.48134145135471
12.583871502601815,186.60726134678504
144.02136566999732,119.29860406906045
28.750947478294393,145.6650247544272
151.1586161218795,57.24171776989187
151.46888382842744,32.076855510730375
165.42803738808695,86.35226642396368
176.4634451054118,131.4957403128259
181.6052487513552,114.4679005115771
159.7067083307263,171.950120409574
132.85310412731482,44.73572185289488
134.5462780970077,20.475022856487186
167.83499404805656,48.71979592883483
67.55547623518375,81.54758589245277
137.40965906995615,35.95546069007833
164.98305029212125,80.06325658278912
181.55637380081492,7.6933746529232945
180.66198048993033,146.35688215359136
126.56383525048082,17.583543793716764
10.547095945894535,91.11440652573503
63.447540007671364,148.74491422127952
167.61654882734194,16.499104343442028
185.92747043799864,7.515210787185568
108.05025480794602,117.02094922202048
107.24015459317756,193.93074403664954
27.195625175995794,42.49686483354787
64.1422979721921,155.7824276002146
58.35260637395738,29.1347788986567
9.619505390433883,190.95834039412932
117.2115289117973,145.3781857152645
80.54539460811147,6.428160379295555
181.88748116472868,195.1399455720047
189.44255460380143,70.46545896858592
143.73690567511915,47.378504712056525
149.535700437662,122.33926312722507
160.16490796220944,176.9978752145235
185.73018895775238,115.2845023046883
18.082887746295746,51.32389658306506
134.37551499894423,23.494783213123608
181.892912246778,105.52091822406449
170.8329466022859,84.67843233720038
22.86352890771939,51.05554423283151
147.67252509962498,56.85625355450023
177.40618373881793,158.6533688610885
88.51802427730806,84.33949929275485
196.26526752377796,19.913043730245658
84.26406125950848,83.96946795151963
44.05446038091377,30.28499465288772
193.76388402354343,165.66232619785893
31.806492165560414,174.30689463982011
184.46907901393632,56.452693440120974
187.28208603093648,136.53620390023963
150.89753852476076,176.215002811404
14.08917341187009,188.28016297418824
53.352928792303885,130.0764727305662
170.60920104898892,15.100056516732504
145.08310848523342,96.74409198245773
129.6478519778601,41.85663247234255
100.7604420250475,86.28705497015132
101.8335695763004,62.51174534813501
86.1450890037492,190.93270280827795
21.579611812412022,17.18092443006911
193.55177110572157,36.519583421751626
79.44402839269394,173.35557071711554
168.06246983351232,178.5744327020165
128.54585165073445,86.34368619313472
8.074241849045485,81.01355458932514
185.53696848401435,186.33895869147327
184.96348783018436,101.08560226254069
156.55213474496705,25.118096726369476
175.06315597146732,151.23249407384654
155.11052152381882,145.2367166464924
68.81424607246942,82.28175309890572
187.91232364284417,53.621514560148185
196.94271286452792,12.510023903621192
35.12537258257639,37.848571917603074
183.24235975304077,162.78591433849655
22.061987783576775,187.53913538814714
181.7883810839102,131.29097180392233
189.5961957332245,129.201139224176
122.62248684135474,31.935301582161355
20.668961384667284,54.02434896853542
173.64429194346607,174.30704562567072
149.24404699490879,145.04502132685153
99.80016121417344,64.8135907648207
141.37747160446705,154.32167343774094
62.475383411440035,27.037680955225355
80.79675555422163,123.8813169905427
64.88464351389833,124.06672188436671
180.9776990499411,52.60165093575584
5.875657996774325,185.50824929299256
111.9412149193372,114.01740455900745
66.93979503370304,139.41821532241113
37.17416120177485,159.60665254165428
34.18635864652835,37.520612548528014
152.31269542868625,82.68660101342122
97.77392848183106,190.49206122288902
119.6361489329787,66.29793672363326
145.55291004975493,159.52242153751405
21.767986387656165,73.89873521100586
10.195952005131897,55.454555545598524
48.70882921155705,125.44700540950298
157.55428890459837,29.925703994022598
16.157715228074416,48.94333972499835
12.507579202707761,75.31621423561467
83.54968238104519,132.03293285122507
101.61939545647874,81.62081413771902
100.13751629950107,50.676614003350366
60.120461170381574,84.61282108927851
181.81413955815273,69.8875771720785
182.8251457691955,162.13609151774924
111.65252239056746,15.88572332084597
154.1680339325525,166.27195866633306
102.70863598858749,114.36214394906341
150.7493556260619,7.392594237731896
140.20885148075703,35.256845208052674
185.57678129963034,145.9324684042502
103.32320167027966,11.125130539721615
23.334183576339704,156.15867133018534
78.19359993718135,152.7477857889018
115.38330516452935,67.17274842344104
160.5047771673861,88.91696539091728
109.44139173231821,54.31320165249146
64.2346398924248,112.89203440759194
73.40486654248691,146.3719729069344
121.2066050022088,17.805329451031348
164.43450493252132,33.47357636771456
170.59131105570287,159.99028412971654
192.48940477827486,103.87708766863358
37.49351692534013,21.2778236265784
190.20387228221463,162.5097921566131
32.46715980222053,50.77065333367266
88.40384767727423,185.63989577281546
83.2787766491191,74.19358406166384
82.00370098123122,134.36974161141657
125.02368977290772,81.00965965262783
52.061464867298056,116.90209688098005
145.61521191568914,22.786475878578468
161.9093513850186,149.79681077286656
13.847140101358926,143.86766192018527
107.55291268698909,79.59943918878751
22.738037790384475,196.10589598902388
179.64893276129445,78.00037703272595
176.60428033286468,55.613228046954724
168.4275995368743,51.301098984436514
72.97299143634525,68.90393967837306
174.5480420072167,51.82542660567269
35.134393574349104,12.785941379013217
190.86910340164317,42.74944712908331
141.18621749165624,151.22468330701486
194.75541658419576,79.73665975347534
38.14348355701133,44.80485287287193
179.65031025318012,194.2645326736947
15.98070901982477,124.31269114720885
54.729333938400885,31.84951369540841
153.9566388036373,136.4242079568354
86.9955037204549,88.63530468421169
160.81382162221303,17.859120850580325
130.993095778734,30.19566339544381
19.97998379971415,143.496705113904
44.97067177038395,43.22817314408319
23.834965500389707,192.79916594145052
56.60376508945504,23.94409596126943
196.4973686421734,12.316335958485709
160.58053836564156,54.45004495807755
54.54755153163046,120.72042340216211
95.07018390811513,56.769680915634886
15.583610747785318,148.6633341068228
51.27736149687153,24.886170005072394
7.402257863753478,92.99601454418197
164.1016534765617,185.32057301107767
22.26443498819461,191.42143295806824
141.32235890510833,53.772706496588015
191.86324082777486,98.96121150020139
78.70594427804359,132.21465010494367
71.81312556033276,10.652400557252637
102.51014970176666,60.380822297964016
74.78217190521029,119.20347769233835
160.24944568871447,140.79086975037123
131.60137127009608,30.99704041522663
7.133698081974394,33.88925597726066
124.68045317326866,41.21092410831938
158.28282406332022,149.2040433696233
32.113051314303284,175.85669141390815
105.9416398506594,56.67691556996763
173.2816600191214,176.85410664862886
27.71609284373082,162.57912459211158
22.532456225120324,47.76662935292345
6.5902673130566685,40.49628215788348
11.196241422936778,187.21685789661325
94.53881389554674,81.83203209420485
25.442533761395776,159.64465446393848
136.14042369326765,65.58985020172543
32.08203111887174,11.254165706286459
29.614737020813905,16.183018382273154
95.27253519710322,48.833885772747145
29.958607957337573,151.35530838401894
141.2202534772238,125.664282439282
99.87674064394957,187.68884125376246
112.88807879338228,6.786990155929113
15.14782688619215,164.94541648188024
75.06136627325779,90.54912781896039
184.99075531783464,53.726867184747064
138.93326674908835,41.533221105323086
52.77979923118453,9.26422922000666
80.35958858725549,156.39068246741076
56.291716310322236,154.73135026275366
162.37288015351234,168.03873111935852
58.18803662085965,150.48867384260106
90.20996910216671,188.71603732179466
64.29586585572136,147.28594535796435
66.56609367461542,147.0974195910187
180.47475880496472,153.94192594087514
131.68415002216537,54.264970230231384
25.493613474930136,159.5054115584153
13.484616677333719,129.36780964602897
196.97959106076323,149.7782634338494
124.91642939578061,30.056239128909382
26.531719309592006,49.18753530603902
163.78491079041314,126.72897936866937
183.39760015721538,121.9317225828955
146.5522672272846,185.0533500718679
155.72566751256707,129.10988050477795
28.885343309332523,169.7510824439713
145.0030459195536,90.06789781715806
114.24390941511054,183.45705661527307
159.98903492292865,170.49649696601733
192.2199444435875,115.14529155277313
163.4744481863451,61.088214226678275
185.22413178429295,111.4047171588414
106.994834042961,118.48060430194798
107.94921739868681,91.06826564072865
27.992042152949004,179.48422883347268
72.44244845695566,127.94667735705295
133.01659578387753,43.663239834563335
118.80559395710009,137.48496826608314
101.13768340692451,195.28733881572882
55.79747991352499,10.561654511065365
62.453850560549675,116.07979119262039
18.235012323982204,26.791171272507015
84.99628765882836,127.15703138321808
157.2760932191362,69.17328746227291
115.81266458289606,144.06561532401187
50.341240435526736,139.35061037966116
189.0917519991317,116.20214975700719
135.5580171689921,88.43648716102099
112.77756987785911,78.37853284216251
23.8821701545564,12.689683977437182
162.94913071559802,38.284619997415454
86.91966178457146,116.370861282222
170.53531726517852,89.80898358180913
194.38480041436904,29.012215239714564
10.492663734243887,43.61348149630582
187.03948623968233,46.463019581264156
53.03635187754138,21.74696273872696
188.1200418142933,182.33522817760613
11.48975965243596,134.58048164255868
143.31924144860017,31.466832689449895
159.93349376074391,34.96433795878125
66.60621917119056,153.2397546214561
155.2236518811167,30.422669709379978
154.8907209288334,167.30455721189807
106.02486467625077,119.52452420280966
14.58629033083557,65.76379093064514
112.82166226769222,186.38459268035805
96.26721590062296,75.76917394547988
91.7618318813915,80.53070280718009
155.61686312584123,47.740331442809094
187.7596028365322,97.73687087574686
80.4103116139793,150.32598846454496
68.80506190585241,124.5839810020285
148.7021589562483,57.26542372351021
28.496067743574518,8.003956778817026
163.6643565433495,182.54556288021138
147.3042479052478,74.15656846742311
194.10012771668735,91.61591203257498
169.08264789138605,57.61332670822204
185.92422798547958,47.96977696733013
61.95048474357079,112.70967720210709
185.7526037507263,14.87607370628856
152.58498751355467,157.120183574394
116.21563769134501,46.33426910870528
52.84518135424247,100.2542230189836
180.8495185635997,40.257694166869655
164.39731597250193,27.58847900983964
167.35700609645795,177.5887253947117
112.58460266245895,46.56362412603932
64.79327540814236,6.639344303227508
143.4471981393362,125.18854743072899
9.499547347860247,167.54451764366465
152.4959903596923,140.44752090347072
183.58868497904362,11.846970623356922
64.89561904982774,91.41838854847724
178.2157037074105,191.1036676923663
154.4363960326153,191.87809551285957
167.0476397850585,87.37074150712914
184.9955376831789,79.95919348690349
84.12569220128672,123.58967127972306
190.54722816790334,17.9157854904307
7.577685411711213,37.54757225136642
151.26429701682167,192.08780243300478
178.00384518778947,140.95178485377338
182.98438962531984,13.564519816013757
156.97751666824337,86.18370711969624
36.58711739297147,60.73101551820656
87.84851522913799,152.28132143767718
101.34724466574062,13.608128515474151
87.71636084331314,7.488490937780239
150.2783470716385,124.64579107982273
196.12286767389548,78.94827168224076
26.219472093263363,12.942095472252726
147.50783879179298,84.78544697341641
44.311997996225585,11.306743235969966
152.16045482517774,23.26832379709716
124.83214602692686,40.64764752663814
181.35331197589707,147.4081049236438
6.578338783172489,172.09720078599975
119.12968086791182,6.489492048744167
119.24436213698267,146.066144160591
135.16605050372084,35.330541853233115
150.66605438462852,129.2906935090525
188.97332839299244,165.7155021340857
195.2447455491187,132.51931293685473
99.46319740382094,91.48838467882736
111.9232831986758,26.222019428166227
188.1348222224976,43.51773773842522
73.67325586958883,140.39207508766603
149.76654172101303,92.28501300584136
98.19020155403825,87.35399052859074
107.41411164480016,70.18408105801214
188.9877749363426,77.52397575819789
119.99344034123466,80.1424470770851
88.94053109298996,79.96524800056889
170.534837846652,192.1715596824448
193.60811373655537,71.173569586964
19.5156971658037,8.613889816717426
148.61672574377747,7.672735580497408
101.82138822590251,29.86523864159727
31.676619184483275,56.23453353595459
141.03924633246706,69.72448478781827
171.95480210694953,64.57023254522001
10.0,25.0
180.0,180.0