128.93738147642398,166.1919777825949
126.47122693873688,144.75966018831838
28.868174977449566,89.15862948755145
17.82915845427204,145.50955313153844
176.04136674174947,136.91075911906705
7.269328790181954,190.0127153814932
6.29966988676528,110.74785198946788
185.61018471857426,175.41488005530653
173.3556398107741,68.8840261885789
164.29389287247068,193.42836663848405
154.09835490976377,82.5816879221207
7.14447865807498,127.06308932384418
175.25079401088863,192.96900739599798
10.842755948040258,99.63633276317557
48.47104263804358,83.3297390032529
193.58952225466038,41.837285620647336
47.08198519290819,25.801676725573103
138.16975753933784,186.7381363136009
179.23257999776592,128.0272616662329
148.17888605752808,97.654580721826
150.3290604913391,124.77374343032815
192.33181430788082,134.168375106852
143.4021406375508,47.69785482966225
190.6346573024988,58.80719227155924
181.06315700301226,162.55991454743824
156.27826749357874,136.88196622718993
35.09037031380592,50.94199163588563
168.81333246993248,159.8319972524171
63.688526148649736,32.72460130066385
36.292132599221326,58.91577780230218
165.5775922430496,187.30062923262562
155.4228998171585,73.90968829042268
129.91133775350232,75.83601609649199
48.83773224611398,27.084787113415498
29.01897595288896,29.46240849218954
5.310197242695088,66.01472705153373
167.47848797291954,145.20599387334428
44.58190194128416,153.22124109615618
154.1032078662782,146.6290567817153
162.61210677369897,39.55840967928732
60.02617369195512,66.34652595977693
136.9332893197537,171.20811530478085
34.80232946897982,67.24688931498659
143.85591354457722,97.33556604059089
57.097420124796955,48.71958391183671
175.83136989484277,113.42183534492423
145.0140155208139,88.72800249034712
61.84613741965374,65.75052011157709
143.09219916625105,61.52151554807514
170.33353941316824,145.28516068574058
38.816262829682834,12.761370447301811
133.87333775256516,59.98747198502657
147.88957819976852,23.87255043919957
65.46670752664257,61.572256847721135
172.18565766273525,54.50079490182125
35.03714391074309,104.7831887992036
74.65441675031462,59.0005732626642
158.52422026025857,165.71101266549044
193.51326116513786,143.01564942720145
174.7571282164726,141.36816073188058
149.09059718633506,42.285718398646736
43.43134837525999,156.0459489951846
140.38636484530267,183.70039906888857
43.48150914998374,75.55594541237755
159.2002352591839,160.04311139173663
137.92652979379113,29.468368507757184
161.11903652782718,136.94437337634173
32.87098107847956,48.668744452395906
67.16668945952861,36.05404425107097
52.30595783458837,109.07678329517013
169.83644783531244,172.6527052939593
9.811760654513096,171.3617763376468
134.75686953272768,23.57808845013895
38.685771844218195,108.5399317149929
142.5852908857792,33.295142897146846
137.4300866303192,154.60811928280452
36.18803248238509,187.63806846265993
136.91583037708938,126.41081110013127
45.41334183938293,26.83057825905358
20.642805691728615,178.18522779857284
28.23147568739744,186.5677245706441
11.668277797581917,151.4969318041495
176.94169606136523,126.38613781977463
7.981937823460956,72.81549558229233
73.0672300470915,196.36439898815095
144.27639808025697,181.7951183211764
41.66728845008062,81.95758110215588
35.96477802175849,137.16918784191736
69.59542181159625,116.99089518698969
35.58534488138308,42.86688260186842
69.97057059891547,92.33586191129761
16.951524736119108,157.87550029578316
172.8420170097646,161.2696510734599
8.028970966889757,154.3717096777188
68.3876810120331,77.42003136427323
189.40688307059918,45.50861210779759
34.58247803282613,153.0532568192962
60.89730728486345,74.23866767751082
31.885116138908128,132.7341960043829
66.4545188695531,111.99418716037378
138.15675411519268,159.71616753567096
48.73100214603994,144.90819729088986
170.64330277705912,44.9476234613448
17.85169861299231,137.67679269203546
182.10116154384284,168.76174593350277
184.9813657276566,145.46841159184288
193.82785302311186,146.2035821640767
142.4757738208449,172.10155587213066
189.292201562077,10.499624016079085
27.03808148011593,132.69430302414293
55.32355637308611,55.16827648993335
184.25255825237437,88.10920148826202
184.86283033254847,55.82271760680963
49.912439225861064,127.47366275488126
37.458605976884535,84.93591029879124
5.9397128062844065,55.13234272520362
195.5653609174641,178.7711781105488
133.6694199926616,30.687954390705666
168.88067944002677,29.667641078221816
44.82536866548075,150.66967219373322
50.18451032060094,8.874233422578323
191.42128590345575,80.15626126076707
175.22564802584395,61.90755524861046
147.55519909375752,175.45041911661195
161.70377356572152,163.730732684385
171.00514093204492,67.76942267459701
20.772817271058692,50.83392885519241
129.15431655446284,83.27939469703053
126.61318736688835,189.46796643993733
137.1990263921514,126.72599101117744
40.50753415994159,46.45848776989992
182.50070554724144,153.88921368871127
128.45024922470972,65.96891526954815
148.70458666529987,107.81401165851938
129.9528400996315,124.05967540710124
66.34866401704228,37.19902421075594
159.23056038510333,5.208216760936095
128.23087303123475,11.531142142957385
166.29334508309844,52.007731502550286
195.15193676766182,178.6340849969967
115.35846013913729,48.86812093616962
8.105014457941257,159.55834880717475
73.02486619160958,80.08482861813306
23.69279281712149,48.50045876604463
193.08875066182176,78.46858556499271
33.226282504997414,46.96502150458571
20.063538690242588,57.151985192449715
178.75147870100488,18.400527941691276
159.9567115843681,20.35266161878459
45.45091443126759,63.99698062477777
135.0762104237966,133.92517306255138
49.865446673264955,71.35606498724383
49.07031493828331,42.3518061623829
42.44905370722276,116.5246556885729
188.98273979602462,63.721251257033934
19.16030048875082,10.159654034136489
22.05011683636001,183.3428452893348
25.235243267152885,77.56937918311164
50.754998280326745,45.76059162605593
160.44704711519202,60.42011372443268
182.30095487037934,119.54737621983323
10.537657916941175,84.52580509308109
169.36236504092182,46.42765141648603
10.787985648222572,120.2758166744493
42.00385577447251,5.458635659758843
138.7855557428841,137.6001956792862
70.65657429845434,132.92735829329368
166.74898581551173,173.96306793411074
196.4699516941062,146.2755399615728
162.8855445689977,5.439813066892751
139.94608143023558,154.36492086553378
56.42749876140813,40.19481069735592
168.66278167826005,191.14114997047088
191.71088017846574,137.81589414650287
35.074822496899316,76.31376398634517
18.33118915654072,53.786362987976005
182.0693923570949,73.88143123733664
9.258543794682094,22.230514321597276
52.83115049741705,174.42540172789614
72.10758752911366,8.734958911288079
27.9935117086981,31.94044487267768
192.0787850312199,181.48874668384724
83.23101917788375,51.81380579222409
65.37959852686767,22.00151291798905
150.41332826415297,139.63372192201473
182.58326149340607,52.16437437885484
71.62469494667614,19.192837525814966
26.74085473740056,41.83081895485854
140.4150756566186,60.098091564712995
56.85938603851622,140.43073434215793
174.65420591420838,176.78507153520016
47.68860071735313,152.64695085378102
69.83431450365477,36.34719510949076
73.31022205981608,41.236120898796464
157.54914864324596,26.445253395157945
17.443929849183125,176.0387213989692
31.49726833848891,189.23295103045623
149.37698516041408,188.92922287069112
188.6601239767352,32.16620996544809
27.80123627799721,55.84743561047495
170.84990719145256,189.68572809411324
133.90319379931998,45.53764329246545
10.036244627328154,171.49228666633348
136.81307631218084,82.53144318636144
54.71504114784134,84.94179655597348
5.996051205440599,94.88882318259797
71.30089244063707,39.50656416165888
46.34185665196156,179.71346333557835
9.448965222484567,125.46822208764517
55.252841787082815,10.229235134651015
20.59140420923034,186.0301252892778
10.115266320325187,184.73332994079408
11.981258704837611,165.21082785073045
128.2740700834187,170.20727485930828
148.0788965486699,144.06885664539612
18.745167022751662,68.41405469941357
65.38244849909317,149.0476921856726
155.23193259428555,79.47603331845322
53.25886782404142,54.64967333877106
13.682511362393814,32.993136306902265
194.99778864056373,141.44924177157793
49.743947532580805,133.32747898667782
131.89300964606838,17.85725585411276
26.28167789899522,128.03297311042147
7.641761137044131,140.14570649689932
135.05744476914936,161.51650526238365
26.220841024142594,137.87098135103025
45.714583893260524,155.70262726545332
21.79144015913528,59.0373615486808
42.85349162586542,149.60818345092363
140.38943927475034,180.8083638641457
22.8930292518362,80.67007055932997
156.63647701985136,84.45558552229244
27.86268562704303,101.03480077919735
194.26220583418845,65.53714816104481
66.09160912104336,180.17222162122692
172.20565058626693,23.196264221397268
23.7140711916353,121.52089157381918
59.65806289532976,159.93142215072112
166.20168812191204,58.49502768818571
147.91406301374147,61.29477020976689
135.34500553270988,69.97500518187016
7.12793863308719,127.02353035976341
68.6867202585084,152.21794822446822
67.50045037058881,97.82970148594856
5.214977887167381,131.91790609648692
49.64311836488945,64.11771031863391
61.78481709556664,65.52018845351958
162.47838093644194,178.85109025678085
42.39074213379828,151.05127818658525
182.63949956682754,131.60192682478987
47.66958288443069,25.33062063093961
70.69230171746361,55.57084738600096
16.12401344311649,52.84748545332581
142.95802199651794,89.80712613092577
45.47282806490144,22.769336472839104
35.343374033187104,152.23744773919998
72.64547450668401,152.0181550908693
162.52664770146833,63.711818632701515
188.8366176614963,103.9966665759439
132.82853631754347,188.85544314368124
55.291760757955906,15.207252939137
161.54013020391014,32.7572320819768
75.13324246684769,52.541487794433074
147.67517202240535,147.15941401589762
168.2982274720192,82.84732838528582
72.17018172362411,9.841261566759862
27.43108514948926,80.62551621208203
47.328016262337606,53.93771491197876
33.188963113389256,17.521240203917646
161.34741544768977,37.11165768205554
156.69686058516308,67.41225631021638
127.87665882136059,96.65833795572249
137.06324785801118,48.732940962657835
7.7014139535049235,57.87901378530446
50.412623890445914,90.55248882764492
106.2571171691275,52.33673395371108
33.9505504114856,78.14634494395774
130.15369960607873,27.605775027090168
134.45988568785967,74.38884651287118
147.71087193991426,51.25153396469389
31.126232806623975,135.13620962093276
62.94014440428674,150.75286929490863
18.113072226812278,120.63171918123174
150.90593100070615,175.53413933384266
15.379441426105071,178.58128946905106
169.62456508944805,109.95231527803328
177.44849148408633,104.52209399914966
37.114740751569876,37.36192277008856
29.345147832974302,24.543282713174637
25.57075068252163,164.40065877994465
179.29980112569595,119.62993001247028
174.53145098753342,58.58410549917686
122.5538323055158,48.604459551377936
18.23642813710822,129.83025963833313
158.21021765180288,121.95532083988836
22.024085920079344,64.38757694916342
65.22543126515592,169.60807302204395
19.267351818432175,122.10898650810299
141.93346374065536,101.86490414859884
52.377571786158256,37.51651157164858
133.13743954706155,23.20639218725354
47.08618549915853,151.9053024808933
183.35590762433708,62.02583699134769
157.8552154690463,143.5739940403048
150.8990097970519,127.49039347874304
38.86951795375213,50.86796351232422
131.55065609800687,186.22164331395462
35.33802417650197,103.1093521386295
187.06866309561056,43.78878138600676
196.8520109198405,10.11018963041854
180.53023746917782,135.07511186176117
14.534008035598825,60.731830949343426
177.7327101630209,13.119852041413523
70.60302790934503,123.25581926838942
128.90293041050452,127.97720815310021
40.61275283650901,147.75430070384462
150.70441327833447,85.00194528510809
37.35761727042405,86.74999069723914
54.98868762737415,85.46776626695616
14.182339036116652,119.71404985520313
167.048872585399,145.47469666194448
176.08504681015745,19.123205106831158
28.768509322572353,114.61082495296034
172.12664727942263,161.23276034068203
71.57154835375353,191.70744356965588
157.5781681862711,176.06567193084175
154.26772097914116,101.81484946911053
150.7679253621366,164.86354086221488
25.06229212128932,69.44129746266651
168.7355612249319,115.95949942313054
56.794573140852705,14.427899100880317
22.272139991322803,82.44902851845386
57.3854444661721,22.890604328861222
55.171862252997876,176.76458050973366
137.217269669755,79.53017841667065
190.01383995152622,47.11567224093216
69.84427433283615,92.54328132527856
171.72013093015693,195.98159034760977
185.00365255627838,30.631205545688676
52.65534888224474,158.48253959760285
16.11879572020662,171.24413355005103
69.32629116893055,22.303539488387756
45.16953221128894,15.700714475930823
7.715111745538309,27.90982531088171
51.75926553359309,30.169580468096193
187.46075329469062,39.73875948640731
17.34095913802151,42.05260143389833
172.09257581262412,74.6458185459066
130.36155933279755,75.88494232576326
180.57297012544157,151.16801125544413
188.9998277225634,6.427156563760327
6.7201854589475944,88.68035829933822
141.2233926946273,71.0352948067004
24.30116477313221,53.506886667356326
191.6839420519212,20.86121741893211
183.08976574589113,165.44689503292767
59.545745393986806,95.85785900431856
53.15890922356976,120.27036284054648
149.6084385920403,37.75094581016473
48.568864292281994,151.53611241482537
157.40625832699263,121.41043375859302
32.12843310433825,143.98296681607087
168.32955230118574,110.42538005343295
169.4274184669229,171.91773921813842
163.3722227995432,158.43699651299954
71.77992652704127,84.63000781813905
31.742824186287383,38.5720968684013
74.02546096155623,140.8813405659474
70.9586693302919,21.472893067098816
148.84564022492987,170.76546212138888
190.75818691983125,141.8964118436483
174.0216471594743,125.14265679769187
160.4047005491115,36.49958733018917
139.31314515281784,118.51419667181659
6.272261673813105,105.9398414156577
129.9762630218057,16.27313751757822
180.7842836917534,158.91365181991222
53.27332367313597,61.14397851292672
127.09441005604228,64.06388590821757
59.354337509696116,73.00134050025505
134.27282464837077,30.8615060459107
171.48723750427413,28.69432026898383
175.47083887514233,188.5105203004224
23.702469265264686,192.14704772654835
34.79877594893769,138.8833897711496
178.01834205897615,51.539977208897525
36.438321889520736,153.20718917918893
49.00690714551201,75.40267465309135
173.57711094457989,99.46249639186942
191.62583705360643,185.23487871005068
193.124982214537,85.28996113896712
144.6503715680288,142.29401964599975
191.97440698670852,50.27832311346202
188.03879421956623,29.999446248625613
58.136516012314395,7.494968641571718
158.05428004693442,90.28832353770675
7.976703092522611,77.78048389250286
172.8060569176787,129.42122568124213
166.46981031756303,139.12006710254016
48.41953538944209,160.7916358288716
19.685538251679723,98.55617238298727
176.67982336356667,63.95944036440407
164.12552007532793,22.780764144802628
154.29752551951452,158.01524390694297
149.31653416919715,23.57013461377624
156.26782165346484,175.2140740093636
54.89657411465345,35.894301129229284
184.46300464323275,174.6030514807108
137.62089214035,87.55280437829852
22.770879767486566,14.803928335833767
78.26633172397415,56.74110350375433
68.75460350267151,41.73269498492326
136.59071822327167,7.3255227706224275
42.256652456910636,79.04906557385344
51.959520039747005,104.85963927203231
132.8192148761133,20.763601299083184
155.24483013198446,98.79255744595906
155.45833846931896,89.30656853279908
6.47120330232303,22.83451998417647
46.125830646555656,89.39057104231269
65.93415203265546,49.96946867081526
67.86764189916623,21.05264942563914
143.66804772167097,78.05498066057783
130.0933096442078,73.2117140514781
142.6456525863666,24.428813984864668
140.31544334303152,79.1699364351944
155.12945662165058,69.4946653447831
140.7806262709257,164.50681286648808
41.297530294577534,155.83940243532348
132.02687611490197,173.61380166642917
19.250055894870304,114.85388786367808
168.33388337822868,133.8974780130123
190.09103373873333,125.5352414362701
74.267680056401,191.5249923519753
176.32386348307145,21.47499105569125
137.81942935958668,43.96091211320237
66.61159595970473,110.64526904435152
84.11194437285998,54.623037455068705
140.96741173160393,82.12451244478814
184.4152349205225,117.60430923816692
160.50055250253806,159.33206475961856
64.93748652130789,36.05098241205836
24.98621571628847,192.10637998858567
27.45756049120577,146.12298716091013
51.84654507794355,59.24704405951687
36.20451526361902,88.81939968059808
134.9626871902546,16.052086839190135
75.42057092169537,146.95964616002544
157.69590702384798,36.99647405211378
149.4038374184809,140.9002872934458
51.95283622394557,196.42019622776056
45.76955708077448,105.4768543320366
11.247509298797473,95.42995103198615
155.70461560806217,73.80390143755716
34.453907411539156,30.78093860232797
14.31581591449656,109.09756438554035
170.88848234049496,73.60636569620158
6.819619534841319,77.25323460937298
27.888615139147248,152.78341508870176
80.59044222248747,57.76924891510601
176.414487494264,12.82600143443016
8.416363381062608,117.78867105525966
180.2894456037209,143.59795657496295
138.68077171300973,192.61569062307674
194.03022651665555,66.49947867936419
29.668829631256678,100.49097022436342
15.952859621098119,191.84867483999895
18.920371109771168,173.2174118910938
46.12224693056742,193.14898622144258
196.25568438740342,102.15068049101515
178.75362957024322,31.650555299745456
62.949648337487666,118.95399462246397
65.43922371830553,41.386749453917254
42.672511221990575,133.00218717629554
159.06021895207192,140.50796540071804
143.3595926943848,92.88470535635895
193.55045219569212,20.82294233020943
16.883542015263984,114.8615329818878
194.94051568513106,109.5875623298996
64.44002169507662,9.569786850239245
5.190167947027594,176.353088104522
74.3218329583961,104.97377482940998
37.98377001635574,167.71975979023048
37.16475942996836,95.68681486699651
143.77341291889354,183.3009949105492
53.740251758518845,164.35309802967353
22.13514654887628,140.04546665131934
169.2548912886162,179.69341099139075
12.77375335362274,187.4834232392138
39.57595188807707,150.3347175331112
38.9493003138601,51.832604523030085
141.84333646705625,62.46202075304038
156.6962576893466,141.7119179597801
50.82979469610818,79.22769040986982
10.75568839190193,83.39140820750815
70.63486426766305,114.1024300699003
62.71700313005099,163.16429027232857
147.81315784184338,156.0618237310059
75.08891556231859,185.06050657458994
136.20033445631006,94.31276731398789
172.2755669390096,98.47447957605156
21.899746004321234,32.96214948455493
44.56014037211712,179.24261503922057
62.71763609169801,92.42772991435757
166.55716141466252,122.13972329056008
193.46402840749994,40.79268510786209
105.54076090341387,48.628713704853986
136.94276411081802,171.84645071089878
21.065222741365385,154.89812358374658
140.40044579677138,149.9431428920964
41.14468050479699,17.55231430795458
188.64557595766837,131.87339006195592
11.014187143141754,148.9236190794177
164.00232427142822,132.8342434209297
194.30873654817617,105.07639736708923
131.40816212243115,150.88248429772716
169.16964128509048,63.35903122760732
41.433650198450145,180.65762284941738
35.887370761855,33.92702833783693
155.04823793126718,111.39174135201688
191.3617680420779,16.250122684076214
178.94814512685969,26.44174639556624
179.13495438992112,164.36420239470874
18.547558121881536,163.2592251140342
147.2150056504973,77.95032360656884
150.44709243441972,138.2638264652053
45.917596318841845,185.71887889094342
21.86199223750513,163.44370380803602
161.5928421435605,105.86661772937136
168.61406474723867,151.75325810873792
38.77822861789714,54.56719675184248
179.8209283026143,176.4704856232968
64.72073023982193,167.97389396512975
159.14404054252728,126.69615744176568
57.54323754910198,37.3113909348843
184.70381513513368,98.5878677149503
158.48963215359814,83.02869221546648
106.42563111909865,56.45283782983696
142.80487479203592,111.25463866662133
184.1160044476411,16.53426127065928
135.73391517355654,10.391519602404017
129.92530551271756,23.571945524835243
176.08664055161606,42.3466338753979
194.95525831298588,72.46145314535104
49.945748537920956,129.4707909450923
21.584522163033146,90.8680615214677
7.1009338810553775,115.51023594816945
72.18851679002678,83.72893853463462
169.65485014642786,151.96992706338608
146.10597941961635,6.312237531155946
40.395953105620755,70.73514986288978
19.18695834686191,98.85076439451947
166.32603890296653,97.22238090259444
141.41502297699404,178.46609741539973
27.990338244049283,71.33255800608264
196.47480173254283,184.047557110793
51.4534573847441,137.7207737337068
16.37653375800618,24.383559423123593
57.10328921383276,38.12104489399389
40.389268538092196,15.102043694670792
192.89515219556887,92.756787226256
34.113445320770005,43.87160150841191
18.367134021555195,195.91940282842532
163.14178655290667,83.50176455781323
14.285257373949788,164.82863954349074
129.21422602582206,128.40500433924794
183.43279949086744,122.4857273023073
27.10978820514881,161.63607334058423
35.852139936052765,89.24637053405255
140.8629266844165,186.54544965161858
193.1599783666667,10.796666689234026
5.240504045868901,6.603123712869508
179.66191180366766,63.20234977065611
154.91396299131327,186.0685305288537
65.68359128539319,8.672890573908688
187.5554814371686,24.599933856898694
55.64403273554624,55.019267965080175
69.36451801231308,132.1333340021967
189.6001037710342,52.733048502520546
73.3117039377522,48.282872270595774
153.06792303109268,39.1500840206337
15.842592779208244,164.17235361629855
14.920407687540852,123.8055646914223
152.2507940820213,32.889018815580656
62.88897466343591,7.859626957352611
65.4380747713672,191.98493372135337
13.935630413956105,181.83818242547068
127.56240606139933,166.97133929393394
69.77411825453518,130.2330024382205
137.3304922021631,27.173432387358943
150.87401065201433,60.65716785605806
10.652204731966501,39.0667062755414
21.94860757304536,163.633218659153
59.70311295169442,189.34455842405876
182.93594860591753,76.28745168529967
158.72769152250672,29.364974648529046
61.75444051254782,63.46065853609245
134.28626826331538,114.8116634070583
71.12939888105842,27.682327478679472
151.82872996917794,124.95705203288992
18.40029246614727,119.12957999984123
190.25242296759464,125.28784459872243
30.202218194282235,39.72224819448633
136.30997259837474,131.53429183040762
130.15140380634185,94.58779088419692
187.78755583504514,62.7819360866459
144.30885863236102,48.63697742770877
168.19114686161663,52.980178793382024
181.13887199251593,191.77601932726634
26.993496244959413,81.97564751636214
131.48328705925522,31.829075234041564
43.28994102949237,42.167608720552764
196.34146926649703,158.81563396496097
15.675840741846024,179.28244863084578
16.179503710033533,104.37599510842705
45.83476801977106,182.58289155200546
175.42460582647885,105.76347446261347
54.556671951648966,102.49864675704475
127.14031938809535,87.77501667861267
18.45891893991316,9.201127782355519
62.99103156879224,20.620338546792606
64.46409832678047,67.74204205926287
70.97430541645193,18.160488869121988
171.6341140927154,167.60246052299829
16.46702641141419,184.31701457761213
168.5182448098047,78.46245056103601
141.97298684687274,116.3695455603967
40.33557637045569,123.54348522096512
171.49767153498382,163.82553434562575
35.54627361786248,95.6174139913058
70.61814793333778,150.25449662715488
169.5389489460234,26.627014200674118
57.397111855534845,99.91754786160693
75.80162222106277,184.74428645824702
171.14338622768173,9.85827995113858
11.274581017254802,168.18182873219484
61.416103624503634,131.79239679910106
173.40872362409488,73.28714497275628
19.079985299739135,38.38403859871768
177.74247380954782,112.41443451341891
135.90231561644472,87.7354088844421
73.93797476509683,79.4930590980157
159.64007505187922,130.11514173723663
159.6124387679361,160.330940915123
26.922507131439875,111.68648745193212
182.86438837073644,120.74752029846645
9.917455776021779,167.7277463455971
65.18861155167029,46.00005194350472
66.7056161750939,105.19179432734876
189.48814932207384,164.7802820331987
56.3281502812382,117.9786054120724
139.8217672202271,163.86671134330214
139.5132043009499,136.53181300487628
149.38577012714137,86.49725104586399
151.08313080652337,166.68878328980117
164.59304468271793,158.84028932383686
20.599258072582344,155.3789848458308
164.4223232502201,101.12039787543598
180.60217224115883,176.83273589722958
66.06077402381294,39.40749704305399
64.58529168665939,135.0299015695022
180.2035978873322,45.16056989421902
33.78409011147874,94.45768532514028
155.61155692703136,54.886551269347855
13.868936715475384,188.00184167720315
56.44203917333086,5.427484908977303
19.193874797434763,74.54528477374643
44.15635205703408,173.57090783015
156.3709466424026,28.04060158729409
57.94247741790948,150.83436427408827
174.60547432708321,13.604116180071276
195.4975301975386,150.14904182084163
28.942121768340215,135.86907178912793
53.36288188035216,181.9678818474005
8.643269741792418,77.05364861375517
46.76046755396973,22.397891952940927
160.72755761411548,53.06883204878838
150.3825766883346,86.34716100608685
137.6512547546198,151.98808295270766
39.63991452390456,101.46408683578532
143.10608081338526,37.75053455566141
163.44269732774802,157.8002579206883
59.63376512503839,59.14336627115229
126.3397537272643,68.21744405407514
12.37287149386816,33.85528944721546
11.001559027541761,67.65070170991062
190.36458099870816,151.06930252764028
143.98534954838146,129.21372932652937
20.191094228793773,48.732311733782964
38.262678535638486,162.2327468418642
17.283170198093,36.85633844908189
36.5782635527443,156.33418010694183
46.2459333842243,33.620341543430705
41.49100478772776,26.50881519377007
5.168259750780189,117.50318008078017
6.928483528408076,133.23785128545293
72.87552328245748,51.93016318113865
175.731929965977,162.08157595816965
17.478173303446138,77.25059705920552
172.08670344962783,125.17795556947571
27.866058521148663,193.764046891825
173.3672072096868,180.75291673222844
60.88082936185962,170.81211796651095
43.91308667976369,94.24837142067095
176.90567278709102,34.42948601366512
64.04075989054952,14.460907779308984
139.6887244484599,51.41193014901263
75.00188156854061,9.867283314651317
31.076583740259114,118.68266583895249
149.20565174767677,109.3751811301233
71.42571188757134,63.363736064622266
15.432776252724889,168.79096478879606
47.5056689384139,119.53441901642226
156.8459686002262,23.84316359126925
192.88604035295594,31.473190456242687
42.101766107441094,74.11213899725283
51.036050742885585,22.76615084103778
18.77653639450781,44.55835768254728
166.68784480177882,97.91530395497571
30.264782293564824,96.10236183024593
72.79166675595718,80.28683505529857
146.50131661226806,54.307889289005544
70.01312987536653,127.11977491222108
146.5095349128331,72.33139006926136
161.1478430297503,161.88034920525683
40.74630278727154,165.2755775093346
154.72824763666875,32.47394128474761
176.45388387920684,181.6354922111361
185.72872487658543,183.80328313686726
194.54333290232555,54.50880340495349
36.269713452883586,78.78097190942728
182.37554166035576,123.09571610027487
138.36646970421737,188.88070733437036
172.70955223289303,39.29576465579423
59.099279922839635,159.22462581322984
106.41324001499476,49.33923619061892
139.3308438487066,159.76201602073954
74.96152939293428,34.06492169580244
75.30064558262193,96.7503141874068
155.3553904874185,134.70956482690224
159.14508964520286,111.64225344799115
52.07997394046755,142.69832238515275
140.46621923046135,85.59956784763921
196.2808408826919,79.5458802742636
55.47994999350177,92.97731286098951
40.03970815994956,122.75914345581357
145.95213444827007,13.48987789189881
42.95898827360836,160.63049959576307
36.14429726635626,170.81409658482548
165.10368232124875,27.494496134325058
152.40578245195465,154.81127321505943
140.32959644467545,85.54648798977645
67.83682104632305,179.56899214356147
66.66031374043466,189.83305259343237
22.604239457984384,54.44325217016994
152.26916374575814,125.84544075682625
142.91145794882635,30.270403248621246
12.382835200116928,16.179365353197745
40.01073147544508,153.00075295053668
166.05717121494732,131.83924494207778
61.984452692452535,19.42204983429073
128.706135863424,10.357217304829655
165.3268838374292,164.46728998614398
147.9424475207546,17.91644331306102
173.5263107876566,171.6098806428663
22.168481155597217,21.135619170324663
155.96415124849472,89.05372244068707
37.47260340961604,143.39415939095633
142.924584071737,176.02866472345067
180.53637574368537,41.766352125825385
41.22975639877138,152.6042341184347
15.813345105813848,145.23393501246682
107.36303590338518,56.391280731888905
42.06908177300248,39.50084615598068
161.95827414595726,131.0807980612267
133.50753739651068,141.3060159684021
16.802326086465598,114.63377840187837
185.9681160028597,117.45943263744824
150.55167361983675,88.2646909082627
148.3017581904424,48.16002329810451
154.84994974858262,143.71300871627432
45.03817096405314,33.827105573047916
156.13589196514894,104.0883117749914
129.00045259735225,82.14250808960591
192.1589344020156,115.02145359159336
20.10552896582097,12.871258755438289
148.5483029968524,61.208291482134115
157.69727407018638,146.28267867227137
182.72837420513974,9.459134591824345
190.7589853697927,77.44485502011662
54.35325072883452,120.70723180339304
73.77960929451449,68.78515219348338
161.064829360441,111.99008143481576
160.92352829743123,127.64290902712816
61.209988246584835,95.44471915787489
174.45720554616156,158.38744497508262
148.17228535373314,31.459835004204592
136.5679095273119,120.3769369515569
126.03461089269328,143.56486370550698
150.31443311304017,104.98572002413397
195.15542976346626,56.70105608991391
186.03311280893442,159.25619481186078
37.29114442325682,80.70067075826286
70.5523970642983,27.990147836068857
145.02854901388906,109.75198850254905
133.27818805416814,121.11807025833139
173.22557001920936,142.5580069104038
194.60861382224735,105.82831708709395
49.515755751354405,172.39267324864932
62.18130293847283,15.728790919687235
39.07564939821671,10.54646987215694
149.1369555356289,20.480910049966056
188.96729527437864,172.57279471790488
70.42763326468449,163.8964041574546
173.26695372552436,153.11121189986696
157.4355724155914,128.30284029505017
180.28149734332817,159.03709696761956
155.0560692294193,176.6905150639996
48.33406896345298,59.536960610862465
147.64920346977232,122.70683790306447
38.1731249128432,132.80572984386075
184.4157684718767,111.37654516408385
61.17049803448747,172.4400495249022
53.931530764096365,163.79230840731788
73.45869741593846,62.44424809218915
60.17734028409466,7.392719376760977
65.78751956433665,40.136417716316366
154.35183008579446,53.811897862241395
65.16941454914469,169.44812304233108
166.00053841379932,168.37003404608052
42.01493830338047,26.485236553071434
145.45812054024685,139.69743413662303
56.9450124291152,142.44980562196477
68.34819191573003,11.378175415368576
21.44222944446235,161.1021551900219
6.914905705024198,129.838360249497
189.72808944300508,9.567034514017717
56.77254636111845,138.01444534820942
36.35768750037466,175.23276170371204
39.73622963265763,99.5643381821976
137.5169765591128,5.1875985884519835
182.06553821115557,104.33730207154743
179.4886566589245,89.10783240523601
5.371154365246749,168.89153841213556
47.70494341211001,85.4266267776082
10.812052907886011,15.424886745933428
151.80782329121874,78.59145626352286
15.456191399772198,9.554263514711774
159.3909112947897,113.29528513611821
148.79966028238698,134.77150596144705
63.2415189808729,71.0479413045499
62.892031445112494,153.32358627119402
172.53535535017272,184.01735007375729
196.24656181379655,120.218989736288
63.693498694419446,9.827761329747288
29.971179579733978,150.5264220076702
145.18649523598242,110.43742458885276
67.0122225253623,23.38270494983812
29.994437110208626,113.83379631804597
179.25360429236878,107.40171146866257
190.47121106971022,14.437412085102778
18.853051814037077,168.09246952017236
5.94230988625846,102.72853072780754
142.33698587480217,55.06639074611471
182.7863109824581,113.04057292659282
145.14714846743868,167.78670573922074
142.474878562977,170.67039747034775
164.93610611085833,141.64975812753895
174.0697215077861,196.3360794223214
56.66841532291645,58.291520891030636
75.39985328427831,157.31438184278596
23.323406662735817,196.52175099285967
41.193441419269114,28.78997341824853
51.71482911004494,74.55191610209641
46.584039767243986,9.676434419969752
56.87289030198877,5.145572337715052
127.53236205734596,149.4598227261565
57.520544729595656,115.21971789458296
63.47883050741176,14.601337889486796
57.96526278028698,130.6621279584027
154.4120310893475,13.579416418708922
12.00973367633603,103.63691712712266
139.58640381569361,36.105428946130246
72.46206181085356,104.25688676023378
25.321070097075754,185.864177032344
126.45756968167551,119.46029660308909
47.4672450399275,169.26892157369164
173.29051222203427,38.56875369694191
192.63218015929826,152.47077595266114
176.1100734397118,84.11422116378685
171.4505354020357,10.418478538175217
185.04598775242576,82.09031619159134
42.497906485869535,183.65323115153998
180.14585869189747,191.98871688994325
44.23943543961964,140.97822071931193
144.79538281930058,164.49126493692077
50.421297751746664,47.922371998911295
75.53966778586111,107.03214359543455
140.43911637746857,125.85906728822573
49.506260485475,166.97701357263597
193.41487285472488,137.16937997174603
49.282912359744415,181.5933469533248
165.72364865412013,188.47714327733578
160.90248345311875,124.82265775129201
189.886759459024,52.235231495221335
55.888587456748276,85.41237074417445
195.61894296609415,88.80332130665857
148.01875173517828,95.7197718277514
57.4224974230681,6.775373713513886
24.489084807518225,108.70556672167945
73.36618168298035,23.45512694571251
10.310991798925917,124.10509301724979
174.64836942178133,114.16779091171729
194.86275092739038,129.67605031428906
72.43091873802929,23.98236469238525
138.83056777552224,95.73193315651606
38.61384896081708,124.41142599731651
75.24283178787364,100.8247194861542
73.3677181405473,13.940889445900183
59.82195358483913,58.860184719594116
64.20239243805409,168.6050218931575
69.48059658814368,192.24004636635902
20.799441767087707,65.96448794318938
33.515162583665514,61.63063879544979
11.652246904447935,182.41829712339052
12.380375522652624,77.27994303406277
148.05046661176476,61.75306563560028
143.15936740462237,118.42069864118275
64.6488834612524,123.13319910645886
155.81502656208696,127.78189485383677
174.76271429217653,136.825177886676
172.31612075184452,184.45965126195964
26.26448319475283,135.43868742992333
167.20159120232373,92.30068171221457
149.86726216845628,171.18326223502748
136.62482239518675,31.1812876118953
116.79232226078193,55.41846526943224
27.8344822851173,48.87974630765887
167.20271840771514,108.96111222654675
130.2777317110525,102.58129883414888
21.26374006109209,130.39715261581878
46.520045581919106,47.96818270650519
143.06584321055462,192.28223740923374
66.47068658973545,93.56570124158158
119.18298791953816,50.48879023498202
183.34958044547855,53.23880205207352
14.433651195913585,40.07063760513516
126.67599173843497,153.2996077141396
14.320205591860159,152.85715431541757
20.830893644467753,105.68976258482411
196.9115864756186,5.604404786643076
162.22191322074823,117.15558143466404
66.35369914705718,101.2333945427683
134.16881604206628,47.092383958784026
127.76331244681751,136.96450521124453
55.18588107785777,15.764365839074046
136.7609738131755,121.02344458102094
152.470405127365,32.197787321678135
45.22363472922253,98.93210824027142
59.29903242109884,159.97695717766496
141.01000383052562,73.21573636401888
131.4269141946067,136.24919252105897
21.98251026402012,89.30732597984932
175.44503567542228,139.40618619452138
155.58536532374123,102.21362851880336
163.90676983513583,138.20435544648993
64.34975459186204,187.72559196956956
162.2314802982861,143.74008273992038
57.38092370697329,163.25326446009888
20.98177674804051,5.849377572836675
21.499436020953233,182.58351553970874
127.77645810813182,103.71806631794144
90.73451009377114,54.12977563654899
6.010332344605718,78.46846123023735
149.58574358157438,120.6386337231166
164.43015945564997,138.45341640200039
8.650138956303564,182.4268844369138
18.627274627873884,166.62046919080478
20.713952934079998,186.33841098621576
23.250434128807548,27.977254441843755
146.19480658268782,105.83870429827336
68.73683928366293,168.55703278075657
60.97490864346679,25.26722120871578
188.57017349885,172.34038884348868
70.52770656499546,90.95216394302713
69.50835770603953,7.662378209704355
131.14913899014294,75.24845697135757
152.61048299063637,194.4451368918409
184.75062410044544,106.17847903073816
118.13045590741078,50.05012027376466
69.91527943687935,125.87750118108633
171.57286099296033,166.24194318451197
132.0341654821759,39.21397388263938
153.72941051290343,117.65014216928033
189.24860401935422,84.88868299503692
158.18515970600785,140.2429758648987
152.68332323756712,174.1222229774892
159.98771908482937,84.75768634370615
147.38012019595087,38.93424811099176
28.290276671522754,146.27323753894615
174.88872747616256,129.86164803360245
41.875162400616084,172.1575893535977
60.52766601695115,130.28587192261753
49.7482213823777,109.1858972148958
160.20178889952183,47.62518581145694
32.491857024562115,145.7426476003016
32.61684468128329,106.01363027072384
186.0576475018639,99.38303997049627
124.29948911247068,55.74625465165691
165.14215834860232,89.45165177268409
177.1329340581678,158.93956902745458
42.07841323133369,175.68460558419093
127.8144038917384,33.26575891916885
151.72755927814427,76.02423732635415
186.58017644786133,130.10478470960385
175.37171637251913,70.5495153489521
104.03974053524283,53.39929935061891
53.77222880661285,100.75470924227183
136.57563342017528,65.7175121487248
149.1700330101312,182.99525933535818
60.75450004044719,175.96638412276408
184.97084334882996,150.02440024335135
73.60110923821868,110.3100552538731
49.23642703543713,185.34408700308785
162.9962249556317,92.78507503524456
127.64038929608536,94.76349239052246
147.51669073874675,79.66741511250189
181.687926962399,173.13386283009308
65.45387138864496,74.12777687225531
37.303908983163424,76.35626600370185
129.18122044390614,192.54234814517136
133.12728309752322,170.88010861685518
29.591197963577677,23.441904536891577
193.4331546112241,181.9318007502554
34.926018474628606,6.46413234820605
142.96367651256858,59.42523953018225
44.217421996102004,126.76473258334492
131.93524526777236,112.73362949732949
129.82924835963522,9.237724436904983
181.21850490849343,6.527888390813745
136.83426578327175,182.03523511028422
188.30707234020008,9.34587674981995
183.60056327795115,34.40841225263925
52.07680107345594,161.59565849015783
31.88600294096961,174.987133725463
143.89153218994048,40.31550593399128
179.7221658464171,158.79543623519274
33.353759880425244,155.31499193717406
194.21413495152726,53.86291814420682
36.92910182606613,81.36860805436132
143.51624915766675,39.68247478456846
148.96327529984993,145.88797422231292
149.27928235869584,16.548239398074436
183.93946045618512,46.573618698661264
42.84888488603438,112.2189301901965
21.01693499045064,42.317202995454664
68.45705215159416,36.434170199055664
166.31287843137898,195.868310041419
125.98682429083378,66.57346148131367
140.7831353874445,131.66554191360225
7.519804606159662,190.15951277012886
53.07024249608133,186.47461674575436
63.093188044506064,29.999303055605143
181.5367648154563,119.27471587408144
148.26554104077857,192.48510715088773
179.29600553831455,146.32549152776397
160.26103651056223,95.00729965319323
65.61675728471553,96.4653975219966
187.66939352424586,181.462858347564
6.809877719474997,14.979073201985477
48.65071810979835,116.78761577700004
128.88236178960395,103.03072255523249
75.70020576188678,99.58953582554874
57.17832756267369,182.47251317798933
136.28138790514484,25.481422451745843
33.72631337135718,191.12277394073115
42.490263235351264,18.23253469834499
155.1968144074472,44.83544513654426
29.9706832433364,47.15082329462303
156.12738521792804,57.29425553003364
180.37829754708213,52.51220634131006
63.33843916522615,160.73178267723705
155.1227593365842,53.95934242483939
153.85344617620754,146.07345753510612
191.96449617875956,147.190388804973
141.35281563507047,175.57297063477665
7.635068639473561,68.97505515217502
174.54911163260783,126.1880778543513
53.85878771533455,42.103829316584715
73.58391529645046,143.3138992257258
178.8207335477834,154.36637974917687
17.767635262523157,184.14798800785894
67.15681030787565,20.04642787000951
33.804803499167846,191.17231041527762
82.11449672650576,51.624517742818604
34.061632465590286,167.76847496036314
10.998190199791466,14.111259790003492
147.8545286203324,66.64455219832946
129.18531232794317,124.8513292604158
58.224299243419786,110.55644629997887
153.22212127504227,142.65251246759843
144.54205625522073,183.91006758975266
41.15741592634449,14.167098398992433
54.32492516862493,191.70697363347404
40.746230929151636,91.10489589160865
101.96557537290221,53.078518509357764
43.532611026710704,107.46559288265107
47.85943891427058,116.49336145302604
39.015988147273255,37.07589516449093
50.70523220359432,128.68222076655275
10.784674272566392,21.30880294986899
172.75036794437565,113.13071291445286
194.24979635045503,83.7113464151879
181.91718427559536,79.82649818291426
156.68736685006465,47.477767980536804
52.692160361966145,11.472282329619324
168.66457267491137,164.08599411123367
55.598639951724664,128.31515418665433
184.89662612773105,52.36775965589262
186.5570396791063,194.5121200200798
68.3632190070544,79.27432032031282
73.54303468304204,38.472025419678076
153.44125732202963,82.21274910987421
126.38125335195741,33.013446238576705
178.61157983266787,105.19774937083086
140.20627994555215,17.518750802724036
165.1548132980504,177.31919534976313
57.126771520308,188.2585642184873
193.4199953730262,153.65596719395262
41.28537956004612,179.26843085467547
195.8677597827751,137.83335146574518
139.98558603171335,61.36868268214386
177.12477884304244,61.26342749177592
134.7944913168105,142.29928881755436
22.907864621920144,142.47843582601934
22.355429106702886,40.551166091529694
40.91993518700127,130.35916049858804
20.966693610295145,185.02765995677015
30.252431811099726,64.951070889827
13.719705800148773,27.335531669489697
52.68467359044629,5.300674380155707
189.205964768007,42.293941019821744
173.71970282838305,44.01145458290126
195.04799631159753,196.58304075281356
6.12556041933118,50.69298931465591
183.9354595191522,82.52798642860863
144.55708807431725,108.47328614052704
195.9811581356299,162.91466971415755
182.81587475919977,46.069884872427046
143.59839797965512,181.38593112660024
179.79179772039976,128.96650874748806
44.42269739128913,16.303561846997816
164.6735307204497,76.47621234507204
157.60514300207961,149.33617808158232
51.504231387840996,70.80833259150704
126.60739668781905,115.90000476400124
140.92731784100346,20.407377015018863
130.46692402478834,182.7569453963562
135.88279511174468,95.73887777442778
143.21586251337655,180.316420806454
154.22637795842118,56.95091941121652
68.7495881961033,28.699698094384928
187.37244773000805,112.88488821664687
74.14026312335326,108.0893797027545
194.1019517367268,37.452783694862305
148.91404287166313,48.19529967483573
26.70129489832769,68.91815760832397
140.49979899391352,175.09358210068427
13.387208298905469,184.15358407708266
132.76878306068497,35.299018888151366
132.82622181217576,84.0929586348873
61.770756517634375,72.75326341422036
30.044641471236755,67.07736280562881
127.89448583130803,69.09453880151109
168.70786851082582,191.85076401124655
139.04772731966722,149.1953078053907
10.522916763406595,58.76141969533564
184.71677869768345,97.2145034410616
189.97807765397863,71.69001190330721
165.4216408167907,81.03625550933683
194.25230941983588,140.82774003336598
10.85952939334207,168.78156355922653
69.11341844326627,185.6710920248771
25.08708642826892,89.71001066732545
170.95579416203717,55.289095174986265
187.4868080367352,115.22458041350109
160.58769711722695,132.19498549758427
128.92281633936238,29.156593313200567
29.45100504724628,103.59721833176441
152.58951700685105,67.06097113441383
48.971266158998745,38.52549058175283
14.516101952408867,76.78520503107966
39.84494682790647,116.41205021742536
133.88501694272819,8.383041854808258
38.44630745151723,186.3695556453658
59.66303268998486,50.26109670539337
30.21868979387436,106.07573871293167
35.558251768575815,60.983791035161516
176.21379715816877,159.8128304405825
70.83576651402383,122.75612796705786
176.4641254368272,81.63882126633744
144.59525175857402,40.198569296293876
144.44470304396054,89.90683137295832
174.74371479470355,176.1011816066859
79.02974247639433,48.83982389510508
61.64962472457734,42.9953368339658
41.59127388472593,142.8261502858432
163.42872217443423,18.945429583238713
5.0160598115677715,119.30665010242099
191.26061654916836,123.04042170299223
7.053948550067381,108.09586764883153
66.5179327417618,80.77578872206385
18.748063860601626,16.97010477813649
18.663397777021505,85.2206000663126
160.85711887119095,32.2787834422674
158.9342250252991,122.26300805570928
42.54842812774165,16.820656845711095
61.526351863886624,110.01905340456543
149.40341737268352,133.083789940724
21.481768252474414,137.98707470147812
148.8112182070094,183.51637762906262
129.8478709645578,57.21696417123355
167.93615016847767,192.99306408891653
164.87644665361046,131.98846561847
26.201314697314004,192.20011796206876
144.06031718287355,48.20860722524054
189.31675108065463,169.00307195095849
37.84414962048023,138.19554860172408
153.93918222718756,90.68890672248642
45.53159257795031,65.08860909800055
64.17414026733027,10.434525066836125
149.3822712374161,102.0700712703938
32.956477210406554,13.418478574668503
57.42577988999218,76.41557902398293
196.72709688268944,100.56293435915657
85.58118804125675,56.381562825694814
26.042033071414142,52.48900484582919
184.4639041977929,32.23346299481563
59.48385721819846,73.81335382639021
63.50097079328004,5.135462083743208
25.75259858931835,40.842729342392786
9.48661855114099,153.1217459317206
16.187736780348864,161.3327147843955
135.66860989194097,69.1916041008416
184.6018014709234,102.06818003834736
170.87502875997615,51.49920027041304
15.403184651641826,50.4386495256605
144.47074975086537,83.41106144229839
60.29917812995644,10.02248142865816
99.07289790212805,50.55633160761083
57.62863430702153,179.48997895485743
44.63743607765033,116.1999769593224
181.9488808379999,53.77822967675459
126.34242248027816,32.67935003660337
20.49038480467051,178.91215001059706
172.3939884293412,131.59226505183457
61.39763348374342,176.1551755314689
30.48340027904319,7.641841336389733
46.63204926038803,89.54598845704501
133.0910611274958,115.13464554528365
40.45687601021641,59.99621822006025
178.92050286226657,71.6401879896784
72.03871571799844,99.74037867161762
65.72166355290108,156.4276109975856
75.95699520729409,47.932648061324365
11.653168049184087,100.64086493654018
188.5092743026984,79.60223818533707
166.9291914933948,117.52171049074857
165.661306318293,117.45278949012086
17.130276428446184,173.40153230922613
39.008215624464995,68.24597697558649
161.78224088298015,189.5055522170218
40.79643085387267,49.479090337748694
24.05739918930275,12.742135720883416
19.70768729938844,64.28096248500897
163.93900435270984,14.667153165125931
27.260644724923942,159.16157810474093
106.80636707876852,53.93544641299072
42.332005267953676,119.76519097191766
33.174003765192964,146.01339146820123
167.2916654594731,78.18196067711126
184.94318161999428,26.714640118598446
129.6028768757947,32.86807833154897
133.6222728956164,187.27725303003243
140.76230559999814,24.779512036060147
51.38817568037648,84.08554005506355
37.116965338479275,48.648523104319544
151.93237984875307,188.6862268483124
28.374052318492378,104.37858202506841
185.5649033350968,14.776832738112864
41.29441808613038,60.99846711174988
31.146429300878246,65.74424437152808
67.00879238337666,53.2892457343734
50.43452493683563,13.51020602931475
155.8363632569018,86.36794157553221
29.666339443415033,27.385514192954574
159.16649609168695,117.27786242874892
9.939420621552614,136.6013574384423
30.045147940634468,55.055093745509126
185.67915799522171,175.10820500512733
10.127128617288003,115.78711753606852
173.09269546939376,184.60769989422883
178.65873179880256,157.52445701327156
96.1888119412776,57.09251790125224
22.2198473221336,49.99118844649925
14.914460466907304,160.5817497772956
43.3644801416879,32.41406699168391
127.53202680863515,82.97886407597159
182.03794397114183,66.12904275326797
167.30454040388017,36.012822650747744
60.01641937259436,136.30963526630302
162.06331928762762,80.91682280941251
72.12371234956512,38.572230029905114
69.99570607690278,113.95283021716929
141.5695225837508,5.032214906889979
31.72896017493633,120.51108776016116
57.77941612215586,30.607499853104002
184.68275550227972,70.93609739436666
5.123918892232371,65.67590788975743
48.536194470688066,26.496059814629927
148.3757930708611,72.67893168025604
167.77754703073884,191.4481024197254
146.78851892650133,140.71562214653457
46.63482523327852,93.81597207488285
166.88592562133869,27.326666313531057
47.10320457035498,175.3154307506547
33.665993419087705,181.54629785533479
193.43255643854147,164.55877201903058
67.5514365800514,58.03717910164397
162.5262538559358,124.45973463901804
15.61354999067694,141.30009178115597
44.146150112022404,119.93220045250105
71.9402602429155,159.53478213291774
72.58467241485484,59.17362693614196
50.86575599962757,194.7467454130417
10.473513765895413,39.98520148276272
73.18484882651899,147.60168184289662
181.18343306065333,56.13306674100437
161.57404216386388,54.209474291462904
151.5248529047362,73.4114942551438
155.82872475688148,171.71812015939398
181.4939091606732,171.86616379588813
152.70887345588375,166.01142975700392
35.94870616763293,6.0349693490297245
26.126959052363212,18.732794154000505
7.54002714214398,149.3611142229441
139.47025042712252,121.88701242971396
193.45441956766382,195.93597884656606
35.40595426326089,128.77254090404264
9.040420983504754,42.119062446127195
162.341602591518,10.013726811435095
59.07909709915338,63.76824646026001
45.0512304183404,109.21005870617823
141.6357994323797,157.59429028698906
186.31576779306218,190.72358169241073
55.47254433949826,14.223017900454693
177.53399911725606,48.68129661204816
131.02925998475476,162.52244040160323
193.2230829168251,170.7035842625494
173.60476462839674,19.647409080170835
65.08625343339926,86.32602324107992
65.40412219033912,45.55775436859916
190.84263493544952,195.82497777336812
185.99658728400513,162.92592010799612
10.398089288405638,22.410277707363193
191.10047004551916,78.53402862077654
164.10426332553862,174.17120545488098
64.46302860724603,38.01277850288191
96.73803084222516,55.91222921979778
8.654411436412582,93.45153215555649
19.412004012366456,106.68600089847207
8.926564997310127,159.3593219862324
8.945132935436025,12.093803181184107
188.25739137625087,188.68380608640123
177.06073015374992,85.88063919587634
60.363037530152,65.87183323067615
131.06557904234754,91.90601269345281
37.21606051014061,65.80838285908054
33.33735999395212,60.35517940276894
73.14547604637688,102.76593679596495
13.709122294401455,61.368613777626955
54.70488329233966,128.6797124035436
157.2973570400914,196.86585599172503
57.5491856771294,168.32502614100542
18.346406497801148,121.84352982516747
15.787203016430624,49.00250051520302
36.869515454065635,92.10988199678258
139.4793734507586,27.988323260349805
175.8381088116821,166.7565695582635
50.073976008981674,141.74112040676204
68.30788999896853,171.183373534517
70.70099329758865,100.903055827216
196.43056695849828,122.03152725507199
36.27831313586641,98.5107793826396
160.84932891314156,97.57005287958577
7.720407823039749,43.6865800073885
67.82703825043788,142.8140255713693
72.03332853611013,139.9942847538795
165.39306164666007,34.41555471535403
68.87691140486278,122.42194815134503
167.43546866665054,113.12833062641032
11.621846735024933,33.3928811676669
149.70548661272016,34.20781978484027
31.44676492894373,100.1143982551022
145.89776524562345,92.63768121435116
167.63681215117265,27.861069469004033
130.93144516732895,54.573587186445316
108.82824486300343,57.42803116358091
9.53405434926972,51.241860081799395
148.11920419931263,156.82269945051453
19.254264157343535,36.61472583229051
139.16806701223135,90.86448519249554
53.27924629505388,26.781132766789597
137.40935284394973,95.5011465108462
196.75602670225885,141.40202031049859
183.6827859217841,196.87819459137972
79.51935493210387,51.05290897981887
115.86732356259272,55.32042384539247
40.497198714649464,98.42147467823956
20.723873017036016,30.873734757710523
186.1293270209539,74.76149145528989
66.5115646618513,48.11837017339885
69.51864364599771,135.49516127418755
68.29943613536452,164.84706081980354
28.951083933750663,102.54639028422406
54.88906138547139,157.71435979063475
196.717757715904,195.6672713531628
138.65228993434908,185.8060629240162
6.215088716362038,109.39723223446535
39.521677230828956,58.532873668909815
151.27967476686047,49.029272968460056
71.60090797091466,59.10779367993113
73.07317474840774,113.339168858311
193.99066015079453,28.640739314175114
153.71772749939961,157.84202589434864
173.04467710169232,103.66022327878993
51.4146650485604,104.49898785886322
159.6656860469013,37.44442752289762
38.08767004653965,60.58829975092572
168.18940884573837,141.6935476022316
18.917963064703283,145.69556607016884
179.103641128014,147.3106807046646
126.47016390869449,169.59682628118406
36.3555855582981,97.24069024824124
12.479626384957628,186.8133385832901
161.8594495374749,117.93194637064832
15.394819154888346,60.58849520660785
149.12235964744994,5.752567138693928
63.77673208279769,131.287509690542
64.73945889279108,85.33543617678724
117.81573555651313,54.589843925526
49.675961338017856,22.68850661800991
62.28791280504707,129.67664649457782
43.920557474084596,169.78272934155157
126.80718814223087,70.97371398459053
98.91454352238769,55.05372997246031
165.22253436871904,24.173105085753345
195.30845136075033,21.312856332804884
177.05677314632592,15.140486874222864
50.75732132460511,193.92371087682167
75.48683578878014,59.55823887392818
193.38532303214006,43.84641694436984
183.74675207134342,87.41041480418185
168.84203218375774,34.236733494458896
18.80331454302341,138.95806073686083
133.67086772302613,35.53770451804891
154.98145799900362,5.626830686116278
5.29026200686505,146.14980450475028
127.69616649662018,67.67603945383456
51.26275580241253,67.88160161378708
9.942457928126966,111.32073985972991
58.96476814256714,87.55321166723769
174.42674656795685,195.06452527574783
36.5045430203755,33.63397185823843
21.457958739958215,173.00406329140174
174.87277493723136,87.37857833084433
12.398863899105253,174.12507304872864
24.4753495373881,185.5049273780995
66.59061276779106,98.23267356772612
160.30733047532172,75.76843096469946
176.0105108736336,194.79195658121623
17.072974509945254,24.060584507107702
176.66609155993007,80.98044341094968
69.92693973060871,35.52394231625456
33.25495870082201,162.51141427939768
145.65454193714908,99.21793708500319
65.64523335110258,128.48162925189774
35.234527090652115,12.234024524294838
45.75296771228054,183.09499464106398
181.68479103207653,155.74082124423532
167.64572338127147,153.43699123142554
142.22050674043905,55.74882845410528
176.6761066993358,94.49318514179285
194.8611468063571,192.28847204577684
70.18518785673038,170.05899929481072
8.773461928560721,130.4232155783668
145.14484586939892,151.3110959432777
51.788618869095274,168.27072137986698
32.510940158472415,71.41875238888878
182.50172909731515,62.401136918758084
67.63282836623964,78.04194701824302
133.15969559555396,48.56615683605928
148.2567658072589,145.68219611131468
150.7777154267705,95.39747880603039
74.74408590094795,91.13864291817937
7.432231087403923,101.31957552228407
37.51810093741669,103.65213028670934
166.27515432318637,186.80833984997219
191.675320182323,54.09695444985796
10.997054258896927,14.820520985228526
132.21050014890682,145.24565518499546
188.808621616495,98.27060065845497
67.78084342112876,101.98386617308425
21.268042409091958,191.98221263035379
6.225262694716631,74.50702539725118
144.52293769727444,67.81954617597395
9.902529235492855,135.732311742129
64.30464747132636,74.41401881569332
22.633051536039087,91.93593731962385
24.63527851512075,137.35297326949032
58.96262220939558,150.6533646003317
149.90910662124472,137.9558322886156
155.06960130920197,33.85582235814809
155.72564081138484,118.77386299606802
10.664900195396262,49.928770791650656
9.118442209171535,159.39622703122544
53.53883735688834,20.870541814803918
52.7953678984273,61.22991722204005
183.0316220545074,36.423610287488295
71.53474198398844,74.07851604993108
64.61658647105135,84.50035511046907
40.1113983059652,160.06216540794554
16.638644063086236,18.400331396276428
22.890564821684343,148.20360570310888
185.66457784860904,118.10427705519199
133.61095210785015,162.6800961477619
174.94015204040608,134.26344345934885
8.298152401124858,95.710383898228
23.096963937735858,45.61573922476511
27.763138434627223,186.59008087874747
59.00984527152301,24.14628385213595
68.45405544898848,27.190370743606316
57.46766068003311,78.4758956507694
139.03167418044796,36.46495096132822
40.269681181737354,81.3614384832535
54.978115842797266,107.75904403647738
63.56866542803166,14.741598652813595
172.4101096309509,79.39428323827678
23.696197405424336,73.93937551796485
158.53987736834483,157.60694897850098
186.55228619671774,139.46086684245566
157.07547240950018,111.08551599567225
135.60172800054974,133.175812890032
182.49601197454768,93.48276212029282
36.47760453866524,143.26433496228913
18.895503234203446,75.0068768580605
50.1357724051927,172.64637024943224
128.2820266075682,131.23353360892085
7.634234675150279,137.25450508737563
36.30927149975419,101.79800915695863
182.0748160202699,94.4237108250097
186.87806970447494,49.971325272171235
152.80013250434988,39.974755464695455
41.69705494446362,104.78005670784428
163.60172133709708,134.7857057806485
174.99817883048036,173.73017706958652
170.03607011166397,142.35985827357956
69.65108253795061,132.30655291906336
195.97354097931205,161.71260859112073
154.75308413024968,9.303094846396794
176.4353872952022,135.0358086254337
59.785029546588284,41.317999939555534
196.33688152984524,99.80338799954171
163.3377549685028,146.55032261755306
18.858271413279155,150.44026403332688
139.66471220314844,126.28275538705968
130.380463109896,28.46242699092678
43.02735717100923,70.54643341979457
151.5791879798006,123.60359227346855
158.8902109160109,152.08134067077867
17.054180776560976,11.332790569584795
6.034313455962513,105.49490377290586
182.37319043188407,16.85027830023494
46.10425358968606,141.5213055294549
172.73190963346528,128.51512554562785
126.20387663748915,23.877543210220797
160.11949646117174,38.21890210689173
173.64641703837677,168.14430288081797
160.0060838635831,17.013477910310016
35.438761562514976,71.28786548730862
21.471287936121264,60.334328020050805
179.71087730331539,156.8486092012554
37.540907383357286,11.257671847644877
190.71799549451757,110.31126955627403
137.75163926108448,140.06324597928207
141.5314256729909,179.76681454967783
48.45691130805563,51.19720723241308
130.19125982500918,6.344625310572535
52.570108671793754,88.75126269176143
52.37101120926313,155.8793264231984
37.14821824461239,129.20377539238413
11.722829764772143,64.99927855162383
136.3323515722662,126.45002528008119
60.50009006066936,171.62332974938062
64.95497235040871,44.12344247419909
37.885340886398176,111.88763153266967
163.52104924841464,122.40190486008458
18.159043466544492,186.26549615940417
16.47873784058368,95.13332247122385
167.99284346920115,79.71480966627412
160.7126597554157,25.50235045201298
5.759372324128585,40.95494840594091
168.27167568772026,149.01010154854868
65.91802552166712,37.50231106239903
129.20316028051207,147.95666849555855
55.43274162676582,98.43009128892483
186.4824859908232,184.72590846300733
191.5522581877531,118.22381309734455
153.75032561715454,126.51808223507825
146.0391977034171,117.32752062294782
43.205915327940986,168.1082927831724
35.32836336993749,178.48476168984615
133.4950827331836,56.21559468944619
139.75320741804197,138.5405908997585
61.09659415799107,28.60969971785172
158.72635783697956,136.71640075306883
61.03362522652182,191.82939670415044
130.40419487255272,5.840718018661972
144.98195669815792,77.1651792347517
40.60521260219706,152.2358561397753
39.3990092961965,60.526405185257296
130.8524656483626,102.36268047350742
152.40774098331931,55.27326775092381
15.499431234278845,20.36434515180762
29.043124772962756,25.471397067645903
30.52350540928322,98.44710181975962
58.4456453846925,102.14386883282391
100.4304501096105,49.0529487749114
53.130329852944726,69.85382404583203
171.07223455145615,14.265034503924717
144.14107757411526,61.241639130501426
19.00269742731098,160.86521629530867
127.55609711783627,76.17432861745681
25.31963236528186,52.07732139175661
49.27777523313648,109.14057262179371
39.3612067258174,173.635621700292
160.95989061997093,137.89150064351307
184.80647112581272,97.26910748667943
196.55577993072475,73.05746693909185
174.802223828801,123.54097753288953
195.84990036787272,102.72858948829473
36.70744332807613,136.50539572633318
185.28290903759876,144.78444914709576
74.21486773526715,145.85042575498943
16.983424419570248,29.804299038208583
133.7224020004724,89.93824424275871
158.0496878668558,141.27296096429538
72.17687421554311,128.77282578978486
152.2696455036298,43.874800267742046
176.63358207730727,87.5580484548546
32.48346764625087,47.729986352820916
59.601305932030215,181.82883416219366
18.426292856361414,50.87175950534093
143.48176118381218,27.537768735455042
187.00224258328515,160.98369326653645
176.0955620749297,103.63567611856321
74.42569336034978,147.7460420832726
45.36004084121933,99.63349371549884
170.2895566236044,172.32059074712873
142.3587127863414,108.48069983541481
26.79358862433545,145.32547955457142
62.831265036238186,141.3404535460404
48.83176680412176,184.4478405850293
159.45872357516674,126.97296962756748
15.79632278476384,122.03649809373898
163.24735839892733,179.3442738073149
26.501050482130466,163.3650331449016
46.11504398189419,157.91073278377687
30.208060700904557,55.932170389552134
75.28804663351274,61.77957577037944
70.33745853116912,117.01736508485544
58.90121279667167,65.23158974623456
23.049531772770926,109.32059649065384
160.6088354273289,95.99097846608201
159.30045070530437,51.889048138841126
25.64122235537301,141.07622565458155
127.75072860345455,60.21462313847844
132.33042904724815,127.34250975010961
161.0076218234471,89.36245177188334
7.288197978947159,178.99381733852744
165.9787811324587,5.188619131824272
9.332766438398409,84.9053427703154
58.692106727571,135.18633156201724
33.40783442910098,138.0253328137061
73.56059173599166,131.52813464079742
183.08026324672417,123.21529192883462
167.48362892792545,182.19478755819728
68.14510608867553,47.48963631866574
158.40903129646824,16.66399690712643
196.5720272686107,56.98952390566066
144.72709555633293,114.18010476017322
62.40552711985581,58.55138627795691
130.3939989649273,104.58593441934258
127.78329862654444,147.98963358921705
5.21376491632782,12.179515520739253
14.49928199875651,166.2126319915821
170.9296735802985,47.74301267538076
139.59329550907438,25.680451978777377
21.705555944014275,68.15066239251382
146.6253150312549,19.6882291892138
189.18641457840354,171.37293005404226
39.77736425723052,192.72270014629484
44.02450167798429,11.948768719542269
128.3110785951275,196.97873583948203
54.96797037305071,45.83639891060643
23.99476031388456,121.20118588281554
72.22634844113924,99.36824136213411
129.383046136554,140.99565950949795
132.73414553658563,46.72416929527122
91.87197218910757,54.10244596258614
149.70588152474357,147.19547365351562
28.42176653107117,58.41536131591563
64.37725214746102,84.66367728490773
189.62289447642726,166.11952552990394
7.845871200817953,188.94334401675155
189.79160903562354,12.423523036376809
15.845610589951567,193.75640405212582
17.16865372495006,128.96772733742404
74.55064279553271,126.3808651365655
168.10836429606817,64.89640001133992
161.52660968216233,196.36463808271589
188.3611126261764,168.6504702052373
136.9761095862807,148.46361245868266
59.323425504968256,164.4748029505658
55.971518470722756,117.35160085785192
193.65301381228588,57.756462378249296
135.24683213189374,23.34574119229692
186.82193703637463,151.29184363805695
177.49527036685961,182.6944230095548
192.20410048711227,187.5921426904523
46.443321840894264,14.806154277195645
171.55189590291738,43.82680752674431
65.6519574494197,128.23268497255123
191.59940183196676,27.602042701947493
57.70768689430049,22.437915611921188
149.6432384779209,115.70074054911238
193.78739279778506,137.53114818643664
181.79670127229784,59.513023450785994
64.37516107176471,150.12297678945603
27.07793014475411,108.86031899215772
52.474076724252,22.751702955636112
132.86273304086984,49.10406933334566
128.51094654884713,111.81148288347079
187.8059596961914,61.04072003776033
184.31442269410775,17.620208229895336
156.09728714608323,95.60267024847141
148.99736610187475,165.91312438697364
152.08685787343816,39.6288927711765
31.993649745204188,135.3266843482425
50.63565134866375,149.8864992673318
58.93551770037222,102.85906053273978
195.95889464186757,153.61308957965136
43.86553833181108,105.76778905135492
187.77802744134544,148.91580543504602
172.32865640670505,148.26430084147893
33.795767937458955,101.86275372388573
75.04209619165542,22.96345369189101
51.96002829003558,76.88335902265406
151.55699397684043,127.27325176021291
34.75963398779677,74.90790227971506
64.17391635481786,125.84929417112039
57.59820766996103,48.42933416936246
34.93490459449287,34.52629588761776
148.63421532208127,18.215602280252693
56.31182075016648,29.799002865600773
41.51351154847175,188.31132670738884
187.94955242219658,42.990749498627046
16.293967437282227,75.94820099518412
174.60473966859848,121.07970091183462
72.60017702406161,70.09691993452739
186.98605519567795,47.029717862394826
36.47151478460611,104.71761850599606
166.49109132263015,171.0555111602999
62.277378835638714,29.19484449532255
149.99652124826318,56.00612166770468
185.4817625258696,50.674365692358535
138.38297910437544,81.74487912123234
21.735437604992928,21.51567713010729
128.9639370881901,98.13202795471209
21.989989565809676,39.8766605445403
26.981244004748014,8.715382100858506
160.0516018398546,169.8342450226991
143.4220601790422,89.00877117848516
19.86222666945276,26.426423799471635
55.282697230061984,98.93292261677591
50.7068223977487,172.3433147737777
150.32573024289468,6.837227722074326
192.8116724261232,24.83294699208175
6.0892541365826265,149.47374497231374
143.35384890162862,63.09734912652577
52.53505994510645,61.60188718379106
32.76599682810829,80.52321918682857
128.05983282286005,106.25524010141348
6.172174103313605,165.20310292778274
38.06416972342273,112.2795799094
56.4165707604257,163.40926926661234
136.78929168779166,57.41474379618516
46.405687981278014,173.1075572568159
138.53806887319467,69.30657536606566
184.82138677705112,103.63038577324541
49.353042895764986,172.47600376255724
166.34435735239265,159.54925941050215
146.92485750433303,13.791464946125412
127.52518142464136,15.052822192926032
39.878930206261515,119.75406467455153
28.214233869151123,172.30451504517822
32.415713947695785,32.98161128650418
63.76451195711109,194.94299397631136
185.60050996150284,131.12825035929413
143.28645891964752,28.989640717462326
49.079778374047756,189.04642432199714
152.23152084891194,161.46957481946112
48.90632869075842,172.9344700330625
132.44011949209323,187.7088241451007
189.55948253484098,192.7437976447088
132.4469207370597,166.86511406982368
28.40645803481633,19.37462106902263
129.24398624827722,146.34232655519676
155.38103995148862,160.525820559579
31.280259746442255,155.41175326827988
195.89043748815135,118.69387974119634
193.05665415356623,119.48303887210845
18.06052168513578,143.51147983543396
149.50117929667823,115.41167605705324
136.33955292501258,94.17985893045561
141.24547186873568,179.9495522593427
150.77105047732908,141.9643565944659
155.92083536833306,20.431869281648822
172.9224676638908,31.244850476157644
181.95127538205915,23.238985440336226
187.09928277248036,72.9773725568342
32.65522972707453,86.47433929866426
8.479789667002454,109.99995028302168
166.09544640607115,178.76140336968882
126.81732338546156,164.56701825979977
167.6897967252889,13.008398026464665
69.10397978620786,142.41928405647246
49.07054204808297,189.98797302379748
42.717232461015854,120.63369363816776
35.616472282678586,88.96264959813315
178.3825821094165,185.74974116093009
152.25659393890362,196.4036676991734
168.48054123556926,189.66520668923317
18.77243246679412,126.83301815550305
16.451147262556695,182.27703304889317
181.84082896661138,28.251315459479095
147.72220831731656,93.70039932307246
49.2968451293775,157.77911717550336
21.066221469381528,142.67453788024196
134.12338863505258,93.93709944145016
129.76516696979363,57.40994723434844
59.93833293186033,10.885534871820827
194.7258290363642,192.9036273126415
13.241473610308999,80.33921878776086
182.82065173982187,13.76008779556878
26.261865938536776,95.10108560585988
49.52642522346303,67.79475923067228
45.0652527487355,100.03869627015533
44.87908666657428,31.674149256832678
38.61200895465212,33.13816014800395
40.52417253179201,188.6108702280418
45.42387113172287,16.346628903573183
31.08986883079171,40.25202569655286
156.92989075107343,52.417555887309625
165.4235428230464,38.549177897862656
71.92094621002818,75.1144102473057
53.10092999506476,171.21854087247584
10.177625222139614,83.34114071392034
23.04411981249182,180.6897592239886
150.2975548742798,164.71845995176923
128.42879942064093,61.25749616002843
72.622122114176,187.8656621200918
194.37122909851968,98.10334422496398
165.6828066755243,54.13942760976503
185.46307675625795,29.46638952377965
192.04609534691664,161.92196063176172
60.811080156459326,77.91079273918467
185.95765185513645,64.1337417749448
175.56889524921647,128.47399864131572
30.51283994552972,132.58345360562586
74.8699972673892,42.86711351514353
165.71670316704282,84.15369243422742
178.28063789252877,136.36349268457298
138.68890895430957,67.24819161672372
131.36588274641454,176.78395714759978
11.418896795490031,95.25200952584937
167.57944546362666,128.17026519878382
53.53527023551885,133.52926329518849
23.872816850084625,183.93222283850798
17.994355972921532,131.22933285268704
75.81534185392815,29.102031295796344
44.29150782528356,104.42709157288459
169.22600228225076,145.3081783698307
186.44483839750822,166.54094540608813
179.37776486757068,13.184130654917547
194.322584851305,160.23072079443338
32.5089846489009,126.17207422090189
159.3816564071444,143.28339215379043
132.50378083637577,16.7519673398464
158.39870972630138,154.81805093335743
136.94760673820247,105.60181376079956
51.09229105703757,193.0046579594061
17.847248138574333,140.91517014057584
146.53694928855955,98.38744414685519
26.90499836318788,91.5544476324756
27.65795105726323,20.405227481705754
164.86544618695908,37.02576907670314
62.81031728808339,38.15874954816527
64.97074933814314,37.060457798924084
142.99990423145996,83.9457602860861
131.6075903132536,193.44166911432865
162.46344409221376,164.84880937790635
18.900934261373415,24.797716210623502
54.89369866243953,188.8902134813776
17.891578658638892,182.04599863073017
184.33261120246465,5.094267250775414
55.286714906984116,57.947034508298486
195.6523226670889,95.48698016405322
185.41532185827683,128.2298827565126
7.7263301181410915,45.819391715650205
153.58757556344867,81.26345315408233
45.27656008078135,153.27776069712843
125.8269793533759,49.64259806930804
35.94963497862908,38.904320316719215
189.35531608366375,20.77968516319978
73.09306356959176,103.22944972687641
53.89449306979284,176.7092486575518
159.2586761164546,15.633927672102534
32.7033424457775,43.05254348136097
192.77330591708565,67.13636296130669
137.55300968858464,127.09210823204444
42.47559277420919,165.18943795258897
166.60003355367408,86.4193732525391
128.31782045647364,34.27302527236333
178.4030695671977,196.72518479852417
14.851442171139137,109.37375564608307
189.10562298282687,87.85197925728306
56.20296877584833,179.0046161773279
173.93936315512997,64.79130995305692
44.58416804540952,149.2498059065991
32.02579652626727,20.593731580860073
111.86422304174903,57.00598575781686
66.8957356461897,29.971885446126656
181.03026890158668,41.59747759772456
52.457969379703606,186.95326469860592
35.28499654970215,66.82147330261037
55.052980928471754,127.45035935315072
61.22423615342183,73.91978178199327
67.95107819089397,47.164030624205694
177.8279084944397,119.58503965677782
194.06810395529152,147.982930875249
60.264745867225,138.21639712826791
141.89596748308068,166.8396704062392
194.4921501821813,25.956464061000798
155.72420995407364,40.875596936055906
187.99957918218988,5.683468315342693
166.76759651961473,170.7932716321169
32.689573443550074,117.14012635757058
17.11457184614001,191.44045220541818
33.63213138757317,165.11913239934788
46.90418820557719,30.357696706427006
64.7489920582644,92.49703807305399
27.74737405292859,150.02265301235082
175.83187236273196,61.87377243605631
146.11504370110436,70.32809612327237
190.24100776326236,40.690168875244794
146.3742113861489,75.02969107939032
34.76164412605702,92.20220660086282
173.53564981812914,129.70601290753254
8.44980052879668,102.64070590615307
8.004015378632124,167.49922497363636
58.402953892169094,169.03088909400117
50.438627635505014,182.66891605649343
50.34995993869234,184.79974623183634
195.40776670455182,130.2867818723283
25.3314255360214,188.78203746777533
40.291042426480665,158.0358440882902
91.91606110129398,50.15543396672733
35.31201341729039,123.00107467536485
43.61379995652368,154.9681252264736
185.57652941571752,77.27209656293917
57.26172992758609,188.84108335958103
46.84128982970708,166.88843199937853
152.04596495185748,167.31182463356026
161.5680756255072,107.65909124362443
174.30611300726136,48.83408618009581
159.44544148675868,152.0058711277177
41.838986849740046,6.7347865314056
141.51445702794666,179.50407862336846
18.660127850229244,160.05904231066083
10.0,25.0
180.0,180.0