135.15742607168778,137.07766966916313
140.46452654173794,194.4102959817614
58.615479013803856,97.71282815603284
110.69728579032859,43.38775038914586
91.19781697989121,35.98009240886645
153.58875987133808,38.64937805872308
72.70858027597609,165.02211278892366
83.06734047412617,143.71329407168898
50.7330127767376,79.43555835298977
110.35513956538325,114.70431764498842
166.6578683361514,134.92021490757622
173.97041387633445,5.723669603005378
162.4362557843145,38.83330187080968
73.47220407171186,194.34717292424804
65.39450590375826,146.41917567204248
101.05170412265558,157.37587364245408
15.905046013559904,130.54403879782336
13.887973284296706,173.67602795634505
146.722413159282,148.8368330981769
96.17937847921553,113.71060042025631
15.415867252683498,126.19127687134102
147.42958858609882,75.86397596279858
140.42896203111,78.7886877937975
196.87490946326736,132.06437753261525
35.29689150136919,150.62001194789292
195.56383624951832,175.9794258996077
36.14933989083273,59.482351104410114
76.1726749076317,146.42807675862164
138.13465844392366,102.79371921041292
102.92375092703898,28.265601212843187
150.52947562480242,155.48289636138264
26.41054698763727,8.638675684624708
115.12786477848731,55.18372400643492
178.4504930503346,45.84073635317305
32.63584702622805,187.35300979666732
85.43248122520713,160.85465300006533
42.45867673015305,183.54262646471668
176.16527574789782,29.78705276476596
13.705722259383156,27.531455488902786
191.41238967518026,168.57016526876598
175.69753313598713,179.62299082422626
174.74830403813036,157.9742933373164
131.03705223159827,39.5049963359872
34.46634399887899,31.323446317852692
180.59584818003137,110.19551468898926
90.98070794059055,45.000414596535485
158.8720638944722,144.9142111508862
59.203727854439634,105.37739948254911
63.73700310431868,13.295040880422276
11.317257273519074,169.8312847464352
120.74371739699181,35.06732979277548
49.458660383481835,33.50383318993007
91.9408716289013,85.84445534842362
167.12476430691788,170.69921794816196
79.67020433397632,121.8593013770195
65.74266335418153,52.87792576450651
182.91592459021456,56.43790877736635
159.94798534012347,57.23796854921618
61.53512201896571,73.04464785749795
97.19957950952876,161.07310324680975
18.266629055239804,133.69322221210612
8.543527653475705,130.4298926751696
74.02831514968571,126.68004146799856
96.55491924388659,100.55582920770726
170.72342398027746,110.82849517418506
23.434958332074505,182.7625057436246
76.38433799039845,30.373085619860337
10.470998420801624,180.09905243413488
44.82675834591413,54.17968756321789
151.71909843664557,83.54098644308482
131.906430671914,8.130803656141296
193.11312468759166,196.6021271405223
185.19379907975292,188.79905957547933
90.60443375562467,33.83296428900172
142.56573995910526,162.75971096266161
146.5988382070555,134.16175413264165
46.08164596246968,192.22194325260517
39.800377997807324,168.2331657789225
45.30644211501028,36.98241952200844
27.614087855703513,169.43114652049152
107.14752840135746,154.4521033441161
126.34706996070342,27.980850975907394
187.35257046108111,48.42568385394421
128.34069276211324,193.23751873676554
50.76378200919473,31.067903736899105
25.92596480870268,102.70666374573267
66.30174545269702,156.50866796813187
46.90537797657996,188.56049666031166
99.30977125045817,147.87257584336652
139.43921198326424,161.43480864711816
50.22199583754965,104.1850910484433
146.56290714289455,167.38047077378815
81.35379765999956,196.99062046669377
53.196396614416855,157.13690248744618
40.50034190309175,153.61822626544117
191.77365723794932,191.06489131593844
85.76168301770304,39.65234897380393
66.38821294426144,9.704944529012657
13.624953227671796,165.30057812349003
51.944634119527436,28.791268106785726
48.904374676319684,141.11798988191464
20.022378667433035,39.02345287665637
166.86681987382337,16.49419085570377
113.28039803673067,162.09517407701722
16.093517747805386,44.92444025858078
68.47761162641895,147.6607211399629
173.11759744293477,13.567144765565999
59.63850804834362,189.0510297711654
155.25064142276312,75.17579856191254
142.09258315802938,57.517801513121015
51.95884564367105,49.13740809000355
58.147050601162086,44.826440443479875
53.58720230809066,147.65184982554618
162.64489331922547,160.01484450577547
37.81185612553108,127.99692453425358
160.060710491402,173.72971679641876
87.32459969766093,133.62135032501993
8.301426160779075,183.33639328514965
105.41285739288901,122.61538049397048
70.49026551938749,23.070873328529398
112.0723324617628,146.51095571645203
144.48197727376615,133.20015377413247
36.78695029311774,63.253825595970504
86.8174469883399,150.43850556946305
47.23296469841279,98.15463058010177
9.373715256799109,26.629008161229997
158.957189910231,109.04422092284595
24.678212640632875,26.99842980176098
178.711313003068,99.09064912293876
109.67187416204183,142.929317921277
71.99188627056131,193.6619908964129
33.437527600607886,191.45350177622018
150.89304374306482,100.03283365697946
142.355289983492,74.91961292644173
160.4201853741763,186.5482463209559
103.05758637002918,136.8252928786996
77.62530241700473,11.790997215415013
143.35922015747101,84.96209755405991
192.81102623851095,177.88891918216302
86.5478348820401,150.3522779953898
30.611624224912095,188.58490827122807
29.31950441686601,92.92922202146899
23.253674532695687,47.463131731766644
101.34799559946036,5.940907419390751
15.578996388026159,25.968457843420076
151.77712797981908,191.02625884947514
30.598559282934403,23.117188061236316
186.38189845743634,80.6420538543553
56.19902299620116,6.645759929049875
99.75668904770127,17.091394462742898
72.2426152572666,128.41844033925508
151.0870059283497,81.05562182184941
168.83374093530793,44.425839226875596
164.7180222886583,178.30800609609102
155.04857642368052,192.02647039117488
43.68346537654676,127.55643894736406
176.01115567726958,143.01351855885795
51.63220605119803,142.36478431952975
177.64716048066944,175.3775175232104
152.79767383737808,39.01172132258536
164.26581922335671,43.159742825332735
185.27939640837363,91.59401440369454
52.57014536286625,184.5984512502642
24.499852979432294,13.671942522042619
103.37962827878712,17.66147413141309
105.83485573701722,51.06730774136007
54.97922230494502,49.309439961864456
55.180415119434244,95.87011645374034
114.50629744786673,5.371841701354212
60.81429764761026,10.38821439092495
69.57239290823311,154.29760696180594
67.74663446307642,12.81617170571553
170.91640535470526,39.000556455691026
135.39414458767396,153.59884743414142
39.71050170432592,100.7764137806264
47.821078256630294,97.28457089262075
146.2676434298582,73.09106364997828
161.25434880299326,78.64906477754243
160.02241755020913,42.71589563951945
187.9230380141744,27.172577919685253
98.23165836058094,101.51991585758068
40.35607279241451,164.59532478798135
93.37496482059093,53.16169179528767
123.89040529436873,15.900662659695909
133.02628653484464,172.13982770748711
93.73205018987237,53.950499160077754
156.58890470992512,96.60447658331631
99.09571802256073,7.949951655235335
75.80960714211295,6.2358973914551905
59.4293912801054,81.73416095291846
168.20729970238455,19.94114549510728
28.34446152149284,134.29152651908672
62.76431441266267,192.08151762695164
146.8203615626616,53.87537084544087
23.53362752873326,9.561693467652303
108.0728501530299,26.206580375249615
24.862570366328825,14.694602008317938
152.92595657737024,187.91577012938316
31.02231234798195,164.49102810269517
109.64541034050897,138.95534888175064
111.5464573810736,40.26344412163476
152.757937450139,195.12291583382913
101.976520696993,88.07865185004702
70.02534693978888,157.9840834191521
166.66026604741685,46.12511660462103
80.31226016802877,14.328943631125593
53.64698162777342,153.88491379490182
100.49497645617718,11.838695254464868
185.2683900284923,112.5779886140885
112.68070968589988,33.1962175311179
137.63502235911142,148.33644824100776
19.587346622951873,172.68660961414287
89.96877195205195,41.62861568451409
176.73755040828925,154.90773232759912
53.65105234914153,36.035595605413626
58.2990825569119,150.3647911596443
141.46603863544306,145.42079048126567
151.05029976029033,90.55774322290063
111.05284116135188,130.9629830544691
157.24326623753467,77.37532927021562
145.08543760278926,34.782922034979045
37.1049769648738,38.9651224247546
148.0144638247995,36.93155088110248
161.6408116145645,9.581456485817053
180.64397640169747,86.51114790829484
145.87889562065152,47.85906374132946
180.8493305559644,178.67101391047507
16.53136886479392,60.416115200921205
181.99744815681228,145.17656794626257
35.21930763873404,163.20394942308218
84.84943818349224,23.419875000894145
91.89005581930016,24.227533219184835
90.1886753582633,149.2655346301083
139.70644443398467,55.792760856340884
83.91071712945376,165.89322488416343
193.97500067084292,139.81060896485604
136.08954207374538,10.98884274878204
169.2731108158893,102.4649082711517
43.90486372154266,72.78679746902063
28.149401840057504,30.70236109137934
6.866918967368891,19.863612607334677
29.590289709885106,186.1413165270276
45.85911475655691,96.79346754892003
19.96253744508027,95.91968383033867
181.04209199712102,170.94711625909022
77.51743091288705,191.57479134905435
22.68638868412526,171.08083364375105
35.32691768212827,129.3552446688688
65.52587991694212,89.84026599700529
194.93206887847694,20.052216047489686
41.44847341507267,176.71641675077754
112.08959800298558,50.40601608712917
43.77630126513355,64.22445267966813
63.770248591873305,101.49750221898452
165.17644401408538,35.453890683299385
154.17669787777197,21.34844647714271
35.53381231356378,194.762545129318
46.236738122860096,167.89419753450602
146.39887847840728,11.848629325624442
95.52155885971233,141.1557658158014
90.13142242524313,33.94765067150634
177.51562924548293,69.29788899292119
71.72957469285818,190.45243593862742
86.98773234760515,15.8357288486588
168.12585990408598,108.41017402780827
92.47470217124575,21.304820613865722
158.83794376899772,13.684862918472746
26.1367675490806,35.26063004538783
179.2496317229254,72.09217730184257
146.98597336496778,175.4716471128474
17.821310606575846,41.173619865513956
34.63589980514476,20.434945218168
100.98376465158388,43.21745410439683
60.731488347580495,191.2336641714347
52.67287551767834,189.92860769460054
95.6470951573902,160.86642100900963
96.77111687041734,53.3773589941737
125.84846518812628,39.905868736433945
117.31501519552141,8.38180991638785
169.8687275823908,89.30725752893916
195.80701933501658,175.9498566364607
115.75344228306135,95.79136517508
49.181481103970135,192.31413096148736
171.6151299178322,64.13428298606249
99.78911075104217,19.471210589225336
15.147762042446262,184.87144754157234
95.1916360672328,97.29975297982449
154.08184702217895,82.89022898138926
18.635997909664567,171.97566733507233
153.60856241655407,7.980214168090395
92.21084937294276,195.23323591886088
62.796457470973024,84.88365705154276
175.47938541660588,89.18099339521702
176.41692712716193,95.61066022647675
159.76143658478662,75.14381695367621
16.556743448209595,14.358542586254766
169.74999520415255,91.84726432772992
162.84611132390313,109.73407624833553
159.7951080449921,28.20836346431277
35.14055984522549,181.9483423617066
49.43190084856784,195.46758445709668
62.14821215371991,134.50323960692955
183.8114132423249,21.14272659925645
19.274154020252016,34.00609969421607
174.1398310673785,74.93545777052235
161.99616591392584,70.05637155140009
149.0671224117703,40.751825656792825
17.547924106823345,188.46824978115296
165.5760145652304,156.14876103642186
148.12145503287138,31.84742075612687
82.13327205662735,90.0398319387436
19.666598641710067,23.04641619368482
78.70025464559428,37.32745737365333
105.7662929884201,122.40276640647227
29.87500289995069,31.87326771352169
43.26661686902493,132.49090005866378
101.77810001667584,19.740701547504774
29.890088442435722,132.2850459828911
125.64282626071218,186.08811289861936
154.62067070400607,135.8456048428658
77.54937800057377,18.32222475230245
173.7997309007008,25.611571586874557
170.95413356434312,106.36949381332003
187.9511371600724,183.95013435874043
146.87238934105213,59.153968441983395
142.68655004301093,140.64480567311998
84.51435421382901,61.54131199189717
26.802511576797045,189.51647864815746
175.5836494414834,51.607437646394345
92.82523320873864,129.82690601795568
143.0859484507897,149.48859707583077
186.0573073882876,33.22754961573983
184.71186390139422,83.31273574670136
97.10732532512867,128.76259830259545
78.02247918977591,191.14540060742044
147.99562389285333,143.67567787103388
151.3801398976078,188.40498147579774
191.77468581538696,154.5296179104036
175.69093120559347,106.52520007737841
117.38460909811043,20.446888493685268
79.99180475440801,145.72590710720024
97.39446054736358,101.26975145738923
5.054915092414939,13.040105754528547
182.62768254579126,180.8136959534535
31.89925714163061,169.6470519648667
95.60604282067789,137.81197461760988
183.92570367087887,31.954672042637046
120.2420448237471,196.48550676213347
29.59203663203087,95.98749851547817
18.2481599420621,105.64155709543779
44.3438363897584,151.5876502583062
78.11603284949815,33.6293149582699
175.5325979409956,81.26688759568714
47.86400829264982,63.36001770974975
106.0391025219075,145.2561757967722
67.14605406840425,140.9716659455415
41.135572887697315,33.536855001886344
37.459088764822425,156.80965737065097
127.50022522906251,45.12242296913481
71.51845120404052,161.73720865454342
65.16032422163435,22.850658727209346
89.64674036451736,42.7303495631554
39.81695945833785,87.44912096804458
17.31478805183091,89.4203490547243
152.56512696007843,184.58398292395444
47.17058469471607,58.17485388851214
87.87647372175682,112.33498435365038
98.3347293253536,20.202179792903046
18.263427027947987,91.48738374643956
191.43824623950542,34.65595295205836
149.4197694440776,165.85107615685723
135.83032408229573,45.31733052331576
107.1567725854662,44.03003649435972
140.80710184032577,25.51996738194394
61.6455945447195,24.01959755310169
37.402872470889974,129.7991306868613
170.93155928272773,181.27177068105374
186.21463121657354,180.02014584054032
57.77351262753803,81.77247557174569
39.56827233660059,103.89355767719027
182.92883135911012,56.20401489459259
39.81629452034025,76.56097123517274
150.4113270229358,177.81311072798889
184.08367636804616,110.31176077476117
85.64430438632658,139.3522045720644
34.9432652078192,105.21778492996957
141.52647235186421,27.91662050586058
70.44353873614578,29.1985767259127
85.70433374235841,124.60336311731794
59.12237508562296,152.28489410667893
66.20828069663521,133.02050991397545
73.82427463298293,188.3426253268584
34.6083549225466,59.527731181721734
17.354896342956824,62.1619381114533
93.44930446760738,28.82849699010087
39.77826321769391,35.391486926316006
105.70250053964857,158.11115332656104
43.53255495595481,189.1415743560034
177.15765031380957,20.393431484436107
41.648634892708415,59.711694237035495
169.88956578654168,39.57087482185394
107.26803884640682,12.160465227838365
20.14577175875391,147.78991371719084
148.8966771053818,48.53668196945876
40.21512055907431,39.52758261194782
105.41640534517396,94.04134804204446
195.56400878860865,179.52809440246455
25.13582093589353,97.46274675175162
143.47679636259025,133.4443974678537
43.35846051244962,170.78258057746976
171.50076721678096,154.02717591988016
73.14891365448446,158.14212351812617
99.7534459286855,104.19475407643046
188.9172606925563,178.33473762937476
129.91266180877182,190.7979902633563
80.30184816476111,187.63055921247815
108.47804874191266,129.31533526399485
114.99784067188376,56.929814508568946
62.977815951434586,47.48332803631022
115.57742077058273,141.860975183661
58.53609570218578,77.27421334474889
131.60331218703433,16.031429153656134
8.989348238018202,122.96347726766017
133.23486739567937,187.0462270588285
169.0124118845397,93.81200510376857
152.383768795175,99.53140720176845
142.98905886530258,175.8436505064245
107.0882542275476,153.34606507278204
36.300311528065315,123.05813716069147
144.93746871004885,102.00896156106576
116.86745327870386,54.09681778304119
95.57035469004141,160.21934448158598
141.64907437341873,91.76596790219908
59.71752574115151,165.31921171989956
126.52769611851579,188.671086749214
40.08635377145665,124.91314696107861
113.3885218238815,166.62802191711378
80.89076684988272,196.0927481771478
49.05458570434226,69.27301449109197
108.51714658005145,82.16089073805585
182.8906752024099,141.6086974528368
174.7858292999808,16.009253798428862
183.29666556105872,70.32487180406508
19.10100304741009,14.835444082097913
138.30884398082628,108.6878578990424
156.54017095630283,45.689185142988975
152.9660901562159,148.3865702328253
194.8407778566434,141.8826855805323
17.877296610765196,91.37222370225984
37.30333337067894,69.88830780225067
142.60963242383886,166.17355111555364
55.671102546652456,39.309138868565576
141.23107273078773,144.7963983314292
32.18085833658247,179.6736833353865
18.272283397487197,31.315423118364002
19.904973208097154,129.53838242895975
6.9005008498140175,10.743458700624744
183.3725051790223,163.21070256495437
121.80845150630695,54.57505249248448
166.05312153035226,114.61304925624272
86.78885048973042,25.238414131077324
35.59768057090439,81.83092666576259
63.006676320690254,16.422261466159398
26.085911923549148,148.8894381849967
37.23766790843832,165.72378265460858
61.10411622903726,31.604347954670352
142.0845339571002,47.381816012833696
138.82712364229792,29.584105662392517
132.15256407386002,32.49788043638123
182.08830900117454,99.59809219175509
40.984484703974445,57.117060886117294
163.1795759672646,154.95808230382514
142.1850117478325,145.02121305374777
164.50459847177902,64.46718404101274
166.81862690219842,160.81544817393228
115.41557039035145,39.76393291064229
148.78401619246108,114.70982142596222
183.202439508139,75.63565801088275
16.335813119088925,99.88914448927557
180.43859609749398,36.2728412584419
60.46695801096697,60.02523017771086
161.29544900010316,189.0676018618713
30.42723686702176,50.852895023403164
116.43855379629362,32.82088110225389
68.3321136376003,6.991464848572509
186.8551078134839,58.68009917116195
150.34216139371864,176.58618082192365
11.391847216299594,19.89791710251071
149.67382181657692,21.461550968936727
148.78232347533327,166.9745831148868
176.8101769587026,106.8154916044148
36.595360009696606,144.23216620958493
151.54614615827677,176.3657655022814
99.67697806722317,128.86606697830808
168.43256402067354,194.3119001651013
78.01469577746154,134.37972584643043
28.943554594145805,92.20799100533925
169.27571386166719,6.3840280832196985
137.18233193221366,183.6202257197579
19.018739768175234,188.08396325931935
178.3166774293287,55.802439363818024
107.00842617897263,106.55371951721435
196.1096503959667,190.9869526810377
140.8468751553663,100.1309393874536
175.97541132075344,174.20110620319332
47.10603345907303,146.08037630456346
55.03883658307909,45.40153744818397
101.77110548940799,187.46489782334672
61.899928763997686,6.647781973052741
25.751084557132643,31.392899469117772
167.60242025455707,104.21333274343226
112.45766319519309,118.56439608108953
196.0367213399158,11.929167660295077
143.43206439504945,164.53342260052503
178.99044682116778,31.205029256480667
76.64109306018986,138.17410989570237
34.66145004354926,7.064282644397364
64.19128885353292,170.69254419051958
11.128607434510977,165.7737597752594
114.27986659507349,102.0646298650848
24.212631571632816,34.13822955029611
27.777782179096768,10.329060688034158
174.14727624473466,58.917888948474676
107.55456680461651,143.67238536281135
156.94375824980276,98.49624591506284
178.7462767229859,188.15561673883082
149.32940872869506,133.9755224317807
138.45884143266747,171.69943701297234
101.21358973408336,129.43768886546374
159.90674008995478,152.2204692454262
166.72516149864222,71.33905766439419
5.830748897240524,34.68067512707233
112.43170692420657,100.28805510935587
177.1539717188295,139.2085747006294
55.53833285712332,46.444763995142935
109.1238902206494,147.4772289777186
178.216258971511,44.89068057813984
157.178501547573,112.29867034269517
160.6687457757005,31.467225050013273
139.316000301105,55.20587125334951
27.62931664294472,35.53519984782808
26.80373630007437,11.036181764184606
113.05194657777173,152.8122808908937
186.83474927210756,162.26381817206052
58.201433440907444,160.3890176379728
149.8524200582895,161.91742603702872
92.83132619029976,116.81124889097951
109.27513902253052,54.153397820562844
134.39264773054092,185.30477813208617
141.87429377007567,136.65482740263886
114.38019764339727,134.2945752322802
121.70633264724555,192.73615839699684
13.409677579647562,8.45300602176898
5.916699559583625,153.6788807191366
25.556854884609667,64.2032864601124
66.10242887399099,17.27459344616098
91.98862080406874,105.4507843927807
62.39211584810906,139.45765001868133
137.0828211786245,178.056614608676
40.60569482057359,73.49646749892253
7.638997224385925,159.1198812582498
94.32065620459551,118.91053248677653
163.57689731949685,195.79639257359105
28.88932885905911,182.79475503658293
95.05493245552941,7.388254674601493
57.5916214028868,68.21446177030953
166.28826912183555,97.49149033937984
149.50662333795623,37.17484073873431
46.932148821129964,140.1194698415304
174.0535645788225,50.07699105816624
29.368852903803543,94.10143574470415
67.9747805619512,25.420041623382605
119.1560787263447,9.741838327966226
132.55286830525586,31.782555307471004
146.27455262731823,15.890953875249446
179.50715789123458,15.613735643967216
81.22816806923606,19.98781964031336
183.06385615457177,103.25374789009301
5.638660907789688,173.19201357285084
148.06929305272976,78.36768968015983
61.36875739313192,157.14449998537899
176.46598539371124,150.57297108004624
52.365844301431295,49.004201830787764
169.44280350068493,64.87265026482494
41.79582591817724,190.22127733240353
35.34084877365418,71.43699757531708
33.393202900361295,156.2166075291717
136.67018713673954,30.643332707408945
15.81397407611928,13.420625135348898
131.8499180062005,38.867461151758846
17.56674911714742,177.6357771326953
89.1272903376606,42.76194278985707
124.56940466835056,13.680866391855385
46.74401321202728,135.48444787086333
184.08554752194428,163.12902051656692
162.02828816272546,161.6641968797668
88.55784503991744,28.877315773143845
22.92911136691065,25.271170141054622
73.89731807494277,147.80283390309683
85.08055472577618,122.78454872417795
193.02078247252157,178.48664410932284
24.236059244713182,195.0929760422446
103.77077936223955,146.5254573432906
104.52026942359211,185.04451477029082
188.37430515498087,181.44827201351472
152.11678861876283,155.76974576501325
101.81844824663209,16.010174818606117
39.28417446554049,10.772460244611901
138.61839353855174,84.37094782781045
58.160403193997546,37.78180003798282
44.342897209831605,41.910352566124125
90.53609640584136,79.41787995978065
86.51962410737595,152.33769928715097
18.878847964247125,166.3891520586831
85.18602250644726,145.27743029343372
192.7804777958942,132.6283266075626
172.1610796043709,43.78796741273018
86.41795885693466,9.29764708746984
89.09786538749344,145.3749698796382
37.80395623183331,20.276658962641783
184.32561961508227,43.16744460602774
163.0130752982811,20.069657142272174
97.35533764511811,188.49051400922767
46.70739483075463,44.57294277496909
21.76035661939367,73.99381603862544
143.94029919651652,67.23482911841535
154.06742341357605,14.70794915727663
52.28070678833933,177.23673645531986
17.730111762780858,34.35908406488477
165.8458278997273,149.10065531310403
49.305237397380054,152.0401236145903
173.91189298993203,57.38049303399807
73.33135668399596,151.7676314173256
51.8009207102678,92.19479683425784
100.00664018386951,8.650127773419262
59.286590049866774,137.61191381121526
46.330005424846526,172.68740205489468
27.773021527631364,73.24028774496963
19.002012673071132,22.739643350077056
171.3335059421719,170.4945640590598
35.02966700717837,24.071650258422686
179.92933259269412,15.974814526845515
139.9591643679701,165.29201536003086
66.02457681768342,152.93134488281794
174.09681598278962,181.23572839146814
170.83365788899465,113.87452945662645
173.42423354044814,21.35267242129929
84.95119442408833,122.48769855826839
98.59091503271712,33.1745392770037
145.28835917231663,17.32778066195311
55.43561455741336,64.19944692937294
60.14636511281013,188.73537276789193
137.6356914734384,17.547157487322572
15.237624824873883,147.48021757130806
166.90576849587111,42.89508989425617
89.2333364363086,33.543409695103804
109.00829826774041,90.82291367025437
14.464365364103294,145.56006813630052
13.128679390629618,134.18120382672123
20.7494544317969,6.527582138431712
161.1217431246567,59.307984849376936
117.73285303949741,33.99937085379161
106.38027173272742,22.483519365584193
91.51810103679036,22.252758762032077
140.00161680947636,81.76101176216142
100.39506539459924,93.6689648206132
71.30095025451328,36.78285066906015
33.43998425208525,166.60685786254948
87.19436743045219,157.07366342076017
187.19722452647142,168.90697761081393
100.11035848738594,100.7988204750176
27.75087863962204,86.56655098488973
50.35777686344686,104.43772270103284
111.47606484407777,132.8429950117222
109.24171777248667,144.20390778972148
8.227390651547426,124.71453578734706
11.296686186072547,22.830240687127617
84.4203494626847,152.28104852340672
144.95917949674052,174.6872765171249
196.20452424836296,189.74545807097985
94.80760521477868,184.18304612256946
48.551463504428035,36.74450674774723
89.59238959967844,54.23212500075378
71.52947540519658,138.57799222472164
29.873573756973556,105.1224661107297
19.546389686401852,138.57596606477347
153.50157372466427,97.70987401631623
17.451786463095786,135.3833213823737
91.4137482623589,33.649739234116765
181.32983226318657,67.26341452303336
176.8696199858556,175.15413148836564
45.79116148765495,124.10818319144207
135.00268503653456,139.5779030727345
38.921201923876175,144.28851417500215
64.26554597895068,144.64023591975078
63.42144719948411,25.559664862728805
172.20022717673666,110.31712881419197
183.7227135553202,135.02046287838525
32.55666823502386,166.3879667796899
30.275550096743174,39.69551704856808
95.9981636369783,140.1443494195359
55.22355342889638,122.92038583972392
24.933901170440784,165.2714161817998
39.9998439363509,79.63115500509664
27.394993629084524,167.47439074850166
18.72046178636674,16.90132227405725
24.373959407695768,42.265457445989355
38.194718203181026,63.22480336111995
154.08530817035793,92.41543764747296
24.026181815858717,147.04199132915355
69.31446323838813,14.306370495353573
32.167043796809175,135.0596144159366
19.61016042802556,80.30164135322762
182.79383838864945,107.9837493868614
84.70846469196162,58.00885049150168
170.84656169234557,80.72885348565747
98.80103540462295,96.35593406401911
13.839344673002952,122.7308828600906
71.81856915839853,8.875629652877663
154.81216631379016,172.6220886186109
90.2996167894073,116.1303393253531
187.82197622123408,175.51245804972368
170.38953287440492,104.14967418052531
162.5475794760013,53.14982083116211
105.76706447711143,158.872007366801
81.41560070002805,52.99681940488222
167.6079260341402,104.81329597488646
107.33813123811309,115.82048749867216
64.03914599889086,130.52486206608742
12.358604443793645,149.30547452411471
58.65674532382776,172.14870596623362
41.162701546833745,130.12619829424753
65.24666890608256,97.81833615010022
180.41010105487806,139.12744499946524
179.75886589579284,27.05817547756552
41.69760657070154,18.119622940475335
187.75720285621458,12.408450356567533
109.57203646313053,154.30400331684302
93.82306874395233,90.03710726070155
143.56764197279318,179.36499416049546
94.4466694438253,133.8244522197299
33.21845363032449,173.87236985630733
108.50701742525297,155.0442331933429
110.03033941900188,48.00191975352916
21.271032727941055,60.19109942354498
172.3312465843291,175.63885042158518
179.3954153417152,175.2165471598064
45.963598140530394,44.363001053381026
113.01509207827448,138.21815323642818
39.02149201546254,125.44926948727682
181.63373201060375,182.1857697037658
131.1020326328065,29.171788308882633
35.00238387920762,96.9516571372683
132.09675380388106,143.99653628543192
139.27388240331152,64.0751943131516
6.556830614595777,124.99127965906455
161.48887673043583,113.51771095132361
37.12458073677895,150.8918700792499
171.53875878330442,5.480680514946831
181.5541366127146,67.51128886889038
183.59819183790313,97.14776343664737
141.51904584723223,30.453694746022563
97.89130826196889,102.38718749229638
178.71811836864046,39.58932363769318
5.724703343986457,187.24526639183682
151.54612332942315,26.53605353650538
67.46306240184757,191.30031438211205
98.99505708430175,193.17982331332965
181.2066515698921,133.61488421211936
108.94195373442638,8.675884604992191
149.84488161820826,151.2036186188211
196.17930371307202,196.07082142972143
87.27836255055331,48.96108175796277
41.3270806550937,38.43227520015262
123.56734078255643,183.84342596094953
15.882484219823628,12.427654917111862
161.92297655069618,70.14769053039744
163.00434839821762,15.18084898314268
149.97071174051,37.11563763090412
7.790748823753713,145.70881828027223
95.64018415998598,86.8915289744847
137.38263457873657,192.83903030207196
144.65275293103366,18.12086697365845
172.6659050871757,172.96739917492306
60.58172210496913,170.66275727162224
137.52070580312207,135.88487693610992
49.56003327092199,150.35421421256058
169.75931031334676,89.45806195869265
48.41841456028331,105.46453111110135
58.48827356951858,86.75332744954108
162.17654195868082,86.50899896532812
87.16761998307638,129.52484580413707
167.26149641032046,68.58483517671088
51.96235516370037,43.947023945369246
46.011978085796336,185.2812329498249
69.04284097619299,177.41958429483222
92.60439190141486,102.21897983269916
45.830047493985575,8.73639132304459
163.0868660379078,163.45294354073306
44.69820017982941,164.26940146611477
107.3762505196478,49.09133488353952
179.63425422034592,44.13429280388552
28.10931982875078,88.79331567281983
32.33890783663534,182.2434818033369
14.826137885633242,145.33183388909785
146.39522923010782,46.255029402258614
48.56782730200057,178.27610852690552
136.96903714062677,182.9913734055068
109.27694134768919,37.96953668521881
63.40323089765326,45.357061314682056
103.91754017998893,190.54424593216575
83.98691357815969,191.82844087145233
132.66739028493794,160.08674836349016
165.61332527473883,134.38228988418012
114.70400780953916,86.1182755998877
164.8753181339968,70.25397442638685
95.64387119461477,25.640824770497744
28.822606274175193,52.231582797199394
101.99035523243914,31.282828079756946
191.46200988116965,6.356916291518567
176.47854491752275,26.943211204519297
30.127680601597092,135.44755447723293
95.73878300774486,135.47534268920924
52.92098653973554,14.76667275586134
59.96335998600542,175.22301044330806
176.29283336648638,55.9979676397932
18.18013604364151,17.5410892168584
32.940620405710895,89.7972194195206
196.06838983210906,32.11320560550557
113.42408475387077,26.957078498379012
45.922209159453885,162.25399768168757
166.38128462569455,20.255423327182857
108.8539582476637,152.52978338786858
85.80610488186981,38.156717413347394
20.094420265838796,187.7473919699003
75.02162672244896,144.0070975697322
121.94111030858738,52.736953830875116
138.142982926804,76.14554594159691
23.77724994860339,52.89564153916174
48.24987439092864,159.0863091963905
61.462183247946385,191.02819448034282
148.1872979365219,36.391464536033105
28.948825959623104,187.65850404566623
156.17790889292175,159.44301395092688
33.786183709988045,28.227403018169515
62.104870487969436,172.79332261420637
162.05626068609322,69.7790399011356
39.48012025444714,76.87522640498138
96.60013836602839,9.989162151189113
152.09696832830184,194.58724253759738
34.1506814149101,12.099486940879604
35.691484574108905,17.822773386890805
22.02589553617949,34.621930735483126
162.0526951577959,89.77777490114923
111.97965521269224,19.97474348686529
63.088777453534966,57.542704266134
159.6108892001478,100.39851732322964
50.70315009594793,40.9150307617993
161.4459233786558,12.979314594584878
29.572520887427785,181.53590713635697
92.41028927744507,30.09685206885906
51.750702384542414,56.71152008858311
39.97444873515869,65.55908977105977
54.229236602199364,13.640415945921426
67.44015606035737,38.473812961994845
49.81926163019062,86.31813206741688
187.95292405731448,25.039742600555606
13.274897409594393,170.39223734791864
132.86363709305826,11.106654209882032
139.94379224805343,112.64507138712456
167.52301352262808,14.680458665200682
176.3443239892767,162.84466972655648
154.68734811986673,48.672171016423405
163.39626090537536,5.207563233143441
156.7266898733506,45.789174508385805
140.64838247929976,159.48729225124524
107.0691530844189,112.90273740890323
25.006375511685246,44.43936233945772
190.11637937463746,175.5625305472733
193.93244515445048,32.76958439719578
72.74642889713283,187.66972279069998
37.88650573404783,166.99614066961624
46.10556625097033,53.652138762896215
103.53136298251614,157.3441173132396
57.262515842619734,13.944261921232924
152.78952961123147,177.94875209135236
144.84150827797916,195.58622314318225
73.77524378521834,165.24245509834302
87.5386007353966,100.91370537148343
115.39018646561269,143.00969083576933
165.45688454396324,136.12166496352148
148.13367449041516,107.36589833340643
39.578818683019605,75.26952167470195
160.01462586787378,174.85091328038763
11.801107939129809,125.12581906143488
113.26841600013925,126.75076069792834
169.78184416698784,26.681114434443725
104.15206915204475,112.35710474887439
103.53505680531708,114.51344914879776
145.01941984812967,177.06328944004042
7.370565902851988,30.88685320306969
97.46155392787581,25.81451841793898
139.8127354655786,47.13669684245648
63.301405098747566,73.68884728990776
94.41339567220993,114.67269185268758
20.309817285442055,48.977588710874485
167.79782990594322,191.59021065464788
101.50572238303118,31.399851728311944
182.34072801318356,72.06786422456156
16.62146702675844,39.14900541627873
30.692933324153067,19.96504408637654
145.384459668659,67.30883992696043
37.11284498418085,11.614794007085317
69.62977324272441,28.50618362985583
9.8686266836742,148.83815152845054
167.03838236864536,27.83604632614883
6.059277783398279,152.34658411875245
192.64405044898007,169.03738022785072
170.69073128648583,72.68311651840408
98.97233394016402,81.82995983307231
33.32052142818005,7.208742823524153
151.26690557046268,188.9391982492089
26.45278857630434,160.4309933743195
21.474408733812023,87.91927116287985
36.44419418720965,89.23052651776949
184.5689533780413,38.84004009408286
38.40248715358044,164.51610396169497
50.35244197162326,136.9005401874489
179.35247178609384,135.25193487609485
34.19455230975454,175.03063796108435
73.2738014437736,14.168239258898346
86.097981429372,16.33475149771867
39.92699364958395,45.21970744119806
165.7218429856573,89.48463436401508
24.729657908072355,142.95409431383038
18.638780710580736,77.51246722908733
175.59699325160759,55.740282348346305
64.7132068332382,6.0901721262466495
170.26462049260616,43.12855390913025
111.23026160745445,58.57261245868889
88.96922195016869,102.46578973718671
76.8563866726058,15.498406129123328
148.11386230295608,155.87481605058161
30.844224527108437,84.63609251174425
169.05263034370904,100.88662788270412
167.9354992518439,111.7656854592406
114.48061493012975,107.21205107174008
186.56677252652813,134.0390805458145
154.8841176933458,110.29762599994967
30.644194071226583,51.08091930593475
115.89628693690156,31.495477207208705
27.135556495331738,74.85151778371619
49.757173299242936,125.4802412603106
99.5881931898621,164.62989823396265
51.50712265385055,163.85759581906814
29.301422782412107,33.29288809900207
31.33314167646387,179.0548073035701
135.1510510123113,45.42930171605141
66.41256539653108,8.883414498285259
50.65347258585702,34.53211747219475
38.03995736536897,189.39478035685562
77.0742605827831,130.67879761810985
114.66040263068196,154.95040030144693
85.37775035796577,102.29462202989376
173.92981006270557,193.18401207584026
58.76785965921062,27.421837087898407
104.07462615301854,135.14190489872263
112.7087474514625,52.867567959751995
142.07574754620634,173.4199747906202
62.35845293321778,105.91332454391525
140.74897672389312,161.18135101262595
139.73933533742073,80.45869134754763
94.21035974523942,147.3056891060541
17.780493722330878,171.2023873035268
18.641776338483904,36.02574157507162
54.80474567364127,74.41751328339271
7.746409326482509,138.84199180409252
22.911035458132552,144.86490650326388
152.80459015826884,159.84715891025417
182.14546910100213,88.84747054984041
77.38875533872354,140.46476581277327
153.42403441289463,184.27115764733944
147.45389014127915,43.83642104082155
151.44667907962145,164.62768144974046
49.014045417870236,174.1066515360713
15.397723245837474,134.91013184533628
52.54921465493336,167.72654577246615
166.61654552531778,73.18804529357968
61.629524727419664,45.08403110251227
152.844976771089,142.5304482251371
35.98128339788395,183.16255155320414
181.63033819299363,32.4446052591821
178.48200198294873,145.90954212779656
32.89323803299225,43.78751480479569
183.24832697017342,154.62805276096668
168.4780214006896,72.6330889538873
183.8715546307792,34.1775070424735
169.49234045256566,176.04171667996877
89.01807901760795,110.36796254339914
72.31775615162658,13.028012568635466
152.5271248340507,143.05173309634853
109.27405108650473,148.41308860126762
42.93777384076868,71.6648891802872
21.887747059782377,159.5241658078392
168.46269897472837,183.37600061472122
56.546584003382456,147.20257110463098
114.91934423716242,184.8127428658902
138.01103582016202,136.66528196284844
148.2268064446023,72.99449054058408
27.920805859782085,100.71384471213797
186.10284635788304,113.12973682480116
46.84769572695067,176.05229466956808
36.482222297847656,101.59495894140257
100.18915984641123,5.468882977449728
182.7711166760676,27.602858247260095
132.49379579530174,158.47110842734307
137.10091900209937,172.07523618977206
133.62795579334087,138.29850269140212
39.64576222790213,91.18735578026853
94.5090008118167,22.351509245982975
164.1153069163173,112.54817912439322
116.97219400039815,39.341454941327605
68.76998465924285,185.90116346646693
173.61653261225015,53.30035172652383
72.37609397538074,142.58049298967532
55.616232188611185,122.41924762286656
178.22055378312038,113.37307153344416
124.82070164697727,186.15519772373622
29.41110214295594,141.14941931272404
137.18259272934,131.49764251216135
103.85655772372473,146.5300855532971
41.424110193528435,8.986128900444214
33.97918023329248,158.27284163135457
179.47478833118532,152.4326271497573
140.36868196633105,137.52998287522595
179.09651436470037,54.043855001251615
100.784384622628,41.108583511943756
184.64019670935218,7.404676740681925
172.03355601282576,77.15529590265312
74.10712484475266,22.07329593722226
167.1088844820853,151.81745598509085
71.45626860203387,194.44091916627374
29.141964089841828,144.1119068035898
53.27163039733756,55.075829553291015
160.02025799268557,49.03278631960869
160.80645287851993,166.41847885034505
132.89278540638045,193.40758349255353
115.09560748240875,15.905034031103684
75.84236090866254,152.28453242322124
84.9976938540017,24.6796631483699
182.24878023530005,82.37193865019789
37.7123202874097,158.226826815959
29.784270092206278,169.87773289928458
36.794001061679914,78.59288013098752
100.35362248723004,96.09434275637736
160.18874000077324,59.887174261635124
43.44041882077319,93.74845335042885
5.260876337021626,161.88979106916474
144.96569541972943,11.101158881945755
37.16641602966733,125.19527930333277
186.01115685981867,140.315928984552
164.81449431503304,189.79479134820764
158.14812425018684,171.51519737320848
187.08658631129848,63.86918903892262
141.2699146191957,184.8633613750263
25.308418781265026,140.555149283279
5.283567259835663,185.00235869206975
124.04056287182094,11.47295079318976
97.85591240179305,91.7126185621854
108.77113283327049,49.07889479077583
168.72947827406284,85.30441413315123
53.19560824115124,81.85036724219535
165.80932842314925,11.388470254388217
100.81781058653122,128.0546216443602
179.52688993937414,61.177442784301626
79.26310995738007,186.22451996448692
38.018670584074236,76.1774605552062
157.2690570630601,44.494295566924244
187.45107361084345,90.14707285210861
20.233159707731822,56.32903350336944
170.26497446690828,176.35757089553903
196.2018970964081,45.472521196576565
152.22260992991022,94.73793433615734
52.40069764431949,67.31986182834784
135.43808813338464,27.416781706824498
49.626261622591905,28.84234252594226
159.04636474882008,12.98903917733556
93.9057594322428,131.46085494897747
25.608273626027156,99.12243700163994
114.15834203609676,14.29765460742403
165.09926174405416,107.89846128467195
173.12037681942098,89.14523270512667
103.28550110371283,143.15191645153766
94.11008138278775,11.06836509433928
139.77589519526083,108.41585260194262
27.03262656390968,168.3909024407819
34.77235193834058,72.42397660308849
162.165404376558,143.4217367607102
166.67505899090057,152.53366893202508
152.45703115617178,106.89074591904729
142.58783748320784,62.55961826028374
134.78543931067975,19.982280016293217
33.05247141329556,102.72737869014287
112.7207591618726,191.06915448154723
180.25893275292384,79.14292594985912
182.76654722565786,6.916742404761334
149.19536804471892,91.89937266765118
148.6829799367505,91.6383670150631
55.496619632143926,41.46948014518364
179.10259264837322,27.588572894111763
103.9297000759756,135.10442116226287
47.087798406289615,171.50241148404245
168.5659258340266,140.488949437708
36.236095727743184,129.8257878916186
128.70311212673326,39.05893409246433
23.302597170980317,68.48372101984937
177.132273417359,112.00639378775202
85.93989549288703,132.76178685915036
65.78408426944142,49.466055704505834
39.480999703779105,138.49608543229945
30.246205247399214,73.0113514443788
185.74738652483597,49.917442048088766
85.87421194107863,100.99462301811727
130.47429651625347,33.01161099449667
30.689956972518427,35.837461517119465
170.5944115507962,171.1309399803988
188.95644766428356,132.08489415807753
187.21892578452375,86.38971725134003
170.56696568648914,154.57086154719585
23.019545278925456,188.30447905545938
175.49661348829537,16.37470018449802
88.60551229438268,163.8263385886638
108.75238434882897,147.7298106935577
5.664748468350591,6.160429653121451
177.86920467132998,88.12309597889902
130.73409428961438,10.706820275152173
161.45391007214937,194.85505101722305
82.8974138626833,42.89899489541477
25.800993977570588,141.04389214610177
169.31292632428554,44.56579993641776
157.44291562084868,132.1995818913268
190.65085191377213,149.05065121156653
18.488705248901482,66.71983286624274
104.82000614241551,14.244946883255734
178.0395231251876,137.2847790541791
176.61654642894092,93.62571157086035
102.5776073709986,13.056219277486452
35.8178888509872,178.99157512367526
39.93464625258189,194.17569062227756
170.78139153483914,10.227072560448788
81.3507202618519,161.78213576386756
10.92463691823678,146.686440167136
92.24841242574858,18.754193495873864
85.74944143972971,53.07845333386199
65.0912061618993,38.359739223945496
185.89619715646944,17.429010191086494
69.42606515875804,12.494651640558102
36.150712902044475,90.89042935064386
123.99099603707312,196.49168566525864
60.97784816177382,94.80384180696328
20.953814207247493,49.650420365054444
45.37140383020184,154.7915374087075
25.216790933358215,83.16538549647353
34.28621289599865,39.59902299046911
126.89734920554886,14.72621838536609
162.49576495611024,142.9314948788958
128.3304331750423,33.967235569957346
185.24842998294415,115.16663582496678
94.96739418799278,149.98661149126016
137.7138791195979,152.80926276817203
108.9996773278805,114.90353635942415
42.489183984221256,22.406194795345503
111.70799737261902,57.14371388774442
110.52166206275425,40.18762907686183
165.21846907863315,180.45097773586215
172.63135351870807,180.70584460838577
159.38864275061925,142.78933121000662
66.74581690773864,5.502423770889867
130.80068876848557,34.947603658289076
109.79108964237977,195.38368204023473
42.857011925383574,192.64099984181726
146.85929090270199,42.90988593245061
171.49369307338281,157.107979917719
103.45356455199449,26.445838898168635
182.19801648103578,139.96381165194109
171.2364823425502,38.304742674421874
107.45498511005576,126.67892628181028
174.60757989700363,106.89973296993446
166.41660408253034,35.41705946416537
139.45475908530034,74.61261760511401
64.43554201188294,99.69185555500806
51.41527934225505,176.32002256513397
147.42287233208543,144.18906828122647
111.31194810554014,191.55378055261508
52.576934118726605,15.465171619288704
148.75247796104472,91.61355511984756
168.1226417951397,143.05021761121228
115.89403051587095,136.99245084426317
177.16161975424384,63.60262019981132
21.04619370723538,177.13642091410273
180.57021440465334,61.242878494697706
172.1213905636476,150.91059308384126
141.53145638279952,194.18045520449067
135.6282014375538,131.46837781866367
90.78409836949157,59.03037429837928
60.687379899493735,55.88597790427725
15.840112626149384,137.80255319966216
161.603289111069,194.54506275242997
115.75843532940516,112.24225729913044
194.9228208588139,174.13907864077427
83.60162626773364,116.06329786510346
165.3665405786607,136.89742243745104
196.70670613076976,40.81030686833608
113.1170071900621,117.16345535194498
51.84614745228508,78.96725635475019
83.34734945886392,29.26387775811167
18.564597520397125,127.45936662721279
43.756851163527216,187.77900932404808
90.4479176433293,20.38289972391132
146.86963028984363,55.065208549730606
169.1554499454867,175.2598226089262
14.370778148066565,126.3135269414993
113.38589663054965,61.36672227517066
41.396652213660516,150.92395294389945
12.918437758667551,157.4224426209959
64.92901284997274,157.74743508066734
50.6444383653612,63.64087488307673
138.9766089312424,163.00143367387926
139.98155963531215,51.18320351524919
171.44803555154525,86.93009521293554
58.47469322931122,166.91217410338942
15.250846472276013,166.18826295709894
178.30056730036583,98.61824328072764
55.45231325431513,156.88273039202116
140.5529534088728,104.91243873807599
79.45419091510722,159.55899308021958
59.36872687603986,81.05420350886597
44.62915677308173,181.67706791920577
20.320444752496204,68.11477746178376
46.04176527284158,181.37480067160652
97.33627276157257,119.34114096931975
45.89090855736875,172.82265482093678
58.43670936795602,159.33522451919845
148.20553520356498,184.1002424536996
132.96301257684647,152.4316256612592
29.33974797705192,38.764878167777574
96.368349809711,22.086143821890776
14.104821322044062,154.59248670202808
130.18978118165484,16.95473814280672
160.8956462209804,21.1107310398202
96.13759054788562,185.707076852106
58.87844763967885,175.57013927998773
166.00431671806965,15.260342357201143
180.9500742300229,160.74975031267152
60.078448864607296,152.12758783775428
188.39568664233437,27.702288127349174
88.78299001844542,150.5738993663065
160.89523316041425,22.732006094625184
36.72467868552525,139.7361022497271
68.99066513671616,138.49575326377365
74.5817449348668,20.66612407111057
81.87211836048984,26.254228353021762
165.1528169882625,131.92108867241842
52.94117816165087,58.221301511658005
41.30293575902845,162.83098260358847
138.9369523391361,108.06464371595568
9.379834629637285,185.86515296909727
45.51973826309636,27.508979887582278
70.70469719035316,193.95109889086837
24.315267057518174,141.17030465109787
37.1519686409165,143.31416912284058
164.4122325577281,139.14803518418205
72.25790446434404,162.0568018622428
55.323243123575914,42.47648917193464
73.38958122533063,143.42757736517004
135.0491012774825,175.88007701352694
152.04969794541603,182.7060911945323
79.83316592031707,129.11166598470578
33.0580386369959,43.621131174882855
45.19828634473042,78.49539541604807
56.91705970184364,127.83865000823974
158.89089138034288,57.041874236881185
196.76799285867966,170.119590962092
88.5562962821198,115.79650273767813
38.33538766739496,68.603537714299
165.96613109594924,157.25136408034
81.212747588694,134.18565075623795
45.93718167572666,100.39431428006783
178.6848695539255,190.89812584421742
45.30685117506478,175.90156020148962
114.08821131443344,148.61276668419868
113.87633380406405,147.41334741877697
50.4936974716345,183.64632646364524
84.01804705569408,96.55113618696102
94.96285327551047,5.589985051980536
140.2414987550138,62.02139342372515
77.47556773107262,27.231871412413547
18.92522588496907,154.1842509230386
107.31007769652541,52.954445817802814
11.783504160632251,32.06874822965763
162.69797099960465,141.19011153289796
145.22836937659716,104.65509531194331
181.25406349409081,179.482433557344
24.38937164573512,101.4196737958702
103.06670730662174,123.71902242556438
179.05272454325475,110.5969600413893
27.243792440352294,187.0154748413334
59.33996148838173,50.84276016774863
93.70843905318137,31.7804128395787
170.3854786910677,47.316708862760834
181.46927815310852,154.44892070202704
63.87929720490499,164.5464125615576
9.04495406455251,164.91360935466747
142.87481681030656,35.93268038643713
183.3783498661646,60.4056329494054
20.787330969827273,7.777600568363946
100.41973460253763,112.91776276365248
98.4810753811314,9.818470935353186
70.19723894382996,36.08984010883028
171.8217974610577,71.08615270138633
103.30870715096137,104.34704557302895
82.78704707400726,97.1988457308533
41.89098548323489,151.02248869050158
114.2168173885351,128.37234785838672
32.32014863555728,45.27000687613307
148.3302845382533,167.3372619306312
60.43084554119092,173.28861946980484
24.955998336397073,37.98479188802665
138.4592703289489,16.150287504473862
44.38594568192302,23.935929423478076
83.77228314192953,95.55868773226138
39.29349352698564,181.80459488903696
52.13062394669305,181.86395170941358
114.60662647276482,194.66040767147862
84.06619366842098,136.55985508704828
145.98149199908292,82.19229672618769
10.999418983235529,178.84265351613521
39.69627954907988,98.58613028648627
11.095584619825132,143.03356194494162
163.61580990929662,103.26731289637145
187.3931020234807,44.85648305174658
172.20297631553862,65.67794651204696
151.52589006766343,70.12937648552925
52.592084302159414,196.99896550674467
144.17081253537583,67.78065190807305
105.53481055350271,154.0311015463733
17.36944250719729,150.14229240139315
152.62361631549948,165.60526825402818
151.12510008073946,72.67362308498237
17.645086733220023,39.65839150241517
111.97416749115948,20.755118888954154
37.80277222815834,38.70752657919886
37.596183849957725,136.25982785088544
169.03923281647937,148.75506297362313
87.21172075276971,28.107490910089187
54.07741030462331,184.19441862020133
33.2103439600039,19.58137681237785
135.41074530108907,145.24034943643235
62.45102381987613,46.02612103506544
160.9178980927135,94.44011481144781
184.26286643105436,7.756637549901295
20.165228791153012,154.04121375149688
61.484012018195465,136.60486602187848
183.3093061205948,64.48157941395934
101.0634400209145,138.18564191959317
103.00557165905307,196.7389466454195
85.28708680508556,111.24879798584794
179.49307938586324,107.85878721090238
185.96498533622457,142.7929467439361
143.7014479369743,9.04615043808568
180.18541762205686,27.356142387294586
64.14765179447588,67.18385376395821
87.84579657559554,154.824765904814
111.10967771495606,85.55107384402778
11.01398599402311,36.594246682939996
113.66853490586013,190.45963746458136
148.41173090453452,182.96584685370001
28.945184713235204,10.395351788589801
156.79383433506268,146.41568781297042
60.912834349604054,134.1364414280853
66.9573037212506,21.70471919666041
164.8787410134469,161.72475235384027
162.55323472913003,195.020017161568
189.7456598698929,45.37200187497426
101.75994802368713,118.87469123642462
35.55704051755108,134.3998483697038
168.17648314859494,99.05139846263184
88.57002004787051,124.59084008998585
81.94586187724607,112.39121143104592
112.68750653537609,186.02813741848237
163.11278126489862,23.590562661180932
125.49950315513574,26.50879010799277
139.1539382113327,184.40465876463836
23.984126533798175,61.93867767578518
65.07971671641008,185.1179777687154
32.30028404621561,75.32838627445574
110.21190340508497,22.773822089315146
94.93843337914316,5.006730377288726
97.04936295808098,146.45879621021032
36.13126708879585,180.85046383433473
132.20328413648352,184.59229994059828
140.95921838343205,63.37249026098191
92.77947434995046,55.69031611704195
33.472033759206916,73.86577869948977
109.57348848331603,40.7043107482488
9.15144742923065,171.94748208649918
141.63130251745946,98.46930612887002
78.59602159387232,128.4245228553668
115.03554117424746,41.05813247010398
112.18453520213878,116.82556770365073
149.10986463025117,156.28253686620772
62.17662208170465,92.35419207189902
180.54742971734407,189.78165870208613
153.83891398141378,186.29415980935207
68.04927887826865,160.74331164220305
151.06525050729343,95.93100404659194
51.76568494790155,150.41044859158163
158.33853679755492,75.65108642397797
59.635829952871774,127.32187343891292
153.6912087831116,32.751632199755804
107.53109263974885,26.290815785938054
56.274697072495265,72.42875247108503
187.1424618720269,50.80635681264192
53.61618474285132,168.7384961438801
144.39912353412703,13.294479289842103
18.098834171218684,147.00999952352575
177.2862620551675,182.47242692186848
21.69645202826159,40.65897056517338
185.72490917161284,83.97003849990769
17.599946474285016,126.28439952983842
186.97748579823585,144.31022879795614
101.73145680293348,154.05809990248036
31.25356142159385,97.08217616669322
52.32273523695001,161.55167298282927
141.81281271262952,156.88224128293163
148.62687532604815,90.6675179683299
148.1964451801243,16.37429226245748
101.22982284391536,123.53943287974255
85.66518912101941,193.9575399912259
32.84632628656655,83.02247605268845
23.761768305081524,185.31622139292503
39.30670107794231,171.61227981665786
22.885020666388304,161.08884205254972
160.7059140951961,6.019646699365262
47.903874386988726,129.8479700048313
5.459026600752705,17.83254696391379
89.78064832854068,39.0246526999982
115.62194678104693,144.00468763969877
81.09048935873757,46.902139511489985
57.306504458507,174.34110306650894
17.219251298325595,84.60933796625797
157.15814141493945,12.153407321173109
185.10933533117597,53.73215014920228
139.69617175215998,61.70587374839152
151.84221794113077,44.01204546338067
62.0358420462457,35.873306289423084
146.48100816672917,188.8994789607593
35.74583375782009,126.62102466110717
111.37724360640772,193.3257528260836
153.75759861630888,92.412258394123
41.134735645733564,29.922890726031234
14.68151705575822,161.88352667642104
32.428395671151016,61.46533733012764
103.2982345924391,39.379476931869114
105.24055850925178,41.68332324098286
35.60842160656844,33.4977352239072
40.879005160861944,41.623919425909286
110.78237082926717,30.779839125181898
88.42209120867565,166.49986555937127
18.047231816463857,16.68694683784906
106.13125395941857,25.586687205477624
157.13799227135974,159.24635474872548
147.66687459219813,19.762701248257937
168.83980732407426,168.03934119498908
116.48848650529641,188.45644770668903
43.66259175832635,153.1717054177884
35.80993331364176,170.49550212167193
101.23977507611042,185.99016741103569
34.711783316197305,183.7511173820018
114.105754739832,158.22815553148803
126.86993446792206,187.0355335077618
169.9317953575825,9.355636973065716
30.689675128595315,135.76022063856263
89.25284440836658,41.43290182174238
104.62610756626115,97.09280188921929
76.59537326280302,24.97405554236642
171.81524470488327,195.7451715206111
109.96120851442568,158.62784381191176
159.73888596154782,169.0351954405518
176.6790905032311,168.24807594105704
86.04525011250938,9.150101597016238
150.08803172395906,146.96481691936114
99.52820523939891,159.2714143184264
44.33936852449579,138.02420107226104
162.1011615921145,154.06332541876012
40.70064585295007,101.38683944492325
22.789119188925753,16.05212366357228
88.8406075960616,108.15422076923934
96.64427127442909,51.80008825753948
138.43471321105451,148.92975684762607
96.77713980869362,60.198991031630875
152.1192605681273,142.2011195930676
25.474278339741993,150.86156902563448
68.98974983861491,158.93235723127606
100.7828726319615,141.47964659993073
142.36891955117284,43.34314246781994
61.49610885024119,95.19383817805135
165.01076333484957,156.5282449456234
97.28630383269615,152.98349297324935
91.16505208910496,159.8216097029273
138.94919080670857,71.24949414717824
83.32214613815202,125.19181680036426
108.92224924148532,130.98119306055298
96.03599677639579,120.86387877787654
89.8313137263116,32.22490758255445
146.81742557934217,37.27330692830263
160.51214738691982,152.28175963755066
179.14414503430461,189.23294232456288
101.80260902550755,125.45055931469133
141.65593631534233,74.16574949088542
190.9543830394938,193.7568173229121
167.49834542357064,99.20193958246784
142.79302636926013,85.94682303739796
86.66391446862617,17.57771296007552
104.54479929789376,139.2560312450323
60.1590300180271,10.490695431975926
153.55969117992896,86.5230980342054
41.48273689070033,27.598064310326734
126.21957991018574,11.631464205027555
114.35192800205357,53.366840433721116
167.85240878204945,24.961124187843886
188.47583322381544,35.61725016063852
104.74014997328716,49.50512419387897
96.91862727689025,129.39738437748443
109.57137001271897,104.21695328618344
171.8612916839492,53.832002479491564
25.795460551777314,190.38251781117134
148.97956898061835,115.08893665045576
73.01295595067435,33.29790124109794
151.3257909021236,85.73123789657339
10.848802271440334,187.56482763435093
40.29446561413633,71.10043165161352
172.38228367764316,171.74287658666051
52.13656477137898,69.882017288185
160.8383852563318,188.89856422023226
166.95625689006724,110.83668701281323
27.115734599962842,96.24386245856489
98.21286799922619,5.141630974414306
109.9503288024557,94.16584002829725
161.0722316705406,185.28244313712943
154.0923502379727,55.84608898368502
140.8375870612657,165.82153985368137
128.88549594360725,21.697355380110906
52.2826367091478,177.29307994822253
79.90079338017118,126.45047359861519
94.34781969497192,145.0179828104725
181.99061435181108,93.0596641404948
100.41650470005682,145.85366275351893
61.42376847362773,194.63997164564853
14.937492970041891,122.19188803564134
19.38279643603187,59.31508863108931
189.51801946654996,8.960606457334773
88.44364869103332,22.352229603879074
132.99860083465092,191.4403718035562
144.1106699551587,33.13580491449013
130.0705527480059,41.23746047457269
30.67152500594651,92.04032318709426
55.794291670594845,186.19458506956187
135.92964364293002,41.844611056814855
187.198938855515,103.15454190434053
78.13095172699445,122.27515638777867
115.91148594123145,187.90331333479827
83.99078841079151,78.54781107808586
196.36554098027995,153.60565375152956
177.74603948604184,155.68458583963664
11.786449759770669,157.70564747423333
153.9299321695332,188.73545288113715
152.89639346862148,169.7960841707037
99.00418166952056,10.723239330288894
33.12679206092525,42.33579144500557
48.340657227552136,97.86327208819044
181.91205974318675,115.00201376996088
28.71990378738978,104.76068493601417
132.4640545266377,43.74319982506985
102.48779062176159,124.97617616791847
19.929911911097477,105.722421141337
46.94074013976076,10.495067985516517
155.6644033357546,147.24018051212212
117.52441811886321,182.226604775333
37.82227879774241,22.1918205411096
170.3098754733155,76.90712813026838
112.73428292295748,88.88920390941983
177.70533740219514,47.74381707096665
155.191288216843,138.1132078468861
171.12051374379584,53.641450605555406
179.73872336549846,35.492834986312445
126.99912480855637,17.813366716975544
149.4954234866473,56.240761551313426
183.62597671734324,79.31626853859228
171.56091350987654,82.72288423380712
181.7239898912554,188.80677195223012
144.95746129423767,60.76843441179892
134.4422635433076,135.96433503576347
28.565510552905437,73.20442998091556
152.33045604981183,132.18065037168302
168.12110585631928,157.42254506859004
187.11642639754984,73.73399933190784
166.6221909640223,81.55804186305443
36.345251509005315,17.439341116189365
56.28893549280302,172.6449200976961
66.57882872906738,172.59029734667638
21.29465288082182,132.55511408331466
173.09161360204124,66.71760936640322
19.735323858096457,148.77058314381912
20.844633085766805,96.15376175933187
173.18686194998685,47.05274162887155
18.848088519031286,86.27308001265588
148.98146323830048,98.50522819231767
15.094670704378508,183.000106293496
55.99097066213535,125.85201504135813
164.22747250496502,101.55009982992384
35.62245930535883,190.03989988037915
24.282529297013436,187.57379653413517
137.2118302810987,176.53981262764438
40.459254153659636,48.781759364895436
135.53012365665182,160.48292835581216
70.68804039212141,25.016883379051265
90.81901757868586,119.79178102527034
153.55502187122377,52.71628711181232
143.294348558444,148.12170914688036
76.6185406071356,195.09122204522916
17.86347576936238,6.479953464387353
153.63834433039946,66.78761956497402
186.78818577689273,82.75107560314834
157.27181060618796,24.608400839104412
168.3150156514447,187.86546163037005
171.40771145826486,76.67169380369322
134.9596113090081,43.71716662433316
62.94952508719079,143.3367687148897
50.76190806322957,177.12897640574508
31.51867137808296,129.3583667762382
16.804987765344613,33.959130889724655
79.95493638614764,126.28705124477055
191.95957411708682,44.054125857851915
91.39188677153511,189.15315792900861
168.54297369323666,84.42024301717744
58.42005250164348,140.93004188021035
135.81567061760026,139.72283821224926
47.05409780339653,151.6266177941742
105.45875240637294,195.5852126220484
46.49132859681043,9.664387173331573
164.01346561076872,134.54903226953255
94.14115513442634,148.9019066804865
23.332304598312053,93.55751971807146
116.55811901129752,36.885879613800626
166.05545434021036,46.94677175561009
18.350935529710195,153.85238904503248
175.67678716365046,74.65200693665483
22.808811248935754,7.225487661324213
150.07426067308035,178.24891538665517
130.10751338129245,187.2735905497304
47.28210021542003,129.1940297308526
174.66893044881567,86.18981988774281
105.33945603398702,95.67156860294871
177.78805703114296,166.0353827836176
142.3980263722301,106.27863462227288
34.04303052356966,51.68930602727721
17.95893743220052,190.12007680642435
51.8238382196769,164.91395337927145
171.447662531585,12.718048731532347
31.14954721743341,164.5086063134159
139.1647953031577,132.82101033722822
27.663127029735232,8.03397900477956
143.30416758102217,53.19218281671471
166.43207285587502,99.58679719491909
196.05264580601894,151.6128850476418
27.944038053302688,172.4700793712704
79.26821491537675,153.2044100456102
151.6085434831626,195.82200163589457
188.0732597823992,158.65480641695527
157.40026415127315,193.19983614444166
68.38826417231404,179.3558659911245
175.4877213013562,94.9276804288998
180.08630331987132,14.075533270923826
74.74168796397718,141.04581033501273
73.22730885191912,153.8873950999593
191.19652355111918,152.18842714950227
61.51158994847124,133.36890805085932
23.2508012469363,60.17102261011302
45.45409912695073,83.85064468233165
59.063825097228886,12.824312255782532
125.06109281133695,42.773666177727804
142.97538925735333,91.9292428308607
136.0658838261824,7.598242853682628
36.023240416049326,65.02804140235276
92.18589452020227,143.75578700397492
132.80974249961716,39.22579844230427
192.0662241682219,182.01513732043443
177.06667591328974,147.56097670275463
183.76772858794476,48.69707442812734
72.33129943018109,11.386359596260698
166.500168911189,77.1529699767862
44.542643271771645,49.00635501554045
59.117939613277876,58.45650519757288
145.96565637012802,79.07799658640053
71.59450229676123,5.322128121330581
45.60927550622673,179.6050881147568
122.46532356240503,24.901937881340597
100.75310754626643,97.99159943816005
166.2421302622495,151.60446194593365
41.927961278120804,36.931740629882235
151.4523128443427,110.9997144380672
161.25262789905258,158.36400143905215
152.9984547555495,80.52271552575687
156.27055287516419,193.05706204345861
138.82950040860618,137.44885243798973
38.461978724935285,168.19926602949207
75.15588039483522,16.394451146196058
26.174821661430137,54.82133169831081
104.86455405694643,130.15809144260533
57.58005257780156,75.74449357092428
108.5352206878004,37.14267121695245
114.1322817077249,12.247977036630015
129.85924660817054,39.42945159363195
146.634336201439,70.34324970635282
66.6430427457335,34.61271029584226
181.56843329657622,44.2609078534433
167.81423540242895,155.75686696011456
88.00876084292081,163.31417012982828
5.067112994252232,187.31043876833644
179.52034378627647,156.06066599914828
40.193220440386895,124.4699441246032
129.02406346355332,23.4002910444918
108.21315755443013,194.64215576480134
61.45557181537489,23.620658803052645
44.99279319174309,138.24006482102686
94.71090014370625,159.12473460826894
40.38198202628742,26.400553611098957
60.13337112194323,156.21409331228747
189.29652988184674,137.99699487451343
97.16608340700066,49.33859256705672
80.56437279670287,162.59230472967505
173.15984709476746,147.9092563638422
104.81569446898325,115.04529262551081
109.6837227209628,119.56898736849283
46.845271169535195,63.24708799402952
24.566402489709922,135.7804407087184
26.7638558393328,71.34743660014172
57.294944364705785,151.81942736969125
105.08888508180421,138.22172412287318
42.211402395545115,71.379353639248
75.9175821908213,166.94722324194177
134.3924196549166,5.936293569531085
36.50362106739416,18.212522897983646
193.8833201731629,19.120448035385575
86.55898199254536,184.63810840070693
41.680038061663254,13.911826476113612
30.182524360540793,191.66867144477587
157.51722448671228,30.417577691826438
29.412078161600466,125.50598991017044
187.74098770510167,32.42399542560075
128.6250984344109,18.425429569000705
161.27163507733835,112.94386539065033
187.3831010954301,55.96838528789496
96.50635699417799,10.657269990960154
16.382971892954057,76.335033463519
156.84174778656873,167.73407155227005
26.2875732739418,77.77097403756642
18.511130732621794,94.29220791230809
20.96880145738799,166.45215898980155
53.19398747976655,83.4578711879731
180.76757765403323,77.47733337261768
153.65050303296005,112.65464555446496
86.65617191290639,141.76958048112692
38.8437388869577,191.6388000714561
174.39750238356783,151.0006558256729
153.82643001253436,73.29269269278477
139.64518814095754,150.5540153181044
56.71146315351609,36.558545453453654
119.5212586413677,31.33412305453789
39.19608312906519,136.7824724197872
47.820025724446396,154.38326991804058
14.167571547145457,24.93435530724326
59.452272758319175,67.7873990066577
82.62601438622,155.2455338904831
137.89116254171694,156.5177497880071
104.81935919103243,14.97388433622565
80.47098621517081,121.34320985928656
13.409608123434635,133.2096252149864
37.55824117229419,34.419107904048026
153.4751938330294,48.30460973527788
41.492751367717965,82.73289086136862
184.06273015382018,95.26658339416868
149.13557450229283,193.46739003986403
135.02702265898822,154.37330029538398
28.169583157398673,82.62149194304757
150.79713731384058,114.05102488448215
96.82054673339132,7.483097140458406
154.8001178935298,90.7012164698227
188.0449182664035,43.35235061033876
110.29041576991507,61.269346731143514
88.28582109558857,41.078798931381165
29.55270398997864,34.01186153158736
143.22257576564047,50.620121757845034
145.7867283794782,98.92651299700047
147.14008653358172,193.45812591985347
91.76021206852202,105.15940250270107
173.72710788204938,134.4373432322221
160.28217879577866,30.575032277262864
96.40896080916697,7.098486227977905
72.90580664837792,145.79863379300988
166.30743553053892,20.611846141064
154.09889098545446,21.76542423492669
153.72714641013286,41.449071399608705
120.80280364775719,182.5415985490422
147.21772187622133,97.50408049084682
38.788631045225586,179.97209674525755
158.75012614455633,44.64130046314328
184.26629321732435,177.73223229977248
148.86820937863124,89.87384167936057
174.90823119594393,8.58446159813787
87.16905774833842,121.41423667724892
77.05009856078485,26.839272393234424
185.32364089599477,147.61145530042833
129.8664123394183,193.72745338109334
16.66271701364704,46.60233525928544
157.51293518513938,16.01971801383711
16.02757094572035,144.28437225671522
36.95882388319631,132.29851224147671
5.92393394076136,138.87872332830773
42.10670829541298,176.81672773533046
56.88862794840065,90.62298405210358
153.73456402900982,79.80584675508025
68.77557588582701,122.08888229972989
163.2760324735971,58.35247588578154
171.39770313345187,110.05639077640679
108.54407541432998,182.81112070139426
32.87989035709907,9.58304245557522
17.788472890315106,65.57312732908957
10.946364875417096,28.998742422001392
7.056559547438146,163.7982929624174
138.65934517687134,97.76194204325351
33.68024692960758,170.96424784912796
145.75112073005513,91.22513831956066
55.69159773929531,145.20927334261532
86.29885081886925,122.9468577932217
154.21713364685087,11.267135462318965
170.83333809483383,177.4888193022264
21.687047256059987,160.08339660351618
47.92955270810263,11.886476536635383
16.80908702476082,7.544280120412247
174.56016047694337,61.327592883203565
37.294386555248124,20.774731153195223
124.09371360444636,21.519705093921136
61.62510001344554,134.1077209805469
61.61410144329528,149.6526367484243
173.74384528824996,175.56433300891973
190.47246059903316,5.75128722605107
34.8153767599192,187.70552101257826
155.2004529979975,172.45810505158838
105.77390910989986,84.38880899047298
55.32822176014743,125.95809396242329
161.44844936011975,182.71255147053324
23.79912359328873,81.33651145989182
29.539788627407923,29.11589196796203
130.60767414910316,36.383002824966866
184.3067490584158,100.1792494875955
166.92217392054928,57.16838466442785
145.29703022719255,46.250233635471915
27.544717027992682,40.438880204118036
13.98041054383533,158.6616240643982
134.29836348243808,14.463698293982022
63.51570946487963,180.63589824086608
53.81025783320045,25.90138190873996
91.56827099738753,197.00325243741727
54.04184164989383,172.45184065055068
105.5071388434902,49.27382344666778
186.86731972260256,18.88724085779214
103.86189988089873,5.1182458043695895
100.46398225412564,92.47494132839253
91.84962823310421,49.71410297493116
24.13359830108659,78.24542005038171
162.80614277539368,20.93697908446322
143.21619090796807,164.21154818268977
191.0527132586681,21.306213236772507
138.84835014601268,12.642718398290096
83.08786924423563,42.71343273692356
6.809812412176143,146.77661227332254
195.2391822689955,176.0608836516459
161.7627765495165,61.699575719388655
55.03503192601793,105.51168026633324
71.89627146948446,30.834749975045465
148.70160219706048,96.56490792611251
112.34464704012589,158.4509800287471
160.48856346851798,152.7024776330404
98.0679318509453,126.27146168537644
108.97253812858295,144.68110113628975
44.50314649055431,138.36002265779697
58.10139780670192,131.41553729939795
28.294711707777164,63.25061459971708
31.110001179911343,106.54067222384484
102.28400824758293,40.796095131108736
150.3170337747812,131.37690445083595
113.5125627377444,128.31726719024564
48.48350865530534,188.62659121718886
107.71772531890139,24.0997967389662
18.037110770729814,33.41660570333062
180.85937950375916,151.08963059544138
161.81613380696936,43.05934118688583
141.2490459505791,9.10613089165911
39.0133132139552,47.87733622706013
147.22387280823938,61.793448307160936
146.26603442098974,145.58139917488683
18.96533347851747,16.805803166731486
63.24546267503706,93.20126468080915
195.34149961743316,192.07312538770603
21.808749610236436,106.76302798116491
106.48356871402132,22.330383203287457
45.79325708155919,17.042201155574105
63.15533240899199,98.03395345759597
120.6761602757062,5.854171053842034
114.86661037635903,11.300057245091946
161.91951135510675,133.28543017636085
80.6641029914274,185.03596837716745
29.475232642114893,22.6754710408842
171.4965658120827,94.24742025790904
63.64162620898043,153.62054027175185
96.66582753813907,136.87245658605252
152.14161832717136,193.37188407990587
134.60208764312105,153.0074625689151
68.67827865487789,15.526877276370266
64.703014520483,180.97913072485923
42.81487842031503,132.28278788581184
53.98626099854083,25.23315713392939
133.95947005657774,168.14055504772105
81.12876313797612,100.217543373308
174.93916795570695,115.2231622120927
85.24432616069046,185.7939770100211
88.21033793627127,37.309919199771976
123.42387839923346,27.035817869640162
83.39797239704542,32.207004488032986
56.72478599275477,138.6742804334169
151.10408319084442,112.48168249866858
13.368598030870082,196.4147390309214
30.056921860470755,23.728128463906902
66.19903771916808,32.75595954877049
47.52031584407583,53.44362025515621
185.1994854472908,18.68714594212624
133.99329337254036,156.11168092835254
139.76942058597479,46.91539368022751
44.82796367540703,153.73648925393616
79.34909210903584,165.72492475830427
176.74336834905125,169.43328949015213
81.83754397600231,139.28023097466735
181.20929139455484,173.73973056390085
106.50368514037916,142.95932530610693
131.90490928216738,181.92010110166456
178.68078647119967,160.03712672742975
166.00065428364096,6.134615047684382
58.34270292209983,174.41504932041704
188.97716795390832,162.19234104649198
151.1085409181782,40.443294497066844
145.2640806992442,162.10369793373226
192.96088472018917,175.03013891087272
181.36672663413077,6.629868590436337
37.34140423176518,171.6650687709537
153.7264639081623,98.86496137124439
25.400736313457955,148.03787162866993
156.97819511251996,151.63335553891108
171.9251999046515,110.7710589597213
73.67377191569709,34.05501180709052
142.04594323620614,90.87757605556303
153.56372732112897,180.2962560217364
186.08074183808162,165.62193995515702
92.50268278723456,107.72790771403405
20.00169370724153,98.4653164675794
97.0423733657184,144.77977357298965
121.4385119582337,22.311166093321916
78.8827188814162,130.95402415793166
24.1451722107199,27.208149566228222
121.73979927059797,21.770605706171644
5.226079415659346,13.530576217778878
106.80218475440229,98.7844730655214
24.949607147326372,59.07823210431514
163.27277084353403,84.50288215550638
152.79201142940522,58.69424820530613
135.9370282260177,34.40299633781018
49.57410967780335,50.15641919827667
37.38667216730843,32.91874449674464
85.4296149185597,27.979045272801013
168.9419021614388,73.84309428452075
151.9589510868243,164.06418275690677
182.8352126512151,109.72808168515344
34.498922057983144,53.501692253440766
172.38885069144723,142.2024670890909
76.50314568052295,13.377358976070111
53.979513738938905,27.7899011726587
42.02152705540931,175.48265500075206
174.17342717300124,34.36811880079045
59.772405278007646,22.292452761984265
80.80647773393473,192.40997086415578
10.0,25.0
180.0,180.0