168.34627416032697,5.068756340250403
24.627602172856964,91.49647786652288
52.31157695414557,132.1626024571919
48.777822772863296,107.64625923516745
175.45881691895386,69.03107356978396
184.9988964107521,120.34559104269009
190.99278188813528,93.76192593178764
65.60620790372722,95.76717309123974
77.17961454057065,194.46209329213548
67.04079697314285,179.76735903059145
132.58670510336117,142.95120475947013
189.17239706399243,130.95350587152765
166.47703486318434,80.65702940391581
8.34295207509924,128.8305818435823
118.03228733019016,190.59954317212032
21.491352187032355,118.10046464957696
66.85843523957465,93.8247008003743
6.292420705550289,96.15730398774734
23.42857584954545,62.17118510363873
94.64368285064951,146.49959460174603
50.32062262096022,145.5668165698938
82.7107049700541,148.37901032318013
44.23040137388028,78.95134704067404
75.09175290047335,174.34550562428518
92.40206653897661,178.2211295250724
85.41507620838564,190.7360414792122
98.55850133984777,85.78746613064277
60.865519044907046,180.29582369666193
169.06874327190707,107.86096339295152
32.47018577558774,129.73797220444968
46.82730044890936,59.03539415508746
71.3553200590682,184.92568567462843
25.204181389894725,110.43719076406188
95.89518560729373,185.42389204139334
26.729331658317374,59.208318456880576
26.09476839973413,8.641056896922525
153.48502953855106,8.042568909512145
177.04825909677703,122.87040245948575
186.69380552250823,119.9003417385407
72.38384253706226,171.2167821444346
14.51009273298545,151.45041309413813
71.57911226088281,149.31781426403188
12.629177439566234,14.617440192551575
12.320065863935755,188.6093117143201
135.4324992580705,195.64069622787807
84.09244760977019,182.2675540191106
193.43498019872234,19.56044346619003
104.07806535197982,142.84839902223192
6.243980098617992,123.35434051799353
11.21480847428794,109.12027783695336
182.270577960771,148.10510237899223
115.48351663724357,164.3325025283835
88.07858283187714,185.43455911606748
165.88609757370557,166.3213645187968
112.5755227922974,104.06807406286484
41.3711878508743,57.880461877287615
173.30880552549124,182.50200756551607
15.977855976599395,20.743908911806603
193.4112277237463,91.7400120454206
100.54736923230449,155.61181387579722
192.2271125844813,149.42555692079043
31.098519031954943,83.64877201685444
172.5473860277131,111.63399023858405
106.39247453067634,186.4302262116844
18.92117364527186,172.74277336162194
195.82664282752805,30.033091764954374
47.22114238653902,49.31940199515055
86.57807549058782,169.9708065602408
33.11795334243758,173.4472231218695
6.591326008120868,196.59122058976436
109.06508060472997,84.84161829697422
45.931006454815204,94.12835429651794
152.65205318006798,80.74419802237806
38.00504767642571,9.565704043122587
164.30249817121677,106.31589569813453
190.6067381988076,99.31219326657806
119.57259289826042,179.59090885460435
116.28241339447735,187.88845829645606
58.912256831681006,126.94799305674589
179.9737830506813,104.38595355424334
173.61863204056695,165.7311643419556
65.76035814478024,92.58807060805614
178.03247473186008,90.20322517459344
47.31972365616013,129.32885118185993
179.73540025508348,107.5379666661757
16.505796788816795,182.44583470694724
118.06245616278359,160.44341442417436
47.076991892896956,106.27010255305599
66.5257482091485,167.8770674349742
116.82887105148528,38.23790021249967
39.185761374693776,52.11520364257904
14.949165125643512,154.63014830978395
196.77652990831794,92.09856254135485
116.4969222460116,138.894790772298
101.711102032098,100.47576301677438
113.21482791918234,144.58412627178768
45.158520514997804,13.873334579958101
174.46416725782723,159.0034368089643
69.6749093921987,185.9155927636274
165.13735991409882,41.140803792170125
169.27830972050134,84.35599397281295
95.34817752291124,191.24976940935306
36.74888805438125,17.798254637209837
142.2057077854047,12.79100974152127
61.22717447393642,85.37127168965343
179.23301651011985,74.5131953118641
34.8059190681529,14.3435104570449
189.9789550563138,62.267595459225845
183.81985543209828,184.2242697013371
111.78390428251676,141.4092630295789
24.59186604734309,67.433227368737
162.43313586176257,172.99692222487386
37.220143419280504,46.30076765337066
178.40915254804514,119.42862816288257
117.36932037662321,23.823136785592734
54.75860479980402,108.29121344114044
165.88255052657308,41.238931856018226
32.46731696358898,110.72386843694436
112.65925893286072,173.38203741467817
31.879931205218274,179.0181645653349
128.59897629426976,139.61861256194547
48.42909797616453,52.71626024121074
80.08561094996705,135.03001187608146
160.56147688030006,168.24151519156834
37.34123830771214,118.82825723929847
55.083457807174284,42.18733667320546
102.81223418613062,138.9695827651497
88.93841997306106,152.49002553125942
81.7023654738429,92.41697133627436
60.12086159216912,80.51301273150705
167.97246119953098,68.76793354508605
9.851310681184898,126.56832742298391
95.91964940360596,150.59607044973725
27.7381237279968,8.378923421990363
76.14064095790667,172.89900419274176
167.73572954321125,111.55204737605058
166.54048422600712,70.78278749955672
52.77587715383478,156.5897637063877
27.73589390203634,85.39797081044462
181.07544022996834,75.36345552844347
157.9762906034056,5.323387707404581
161.20430750794495,176.55160546653443
32.13840450856556,47.476290819957676
95.25057257533919,111.24775605515116
31.139662498280895,190.9307198811686
33.22609425431058,191.39825529070868
97.73956573703516,135.70797934116908
36.95370536645342,196.22265182633953
14.779075871578897,82.58567172164537
48.44984910081811,26.847131905964414
181.41889020970504,68.52402697963052
86.08667510049025,150.69319432939162
111.46431718878071,24.08531557293368
108.32704665460598,95.45367763196789
138.57981878104422,138.70528317073763
63.32811331355033,60.440076646957934
138.2752836930448,141.40541455540978
13.419833490354975,48.92855422806294
165.40927630408578,108.389541037939
75.07306791293824,160.1120888354238
30.865661773970466,37.17459162657258
41.1580599338106,62.00735100050463
63.729374668943585,30.056364315959282
66.84929644887487,136.06923772759822
108.63078175326636,191.64742348354838
36.55678489598914,174.86366499680858
90.07602202937017,138.0529247117274
56.2238266142668,10.075219173340754
55.016293546737906,111.04712958191797
74.69333675218638,145.227500558505
23.124078327217084,46.00599127235021
158.85002882873982,89.27506630216116
64.5063208315429,46.97157919558009
175.51288260602732,108.71069683132514
77.97270943788206,145.62640419239048
164.45516058952873,48.940034445851616
8.530256294068318,83.95077452025161
127.49491686048535,136.10041560814952
116.26844501007396,23.265465764108647
167.70833545644524,87.83902042431662
181.38147439894206,170.93874166330795
90.43862834798408,160.14063599475307
15.882566273722698,169.7243593761398
59.4065653504864,77.7115328913371
49.40615064863871,49.9038461644376
93.32893394554112,109.16505835217167
131.51838262022176,139.14900059367062
41.269276541329134,140.7354504646101
30.953799196264633,73.88873406705686
119.03820628529112,97.72649582000132
145.1377918848277,11.735840606164812
46.32427997131695,57.56554193798251
56.59318914941958,90.92587913492336
103.46775147317932,160.5640266199466
176.2145109695767,37.44998902700053
29.897030490412273,35.98713754349265
58.87510388424628,179.74931287552513
43.917664013274596,99.77073652993002
173.22349921907818,139.58708235272098
152.19065548369218,127.65432668389667
42.82180496607115,187.07820575977766
22.393982329616488,188.48138952646474
172.6816118720125,131.52445709644837
190.63215704025748,124.05940098281556
9.075570150549154,96.08615724301849
12.791957936433372,189.8044757953221
36.280680245665216,37.11590904513217
47.59211263028874,12.93911184447192
47.27160292153442,44.09936031164793
9.239906431709247,171.2646848346777
162.21274723221836,108.18338654806057
139.04956196030764,133.36673754324363
33.5852803487422,119.02450873895405
190.5518703071599,10.441727838472975
40.10877334291608,13.301333032060715
57.21715442953284,105.59038992392006
94.21235702340682,174.94061629150377
88.85235760011749,178.23792722207165
184.98318155932435,105.72761059259558
5.274393861720859,118.9543841991425
8.224518295619133,169.1283021072775
180.14366544536915,57.87567292122616
18.142618193907047,45.05157890352222
142.29728116192732,129.91235909514614
50.86977925399645,168.83906761343397
5.832797682018026,130.0295553259321
7.875880697491731,185.75658223117696
26.870285971847007,140.84742445690688
109.46530042569466,193.80786999616407
185.46406899979112,145.99243691706133
179.20846950099784,155.69821240478728
161.61943556318005,119.39319812890243
148.30025943324668,76.10346607188664
88.46389015484759,176.8774255890862
180.01491875590457,160.2912555063819
48.256819748655936,162.35912503921617
63.93250473024863,160.14284490380217
30.55440098732388,194.11210500988742
116.43522507965123,164.14760111190574
40.19887534806165,115.73917281132626
100.51711674018944,177.54927881118084
190.57472317888514,31.195733501463735
67.67145769759992,167.96332986901075
89.98012633957396,98.74763510877133
192.22191230272352,56.998326056129365
20.13279137905385,63.89955936014973
189.66875369946757,117.30164524746863
169.10675143646944,112.84534820589172
163.70583957085017,172.8195805333728
56.07003285918029,142.76757542743482
156.48183916209834,90.5624950142618
84.4447084052447,137.5860726288874
61.264077743586135,163.80378909915578
10.903926558432696,81.10026903611376
37.20611116400534,42.96990497991278
16.017845734266054,63.41451630496508
161.10253787982663,40.03973851982653
172.8904788447565,63.12279522130706
38.92657652689793,129.92206850137683
120.63453273023468,110.4521168441579
6.985184873315106,40.167756211821676
88.44069926367126,146.73223674122158
74.33704744986677,180.95594743510034
174.81673632515898,115.06371857373614
120.76181851616043,138.4352311566704
52.447525469943,182.28620637440346
34.667297053551394,16.297616037471297
21.921860177478333,11.484614313219955
178.6660660213608,43.761823462133
166.48532716852696,50.629682968491
49.899592084361444,50.76358991103745
49.23786934244125,21.752258315290785
169.24138095727747,68.18451273699317
183.64602552988669,34.79772277741266
161.19840012267784,100.48900384597867
45.3089869608469,58.97082555348408
82.4127348002749,147.36198805266744
57.666081212341986,106.81849160803627
25.347862086592645,170.6304891070074
60.39315223156008,161.17995797939432
88.10310092856348,151.5219164302537
178.01741105210724,184.26503978803103
179.50855520299805,78.72711672784607
110.61472277723391,35.537100445692026
176.45879800512498,38.83947528941469
57.448107676685005,102.94269991671766
13.41856088820436,30.43817077878983
195.49031738330828,122.7802374128318
10.352617475454952,74.10471632202636
180.55111246563436,179.83299975345867
178.1491179060206,42.60142586975187
12.875956617538927,106.04249579548564
45.140113949648175,124.24800066994418
23.237231409113935,32.38663514483862
46.98475637795099,27.640162316918524
81.25497685952571,169.43486942984026
157.90988149723165,114.70087196234012
175.55555908099115,130.88012150057
67.9316543075773,142.71811745000213
60.73487059769337,146.52781707404364
63.44296063324278,26.747731656968597
20.95601060367901,43.64259608952118
179.68771149002816,196.86751141675353
81.01312395426599,142.036029296004
89.21196348822568,177.53360908236766
6.027526295791769,26.480134680193412
63.5123702175881,136.6751514282005
25.193137345016364,124.67215623178163
84.44285110998752,187.51262765707335
185.54993290456363,36.33763215079621
92.2994957538878,23.79306001282873
87.22991235727328,193.68962186097824
105.89355518619438,110.59182695483273
20.299115427561127,52.148027792099214
21.516587866071095,72.17457475416923
14.844562279063554,190.03218222805552
63.43089658486285,86.55685670699918
29.921005360975908,182.00413044203864
186.63781140348672,8.294815289689
109.93795225546208,43.89963552179738
49.421900147454224,11.86281924275992
88.73667963671316,159.4908841308621
62.88940675771403,21.66357429547612
65.88428394359285,168.39062924739832
95.99256407098542,183.1458592258394
192.20551064073032,162.44117223050438
173.15560409504107,196.98112149951885
49.824500278005566,56.895815040157224
183.14277925697746,157.0570191430282
130.75433631156272,186.31184762553482
63.247075017393705,107.11682110806467
187.33692770817416,181.35313470239305
65.8316859206903,158.82128302842256
111.38219395075032,138.262819002313
62.001222109921045,42.58765346327191
37.53084746553417,36.35165987686679
117.16954059904674,148.66412402415665
49.12407541632106,22.653605181686054
6.510606739290862,136.26878936318656
37.1882601926117,140.94487219755874
13.440832145726215,23.30494434090141
60.60269695895716,8.586359483965982
21.193066820154318,187.2299797827076
88.40275864998634,187.12575778173746
43.31936083291634,38.53317803119217
193.64609660698113,95.57791283110014
7.5359043178311005,81.49801521167
192.28413792755825,163.4486538555295
168.0223403812085,122.59827567555753
5.116738518533152,26.857203528803456
87.30998580590837,140.7251558483189
58.807117848488055,182.43631105965594
45.525661981452295,79.36454263922077
6.637544532444419,61.45385714711086
25.107480291039064,53.49347451466615
45.91939214295557,183.3463402023994
173.44594924693152,191.8076445189091
176.05199363991497,171.87003585162392
105.62385220380685,105.90838957739375
162.152378487215,164.65921186204116
58.95199590666924,10.965858170512126
79.16543162597235,84.5808214052011
32.52306086294816,141.88265375169877
13.096137173863042,68.3753513822826
176.65953957635,195.22811954033799
167.55685216149814,195.90822784141452
46.63174555323507,165.64963758048762
118.59719452375204,184.32917122799665
37.90198387552836,21.547051278247285
82.07712829205504,192.1190948595492
163.69227689291517,104.72356279406937
25.43806797319311,114.59455744610375
128.31832503885934,195.41435553331206
158.39597953837924,189.72069336578113
15.519264418554016,9.574318107159907
24.059965707707036,72.25369913219427
32.45188529725521,25.64311469082956
12.388076390578131,147.7078504952674
63.59938724280933,143.91463106129183
187.86087989503324,192.23913709261706
150.01350962867167,77.49266128936523
165.73795244522867,111.0802225348007
120.4363855628156,151.64480706156883
84.25545033873753,193.3333367910525
103.82554826353231,153.86986789270526
38.320431196238836,138.32968557696304
55.264620691965476,83.47433039887738
52.48304396230675,156.46969995501635
146.66251536578423,17.591308338755287
124.75152985608713,191.12567026450384
175.54306498303438,130.53779864910044
16.614941450980602,130.15810821314915
88.97465689238949,89.17490259285395
28.391037791315593,144.11300467742615
5.092254907384824,39.42199138992109
68.51514115112057,143.28086712669332
194.1963704387308,92.92361408841076
60.85113421693822,118.00840344948445
13.29989841545119,18.05216954051245
28.28462754520328,120.97783831035724
88.19693383323913,183.20457691560944
58.58836271162591,106.88591948350113
133.29626598746137,135.63617177171724
189.18226977558268,168.5889652638316
17.64032363533798,129.9362438810167
185.75089692772931,72.8690497256624
38.42554235018679,41.83045429269752
162.11266755095502,49.589583047613814
40.69186365349254,38.06409553237379
47.694468475322665,44.475302489807376
43.31328996427425,31.363667805361363
8.271931924231136,53.51203234733783
75.73472173311684,26.841188002933574
181.07449138874756,110.60184071863095
61.256848903874065,99.9921684105528
166.31935545756852,108.14714727162736
54.3729104912444,58.61240177030523
64.3960281288008,135.04467296209958
73.00367622301685,28.105870075164088
28.569080042879232,105.467576958952
151.9393918397558,192.67773178228987
89.91582407264676,150.25362726156493
90.60880234243557,140.8178644300282
39.73739064582408,140.0915783872755
158.20438500116003,176.70778696084014
175.04118515363726,188.7817587305231
98.43392725714,184.11655555906415
20.549871066105155,170.12354891175747
56.648671458206266,8.362741574856607
91.49160912059358,91.23303171604393
103.81235647578477,110.73811194425757
92.65172487990606,84.7299331511768
15.302891378974902,93.60284166644418
17.81384547301149,159.60186830210785
8.398494211462857,152.26920247660757
193.7520654755415,143.07055898489017
23.618365535591565,122.91209804256603
19.46607948009322,175.50129190174312
184.03815761484015,193.8451939064268
59.906602940069945,30.369335046182595
173.23380805871534,99.46243920170414
189.7775314273973,104.29856962590597
145.90375660563743,188.0149200463419
11.57744304689685,154.42738286635185
66.42692576958015,38.679756223737975
64.18205843275085,170.76069597888338
32.54063348307509,48.53668794370556
60.765976139221074,34.530156491057966
13.935223925593258,102.59262400658181
89.47921842690144,178.3909461142467
16.50803405714183,175.6397140065083
28.01477875989005,158.46730281016434
108.47993025075952,102.85917834134274
73.00157401492754,93.14507427263251
190.94608041935555,193.04133652531834
55.352455963172964,26.918955063453776
164.53607854657932,98.21531129295748
146.01865870702142,188.2532723504578
182.90999076713734,109.6894928842548
189.56787248490917,87.57788079790674
189.8422466865793,162.66398576185986
33.24054101973081,26.216022898536114
33.96827284468503,193.3117576503416
6.053229884845683,68.50027968339192
187.72801290210032,191.7497859872198
155.4131552851187,34.04846351920589
101.89440203436153,151.9704297225638
24.44504886384442,74.59659541060594
133.4407683535859,191.41911826258843
43.819787744851716,101.77665192206689
107.69019190071621,33.36902116799072
16.588553614553707,84.93922217128063
40.75819982213405,146.4529796630515
169.45280869863007,75.18124494801054
102.33674512878511,32.52792837253756
181.30735945490844,173.86632479336475
54.42483975686264,172.9237319160191
152.7968151776919,6.389785897848611
50.645275189391285,61.41926642826306
122.54060983028454,179.2948621289478
29.07546309013621,153.33149183554045
167.44444676970616,172.6652367052028
189.18435402589137,10.59669507108753
10.776515715249321,161.98430223057608
180.87053460143304,144.40810582100187
110.20007058587333,164.82174045096318
14.208269814119573,91.91647607349002
97.51065307790846,155.60106712023565
57.622558591156604,61.27605857366995
195.30858370820206,13.203106694798695
100.1916871475944,32.92809450462924
34.58318069112349,86.09329289627239
28.64832653733652,175.26528061145825
185.75783276571903,44.82050261289573
33.95827471191849,80.20272624268752
192.1810329554822,76.98590764518772
168.85084107755168,54.13631267306176
39.99837247593774,78.78197262731028
193.0172856415862,81.9675107461587
177.46267147074843,46.976570086089616
158.6141406381265,128.1353396783241
184.3218418196129,73.62652829801468
196.11849794542542,7.349613286133776
9.689754522196422,19.59964109887969
188.6750410799103,32.01600722711371
175.86368409102658,179.04161038567304
53.70630856084519,5.494399103218446
188.8997668791572,147.55900919944557
80.51654274353609,178.85068500026983
66.55294659903966,41.213658545891505
45.51280326103374,41.04787606086846
105.29287438617597,141.41044863695
194.7660541490607,62.283169763572076
116.29953137837813,189.55694822961468
17.48945446834557,61.256407676154915
189.49642135952195,194.29846874198552
195.17251879374376,160.59697951164813
82.63922748250525,143.97478507796967
12.279335196989008,156.94436503867607
61.265584166580915,66.33387380949132
86.10231820950929,156.0556593051654
60.04026721002738,166.5652453026879
104.03842206274102,111.81021655496751
28.29805166469449,193.37720340565508
62.42781528427485,131.6069106945334
161.45242622478855,165.04796562273597
27.32320174701323,11.576534496389954
172.81291607274824,121.1445848995059
71.95330866352911,89.38257738693697
50.31904313386297,137.05092251859764
170.17272710262722,159.9986700175
57.67051949247302,153.28814095693423
53.85068200626925,162.07851042349782
132.6283974123446,141.54348662431588
11.07731862242206,143.22435050008983
96.98943749659993,83.5312118116795
119.37517428427202,101.53355395482521
89.25325379174426,96.06809458639322
117.75730865373862,149.95209387003612
12.24774972098018,182.4132604740808
55.729735041023396,57.68199579152508
35.02310141208897,153.5641113466344
110.2065537689516,150.4811103648167
151.127456137954,6.927322851144549
93.3695828293154,108.17943049717232
86.16576884749924,155.0000120673862
117.91412810161836,196.30403561504878
30.78330098230307,177.99318029907016
118.02275359489492,42.91871654876389
102.43452623110645,109.99510745093816
193.99209976974453,34.55699778932464
30.134009261564575,33.65602446951361
86.77872442465498,108.26198117437174
5.536727516790939,10.073541278540187
55.29098339670088,5.125437119839386
86.02370182603879,24.552808680083857
160.15088023233832,184.84955948563723
40.352668116603844,167.8202630000497
32.70769876214906,20.0032716097652
8.133779888708151,180.8013472679139
64.05479363305568,50.743377636805135
40.38681167105045,27.840206456063594
196.00452398851445,57.764434980737
59.288047851594776,61.415968766137695
39.63496052740389,130.78663974323592
73.63711583756451,85.36719960566464
38.065927606814085,121.96591549969817
172.90633297573254,163.14135206607534
54.22487174812116,51.4191673532909
58.20523996508507,55.040075351967516
26.42652415616928,51.54468285933719
102.39580376613017,143.12032998145514
26.492413425977013,89.61891962050875
102.3533800021623,29.588100699291285
186.39824245379924,17.558355687244347
185.6058147352535,94.61728646199434
21.94389962660997,86.25186942008018
33.30304358651088,110.81024902113533
113.73944952284597,172.75591357415857
62.56163271033738,103.91426203289397
39.405483447122485,108.05477125449468
143.25528568336074,128.62173529218427
119.8051281347953,170.282064169898
50.86072275016123,30.109605049670286
175.1139103152004,77.7063337277174
99.40284767315636,192.78711785253364
57.878665229394784,25.251635542058068
66.53685090504366,97.74365618923497
37.69251013216684,116.38201887599534
155.1718577382794,190.7414309350407
196.76594997789468,8.282234748920496
102.03349164192288,141.77008729981137
24.904921515838453,69.3935184734127
50.095934980251485,57.565496610400416
87.445170571739,158.1465588217916
82.92128687478915,146.77465948282205
47.79039323759776,174.34267312046148
50.87807087352001,184.4740838036037
47.55097608375638,18.914400813585626
196.7589603401731,153.03622761756392
69.3403233379686,190.41598889189356
24.574874343631443,105.19668663719905
19.00858732941853,180.75512317813093
14.720648976272726,137.14492078874218
183.70387919469422,44.63489981326331
48.73089051328109,64.50314354437155
18.506787835940855,115.76865382948637
66.75079778139872,134.351029669734
26.605070614163413,108.26733224548883
42.04562872730766,18.116817090929295
108.68377993542242,93.01471463153263
122.18216409980855,191.17052754418538
41.63609103619484,153.47518258057355
47.021168410074374,76.17549674241138
53.48610067953468,170.26904509564676
180.39231979769738,101.90803379353312
103.95355630095139,194.9764308581967
180.1404520481075,96.59771807576223
98.7639189281938,81.81285059440155
62.13024454990654,61.12801674075633
16.952049969926655,195.77551442313384
186.41875075526534,142.2791057190239
154.44890370765123,83.94591892119486
115.55920756425618,93.78973857203611
154.0902061530836,40.8414171584386
35.66759516782443,59.916480461057134
191.59801870534537,153.8579333135921
186.01439905696688,141.36193709515086
183.6428492621883,91.43418017489047
82.0426569501565,98.70537563859963
21.884709619705284,44.65261243315293
57.37943425443849,13.313460523865187
85.31236510870359,164.72694205494614
71.98919061657102,89.97991559135814
37.316765110677295,108.50006334052082
193.71539782631717,75.03677515889405
20.397113162502166,160.398722248211
13.213082426133822,61.589078971203975
6.395342324635438,60.03012595750785
42.33676614971574,162.16778423308529
183.00117388600964,114.02451529429312
30.804663112479638,101.10489782925166
72.57937857854735,101.77134687950272
51.573941745187106,167.3904340222521
168.62647368220618,119.82522299016235
34.997113722326304,189.77663188083878
99.81384351612232,182.05391855512744
45.624473156807,97.27268027891212
59.57785920628838,122.01669634860423
26.094658259489893,76.01546128167331
54.09030645937108,191.3418242633806
43.7752689673159,65.85437791184093
41.364265028865596,152.25997022016
26.571896661363787,60.5766347317038
186.34010795157585,115.11726940255065
41.87787610011563,63.03430404785316
78.4131738940581,163.07508297056427
121.38976203376414,158.96683120636794
97.1921992234277,180.32260321817762
114.90288207280821,142.90315356516132
53.82929430650568,12.121771817277729
182.50055872833215,58.26883820067487
141.22029283471315,127.9888308437267
33.602190797375876,131.7845986063541
27.88705538481039,100.6231545574801
177.20560491332947,173.71256328637634
188.7441939420973,115.72170401928199
56.71865028721887,80.9785313028447
102.82646986882573,132.767220412757
26.202235093329396,28.298351915552082
172.58597427331296,191.2820526924188
54.618608009951096,17.883785032230332
10.531211938177593,196.41654797479976
157.22687245439357,129.89270263490653
66.100917834425,27.84651626911637
185.45266130033437,66.35416918423768
37.2222825374756,156.3629146637661
174.48749787221698,89.66341996476913
42.92331331671188,163.02552592677094
56.95422593706842,173.63908314737455
40.918945218058646,153.14256422139817
29.39562753559497,147.89046287728317
185.88364008528393,192.35195990165784
182.64095934643396,53.03921639820232
179.58442914976277,140.93273711946094
69.2087200849375,174.94009897204035
18.21489288065898,69.12823886781977
143.85091223190906,90.91580319301877
104.55894542079425,88.79546359970064
89.45391915363483,146.8609257017254
185.77281835159482,23.635838351658318
8.421881196793244,193.93594789600778
89.15733208626872,185.2265893379944
71.87685784880627,85.39807221501552
103.01693262795179,155.2580278689428
166.88770840717925,178.65564120217408
14.555035452664693,99.09068037491322
49.286196364709,144.58804726806903
22.736226741526146,29.556575246991418
80.13278510224885,196.62602585093637
84.36492985066401,173.0338497400308
169.7605154107946,88.95424788337925
64.70427362250872,156.71795007387107
43.50646617174546,110.60775278207235
54.964200512103304,189.9866742061396
20.560379284033466,152.48711564931796
182.87332019675026,47.76347323901516
50.9328628183213,17.982947069564286
10.467008029215464,138.7325644908705
179.74966056984601,180.7105904687585
52.90350038553825,70.69460121732526
138.0128693080675,139.54923100703644
177.19163228407052,177.58264737675037
27.597900844273642,149.33742812286783
21.9757358171294,63.63099081389194
73.09240946596834,98.93000344882171
54.1560872867529,79.08395944517973
39.456765649735715,83.42994151970957
187.57437597899298,187.60968216549702
166.49977887199034,98.29991220767994
42.441674159529846,163.11069221197158
61.50179625739079,163.16828190142894
184.08035781498802,130.2822274336719
28.51332355882112,158.03101973496248
52.04656641739585,196.58765801351458
31.20718737671951,123.84135345701164
88.07282846072624,164.5957724183348
107.52396805057808,166.81821485727474
27.993970714610306,122.14647366225964
150.93629704108696,195.9956405800808
58.892595651575924,127.623702306975
98.4635655571603,100.52182468993655
171.13221215539542,193.74048258666247
196.49257747142167,94.73551474650326
195.01773614903414,20.817588406637388
56.4021941511091,101.69844666680696
190.47851187278025,159.00483604547065
35.905935915427094,77.49437829813226
5.898555699047785,145.9635892264575
59.218471277222406,18.029790335722875
98.31339919134656,173.15441064992595
180.45443715024186,138.27720566429304
166.76729220818353,194.1837537854355
44.39107657249494,14.25801292055093
148.11169568454952,83.25966214742293
182.7218115368167,60.55704392317984
170.70107699923997,196.7631514405376
172.45600182945282,121.50958623451913
12.283937269937452,9.050321606591492
165.99407727872912,169.9541195520027
35.75995688709912,110.72118152206015
28.44068196393487,116.32993631524214
103.45570468182409,149.9542236264455
43.25001517418247,11.091129934164915
79.3770385524014,151.24425677759865
96.78579784851097,142.00759419898503
112.74343223828751,87.46479164228819
50.306680336459586,46.12072680540548
172.91558699657435,172.19828315861855
95.56283937679179,184.74703220621174
47.592173392377845,26.27673535762488
19.505712582507773,74.02347165140017
55.887222792665035,165.80693473680884
196.29400765731862,189.16370913227937
27.468660178542017,136.43479071693795
31.38160302033067,18.55812454712841
79.11527434301411,92.78740940215211
114.42983741646185,30.58553463533245
94.5779567092342,171.68971575490684
22.45799278043595,62.09480870547412
164.42751040782176,86.59146856373442
121.76790350378394,148.51025012740152
115.17059674349841,83.01774486891044
183.81915783612945,185.17135734536643
103.78671913728651,32.07304277361798
172.6447709721836,172.2092042475084
15.10214596143318,169.24811735899067
95.75166462760116,111.48082762836896
15.12135999391501,20.23269750430225
167.33533636834932,187.20035123675112
160.46879547609927,94.17175388319542
118.50223603333482,169.09485042435554
188.15996637861807,158.20922573280808
144.5593300645946,86.98800148055652
166.85667909128546,5.0665345980237735
73.07506783454154,143.35712475646983
120.35595047735934,166.0047165483252
13.29914647774478,27.02444415500361
193.64889655591605,136.33239655848547
98.91483899519366,143.56063549210117
162.65312523970266,168.28503500737114
69.9131964492491,169.43309738286885
9.063309265645739,58.03371317965959
73.32634272611837,193.49938898752768
67.73904039662013,48.909929894993326
169.65225287768476,117.66214038007357
176.93189753471356,67.57088554089528
100.37736350829682,156.16977957038486
88.17647689420396,162.49135949030088
116.0098692117445,84.92363242960765
50.844762178484274,135.15549549096855
53.22427953479095,158.8837270612143
153.32801085018505,27.958371824073865
64.9051437496359,82.40908883210133
66.95020491563456,91.67772171909687
114.54695740644573,157.2253859785437
136.40273518752963,192.99214839485043
31.862674560419553,9.22002794593114
41.80009077152228,107.80927031216987
79.1328571648338,85.16048067385753
94.74637347153937,136.1141341494554
116.30075592053385,101.81742153012776
66.2978492132143,136.65067782928062
47.2955289819653,144.16790920346023
48.84637130608529,67.90423523185609
120.76072007206645,161.27748773329566
84.93302890081515,142.46996932024862
46.23131076211593,18.18806004492279
36.80976045756102,97.02830918990828
182.72215163760666,79.51065742794395
181.99770743535856,94.70019139313595
69.253591562421,165.48762802653494
29.73634342544312,35.930318009425804
100.35672486809248,103.18999819444116
159.5717663866375,124.75669258008757
153.3765804397363,9.471813551955634
83.36121704947166,92.58696309184127
76.79594767465595,103.76203269943781
185.10757987468597,65.42754693021583
19.517387697477613,43.11206694202899
51.38141052255197,170.32499385807267
111.81169663485652,87.9885691243581
53.54780819552115,125.60077654178664
55.70196939800882,171.6379027840387
70.75096681180581,27.191840074469216
29.707172748779193,153.6448030226457
10.139147711766022,11.178991865041095
24.213631673842833,196.4858171860943
17.892906444434402,191.5313696530846
60.30594657481247,91.51076597154658
51.925048040414204,78.39512893448956
5.235281987657401,182.06344868910796
7.411512139846678,24.583349135880436
57.82633256005448,15.87602208268665
6.336825683997233,90.42655337477109
51.41995224091721,7.959715266683477
58.0715147515981,77.43143962184193
9.34446666281242,16.464650781918028
111.28493172901342,144.17027489337536
171.25827536231367,94.15230025644979
11.308374995725448,48.93255126987985
21.975988189269245,144.35919139017759
77.57453621485271,90.40680993495371
96.16312227386427,101.03646007183971
69.95095404033836,35.319419096718626
49.32322430775758,106.12728370470894
138.1320645350828,179.68574529117407
49.40708068614966,74.82136098570635
120.91603786942598,166.36458427441474
64.84783289577702,160.81414363539878
45.41773034418716,108.55274378785154
61.265881124312976,140.3971073636057
138.48765812549786,187.47529751780095
68.08618654341882,48.10949989815142
43.533694909846915,153.98623497816988
8.578739463468992,176.3601208610672
66.76283176104673,109.66862173119455
7.980085768660771,10.747724434048678
36.058986851224695,67.7544708453116
196.54136450445264,104.34187588130696
62.855869161910476,79.62745512998043
36.236369030371996,69.39339284908165
10.523113001801828,170.74245212714555
27.346832398955694,168.84988416205147
61.4967083965779,62.17335592934677
37.71083056170751,177.76774154279917
11.289411250814023,60.11688814901558
33.332185953871814,106.98598997137277
178.9106072629974,164.5362228761247
151.11436464133303,28.491537590723105
185.84992724228624,168.20066461021952
166.26328267114414,179.56351428020966
21.738089742855877,30.420814870621268
18.482540137216876,83.25044556385645
32.576857008486854,16.424014134370182
164.78240998907256,125.81653141621995
50.00837109390635,109.04350216420124
86.94126200664793,192.5728011812212
152.86876450033748,72.15491961773817
53.42192368640573,64.05623957916617
7.616863332239427,169.3609836669392
33.04146188236078,145.7096037389993
102.38031888372976,32.775130712872105
24.184451350860865,156.4458499021831
183.66437802757963,54.01495444565012
59.39389761097652,177.56001536318553
64.67066732334087,65.74955508064863
112.13183588701015,132.42218105335255
57.81063058329977,192.93925604395366
74.47992221230574,174.4193589436331
44.3693389906999,182.28664461762315
180.67638210166209,83.0546426094448
70.01694975793136,166.72969698240246
192.49726093501843,126.39560596911157
42.87043733431807,6.616071193266922
45.80823658589983,106.60823467863675
183.7377607576479,69.38681505169602
11.548746785498329,167.09594493870236
186.30625729595016,179.42132763854227
12.430859828330236,176.05773074792035
171.5404575453969,114.75766719948841
174.94187130598053,67.79960612056853
80.33975754487314,150.84541454524432
152.92680089767114,91.56290890356384
110.6473988390083,150.55188351816827
174.29285611377196,93.78792224288469
43.971637328250345,16.275992699721584
95.28071049764912,146.21391588104677
35.29339167570626,21.975166420683674
15.525175085688492,176.10357768681337
22.835519749972338,188.53646069206872
163.1044188848855,92.79250722489068
98.30998198166964,167.48203523015457
43.81261951558222,123.71948136421749
118.43107621126397,167.87535421953294
171.91854440640145,54.109323041023124
60.277706191755875,195.02360072238372
25.052579062950244,196.26870002840892
21.967159444904464,158.11506485608072
176.50211207718746,44.825746462989414
192.0076180345169,171.20772335202832
29.77005775997828,190.07733858452502
51.54583854563615,157.92384474547916
41.59764965892252,136.17645255311032
195.44583006104753,164.74097146595707
180.26318351950493,45.30050396906946
116.02929185489992,171.25367302221318
166.50814961643565,121.29025151958085
12.532680615330385,83.93065324171847
32.843277730937395,117.67744752860646
93.87178370410469,196.98480775229578
114.74604805001219,88.89222862943473
166.88347361128805,166.8129747773515
164.67492530405357,37.58810258836777
19.48285149057018,66.08253242427631
48.82121945390652,136.42127030295757
123.93396866022508,180.9888353471485
95.66803481329544,99.92142273600673
175.42298334085342,167.82112926750878
36.99977625527768,120.53421777104703
24.762722320763174,126.13871675736007
50.43778037133398,192.58503208330032
20.008567098573238,128.50668102523807
174.98734211280544,108.0051835967097
54.115965261765474,157.09366372786278
40.625010650342226,79.4230610438688
102.38298975838528,88.02090998992065
53.037051205367476,61.171133388526805
193.6992387935484,101.27489023504067
36.239332522513784,33.636516633990816
15.8350904091713,114.49498768978225
183.2476834314179,51.890132610898576
56.71233611390791,69.68023791965467
183.73865506077948,46.151642950328394
192.2642204936516,97.73566212685596
87.88599289152482,97.07307714211296
18.511199057589796,122.73425025153924
88.74131593049202,196.8741133497667
195.06301951897402,28.233138417411023
166.10084939695594,183.83772822885985
69.38833830178757,153.00476744237176
180.83324183067577,102.15189139446642
24.537734306350103,16.037684545759966
40.96281713632653,8.494942962200374
158.3160170444173,97.57121470937388
49.543594124883164,61.49981651939686
116.61076786870011,167.84794021587592
50.31022690700231,49.25607003923814
163.64418276434805,100.51187604729193
192.3213366119878,115.57086126818747
181.14621449583882,47.32042382788534
53.415544803822826,175.1218151023548
74.67236640110795,158.53865166236383
93.0343239508525,94.19147331103487
72.24635871782466,171.37900831645166
28.624066755180174,79.15357669661456
174.77060921804366,122.8901963546362
155.3144638167127,127.32916450953088
59.20101130203964,19.73972212194948
14.708355122087355,36.37971012593813
57.14125032270901,117.97899130774428
196.78225242279387,172.58697933412216
188.31130556860302,47.44920587627722
51.811371568978906,14.044868337188253
53.29458227391503,88.74635448091405
38.954916524919305,159.9148275114084
113.79083642728105,134.94380091988208
103.80193050582676,133.14107203979046
176.99883237021993,166.87907825628093
79.21353656162883,172.47285827818504
45.25937919222746,53.03266106789475
63.26114688167641,159.02242831765105
87.84724107652151,183.7841696517008
65.78459461835342,84.3450159025508
91.92514894443948,162.69810813830728
67.01957035749304,147.4170906204564
164.74731962419443,42.77982742777861
100.94787119566473,147.6752148293205
19.8813270592542,60.891125582769014
19.17617387267141,48.60734713712633
66.10751503611117,32.75384888289939
121.11010218382336,190.99173604686447
56.33843964171167,56.0333358569091
77.61357294808033,183.72639780872979
167.59223599460572,56.497570076511344
191.67232762666094,90.41580885838424
112.5794236726328,88.47970417003317
48.03041827314554,12.907149638136138
53.536841086351615,159.83588210648122
31.592190790875307,127.5155543093208
76.96864462411368,188.58266545645918
112.94932076046506,139.87392079458093
157.84657824893443,126.54535317272632
107.20283158765824,24.540816949288224
191.49400689363304,180.31353395845912
100.91774398222482,139.35443519278655
192.3192308890862,19.435349098176253
102.68008579544785,180.20279923555526
184.4850494773774,104.16808740247144
19.762617378689953,82.58898772658056
53.57281576573942,47.371804993794726
155.82361381080554,177.06066174683963
56.5738929392323,143.81140668519382
72.34572906392393,99.28591109320091
24.943033668100387,126.40568540675672
42.712849238805426,71.7534351367108
62.31478264354309,71.50978415469963
162.02978638300084,108.74920237674804
193.0095656523317,38.23449877755364
173.960951090791,80.13596868742962
178.50543118697738,152.3019091885943
56.182387605346364,107.56760926044076
52.39927943668492,151.6559285434669
55.52332336322719,116.85568234609687
177.2649809188036,5.42590473491332
24.993228380571836,186.1332145489861
87.78356878708479,148.87310607092783
28.77621907223907,190.19707107524758
152.66346195081334,23.63957826145484
162.4479721875985,73.35227758636381
51.270693122473496,7.400918683867905
155.73006655503664,94.87175224362734
74.67123870959055,107.32685260117499
148.045089756917,91.92082258411936
49.48793255605122,10.915918842222167
106.1864501454155,168.4247079797768
179.87785792326602,105.94146874836592
84.96635728827803,168.05164303083282
13.293894970387553,49.76799931776176
163.23582293825672,95.21939865374742
88.15148749588461,137.56122120265334
73.29454494798358,24.736936636220012
45.491974589413296,35.59040466177575
187.97506908040654,99.50641829549316
132.39199863344663,184.32377666574143
65.1932888852943,195.9020868864751
44.916601000797016,123.0051798725768
144.72445513301435,21.338125123693697
102.97660746065438,195.90012851304888
60.79306036923832,125.29277877193624
96.39602833114607,152.02095954946194
11.127113052347605,173.98621502091436
52.8716793516522,81.37567857881757
187.39499124409102,131.1812342749257
166.24282512866725,48.111741043568195
182.09750124097857,166.204843899503
19.425951894435574,145.2961656570084
142.02916438539316,136.4824840367919
22.7227506317528,27.28920697505624
61.13977323260231,52.66081078796148
60.25899613841155,114.24844954622966
128.82144396855034,189.52036688316784
56.34901566563224,12.229567451367531
94.11685700937363,97.84969991643645
29.886270206619912,121.87281880195212
89.5313283801728,133.4406540007887
195.63931220057938,173.18313978436242
75.33527027392431,135.4645041724941
39.05961006334354,34.77148346712381
74.40722241265831,142.9017273196643
38.91398707971891,185.48242098109932
132.14066846200132,132.50773474177635
112.90549614085607,86.8968428626663
189.8664201413666,159.88094488140592
170.99014691629392,187.0236820935828
99.60485072299674,186.7098710514923
185.0850955523048,146.54555550094102
169.16700518064428,68.4656342241843
112.25389712382837,94.36923683226172
110.79106876245642,40.82886808657964
49.389759006692834,156.52229459603365
184.06553851096712,174.68099495285406
46.888607154490884,13.587531355719936
143.77994403407135,81.97370348600933
46.88472890168586,79.81831650126618
27.938223917791234,100.94007220251885
154.88222562814144,195.55292327706792
38.86407052039066,36.27868962290983
186.74558616634727,192.05421594226337
191.79461842084189,97.43756931847238
11.875386049768704,65.448029827589
7.1476479451907,159.51535776507598
69.80843002269742,133.35337732246782
26.426861296411456,119.82514059625339
42.77846574062402,67.13510111988593
37.21219016438621,119.2735041484874
34.04873208500206,43.009502532224325
52.687674058831774,100.8165916797479
160.65567939183225,182.65411780365818
9.119836093859789,36.447852565680826
17.978266629363254,66.91238842321742
39.6177526803698,115.20250101030179
109.11029658022117,162.5825650280068
68.09375474595662,88.68558568721063
17.042985689038066,65.07487606545868
57.74709999018898,25.941764831606356
123.45375499665275,136.4457348240979
22.23888613331743,160.6011196038821
54.00389572586846,14.05565824842773
158.00546811126785,108.01988211008593
83.35044437269387,150.27463481220082
149.31921303514508,71.35374070275049
106.41787811902186,168.61464264161822
101.8588830900749,82.67522232313047
156.31716571732514,85.66937355427166
106.67258382273779,181.7041822204179
30.092676705818576,69.18238345819616
30.98233241820668,123.09837968252612
156.6428037244375,194.81727395179587
14.875191691214555,145.78807578483574
167.35348865536355,70.222156251034
44.009529192068186,35.61816646721105
51.72393889573722,73.78273168911595
68.53916642839289,49.68880990135951
39.053770911449256,106.47491345530995
20.264210015250953,167.72564466728375
97.50424159399812,173.06784459648432
58.18049750681183,160.04923886326227
13.422215553171762,85.34563747258966
154.59001549014576,128.6741628369544
43.254368851362045,158.89526030279092
98.52340424968438,75.89358564836681
138.29729320962673,136.07570312046408
193.98004149909886,61.27652445836057
107.21934870677325,93.02353785789221
18.640066750921036,120.58183029525479
6.101113949457256,98.342704153813
113.4284488143537,167.2772527961379
76.4273240224923,84.32616218933363
40.54464404917402,145.7180004393091
169.85428830513806,46.082520254969566
64.77652376113932,187.77712081191467
60.12289761002796,38.678491806229765
51.156480412624354,153.56113982531116
62.40388890029295,39.104570138200685
59.508184385451436,147.89919003506913
102.45690033046513,179.98877896114703
142.18709988843466,125.774757122042
49.30247490856334,102.26733623011054
189.0266838802104,34.897350980997246
194.76910393649246,68.00386080321465
121.6248033699918,156.3347155004389
74.68423692908259,101.42583029491432
185.48280950933088,108.68678350055556
12.94787494306183,145.08259171103234
16.94840705041201,134.48916815723683
80.68585321434752,138.96590064171716
115.11509589548542,144.35221931787842
16.54202958918332,15.146250880559712
165.55939003920497,113.34222501795736
167.30580552340203,190.22959264275192
187.50147601561588,183.4582248354411
178.3068640144712,57.8385534374535
49.347086424386646,15.851490724847029
27.355328954332755,15.066438772534864
188.6420935014186,185.78185214271403
194.55705495466808,19.52407596816787
83.04231518757689,159.84427089876795
46.226890433804265,174.94389392983882
50.11643711564923,143.4128335807146
41.05499525486668,156.05933547293384
54.146038631260055,142.61422719118178
114.31417433174406,84.73629293460647
41.06787617036188,44.033345396452276
134.19855261071902,132.2364788721989
173.18924340064785,134.61401827989502
44.33806152156442,172.35496440843573
143.05990301211708,193.83967232750143
134.019065731262,132.77541483030086
23.4451532572919,167.4176652033666
23.40242037965293,80.2020287287762
60.114565941639576,60.46081516766538
68.35781203101907,103.41696239561185
170.74225500402625,78.50241387896905
47.64326666742564,114.00794699587098
43.47165416231238,32.56971528926365
165.971951548727,82.49490844133918
194.01497782328963,112.30155669806926
178.88758925185138,194.6839930245865
162.77607678553667,186.37620163794597
158.3625173138074,126.83275786790851
105.44606606901024,183.20507905027307
184.31352549482767,98.79146421848988
155.05310282227208,74.8569268643651
32.50525914037132,143.20171527317956
78.59880063322515,144.60621332302034
54.061315224931896,180.65096855599884
190.5791873400521,54.81086345564782
189.98315076927855,98.28718651976894
58.63807188583441,161.84679717466642
7.971322950450774,54.18091542701198
17.111815535616977,173.27835386752042
120.90342216411219,138.31077569712372
192.6157625971254,26.747283195136358
70.93800612055264,154.29982567516723
12.605396477165073,7.207547639962177
61.328559335951205,185.2341372616581
50.27918060847654,39.43794431852775
150.78369745134742,190.1750573607191
26.534661285528212,159.83621430531488
96.09724581309797,149.3693426122946
172.8148591665067,156.4954747406472
186.477268747501,187.49998872193132
67.72897172797157,53.922915580957444
165.06369366454607,170.87993723461938
191.35538170123905,118.22561373046737
187.49223922986621,107.03311367735228
103.98301809479574,92.4634397640309
10.993522704434234,82.0055589943976
35.73222633894949,84.24076260240139
18.82805194036797,162.55635069336395
190.82365886367978,168.3311207860439
131.58301698481017,185.18385323068753
108.38128330002466,34.46584633890144
182.9737920601633,143.48748168426584
104.51412709779608,155.02938837306942
121.69643608559429,164.79484613033037
189.50203600539035,62.86701539092097
113.22917950212276,43.74637679967181
17.95865069016902,27.24103102672521
195.24687504146658,77.59461094589611
114.73308773960315,22.117983324520573
53.02059801850522,47.37949166407187
186.4485872251911,85.59501943616576
189.69735258629396,187.00386715054398
36.94002118577921,142.86229336004126
185.90932587891535,110.20231210493432
59.32908753861629,90.6279420762183
54.28600719503993,112.82711724295027
159.14492560417068,186.87248311654102
60.55018002601535,32.550804531129735
80.31640139046357,194.23261043555075
174.82800482434556,129.2606335387826
20.447037571409822,62.270235579530855
53.85247497333533,37.62511738170289
191.88475574701482,117.75760360635647
168.05536836341875,89.35403676194646
7.89737349253275,155.27403685077132
71.40923556002286,191.43521568029135
33.060415691323826,85.55436025231776
53.18619100896845,112.5577469937248
122.34279490260424,181.2679014452193
7.510287381389481,141.44013233902726
174.87783912430456,89.85018119765348
120.63087129560968,186.4436195707887
195.9784837345915,64.44027833571369
67.95267709622397,83.55515919814523
136.57619482914524,138.77257065963306
160.32069104868089,167.9445961391986
48.36767526546144,88.32607425591235
33.8658609392167,18.24581880345139
42.423618447844014,103.28148018481485
80.3408650254729,187.5807566512483
110.67532097848002,134.22068319983734
102.16692732265555,191.13777466192383
41.32644354246465,156.12542240094794
51.195330788761865,49.75099169408058
187.4173519671349,156.51285766831705
95.41998661134369,132.4584577747984
175.26576740656554,154.3738397782872
80.8721225132114,159.6194423194824
171.69752491141068,192.2799674269021
160.244695759514,102.29068753782302
5.841786982312922,86.46210616924982
29.838770642900204,84.00893222362032
27.516583049436477,77.60198883753826
40.914201400512404,189.67769704305934
160.31225015568717,69.87778233427052
39.48759924916083,89.03023808593886
40.09120810768298,65.71568686205985
57.016819462138436,102.24814539058714
162.63218766195422,128.7410433919379
186.81787854492524,178.82622463060954
24.878390292333933,98.33806995038994
20.704844392644222,78.42185213403513
150.13442579909528,78.72330029153603
172.76717052420886,159.33535228611828
11.250719965960975,181.0530065640845
53.97363762221709,161.7407835434108
10.126036888742659,175.61205562268216
182.6007740971393,35.62374948418203
67.51769502930024,178.32364504683218
33.56775503039787,55.06299653318713
180.73590552607075,141.24544207071233
86.93789887302742,106.17325135499976
139.81617289564502,196.59010659782288
35.24639609301334,98.39248636782126
48.85807363243712,179.5512353268508
69.1952364513474,195.06399156155283
107.565721260769,165.58101449600244
71.07604135884426,146.91629287097138
170.7228798799311,80.56616533224921
115.4694252483641,140.8870966484229
192.80231538444215,186.68272467542602
22.328311922826423,126.48314670841621
141.32992215804035,141.99793299890334
34.667061552133255,25.75481830243954
55.998013900908255,176.46393395132503
70.19612038171316,84.16288922154175
78.22042386860053,194.22674390846262
150.41872951413512,75.95694221189791
60.23837974710955,89.41254522270481
196.37471696183235,109.52826181658504
69.49981985624248,108.36061351674002
116.85452556366295,156.3036283750089
186.1798506692093,122.32183235681472
103.6600362087453,161.52759024798362
164.60370456229023,126.78567216534412
149.14945703850452,22.694378777860923
166.5339498074714,83.11980642206522
184.4961221057188,125.00401711085708
158.69031748356397,82.78862136812053
20.11036249488046,151.07557739190975
44.23991542024882,36.59073749580305
92.46433861861246,194.7027925325848
62.92434930363585,76.49355537389238
149.1913525652743,30.85518833337972
41.88491105910393,102.95259981090885
185.49491171895002,59.18419035656608
6.892118978639878,171.93394583578063
9.175896848017489,79.8123378785721
5.237952452444505,127.85278328434936
70.23322545287753,147.19687783747443
43.830112123417,84.81884857250287
30.65218043376069,192.5043863832319
186.8850844220674,191.79817746216534
27.792983885173125,34.403871828358255
33.98314287858882,36.03514887055691
163.16295793313793,108.23523778605744
36.51069188806612,39.12232527885234
25.042909036905453,104.89275973750448
184.31745290681246,58.39229078860133
100.78268262252014,195.51837474629215
141.0167111244479,188.05693128744704
184.1897981246659,167.9099815221453
191.9221606040742,180.13517568422338
48.48481959267455,40.1380889320805
67.7177023342961,111.03131036518398
107.58709063934977,101.55869477861681
51.74781208926284,152.2168823410415
104.85165542320308,186.45791328123101
95.80402461545036,105.33038927702344
61.63190203281452,106.829023850992
83.40032369263433,108.16074480181548
39.25131010992138,113.609510326404
8.372754418993491,27.29372826136345
86.03445995554587,171.33405204263386
75.94752100519415,144.27691447038762
129.90294620705103,179.02016226922913
150.43396953175153,71.4636707548948
166.79331145568176,128.55963056152515
22.828617363473032,59.69908013749554
47.308937542722376,68.62905072958984
46.47988826352065,86.09064014927202
190.48683166629615,99.94945203378256
90.44636420068349,179.0117080059207
14.062785369570816,37.04588834398456
186.27985961359025,103.54852173536999
193.66241729547403,68.913146782302
53.226217234685784,28.896536791711302
189.02807463982975,100.0108726884527
180.88985359488464,189.6621962410429
52.32206898172998,132.3685282700459
17.277449873935993,87.74333144875389
157.25109603087552,89.10956324730661
56.997195245383985,119.64066858106959
82.67195235477493,86.39017325531445
117.08643703398975,183.52594452384062
141.04117383423232,88.77604340769221
196.51192007090177,81.9572652974633
17.661372912131533,23.869369791884406
167.79556836993112,91.4335626256639
114.9137568283914,178.39890113052448
188.59292901265232,12.51898757327449
33.60416742640698,73.88620945360188
113.43579440909897,194.81967514005814
71.3559322483745,192.49002685012718
94.57363429652408,180.95939132133748
38.87205966886925,192.89332661801575
114.57931115415566,145.67439026165303
36.44407119010782,123.28377339022313
35.105443629860595,40.35772808260621
160.3784252691915,187.62286407017288
178.07302668235673,122.32466321823522
58.85616251973606,74.22948094818896
51.650516407956175,56.927332910684044
72.6849922639648,136.79012018125798
62.600895132077596,153.0724636230619
16.305020291285512,173.42877845816565
108.90125182861448,167.5287893173416
194.76166315174575,137.58901750190606
94.73431725105776,188.92331973755176
104.07924723877913,39.356275215877346
105.46580960472558,178.60525889280913
179.10451115811807,85.80004733904458
178.26114006376733,163.26498217786303
53.47914975526909,15.266044568501218
93.65042753396126,138.77143117724236
179.00505279411672,85.20967481456005
63.81542454105101,46.34217171718947
120.05013797777826,163.03622859625145
64.63521421059913,74.74196973345786
112.46621153131238,172.58240431136548
21.03104716830689,26.667918053696102
56.25578029258694,193.73682176719157
58.76610800105364,122.58898946486826
81.67899837253216,133.98149459573455
24.433573033734035,179.2162964806635
76.54059959716,89.89573505435365
5.74210046153037,181.49073353577103
193.3726126565662,47.80285332910092
77.88044982941095,135.55761757077
68.89814693816362,179.68237735537693
34.54091572593007,73.07758019175047
8.356455577273794,135.9446862036172
108.90487223465426,90.26972907995305
13.351072720176482,84.16408822846155
146.4639472309421,83.84353890302903
45.3099579139308,43.960133587421396
36.11966399056867,173.35285081357878
38.330529446561705,142.6717357074125
25.6634683078068,144.30541386137313
48.50742957428112,176.90235957319396
116.28944611172145,26.84985716555387
191.79547787533943,195.74683444459302
64.66073444933906,166.77648731282767
139.12386579995976,134.75592077345885
79.48969868638413,194.18855137378625
39.52922236507827,170.76803019362438
185.2365718020034,58.5938979089374
7.4026772918942925,52.67125925890819
25.021550945395294,49.15194284587631
86.51613363878317,161.92526177522544
60.43924587747918,116.69918497199424
117.22178779739984,36.58910029646559
110.37712775435719,30.559345065428793
63.13663729200468,109.29212780674993
32.431573060932166,167.96926705844612
87.60744889142767,107.94344507901383
14.054305823374866,107.32204798613091
40.46078470874644,184.65816368022834
46.1421480233347,54.961203188854846
57.642870619265224,101.28088895006363
167.25048525447934,178.79783230800274
178.4132800628844,65.76158460985373
53.31352590780796,20.948047376451623
47.924521216433625,46.53637062007372
189.721734523119,122.67444771864943
87.59715751969749,101.85793124110727
50.91739355545823,101.61353877892489
169.0188760408947,127.62992146421453
97.83640501934278,153.44688087585664
12.779116190576714,71.67960330206547
55.45638057917917,127.3433865812826
110.5421037703394,40.51519690358601
25.226999020835184,7.55651312234145
64.04405452911172,111.5280617855261
6.173174850216258,177.3428996951967
18.465640394681106,185.9266969944953
74.8867453788704,97.48654246090855
12.43756984586044,63.6746641788448
40.8367522735332,176.32007787577925
65.84851601954621,148.6622408894271
37.06279320749849,94.46681429395078
61.72140881604948,44.7790824115984
53.11049904088588,191.61163768498344
42.40211916427544,146.447414201892
176.8370363089375,184.19357672885457
26.431944407914894,39.26500265395066
18.316292231720947,47.94595350787837
80.798521972584,167.9400844289082
85.20037691654694,103.32892962079944
109.01075487205291,192.89425511104255
14.126571685659277,70.88052985478893
23.4819692132038,156.91254370130468
183.98394301046937,152.49877718115602
135.35739498380838,193.77604953900124
41.877251725468255,188.24254091893863
176.8172023102829,175.0264470283753
30.555230509897452,146.0699506259129
167.2198630503209,41.786213990699146
74.64014153047962,95.8622547926267
181.08892705226143,82.44310448857466
174.71105450912367,195.88115285137536
33.36821172974515,7.079921282107753
186.87733540152237,121.83168907125145
91.82787481650178,159.33209635446542
7.6376667606812925,168.42744159510966
7.812439768424027,80.90431584122075
154.5136332874693,185.67801841092972
142.89000267246476,138.49670803186814
18.20941535142612,163.11535651243196
117.78112435727348,24.767919092400295
79.13885198770711,161.6247931312836
45.58926309630917,65.65691652200438
166.8703599769187,82.29171693181448
103.57322591483542,105.701734370317
189.86181587437537,107.02802242959052
85.51108327325406,191.01947074152315
161.94164713043338,108.30024425596794
21.829095721225258,195.46204433614375
116.51030346128101,135.53107142900006
12.5704028336471,187.41913587527696
172.78251067441755,187.29705418245243
191.45246584660546,21.81668635927373
87.26506834023417,85.95543030417434
108.10209235446024,37.131327013366516
36.49041635658336,174.50730881421947
55.04434801450992,64.51987432463598
9.280666088040558,165.44780908125952
188.0228689683029,110.17899139870178
42.90876703456684,9.825630722265668
180.58578579368412,175.57847269075165
150.46112318238409,13.680958845895827
181.93404537517046,188.3632566798494
29.673772983569243,37.6115518451095
13.999507448349245,190.01882961010864
35.94418124179404,39.514987112427306
138.72257050040284,187.21262861311388
55.81250420928995,53.993007032423264
22.118253292306747,74.53973163113048
190.7262368542613,106.6185694857817
169.94576125643883,48.102603932457136
65.57238600985818,38.52950283223267
118.39396811009449,164.65580621272036
173.66003356974505,63.27983272042713
7.293069530092804,122.21361876114888
195.2804770450451,30.972931306602547
7.277469080159897,155.72625116298582
20.327870673455468,10.605878007024598
155.65132738279135,181.8692111484745
52.30431009538362,174.83387830711604
179.13086544529182,175.03696458827397
108.64754164387271,189.95959914564034
115.92281077309862,134.44647555579587
104.51580436060243,101.65137003033584
99.46350301704337,152.7546451583076
143.26534931424317,125.29214172039117
180.3805264164518,177.48215097712637
23.668384613758363,118.07424698298932
27.476683228762848,144.77994949699155
179.6961340353509,67.7659678852412
187.3267855278026,55.96865306331305
44.681868285779025,177.07502134636087
52.9966299924952,57.20625402710709
175.16661015802575,71.57257189322293
189.04628643427623,126.66370735122005
20.85166977640592,32.04857452487762
175.67574436987442,96.68913167096116
23.451590731318337,80.17985911107154
121.33195267345778,168.8418664025992
192.4424180817276,49.73461738983151
24.10553338572868,114.3117989762508
191.33341764356962,57.22262818157959
27.992443403129236,29.373686752249363
111.61976604423515,27.000674730975565
46.364277039387176,67.22689439752149
191.64157053265714,8.579887588185366
183.8450798995708,99.8477515856972
111.20204702011328,132.31974805439944
49.35558281361656,180.08591007448058
59.678328406229795,163.81788787302918
9.014334554200481,82.59570714713911
60.23973027127701,175.37543303417485
11.43861397111111,95.94713797415669
112.83211525173527,132.61210964500054
103.97129361699251,106.73533005094171
35.82309501149958,15.668149823902631
93.9804955072801,26.36204721873573
179.1717860373096,65.44764885759254
43.319563847050844,165.4550493333958
62.087252747451714,130.92253666474082
193.56542637101043,6.466452782522175
44.272433927078595,101.29882779626844
118.02169103013685,41.83057599342188
14.36336006813795,75.90865027753472
190.80150577579818,155.32001989403193
111.47008409441555,92.19571454419034
54.19218380468246,23.640833182393443
42.399751662897245,23.47532975700966
166.5046904988892,48.027224882428044
36.69340250837472,118.42612247640402
65.02173448303974,189.10845910966253
66.88910749066481,94.80289634599916
22.345500615823333,21.929472816861722
194.51416585522796,157.70479543896042
94.93241932074443,192.9617708893886
44.88095995622077,72.13683311354137
189.0504764422254,39.78480699698229
60.653061589354635,105.99265868805678
179.61237421242686,116.25985146250545
179.12969333468843,161.38474292538322
59.907540915708445,8.036622646009135
64.19900485606473,189.89791602603358
59.15853447413339,12.848102928214047
109.46870953692117,102.74559243579112
48.97426909104274,174.16159448641932
196.274405572394,134.57723470693705
39.49311607916901,61.376292907734815
33.96248610578436,160.82706949240605
184.36604562755608,193.20277026846955
61.17391029704342,79.50168971236003
48.61418884570168,59.81277100074046
25.624053539751795,20.477668663597534
193.83291353423454,93.94621213523382
163.69437875407337,63.42583634400743
161.3050196244733,123.05009132521829
27.299144449645024,15.033487946991361
49.865950844247465,187.77585657110436
50.11466590515572,141.8796739089048
46.37003476463954,57.35669094301364
190.9526912187444,120.81895254769515
192.45045603286712,64.30852641308438
194.10216939027458,26.44530402773549
50.30372964168237,14.262138525758719
6.45617855119165,185.1561072639091
122.47586356213127,137.85420465270732
149.7635902551938,128.37011495168764
98.1042788925692,170.14888922649175
93.65078406458638,178.45911954212156
81.79193366264782,133.67418937299573
96.46322874809901,192.93020797064688
26.595637069850476,153.70550448387
145.17256834576608,191.4148588607678
47.028338671565855,129.8703387533659
6.712027275761411,46.695647925306474
83.97062390974634,159.56531640709716
193.21514570074908,131.18348867278166
41.536403992561134,147.10481572166495
176.74335393149914,45.51342753262473
59.46386801157339,143.66031011509205
176.38499043089962,135.4999084563177
57.328658737531576,79.9502083419643
185.1360939039234,68.52733741332518
189.5215250776476,33.119738190753736
16.097911008937682,90.8202402977965
94.44470373594112,171.35028738474583
168.41381580967845,106.96593216755302
38.56455178601906,178.939346934073
157.4048277882057,109.7292048278098
98.16093681502099,83.01826492952775
150.65488392724697,15.252011783607433
99.04014904290888,143.91889748848303
34.77893849130141,161.41000111587027
16.207793311563027,128.29795580204464
111.95202343963618,136.10197457345603
30.81743918986192,99.17539260870791
14.591404250181403,36.343422963380284
182.76739900292583,64.98041830498566
189.31123432442942,47.9911065367556
45.89164882622938,152.88142465636247
19.75426545677868,138.7850473082142
74.71602791432494,170.46779929707424
182.3033140427232,133.25827232658787
66.83943693257422,24.48079002771873
12.718044556369755,190.23671128740577
57.72318591883718,186.38952314162944
139.20988945195714,143.8609002654866
176.11717971592674,157.1387352025079
54.253347540810246,131.96890896661856
6.814981733066091,86.08117705208875
62.50340266770333,34.47044786719339
32.889838305953894,179.95707227391586
31.575400986012145,10.509734062889004
108.26382916860679,90.3225285832924
42.37230644075623,121.54396872450657
45.729439905653514,166.8375042593097
152.8691346662198,25.54182975503884
118.94130865909125,99.5592181970456
14.17012320908,123.45826894453934
92.91798016001984,22.731631274206595
16.01239863729635,150.52723957851566
188.12785081037907,61.69498776496872
65.20238349778106,181.53678390361387
22.784592768298833,181.885432236882
193.1271162869177,52.907306035170556
51.977281455909264,187.14549737877832
196.41633460920764,61.62785542578092
12.66591201881332,44.526949340486546
55.83989197681824,23.424988466109212
71.45782645446863,143.00664191671382
76.75307582095805,189.47952756777335
175.44279595288876,43.48374489970343
180.56872745002633,178.5424690916346
126.6199361765612,134.98611791530413
13.407555899835286,179.06917702378595
15.6861772730076,70.95906893306972
61.90729627546566,73.85706050545885
61.45938019912532,39.54204129789233
84.59947727635274,153.82564149993317
96.7567757610102,195.3652130574001
43.265765666506695,78.86672653333872
116.60081243074468,176.46720039091517
123.65913707779292,189.1819426027599
9.237405906762383,194.91117144025833
7.212694218667235,34.53465932698607
122.65645902732254,160.68537177236377
69.08788440533363,108.5427258048647
169.79466955181496,73.2059313979915
54.20956904331348,72.23737793569202
151.40786518036546,79.63262515322297
157.03871861899344,101.93779638068547
39.82208742451929,92.49981567089155
26.1607584511033,156.4568858919108
171.4908210612943,119.36856989372117
10.236033827496524,27.312754399149078
49.11710719387824,148.47326805057614
141.59070936920244,21.156186357552862
120.60357380089923,194.1394450113973
65.53742490607763,180.28911053947436
172.72695120363514,168.40479185190762
54.28162008756568,176.19686054439674
120.65758671191313,156.40338328398755
174.4400105845688,171.56958367222063
77.10754420407649,149.90289807650385
110.26978212456076,111.35270349184911
90.08035576064542,142.90230262295114
161.99784605663794,113.50126093595529
59.417113577513895,161.16707996287255
35.921938212142116,23.2262399068294
72.94865243375197,133.71985862974998
125.80729061141847,187.58590958529197
105.5835776300588,43.66969957624838
134.13271132187683,182.1321804879126
195.47451855055934,130.93027103174043
166.88373685155102,195.7142200316957
7.981139361074273,125.93431085984635
114.53203398708939,155.52188585819496
192.99513838793254,18.300622636025874
25.98880955294907,96.65052091273814
6.621829515019511,76.18299363433752
71.27153796588908,166.322527478253
187.77736325881364,161.63557459514897
149.26616136558184,189.69342921089452
63.18399481810999,110.7438840686783
191.77848301329516,179.69940912560224
83.61837840503141,96.38816224302707
72.9119304879865,89.52332627217017
59.96746197009428,37.50046642711405
170.31043671396725,194.25834233461714
98.21297268259902,152.6491148270573
141.34219759919546,10.300150529993717
9.446899878689605,6.406681345043173
43.32502795705188,143.07599153609607
61.08836042737204,169.84713070489465
98.30779329581003,187.62859129659196
189.98776132509508,86.07947643924321
28.037078891656797,34.55343582413503
127.62296404491165,188.7686348817088
60.08668990635138,153.38512330393402
45.455515482434656,16.625698877952384
42.15953663892526,36.95773989621199
157.28527634326286,184.61057985647037
106.76572365655531,154.58354217691075
121.17152713598244,167.47082107880996
17.869809529370656,5.476541845429407
188.5791917167961,125.78764356542318
100.15843107638565,159.51219112537692
176.39958153686382,65.55998837119463
172.24865751359957,165.24057553222417
195.42334600447722,181.48443692004827
91.88757014999473,177.49539057103812
22.836147775243326,116.6240510603334
175.80265241214605,106.40799879225246
32.12046425925266,107.84714311228592
68.38478228281268,110.72627063084852
161.31247447956486,190.24262377131697
182.4191377714019,186.47813299141777
52.50840585401417,11.84001314446117
173.18427815827337,50.069238683046024
30.625767326681245,39.67036912631396
27.72739278395049,28.678241453280528
192.3605999071089,163.29633743099274
15.538756225132829,10.843003094828346
106.22157453891268,91.92110796963881
49.52795922554121,143.96701137195842
106.18564220752842,196.89848276310897
102.56917934648858,151.0559189714902
5.562598722512552,22.959965670337233
71.06081005868297,142.24315443484895
160.25567760249734,180.9487442084716
45.14110033455354,47.794861632683755
196.99060997818455,168.60247251251488
21.558682550495284,55.636481172764285
14.084735775957547,116.36514963431361
22.089726027128886,142.52630151794736
108.38749202707037,27.70902562230429
27.866762356298135,109.62474826017862
134.70979754104425,180.26127440947386
159.24316030185776,82.25146936813084
51.84321845262504,106.49247573455196
192.43456985969158,132.97880881107446
77.56763692853697,192.03752845977942
132.49837426305686,190.60715847451283
83.15288463583762,142.1392378375616
53.395324867567886,178.6364658810727
88.16344919382139,22.282688374931567
176.08210074857377,165.2600015503879
37.888936657317444,13.192046183436787
91.6752557902405,107.53498754652698
45.69695629284345,22.05494463052122
124.25850626227938,183.1020464833827
57.61051407299927,179.39029711756504
70.62393697336,27.14614481259409
81.1764982117742,108.66616678590296
19.48884403060687,118.1113577330131
189.91601605666787,112.55513798392234
67.46950939930483,96.38264234820078
60.3057282394971,48.14220596204224
120.2173774366511,193.08968990067504
41.9283130545022,29.602694492953123
5.721907227164014,45.63845042283077
63.317343361867586,58.25475239700486
185.90939145010714,57.7074462893743
191.33560480624246,152.78575568734124
11.325081428001642,22.086986557692168
164.37654730250387,114.43716101995278
105.54096256167469,170.6328539316404
85.71945803226524,184.1861159805625
111.06604205429629,179.31689473555164
39.81097809500559,128.68601226683964
157.8041867618054,188.3636236749369
35.92878329559704,139.9778549162973
136.4096685874923,191.09537644018624
181.2102706086727,116.24913108654047
177.91967735425735,73.25207905399378
60.41619885321598,115.5273906840796
104.75886559915021,139.60614135625397
84.61211223629643,142.2082696806912
36.43992421882956,149.10271543033068
95.4280749594505,181.65723942952303
35.7405905778086,176.26195558649493
175.7251562245083,182.3571018384352
76.50713663367516,111.60700448079666
14.40226028359256,142.5287012684929
63.147566328419224,182.72267791311145
92.54762481363376,193.0718090599237
192.38766339323834,179.90618464453897
5.2251489745989765,84.95035734528011
151.24127274463882,27.489752865322004
56.44728123617237,21.675920781867347
39.216486627841036,153.3076468081004
145.17874308791335,130.20430291891705
64.14950625987582,78.17150110583792
19.919763228489906,64.57600559139921
193.3527135849499,95.30026906783712
30.639528761323948,154.46385645062054
115.49450337788309,180.84591769907482
169.05468099693127,54.49588026767351
164.930904995164,69.18141664576406
173.04612427240392,96.2631106271068
62.59431304384438,43.20173429206679
47.58622193193212,56.48101185907231
152.25065102482333,185.8546121131172
17.227245151459346,159.33962083060314
43.05988084980667,42.49898487641935
118.71303822158364,171.58300397224062
19.41114281690381,186.54477422745674
127.0296699687889,181.0041031119358
102.6228782321685,87.49902391103878
52.840298299633126,165.48682939834345
9.597914834165092,30.234126990361997
16.08880958462394,113.7134205673138
7.030120047106421,153.40601877398885
88.50392430104021,175.94872289595577
25.30938325983344,137.6002073618756
179.1286412279925,51.65213556435465
88.19320640373137,26.80044125864037
185.54809486663345,183.16819383459216
111.59314013292654,133.72531398584954
155.67534617168383,86.39056723092278
14.94512924623517,187.4442303437156
154.00492259984557,89.56784707207784
185.2298165185426,170.40904653326365
75.04180567232936,160.8041220492995
177.6903411448709,127.36792441853837
176.37803827913325,82.12316528183285
185.0587548415522,77.17651318733992
43.46238761515169,56.87488196640766
39.852547639677134,183.92647510775296
59.31339726071107,181.49960920963235
34.17060119681402,68.04782717902043
92.49770159748411,148.50324647307943
177.13973989444065,190.171909580801
57.01058106519291,86.67224540824192
188.86722917023425,43.53569740669155
176.21974229593636,94.25886314103676
165.3497994999918,160.38086760427365
167.2437259710323,65.7739977384233
54.78675673973735,57.613011728193115
69.71302874959125,152.89004657705743
161.3755268047076,188.48115138595625
15.18511783796021,46.15577985797629
144.47183100284323,15.408585818554723
12.11747547315525,134.64349273218158
129.427519169708,191.96976922466382
5.287694329123142,119.35219426842797
7.496239844090362,177.01562202311405
45.6556695476958,160.40593786474852
27.402914425633497,181.93353629824838
17.310267896373215,37.71782553560642
18.310842190366756,7.318532789965765
165.3434292167971,87.1523486244279
43.20901453397268,175.59324982263544
51.75516812281835,26.573894979843004
190.7459956108737,33.17970359516163
41.32225814037173,66.03139053749224
192.01601692697216,176.69200419885652
186.80085809248325,189.52650617743436
40.403998715039315,14.018582651994794
102.12275990241523,181.08564994644072
174.39970821450842,72.14719237888659
54.41234450622789,44.45940315758518
100.87938022332978,159.55686107125723
196.66670774860003,74.24719941847019
115.05546931456057,157.21103087111533
33.609136232707584,112.43745471421654
95.76302745129703,26.24006665087443
50.19701576560907,72.22370458553503
99.27646405757676,96.76548956253191
37.08796986909629,6.499604668977
70.85889861201096,156.72907693215583
182.16315938820466,38.93433601932115
117.34925817149781,181.07176261627083
32.89540541109688,31.596853827783786
25.46849618832606,28.06208660382581
60.08955736209652,70.14323425535684
144.4411304245147,192.246963981521
186.9252346269052,85.18666245032954
109.7649570862286,107.54531927715269
44.075092661500555,56.65802761922932
186.2532846493983,53.06024042364586
117.98534040337336,90.65123314221351
77.28117567100165,185.9638837637689
43.394230220304735,54.63517501221199
13.980823858269432,153.73813021602268
31.77130479651654,70.63977699974713
14.949766489372639,64.89714894981303
171.83654260039924,42.68527429632954
12.600700250312386,88.41633354977112
160.7198679921188,72.55063391564836
96.40732622509135,174.77478447987986
142.1360579396688,89.8721134628465
182.82806096288064,95.0008746578067
75.57844679365103,24.805372639710345
31.965844350173555,144.58530928114226
68.4110414450554,172.59064789608857
84.05068685608768,160.1283231833128
144.09633056926893,5.814508248186517
170.69609492825114,69.27856396029382
138.71875340260667,180.700295097705
141.88117697212078,91.57757971413061
82.65143517088165,98.98605953011594
7.491267281577044,155.80473268416216
17.04941044930462,36.90924590227155
176.2794525618638,87.85672471326463
72.87596586326042,160.56539144653868
61.66205886138331,85.39556788969938
80.53108855080596,177.98081648914933
163.16693683520904,165.47724484257918
36.27221934387207,87.77206117359496
193.6492730710675,38.02692080755218
142.82344429053842,123.52448183091919
56.49715839468685,70.95374521289023
11.67117307870305,137.22929394851357
91.07625535926722,146.38863056000355
189.34808716985555,98.10995790120445
67.08225422210047,34.63445631483053
145.93458718541066,82.65783404761164
42.90410831942392,69.63955331873855
118.24530576453563,164.91970628086554
10.0,25.0
180.0,180.0