167.16915973286643,71.32817133983002
179.04407425337754,52.05337408717556
24.145849826411382,162.49828882128259
96.49301160441274,102.04640464561659
181.64715732442843,125.00367832657497
171.3087598678501,100.55851671478294
23.887495454549978,11.694756929555945
93.72010956102163,142.7193343106533
93.41230129094623,151.76699173302416
85.546645710734,170.18764285152713
167.4513686250513,54.16168966134922
51.64247212678842,28.278025957814123
6.413812145829976,170.12903256557055
6.78700111252704,45.19560986748463
61.10435500188056,18.78121927800277
115.6520069540127,8.795376770402083
166.27082767373355,115.83482789395418
90.13865215124054,9.871064579845102
78.09292801825477,171.1742929329088
103.55138738295929,175.94264011324617
167.72748302974077,117.03617244267211
163.7054011911027,9.821818992200138
184.2217121103997,166.46341819106846
77.3633791520387,38.782570122703774
124.85444103644589,65.05611681948527
167.08131082787352,162.616152936319
40.80825065552431,111.43843007699046
27.77414369004325,118.48969040768768
66.56494951560622,176.47408317248414
117.78058919985673,37.9823760004093
163.44711297035713,57.31281720689474
133.48325342436195,69.20386976623345
122.14421586678407,24.45305365774173
32.53856444354654,156.17352918133838
179.88414464515702,48.72064287415633
56.7246311191618,68.05310768571728
131.28951552167405,51.29190367990207
112.77994797053232,17.306766329903738
42.31644783412314,172.30882607677972
118.87647975132403,11.010682134166428
20.017394808439942,150.9181970623388
22.52540041362464,71.47005699432366
8.842566893239084,45.64203525863931
100.9237135125586,153.4249943926288
160.78448379776785,126.33798343982569
18.128760625349887,12.204467035416247
39.65021529535935,176.7586278629852
100.18115376911771,26.080211524841925
54.99282206017907,52.086712449499935
192.41611028171585,102.73749858855754
18.229219673231125,52.31315553108677
53.73239266451705,155.30565955479358
92.69490862403707,22.651607535770797
155.74388758558186,28.811321347795303
15.865576173922985,147.03762035604012
61.47777910039434,193.62916701888585
16.847548465605005,153.43565283123485
125.80366543423925,97.64258745213249
29.551323329732895,97.04534854036237
167.1633847363544,15.965956621440737
123.1762348901302,188.5184483714473
99.84432958958395,17.928492616454907
54.928658288901836,140.49832223806416
108.81899189279412,32.54711895765711
46.14694028212807,8.053879946195961
186.64222413940848,122.84649108212473
67.90088248956742,32.904337145232304
25.531379725407756,100.32923624265572
108.40074751005423,48.53751397005029
45.724850942431544,98.3745072908975
185.5737760365634,153.69963763468482
51.21564957808871,191.74139182708598
66.50014253690765,191.90786187691958
143.8390029214183,178.57948616146467
170.31212038139842,50.392790185776995
45.6285680870384,37.19103299250238
39.84040435871471,142.5796560728222
163.03717648516258,191.14264894737522
101.91907019483473,173.55191892566606
95.41863644963809,46.64351210501584
34.60745533744909,55.95261060915063
115.89402694603051,42.38956507158877
161.18820180612477,125.40789825301925
39.44847617943817,11.867491628750363
97.84075578659143,65.47645309591411
36.318464922197016,19.769063148945524
190.78732901261864,108.34342073491432
93.07864012078372,94.29636259380182
70.13207819468681,11.63093444986419
111.03538303280673,165.64926656270072
43.83669506275618,38.00835303164854
176.3495229545884,18.849603840513765
144.01718159328163,132.79023978706573
15.351836383548815,91.29965133657797
183.86876557642302,36.03470500687046
123.57703225360989,27.514450246171258
103.55925712763263,83.82724146235637
125.29458021717177,16.25457761591812
49.41437399232222,181.27406069183132
40.00415944754091,58.68756139493773
139.99475293958704,139.81809186444949
175.54722159281275,76.37831320519794
44.615831500055734,16.754491991551554
132.28482259761267,196.68544599749856
141.23051956028516,130.58498739797363
15.78174571184612,196.77467756328622
134.98688226309,59.596784499769036
37.82683487893062,89.84570844224311
37.997761509100464,34.81658499159519
165.9038173639559,33.63577845423409
140.1687616081098,191.48036818216292
39.225359641869225,132.75330526418264
45.28521179350292,93.58198478177628
74.43069898032773,14.49104070753478
194.40668601207074,132.51889355064802
177.0254288276596,189.79376792411986
102.90810680908369,145.783242227638
73.00093890579174,171.3741443538434
25.434799354345753,101.89337257082506
57.523315287151235,67.92867613034468
161.52732919848407,142.89494189238863
54.049644179481994,173.8229526106979
84.72077459909045,134.6980080263284
63.3469558834743,135.50701894952084
196.657115900633,173.9813689184614
76.62455395590302,180.71181760879193
130.13818144517654,28.04792386940859
146.20042100146702,137.20651803509725
98.05314136667921,150.28984283604981
10.748054084276724,130.54118020742206
70.58054823452007,195.62748810417096
20.184403074814657,180.75993419009077
103.60285639059616,60.05602071819759
173.15894091004893,126.30731144121435
20.40636290385747,129.82507718586123
81.67556637427528,156.3054802042553
29.9789924787422,92.83637892465906
180.9340179272722,126.11632091157384
69.73329827395635,49.58979846762714
67.91931502636194,33.02357677717585
61.40785978885422,17.43165094851082
22.253295949816646,167.635507027247
102.26198134797374,37.319688450638004
81.50539231026819,186.55812437572652
44.306660727516814,143.1727493004031
130.51262263880477,103.4172441595657
195.89369882375192,41.48335672142365
125.57470556596604,142.79722460974756
107.58729213084453,28.102957317590942
103.35828102612894,130.93278659537668
28.98937114675696,36.21116649552636
155.17289984756172,22.178066306762336
120.6600213878068,172.1958001053943
58.62138757540668,181.46700226504046
54.35268549447357,19.514674342801147
28.897982068272515,168.84622629682212
120.34799754452419,139.4046414385607
76.20099307691994,167.9206948557552
5.9634546905907015,25.061226094202066
40.44174832562176,169.5460078338138
91.2779457742635,55.472239766922776
151.882953563818,161.62606452073828
10.871960645617442,186.63338801000035
157.18687107531144,31.399843460854736
40.86895886990261,40.05427403882739
33.562287483684464,58.590549508431934
169.83988927145347,101.3737499316029
185.85738452838626,63.51357834976168
186.74811762898418,164.2106860861812
66.14834162321843,71.71295968759293
167.62513348261285,105.68805977174496
181.26635170226166,190.09117884838395
60.20675439413992,76.11787903966923
106.22035682971855,138.1757150000538
5.813425632847302,169.42283164026523
52.90802825548575,107.15611682486568
92.45675323993098,56.67865543693803
151.2976088435728,139.23111037159393
163.4111275104786,144.4388934634677
119.4002981790414,36.178158583962684
101.81267680329408,177.8205828610719
91.25637748667491,76.84843674176382
195.9550957298482,82.22836389438206
98.81065713442698,91.41116687550871
91.55049013172173,27.4706264067313
140.02550467156917,169.8443121191465
84.42253769958046,16.465180367991263
182.72069865819358,104.17736757963519
124.0889371783494,176.39844052863506
181.70329925046647,180.02576265228745
14.174941642337963,78.09402170579673
18.35512424566984,27.897675620592825
60.933093407453335,108.14311124490224
165.7174573134839,162.82447693582776
21.324519222893837,188.35173948738972
126.3268156082006,55.6508256167438
33.28967072471119,138.46625134096234
30.319713486415225,99.3416818813149
26.232087540174426,109.20582759312462
116.07110962407297,151.11547553737566
114.214543063537,97.82789391471857
138.0844323150439,127.95865245202128
36.487380957002266,99.65043178896289
182.7069389108796,125.15023728411097
135.28359504049075,193.79827965644145
92.85539222184856,128.7044718792922
34.59326752620906,32.24104512005903
112.98790074338032,130.35534039455518
158.91175703092657,38.09931266968711
62.71880193129536,174.6208716097591
101.06424764816444,190.61263902922335
160.31103553231887,91.52113631948232
161.88069827204433,16.583315126025322
52.59792714321258,62.46095760357897
68.71408180469946,162.84025248288188
125.59041753114882,179.21295859398248
141.73307688987308,166.8568332756657
92.72963909425383,32.65050679188436
40.44078004943252,116.51405368342677
161.04383071729475,76.36062198935987
113.11817835313707,63.202446824467415
159.45177055384218,120.95759537327761
184.34349423220053,109.41381333421756
88.02144422245257,136.8517205279298
111.02918897924665,17.935660062011028
193.64161397767077,96.62019518304025
19.003753309951097,81.09411747194603
142.52084287698844,157.31144946526987
83.8497375938448,150.65120273769014
72.17226984105041,160.73694082240027
141.81994242074668,178.5431918965498
42.84731027707009,108.826911562756
27.62717998312569,89.83790297436038
174.2936847106697,87.93031372599425
152.27773978627715,146.1997376758774
187.83746763295787,38.64956177256763
10.540620418362005,18.397264043310283
128.68357259814601,156.74384201792068
26.734475116899162,5.499628719987998
187.74953381856767,183.656223032768
139.08724403134818,165.72173917883367
93.31265213509118,105.47804333509079
63.93430648012345,64.15544721238076
186.23855200162393,62.87913767439614
58.4929586236418,56.97681741075217
14.13646930837526,38.83364941842844
46.69099299261586,11.719372622502544
107.5487946212287,148.12305433550065
58.173202957266085,174.2860358167283
174.2105163650531,69.07622262734216
72.42660215709599,33.52400225995236
117.31862686097648,181.44103445070078
15.76885204057335,88.5060134976164
97.74009301927615,49.70670117984214
133.30934676014317,195.45232529086297
192.19965035137304,79.85113527454133
26.081850256778374,180.01299833833815
103.42216857322138,24.593965130294478
191.37035654642585,102.70552564467091
161.84517241429944,86.64913389152622
116.00902383837546,161.82143876510054
152.2045403298747,36.99384299628949
125.13783702934546,76.483370678775
47.2943910378048,138.27276632938944
155.51615600653813,85.70912448462597
19.980334173214448,170.25710749758127
160.88213499827728,24.04907792977475
28.730306194921653,179.5700922392884
167.24577995747114,19.121004499051278
194.3466846537876,93.20462048953331
13.808150663373093,117.52089607256879
15.041715154516265,36.4619400438306
43.755603986561894,105.04958891135563
94.81980724974902,33.103741937224264
108.96121346022744,168.9364116967305
187.62290725393711,20.063879775521947
138.45202835439142,132.11033031531807
56.75783518223783,143.69621892271041
168.59748693904731,193.9177907782098
16.61629084802341,146.33700785546304
178.81548489798863,162.48303983935907
157.2086698785645,154.88704350999896
173.74959072060335,17.481283527505163
63.20237647111449,160.91622245975833
110.56682934990579,98.8584614266337
50.2051896844343,191.52053553645626
114.66455363339388,25.394550829382613
171.22278699948768,47.51934862483064
161.33811350799027,47.10349504997571
74.17389908515241,177.43264305533035
164.01692648557707,134.31717635241822
48.41266263834808,5.29466125294607
188.7600532437698,5.656710416266606
52.11828989628886,178.61882471774558
53.739443953642535,23.439565516458714
177.693224674917,34.91618848806393
33.27730321226904,187.13018758420407
10.503391806057406,89.8090458774728
64.00201482818704,98.54663266846104
182.39947785121842,135.35635358549285
16.19116050969137,56.68899399633165
110.34685511026962,48.07490050819347
47.26183009715604,25.91503794580405
176.85468025591211,129.97954231369434
113.43614261923464,52.71728530900078
117.86991358203221,64.22628804687191
123.21397799574923,159.32607603639835
173.2972451762657,177.05191610441256
46.85163306439348,14.925127256792731
24.476360443635418,111.94487317725307
84.2734882974094,5.8541685252825815
39.31871021946147,18.635555126972243
15.136092760205285,165.0625896969736
139.16185192107443,190.2046208366675
183.68540053323602,131.66159887612739
77.79625581234517,132.0308062975016
154.95166234220792,184.98656762826846
7.492635215447864,114.21747300917362
13.977611148693992,163.71731396345027
62.62473762806267,12.152919073273535
180.82216423937143,178.87077648466558
155.8954704955538,167.17727680447456
110.17794702076395,74.03062552669388
46.633117341032076,171.02396039687162
116.79528508151333,145.87983121027966
59.314794512013705,66.97123794749827
13.597313389649106,38.72486379812841
48.77884657373561,21.59611376171671
168.01583885071602,16.987261427121144
76.96313450417303,154.83538480312635
192.0299399820758,98.44918213169136
11.164532476122103,59.344488238083116
108.82510130069825,74.53630236406256
111.0777327054013,6.360179983904802
156.60221535201288,60.97836175260617
186.58576613999998,95.18982163518375
130.33139453676523,30.56408611794457
160.16253017199895,180.02229681672824
61.09372608562696,189.8199501451528
92.1733884079747,39.92593402021843
58.75394826067188,23.78117263205616
177.16969685838694,41.18932860016878
25.623221744066065,27.712632971946757
155.52134805203622,165.02137101980085
182.7738874562287,92.78972590601634
35.35832906159379,109.69364590677002
120.13089451327332,160.50068905781663
167.3534828489503,22.805922953180914
84.2903708488289,34.41074482175576
29.703224786919936,114.49343024684204
60.29896163677542,99.8368044758797
193.39828321089846,10.278503500172583
107.11944427793694,28.300554938451135
93.06300373726938,30.798384737179813
129.7944510640506,158.16957555733572
12.062619943913706,177.60214393388134
150.58749573806185,160.84838353256538
157.0393449815914,12.727130443403478
51.70239209891765,108.90960175994249
169.2006958596468,181.6197235388494
35.94484504898123,28.724749253133954
181.09136409924764,59.430997536335695
184.13548465789,61.37320892302685
7.73339274497354,127.3338238877582
182.9511371168255,16.050171218032204
95.71164316828538,58.850896432486586
51.722939783512615,126.46781991405463
25.697505423669504,11.141075926790347
136.09202423199548,28.970393555485877
64.98005628647444,38.60986710286834
30.735253433463765,176.09005994912
144.47765703025956,134.93739814204687
196.92232033211823,58.309087911676315
56.014204061818006,162.13816713198065
166.03675527935482,90.9900249546364
69.79707007322216,45.30142424875736
182.5951076809798,68.89117731080191
107.83903745744847,82.26313779310053
63.937095414326755,167.94066636865293
120.29374401548768,77.88326650602741
196.50759390365357,27.578165188873427
171.26902536604106,10.023570426734414
103.08248688588797,52.87899427452652
153.63461831152816,134.5173675820349
162.54976026191392,140.35933991042626
195.7930079210743,166.40571903722733
7.503172137435559,123.98095292529867
12.871145410343091,58.977417095709534
84.12993957902277,21.122832967789435
151.075672017302,154.19281451685632
28.371751767804817,123.48809412808086
76.15187074424865,174.87474313030506
106.77759687007534,84.48337890457236
44.367862462892326,189.16274203711617
47.20849370417178,83.82118640610716
8.805002193198426,46.76705558925967
21.611474755798866,177.23128513297732
18.67730294861296,16.04117759090749
140.69772977548732,157.85161356693212
195.03085098380194,38.05573304247735
111.68206847266731,78.24196336086666
190.0029237449886,86.28208036199014
89.82970260627272,194.55721282007534
17.230772070150227,90.56130585740134
65.32628960063188,32.23480276595746
32.26716462908675,170.27523730039337
51.171864849301066,58.592695320707605
105.46503191125052,94.10458168997877
79.28511231953568,37.90578551730895
37.814757129752984,134.85226814272013
18.004566856679695,194.05906436031339
31.455978590533842,104.07440075806781
14.250305635848289,31.51413775391136
24.744598323494316,98.71116133952003
40.07382783601983,53.80989978447813
129.23485175970583,90.21100337144989
56.378448158527576,37.84543878802103
92.73010654241997,8.447252469417634
159.12427591944595,150.01408674409058
33.366106606265475,100.93443739808325
195.07156036651318,191.76113959003624
46.03666374993081,163.97561050902652
77.70728601811902,26.025362491592862
186.624830916809,127.85075394097562
67.47998033880928,60.969324742632814
84.74940178552363,7.062561334948902
47.43179666129256,81.31282483403209
156.37181518675573,170.0407894818141
179.13771069947293,25.241384447065144
103.85273466624403,96.21987869113516
37.25135214345056,46.348348285830454
55.213398038245764,21.979201593518688
142.042797985531,187.49025056675453
194.31809634285545,51.24419194464572
123.92451766153219,138.10148991258137
157.98848457397,63.849181460343644
180.81451959462495,25.79845802934374
83.48763950516441,140.3036200796515
135.85386179590913,37.30270869253915
176.94191277765702,76.22276969366821
154.1948084471774,131.15218522929024
98.78060111557234,144.1328416354464
159.06321560441611,94.43182689234357
177.551264235145,51.7659197349817
41.83462538332179,159.37038254496693
37.609705235519975,169.2578043371296
113.97892164059128,189.61079702763487
165.7958391344305,192.51958690448473
38.2163583276742,185.49535595545672
158.44067085839666,20.297578628610946
8.783079126207905,12.446673190760588
166.56501081145797,101.8259700126635
77.12419096122528,179.90149022334109
25.16694878479458,179.29728448196713
128.630504613306,158.44194378274798
52.338254253836254,190.27199438646772
54.25398805491816,39.13526621281811
92.38031265565475,131.99640094616848
195.7312924265854,118.57414934365488
113.53159931657298,24.556300936335134
33.201740471489096,147.58699670079326
114.44672123858355,156.92712019516847
151.37332610765267,29.63219845744194
14.328550274133688,52.75366932894104
49.981156211483835,101.43023226420353
69.08946420999874,191.78825790537616
186.3675225714681,76.95345373006582
145.5486464859848,155.71540020695156
43.98167325352407,189.2288191635007
105.44833238697012,27.393524246064594
133.63347737611136,81.16528815566714
72.2855417333869,165.73843203079306
27.05298272179936,96.67694926951373
55.70424243208272,180.11909529329287
83.19968982985456,175.49035511290018
170.92689235615148,67.83583394189213
30.20685807369626,99.55318572668823
95.0160494323756,76.23345082893414
103.08747953471256,52.24401561127746
31.37302843547879,32.76002308500565
195.80420398901973,109.07213085628686
49.821324341870955,65.81958363826155
83.23233994600245,7.703633381712862
70.11229229339604,29.64637809485952
14.240150247355682,171.24941926136512
161.2828155030427,84.4266226609138
149.6570684636562,15.68381340564012
93.59746698924828,77.1895352874998
51.7473944452409,123.77851303777486
64.85570893749856,106.62631464635456
25.57052030733604,49.09233935959155
34.57608408926927,50.37410695757902
176.43614062541533,146.99409271539417
159.4685828157115,62.288670899068606
165.63537968102005,94.58829037739415
67.76616109453823,148.56307216973659
5.484178594755942,98.81428105193724
33.27405422571495,193.6582461847502
188.4615034659119,190.83101123128333
26.497916802895322,159.14674701663643
92.91022463646331,82.1800451236918
177.24924003397825,38.23485054108431
101.10255750913817,20.67253206886981
180.45322102284243,43.54196592885498
100.07089074165197,131.68258485307143
40.70920810961041,91.76502284126926
169.97563390121226,13.751178708218468
83.23861148589481,38.30358437160443
195.60773081492508,16.083627077628297
27.375149903269293,103.59991674157439
84.60812954530651,146.56484688316405
130.86156985301983,86.67316511927214
178.29293293243532,21.868244142684794
123.5374138719561,185.86740302956034
15.489369220787236,140.84778815568936
101.79871485987772,186.87276152650904
177.63928635435263,142.9312127711071
159.09397318877828,92.11309060899252
43.829896993200435,109.8281457716358
42.70032962502511,147.30461787795372
161.01493754168524,118.71606105560954
42.478831593357,160.90049557011596
29.033552012002907,83.69591813766635
76.45857243477053,183.879112900544
149.63198923246014,138.50640308859835
165.6658143508493,178.932210337015
189.9195420612358,50.604100473648614
154.27429382848268,181.71588424408588
179.25472076409693,172.88115993017237
177.52662025456803,41.11276874255041
7.934431474422089,159.34042771386342
86.7159113659599,166.98149215954922
143.3684631555441,162.0893715394211
65.80405331684905,38.216331403710385
50.533587858213785,59.761450853063316
70.31073482634584,44.625115442382516
58.54895767577729,146.83953938790066
120.17333603382116,173.27877134321977
12.589721158481382,163.07564605883877
98.14772206604283,79.01331782454953
141.53450410436466,134.75061255877762
23.033683179788817,71.60230585205176
181.37837111986758,59.9072636156106
51.90024553364224,24.07194264307002
177.14918879596243,74.9599000076889
16.719305315346656,67.77706751545648
99.1039166321992,74.10895213615456
47.12104956968514,83.0329365309534
168.0216330891572,112.56743658590459
40.53341378403277,83.49723839612717
40.261919527878746,11.192542173012654
49.3535676103951,90.13814220042114
129.42103721994948,97.9378500230519
85.83359230126759,190.9029558017323
38.07484573911133,82.85503936468534
194.1051897220622,187.95584170372356
96.4895795980693,48.85779296840689
153.97756143271835,148.02647944341595
143.90046190664006,166.4295157907406
9.538587415779583,60.560502196068825
177.01384566926222,67.28249701555796
109.01911645744053,77.76214655832023
80.91271282678818,173.48640277898087
121.6804173984413,137.3814800143143
64.2066251185832,180.28234289328032
35.88393173271751,124.70025782339596
132.00112224611618,41.14780031380641
167.36454320867372,112.95338482738669
96.35982799172976,156.44824048765835
46.78994598262628,189.78443345261837
111.7545516565856,157.8755944199362
115.0776223492367,155.12470142425684
101.98617265657644,105.25246138964488
74.71393827756924,132.98482824277423
17.2920956063112,84.36639743931482
160.66696331809962,111.88577099247631
85.18302480635592,156.1093902193198
64.70038105084899,8.44269833707866
80.09721331948192,195.49572150394044
6.602330707382666,86.60994928868227
45.79448999919571,28.384183710429237
159.0622229657404,93.07123538476793
53.13064168257557,35.92847725263964
156.00014428904953,153.16572025063155
145.3663959650111,131.87456331098298
163.16670753823172,178.21320508454457
111.49561347705401,51.367760844588105
164.27729332663975,175.271068921536
123.74512266927752,132.64401403155253
44.567483724287136,179.37266405578734
20.380453673467983,195.7590459821365
13.729172398925115,143.05574950691056
132.84901878896733,50.68310208428632
192.67226819300166,97.0221325252815
133.3417473122536,20.468759581508635
164.20606355359155,42.08622000387797
150.2810964117663,176.0119208829279
108.73106365075175,84.19333123371719
190.59548278851156,42.78013751863154
167.18194211402647,29.302660178865477
196.77500978594972,160.97071241880565
123.21422487170786,12.641470413235457
108.19843402452888,73.2274964791109
193.9398166908694,119.01103284743162
112.77836253291035,93.47774082389607
34.312964777121806,179.85549841456685
124.17537318463096,148.35749854499022
38.09313349107949,177.10767720645507
30.480039207326822,127.35112187537317
97.17566716732587,127.89507783527729
49.7964338761533,135.04949342183033
40.26829084937254,153.14400421015944
34.18155198283982,110.20159612312288
55.068711314486485,37.63020633441903
68.31673159138825,42.25945909040524
166.4754729248813,158.37519045561586
14.349252002677709,45.04456205535094
23.315689379887,91.8646370918769
110.7234331262783,15.029365201941486
128.5842263234282,78.10581410167076
17.86983695887948,85.83493276385398
191.24815917231666,143.83322853431815
101.21596992404326,12.264901234088594
110.37860356727461,163.0267243621109
105.6768558612366,27.600566138533022
141.88504063704113,135.09164335301801
76.37332857852864,134.5525832939133
160.95643860966118,96.25907051034827
76.02360896441378,158.3782822463844
162.25761773528203,48.4468640022718
109.52730702426905,190.91739600833245
191.62657047288357,66.54981490508179
132.18552482280518,6.398096158717591
191.81016421307774,78.09235743837228
51.022167012331515,14.842349375205
169.9783159164371,134.1766242063645
39.60533347409142,115.85714856675799
129.74257566706248,147.91609464625748
127.6950741255331,96.81312990419751
90.00116887481134,146.26930258280345
112.64330757507754,91.61446147790613
11.933375800702455,88.1705129691494
120.23612568149453,155.20328827503855
155.77034631221088,18.824475316352597
33.84175674642064,142.4985959300807
45.76411757391071,113.57347338207789
75.22148742190501,165.53061395748693
168.40178908992556,108.95878314103828
91.29609365453737,61.5504474485683
81.76939558399833,156.55834822814876
131.73823208426083,19.28442040744291
119.49610878345271,8.564411689204102
133.84614474021615,160.41217211925982
114.60660034624216,129.55804017534436
181.66892191946985,151.3571834183431
94.51374506762905,100.32064210105104
54.685234820420554,42.15364087709954
36.07961999343904,158.80113482117653
92.550742998261,80.79853619228392
16.699145677352348,22.093439777694226
54.50376605789829,36.887176235747816
157.54971639996802,149.35512790458884
160.48796897526645,8.0386403760748
46.062823857926894,38.06647827566024
88.48796886485832,195.20399712390994
129.57635039015648,103.34616326964824
41.353598261910484,144.436763407682
170.4297295725612,189.00177601404724
49.33764795955559,150.55986759040786
155.66745451187788,8.974536938283071
65.70988931889553,63.99364819710481
128.72550367452357,57.824189567076466
157.0557546370158,34.25316362674925
181.63564193286936,190.89053145096474
15.11922316303649,155.42122723451394
178.9281298047231,52.60599006015552
157.33588694254314,106.72106946598085
180.60114383702464,92.35039552152239
196.42334564794186,178.53762818603084
37.60312831293676,121.61682137103575
24.04825529170999,102.01849035206938
31.312028523166415,157.65436516221135
63.143513121256,76.55014633382515
155.13138669957448,144.99700088399584
22.768799668053873,136.26044807166554
139.95787717268055,179.77632274033306
88.72762798660395,140.29257499315364
44.098487601099514,121.396250883891
152.18689927808123,128.963604992108
176.1215923252359,172.27305614827713
67.40577556073379,67.40599838516046
74.03047514913766,158.58594008272314
177.313822919892,88.05556417837832
195.39380071181603,68.79806153632357
15.699869031388353,113.67387949211768
99.13201376853037,68.50554000390919
142.8896273805617,143.28134132011346
10.792976898741555,68.95872348989923
26.950031246054735,22.37964826959206
70.01649726288505,26.89812896098707
111.45437672989914,137.99700417817922
111.03547981372097,5.6323923353631224
86.07489975635329,185.02619512941692
94.9166543931584,25.927663167922002
8.342542106742643,72.88078915746313
64.04037703482423,35.47965123902708
137.41861354055158,12.313915563578359
82.11676597284013,29.585407534480204
125.91117092277118,22.325948223266725
164.92023456471637,31.962515524861498
172.6953352897324,192.38058192917342
23.217055840416073,47.08894544082413
40.415212048659015,74.20907838740207
136.45911611752248,20.205842713990926
63.23082329964134,146.9818723047368
55.78657440278986,60.038721723294785
145.1090687645046,192.69425971890377
124.64323756455427,172.15068334166668
26.420492600287155,163.10892245705892
11.381817064070958,130.66102599885795
139.2408566205125,178.77952844847226
169.95203264295716,74.36800921167335
63.09624725147067,166.07068098129994
112.98064534954035,77.80000972957431
32.26983514011054,123.85362457184019
73.52223857487805,146.24808316535098
143.31054625592014,35.8603676913634
101.5169057961331,55.09005803023435
47.93257384782636,186.80644859673012
103.0110736324274,105.95165921556497
63.48174314875422,153.03894981377445
44.6555038798428,158.3100612180077
38.31594632755935,40.82312540828126
158.63899698203514,143.05503474000312
8.300332111164035,132.2134107719171
48.77526050821089,85.55190485622221
92.21308048073753,127.9653623837283
46.444048763444506,162.4652543448234
176.85483028304117,101.34986161523496
55.03534546598046,102.71012601954162
190.11843070331548,106.46303418038627
169.1224096920836,42.9725869792914
37.267753274724384,192.14415114411335
86.47267640357947,35.551594132155394
68.10891101702217,106.32723913753682
44.02324503566399,80.97799171081293
143.16308368010098,132.74829265638954
155.43378315143738,20.285789298767995
190.3882596810647,117.33628851348224
45.895677169264545,65.10031015270417
92.0303594431927,30.206076618464834
124.32033233568207,184.4769952369051
47.25961626530504,19.303412388239746
114.70189795690514,184.29774111528553
36.01413533471492,181.4061400743168
194.7338659582519,120.46945047805397
102.53810319783997,143.07125484223107
67.30180669597254,157.85668628643367
131.09362610718821,46.61679330137793
54.72625289492884,151.14152452065727
182.80651079967475,169.888312774451
103.11953631537278,149.59312230731874
56.65399825730135,177.487970101344
173.91870612943876,27.466319467814493
152.22306287223884,33.30994241588431
172.03782828556857,82.3210265650568
175.73818405386754,5.32887913985441
100.38785474985019,45.45447409910999
56.2748835930158,181.57337246851662
195.43215896138892,163.09369183835003
85.15405932068161,173.5935905727068
56.581036043153105,109.91278533283952
182.9460817029585,157.7119329548905
158.45026192982644,29.236577288176537
35.62881693532141,175.33475624106836
20.480627601375208,119.84339935555266
48.91298714925951,34.5054651028
94.15528254502077,144.3375333725726
119.46563076826138,42.27564141328653
146.2428897062116,166.07330850780826
134.37047604445107,173.69533078575657
151.48332797340862,190.34463443204135
93.5042107056462,7.930577707210136
95.37846401643431,189.69925477438758
56.11173600416904,29.291186917601696
25.232631301787418,173.02829625611625
171.05803709096122,31.780828370185795
116.69074355802627,69.67327116939609
22.565657759454798,148.91097261481835
55.10236648824668,62.87497908474915
176.24074412550323,27.17000728861602
162.3093929973002,67.23589503302395
183.33013495938218,60.054180608235
129.88232010499314,89.75167870022393
14.56503628567009,19.988074688077024
5.760469137504952,129.83247865211777
118.10519021936891,151.30812110357934
26.992929267070597,75.00555389620602
112.50093904252228,143.50230172073935
58.724605075743824,51.10199960783343
31.73197010127179,78.02468633179753
140.63086103572067,128.46435093037158
53.72337423632591,35.15713963677068
188.57045680783423,11.893399386993927
41.66303209078291,177.31570323030778
138.65207871646,24.654748473346807
16.92814734993741,27.614422620273462
30.312326147938542,53.48944530541619
194.3285352867266,138.79035492441906
70.54603375797512,142.88791905527302
138.17163717432243,143.42322156121867
30.404694149829883,177.38540953036312
28.163405980645827,48.18017583400254
193.47514272323954,138.57789574603217
60.73663780284103,56.525046398457704
76.39947333522052,177.4986038928277
12.487128376651942,149.01179038323428
70.05462480888016,17.073698982981696
14.462523536233165,111.0128710311826
80.74945384066895,170.151548141733
51.02456777131636,144.6015442639885
140.6816612346888,163.2448061450831
171.27695930449252,148.553924583954
7.645903501599295,128.93607377608512
86.20988720211062,138.6782234437242
77.53228876267848,39.01909952348104
184.9902883921863,157.94368259107048
9.673360480505577,18.830895016149864
5.710164326974018,6.029961609820825
96.64933564551038,155.51636233983447
171.24157757518347,57.324591445864954
14.70140711332462,171.9938173673258
176.6634158322495,152.5232533278776
46.93995349215441,180.80326590300064
193.1008504244961,105.12934542881526
86.63711541902882,194.55623998751778
160.25831456869105,134.9542164629485
37.11388431331186,57.15930395121762
160.97882004798447,145.00817880300616
69.01482410195305,164.26112157874897
80.64735798813423,133.29461034787585
121.01153699782864,46.444153289955445
58.77856845655949,112.35179562700777
161.65298875286092,137.53899298715328
193.75261983560145,101.53264414950745
34.77306350487756,60.685596377154475
89.27709075590943,159.69576731881332
195.57674494551858,145.67617367459698
39.37628591094576,149.63615069646153
132.52885768697502,194.7643441927671
118.84858227455517,147.08995832158874
160.52312747439615,153.41401052498694
191.6156121171337,10.896127097485904
142.2779946180917,179.95495666174065
174.57255462406215,149.5008760747891
53.451051873364634,49.572972736281706
35.69626713253622,145.6745122657881
107.13942849097032,168.38612653016853
193.43028220912558,102.90923347492365
160.6043987330568,60.530323003423405
135.99366364638047,128.97422027020363
97.21136619010099,161.64415634959926
17.897827680130934,40.449118533637396
164.18768590128278,27.325342241068736
194.4386392967854,186.42364680751575
103.19810027212772,47.996960846483866
42.85124033642844,64.7906503498553
160.60915852343626,141.40094450503787
149.59580028035947,16.43923868050294
13.433475253103738,30.50182166058452
89.68352744657315,34.05065381288714
190.10983882672167,54.743783412622435
66.48509917792394,174.53860617171605
8.324387496537272,94.16647467592878
100.02321036674331,152.53285172397582
145.74142220139754,131.29919133962673
34.21237754488169,158.60515033893702
164.78062041447504,58.45757441599278
89.09562116321563,163.71935613067205
38.465392466105804,83.60907612618178
16.09258868418264,162.49077972339114
57.478022922179534,91.85751956238781
7.389913255136283,58.594244399095025
69.86854172987398,102.08761609432835
181.44122250797554,134.1598350602861
94.22884608054598,196.82463637877783
120.45951851951314,148.7766171540309
12.789466274882988,82.07054879181027
193.82527798116143,35.788038581387326
65.47987566267246,88.09692119135111
138.75146496954446,12.23679749271191
160.88842303486314,10.985117418531612
180.59548395498507,37.04905876776861
28.741396696349437,131.43255994599696
103.02948203666038,92.01910617788803
167.0557518571319,110.0312458137581
96.30775124709162,55.936829137239954
191.07165667145523,12.412367852618381
120.69078077803292,40.27590639828459
58.572863515450585,147.36408827055465
109.81387361873219,43.08280556593976
183.5032048107198,85.23808290497145
20.000844177937324,53.05869641027885
195.68199998696076,183.0740452272687
178.7353560860083,151.01152443506805
189.91275452358684,99.55621218038851
87.44365906773436,19.699774824972362
8.245659564411882,185.8459396465791
82.89820192358033,183.27540377803678
69.69412982459914,32.568732057411665
106.65868046540747,30.18398219181031
13.640258888017206,34.15771358959513
68.01127408724669,83.50778796645803
113.53177939004894,186.0742047893805
69.89092849171493,32.83127475531245
182.11711392089947,56.24736084130101
107.64735266204428,136.38397923205034
65.81532143645109,44.91341713193611
24.163664845606483,49.545815155899945
51.948336436624885,54.29108392508811
116.95962831968494,136.40220939592584
24.950214855897933,40.27206776545634
134.80813150461955,33.76724894285796
169.56933437784977,181.90504302310612
42.94988288960414,32.9360564179067
159.90823709385688,28.148421806999266
151.35991605304295,140.01086724204822
165.306748130923,160.70314272181142
164.33202558556184,55.5948136068102
150.1439226453192,194.0139008595966
175.78444541861944,99.12344629332334
95.74717133497326,183.2710467490537
186.07313496335456,24.487289548777092
192.77729938826477,98.1936394740338
196.11748398880076,69.07294431116148
89.22116388514425,42.81310621750566
133.78831798654292,46.00767658001907
188.29353231077695,170.23562550885134
180.09491067807312,192.25083795677023
162.63186571789535,155.3608665241253
152.83530703453462,158.2716206851554
115.22425885601066,98.75309206782545
49.09527821311705,36.56090967706483
152.90454431469615,42.397010243112014
128.35791284376901,191.95992116957606
166.3691125931771,90.25355801744271
96.57660243523127,45.96317094374972
125.32652333697585,19.71727475220291
67.66445404128605,187.42264316177716
94.1514087660075,192.29916385797023
158.53246529263478,177.28604746320156
83.31966684902387,139.4641209251946
169.59687755193588,68.95086457744218
101.79710109024685,95.04120102090366
187.23274471157396,32.62302954824825
175.85275040990612,99.3288544466969
135.79679451922428,177.57363776860242
50.51895590278203,77.55291024667096
154.0037477979585,132.70673637103832
39.85090810717543,177.1035574077431
114.8496905714182,6.303505573832209
21.751337403614755,58.66591594361914
109.83610920851719,101.30053209316787
166.190056392916,85.73339277281995
103.75527635643367,141.90776605673778
104.34599003294267,54.57419815173448
128.10070741415535,103.09880912539658
58.87792477198973,186.86871705982776
189.25730998428722,194.6063273422015
12.80609994035625,178.18401168855462
63.755993503438994,160.44250784911944
155.75737679648105,60.07139310998218
12.419541048846085,18.685513336675236
130.68854215971623,192.13860034239065
7.087996967391328,110.31540236851886
32.57739338769329,104.01227441260794
96.33049801410863,89.94905763420483
115.84521642862967,195.82099255268506
148.60031258454185,169.960755637804
178.94938126590205,188.70555885896724
26.205888986752676,188.3383084877746
62.55647984341685,196.4380708714554
35.82559634006857,85.21428215631747
60.674204660021445,167.82112523105224
130.49272274919727,47.99302848105224
28.950805837961546,164.59455705116213
152.1443022839639,37.913547099710726
29.62605491025037,21.22621969536332
40.66572051055068,118.02016769591947
172.27812413548847,94.95707601142061
47.59347197658711,125.37657475590659
96.59500896418777,49.23399874027739
170.19713089157645,24.48897382227084
69.42998665205089,42.356243096942535
111.88269708697662,174.58904839420666
14.021613987963633,37.188527809707296
169.7609047265384,157.53156080262826
69.66556251673234,135.12821229639786
78.09853710395441,165.81306096377062
151.52940911449065,158.90047060345765
37.393747314038364,177.70978481732516
43.5838996453012,101.96150858120711
160.63051102430634,159.1296678500495
17.13871973689179,18.390352341256346
179.38036004120156,169.864144399997
35.411363234169436,31.442805470822186
167.9647347761751,186.82590293801806
110.85809208978498,134.68632858437815
57.12109670569762,82.9386805049513
177.6535891560678,142.18126173831317
162.67900832828875,168.10832885864517
127.04450606364041,21.47002980843715
170.7520748855081,146.80276931541064
126.18158065155265,49.5102510615642
57.288837385106916,107.89190272060682
192.66745764242998,170.54574346282527
172.1625682806812,18.723460448432835
124.36858752838543,162.5926588253398
145.6102229700121,40.83471946034677
33.32551134918822,15.957766262295259
124.26439428300716,43.07552952079877
162.03701168862935,74.25249551376307
180.22191825745182,118.23361480890665
129.3382191974042,68.6756985676794
58.71066220587649,187.0315055796997
42.47017016811328,190.8899695687124
20.329697463364067,60.887030420461926
73.78507115510044,155.4111267873895
65.7484279896081,95.97821385670139
64.35747391772072,174.57266679855869
82.39191459899808,153.43491417635158
30.69668623578356,80.95389274017553
131.02693085969608,96.34755982502702
168.04616331812275,136.61888916711717
93.92770599227183,21.882157766634503
101.90985193993023,96.66061886316696
118.50560079909448,165.20308511858755
55.09380941714906,153.04433462021737
110.18295591849548,52.70498549044841
153.0960771035455,187.42572341116698
32.06222845507703,121.91536723779193
35.61334642531226,71.99155954461568
179.84242181846403,64.24153447197497
168.28833103811834,73.51742112169875
192.43933368102458,101.10576034437767
117.14834698785711,136.5262776509352
153.54890414272768,185.1425361893366
185.29278353005031,91.23408720607179
164.6656272770043,113.85001849097371
164.8053694712943,80.4945932272761
117.6148457725447,10.36274190863607
13.72103558643902,163.41435200143735
195.9862951945289,112.65041763164538
8.434384818739318,168.94632679155302
34.84240017399575,122.01413665576754
157.97484550286302,86.3020499058454
25.7642507357189,60.390670738244815
158.76656289477927,149.5432933184796
115.23796138643226,76.59824727918294
104.43185251618398,49.52590404077627
66.7744607730062,130.45786667502824
157.6476324315295,190.99168206319686
194.77504999420395,177.28977201711405
46.97022586753591,117.16599669332791
18.549155637214035,74.11559278027941
14.877007878792826,134.56936099046635
65.76109856755696,94.93346569529903
56.49341099955244,5.113351473018482
133.18502609044984,102.17495698369753
164.7996125435389,129.77443220858467
191.55474146504338,101.13953195185583
65.34972166045887,186.95339189205492
170.43667436981545,71.39385235377449
22.143640317951895,79.33801405951971
133.86886601472534,23.24577096029094
10.74608437157724,128.96540318515525
179.2806820374407,6.513730387425384
52.304743369479475,51.66648938671553
181.14312576953836,112.53799232629838
159.51382271416253,17.59168694920688
97.54471021932683,150.65319117581498
172.18346230908827,126.02468060178481
152.3727797102655,143.47902816939444
37.00713294918653,77.93561005935516
162.7380580203733,166.727428892257
118.824303399617,101.79698903716353
170.3673570898592,30.709398079539124
195.7744467060166,173.08645700849974
17.094971679585417,100.1342467698222
8.203120036081765,97.02630444818243
159.2545716640668,150.96437245867503
54.68798599649592,60.871459731401686
53.07759581416659,132.27455038706816
175.32032950525516,23.505477565662
7.057320509891065,177.62195612393973
26.881686176951824,130.7115490066112
193.46205496608158,154.13747263453257
21.73411628867105,104.10386077312225
112.44626176349556,154.01420013079098
110.12093931844564,185.55432858226666
191.4270742441563,142.08712524730677
73.36446754277084,21.629316468681864
166.203423161349,180.74243580939765
107.4029426157302,73.27439094329722
196.56784956797543,72.87843562288114
124.32463625338298,131.7386883386823
71.03022863254654,27.27462986915348
45.85797508471197,98.66475219815976
5.928021296100275,76.2425859501615
110.94234694029049,17.18294247011702
21.64853175806832,96.9986679428447
179.5072301300504,89.55697095248199
173.32253159149363,32.60799668214729
68.31577988288697,55.606912588864475
26.37620264523868,114.41743539517154
171.02984917105726,68.86122174992582
49.3694425602668,121.98268773835775
52.061800774889015,26.991824630743583
92.7881642895049,27.453570143279823
113.49663516981451,155.68909446664702
98.92067072496258,132.53285045909905
21.527457439919555,58.599271766548505
163.84836243359234,79.40175253303836
109.5402929719419,25.325015931457926
23.928063919284977,168.2108063686897
187.77070057632287,108.51442011990041
122.91734751165015,61.57509027056401
194.94946655525283,154.98268531577023
103.50108974489271,159.65465282535078
54.43135103430004,53.7178195017835
52.530702294037006,20.102108905042495
57.78326412471503,98.20471126111016
27.077443637844983,15.050401973635552
175.79657563046635,129.7719287222263
12.499570231556946,70.80507557792905
84.06416903794548,37.86729889890551
190.20233476599213,190.06791648603428
164.31051997527877,161.15174505574862
62.80780100949703,50.2594275899334
96.8115421524257,158.20122205565283
76.27863308725856,137.21962374839777
165.7633481726517,102.40605123658392
50.26961415760423,128.73854279424012
174.68018224439538,128.0982362996187
158.11915485990897,185.35798314839622
62.07343796299605,12.838837245589186
160.98515643982026,9.34206624756689
57.10190065243046,107.64465083576202
188.0934299672844,104.78147731899375
46.88825152282251,81.85280651519093
194.68608444227866,51.40193463429046
61.08615044410632,38.72044068990479
53.93656454104453,15.135448435233348
187.5254369448624,43.06923998519174
186.22754704794863,28.668052498813992
190.92536626519586,65.05619716154766
11.60773587530002,10.90709117013982
191.08368215764037,92.58556664938372
172.6767753824948,78.64528169337798
179.21804434910018,112.15333054471658
111.08576376342631,21.924387189279184
65.60796742669369,144.93466101949005
111.26234694131993,60.76510289724857
137.23015857373557,29.602747064423404
169.55145369064857,50.62773176549408
26.58830184387038,27.58915135702447
108.37634495013526,38.58597009537222
14.575146107819759,189.45245874538423
132.17385758873067,152.04319888027746
115.13759993877223,150.2009367947558
28.630313006210255,140.46552926074008
31.253669625059516,129.5220638112896
193.5225023305874,162.94535076234337
163.61208971562615,37.36520793193458
31.900831490922027,142.20784342944776
192.55754989566793,50.09893094448995
173.90063339107854,11.232566371678395
179.29934615268317,113.32214448781677
100.90214692514017,88.72157081957305
72.56937171769637,135.6819431357602
20.158019477417184,152.16681402357318
42.25827623919673,11.160905155910731
166.35853503310514,58.75175725031766
19.478882469456366,127.13438839071856
86.63627462536937,141.1964671089762
134.99883373409273,166.78623052603163
35.15758661391676,193.22783202471143
146.40042820940027,169.44405950331898
54.3722211208169,88.68227808135725
196.7927502716439,111.33779295554243
132.26021220401168,20.84360810769628
21.59954204342466,165.7260438943648
158.76345154092084,164.82127769616025
13.933582177867942,62.70483206896011
193.22591174571835,147.89458103219934
122.2092470165323,136.4807090781488
22.499261300944113,105.4398764351289
135.54578627390046,128.4251953887322
131.0902157233632,48.690795178505276
169.41279137359604,108.91883216096448
135.91883634610724,144.1669683112471
9.463517770811094,124.25974533841693
73.77838486347017,185.14747490179926
63.31665846852007,170.54877309412888
156.0775917074688,61.35380087877878
87.48683387046108,130.8800054394172
21.79780330654041,191.4495371607498
40.95788802099064,72.17059784810424
66.62171489064488,69.3464978795081
54.2861376528856,150.48501730059758
12.175314518166337,14.552889664779308
25.94188163078455,12.168737567220951
99.27396906414258,138.76355561031605
126.79757826860732,16.200731392491747
196.5657099477626,112.51588782152773
84.77783491961787,185.19632513758376
20.530524234671397,145.83434211440044
90.16923230869956,175.33149023567586
85.7081287734055,134.80190022155173
131.2543982318716,85.18498440595329
49.28222365694303,135.29707667172252
165.11790816248887,159.6748616968449
107.4770345975296,95.48683512268828
191.8041926106459,149.60401065875206
91.2573963685219,177.31231063655918
41.91919608340288,86.84449744890806
19.946196735772972,46.249589911357
130.14148611855197,45.130499282787014
28.547469985004966,161.8319254981464
178.7849388700587,158.41116408417133
162.7227147346651,183.4102511088534
37.729912972979726,160.1583567062115
127.0817373247153,61.95264728561857
168.82982082617363,107.22236659155249
171.54880525765904,174.65743556612375
130.68289813627518,195.81742209694116
144.64829061042718,143.39584820439933
53.37844409321451,158.9538575636556
10.87314382967605,92.69084515862428
162.87670299120109,115.51599271653633
175.17106719826128,66.85113070137452
24.9529912030854,147.86129751323557
104.91886837497978,29.842674394375546
61.60401577397553,163.18476411506307
103.33483202734584,189.17463427530618
161.77238558378,180.0091474943343
164.36670756667618,65.30688291376734
35.004177012689965,49.43222114934137
36.955083262769975,36.852848875558315
76.09209419394011,182.304389079551
24.703917025189284,139.89086864515914
48.49245909283931,136.67991255697862
27.659427718070315,141.61428716930837
183.18836286689822,154.8151842353387
167.85571853371397,190.04720507242757
58.65695956436926,58.097059089162556
112.17076756145988,190.92451164517286
179.78053842098274,39.09815266000426
117.2616545743984,132.00637704731847
96.56223480711432,128.58796924607654
145.52588854305537,177.10906307721189
126.49554827071032,131.7145156632972
123.93469054252307,142.1495058310514
121.43182193692,82.22051735158684
19.343447967849468,174.34952595555464
127.80529295728434,10.627765054613782
113.54882259329528,167.65871475876602
111.72405680655305,105.47605087931532
170.58068158135524,6.165259875778409
180.36376129600018,110.30229824927896
45.038784330787706,126.46541060137176
108.8808797876322,31.24248586503246
110.14861211097474,55.85242650403132
195.23103708950055,46.78291502940482
119.69874021114386,136.42112110412137
185.43896843573253,55.1148807679421
24.929419092935913,150.31584952605667
50.13304078793316,117.7504284938503
47.25816984787145,19.377423133349225
73.11849669538957,26.47707840518376
65.09401117753185,119.87700461388117
111.50566283420115,134.80577441819406
90.35077535960733,157.04647025259672
65.92245231385255,54.01055826080754
36.64703942925722,45.346198462099984
107.09777098636997,53.06332757176655
177.40205906924774,190.60941647735854
88.21999728634162,194.17202517776335
138.2283143788643,155.03104947400246
79.56240639260345,135.6101065866052
105.80677501824643,56.36807747905831
167.93072840853853,121.10827951501521
62.328044220757576,15.91207151680275
189.5349618868109,75.63706893420394
122.16077191132437,104.45452975559475
178.6224465416819,178.0405483263498
65.24442000765318,23.361456603858034
149.02555288155492,165.55386869797556
170.3175463203897,132.93467515909896
156.72910980542306,119.62907441554896
154.53538619858486,165.84254432072166
101.41435986885048,23.183917244133443
63.317305745593835,137.71049876764312
110.12037305265467,136.99328912813863
179.63463667795918,195.1994934988904
97.64894743984,101.59164488747386
89.23219209679674,158.8265013352008
110.337914810869,44.86500904068532
148.84007442163673,137.54424460275962
134.9711429832391,142.7352630657106
74.89341846858093,167.9372300540605
23.49506594847583,107.40869276192267
19.881879548533984,8.357336578705203
139.6094373848242,30.454660208908404
94.75838697419412,149.80926809147866
196.07093503785302,9.350104178204038
22.63732485444573,157.00002710286523
7.186556456252716,67.43662190959199
110.0459816918201,40.01859479716861
133.6159706874777,67.99167197140137
154.11398354105074,37.99816276942855
103.26979966098543,13.369653192194537
86.2565892693581,162.56734126020282
161.00968177315784,17.617583620563135
54.38196558580703,53.83990471099377
147.5092090483749,152.1201516111339
119.12049796898378,193.48922104022415
110.31513293909126,9.877285580935371
168.1112241734803,141.60083194641243
175.33315974041918,18.429795307714535
118.05429783734971,30.19303592671595
98.45748999543328,103.82165554004986
17.74196732693057,8.202839055808031
142.59435625803516,155.80802652539344
128.2568402047316,50.366853646031444
158.31258026624627,139.31811744585752
127.35434508059818,59.783106548158344
22.03434899572551,101.43046810919898
109.14024635377532,68.36541825098062
91.2767585242645,74.32371975118944
162.3489554940402,26.752144551397475
187.02604479214048,169.1012849881369
39.0035635792765,100.59750642638366
20.563621817304067,91.01060148520249
68.4586390435461,24.283335219206172
40.088503010277876,128.57382459345624
157.05480720928912,174.41358766021742
113.34709864727752,40.70524804402571
183.83949001666926,5.972980189536176
14.64190346888744,171.9533038054686
31.525158528735897,195.77634107336945
41.854899438871044,196.1062765837932
141.7852907385006,9.754946682969301
147.50731143893336,171.21655624798646
178.43332951662555,97.54740477249382
97.41966688392486,100.11285829485102
102.59275742423159,81.00948903196817
182.5096149434044,184.71691132620282
26.78914452372118,184.99305375955257
46.93332766802471,24.224977612175298
84.20136328117934,136.20878106111599
22.614581945044776,132.3435530804759
13.376894080077403,155.9798087925557
92.25666262402541,89.82018907786579
55.80742211413681,23.939780411077578
23.527852490013135,46.32960092697154
61.911193011580735,32.79563240402238
58.99110175308035,143.57266776464584
12.208579812975497,70.37383964454635
196.28334070999878,128.95175261724413
32.66108601892439,78.23952753307437
50.041283414449325,50.987910234270565
184.08261276863064,72.32321639987481
10.57604066113585,89.58363641337635
190.65162865470674,26.97516523293661
33.37997180318101,162.79381391578346
158.25555934906953,189.38208241745133
86.14004294599432,196.3995934853764
183.37281504623593,178.4724519620571
130.1550456874604,52.48279410134039
193.422567043976,176.88513629740373
161.87521880018753,44.74467003815681
150.79991856612386,172.06128387620222
62.19817315536955,106.54262063253286
170.79682323423333,77.2925647594534
155.83436366175323,134.0926324612088
37.095365780316655,33.9875335068036
160.6107340013138,168.79087288427917
84.6296456021646,12.909924449365015
195.27558387151097,72.0994503078658
71.77861557244277,11.930380701147318
133.1871237899811,195.08435628408813
40.41569308766227,52.81626420544268
113.63114844692994,137.52836831715828
23.255397637923824,109.79725597530575
76.77981894734155,142.88568152187912
27.60029815332422,178.55522871991403
196.56948041156855,29.576331652235005
69.31585949204775,49.219058194983184
177.85914565767547,99.76395343323354
59.77543079990722,152.11764352256216
176.90076341376357,131.64053406707433
189.46582054982358,18.74520835790324
64.48090579769878,155.3366846033964
162.1978199577352,179.75898670711092
17.305489875657187,159.53477300414494
113.67005255828896,176.45004200518724
145.58768510870104,178.81872281924126
90.46021401000338,76.6825250434436
177.733685593252,167.0746270242038
180.5014403173547,118.38210363361331
60.10111578775624,55.674410681916726
92.66494049471832,79.47008168808166
121.4506007541319,128.81996675238744
40.14537897737131,138.92516925374193
168.13872318660378,12.132950084455482
151.9230942013633,21.36142417509876
95.45854113657653,26.485831506019757
5.334008875079462,122.942027240027
8.666308408197526,168.56923444183522
104.28452217010762,185.9740628406627
43.059393542905845,63.675785419328825
118.37449061162299,136.82090092449545
190.7728739304428,183.67446435513426
149.79085130561597,143.5210834301823
183.44078564408736,58.800202406886896
150.58239651216948,174.42388281816798
12.037770103467915,167.67475816331336
89.22957785957186,15.322661148228988
6.004400196910165,17.112751069214475
93.34352414023054,9.72897857912861
64.59584943577379,59.766801320520855
79.72344990624372,131.96574399643788
118.23281230581475,170.0887797576223
60.99234668309012,60.848450118839246
114.57949775369042,21.076064795891487
190.53450822242837,138.8486459921802
124.51466767435265,80.6802135344192
158.21361700417083,34.31083556107334
8.12180407025592,149.2613192280526
35.56593208672852,108.16426727147963
13.268224206240907,88.31791273684865
136.50131182945006,14.21330006691432
46.73530680214003,79.24944783820945
115.50918887238568,182.9405003648089
69.7513260126442,78.33581757388126
27.518064676439764,139.22440903370173
193.64556481098535,159.51976878675424
185.79398596160527,194.6909925601333
125.84617877698187,105.51427461733203
42.66047502001497,168.500827992912
9.320397440920456,192.23730286756594
192.57701191930303,126.68415604996666
116.24649560774608,164.8781213207016
130.5390063219623,172.6399362403943
65.84803863702588,128.55570612135008
8.927714361513805,8.980816925602078
10.327590457600678,82.8763809474227
170.120390339068,42.89350603541132
39.287825757340535,23.342067590860108
116.96566506827361,65.67675544077305
143.06684997770924,194.50367152822804
31.077696866773962,25.24793466674036
126.3996508167337,174.8927483268678
76.91455376415699,25.904384794616018
116.37225623967548,133.21816089089359
76.56376583827009,150.86882659946085
129.56255944879908,35.56436585870741
16.680982847348893,36.15998424670101
172.36522770954278,119.04422023364147
94.48744818379525,43.470092131728
182.1816367955416,44.64287028263104
47.7227709132303,171.83601545239748
12.999064088562482,134.20467918297973
154.11501317506682,30.2292783594502
113.19947568690404,154.1750939512419
39.97906554367415,38.446947015380616
176.65237229845044,164.3146776819587
57.84876407284811,104.94051237883635
76.94405326327686,36.55174857236532
134.12767714689159,22.801950074127042
27.53349276849692,157.6404861645875
36.691683017528106,105.49203491004211
174.464579628126,89.52744609927811
8.374883050927707,153.4949747892899
112.73746518005994,161.05032054369704
65.1811678738055,48.25223213417604
98.88056304548029,169.59767562230792
184.76453840691582,70.30593591444193
34.93253601265688,193.62746399556318
76.7438184194131,178.7604044452045
88.10566761114598,177.8637705260314
146.18346105653126,180.46765136612942
34.97329800778934,162.8956536104993
27.64301189090413,79.3423054252756
127.88566568345405,99.5045022805674
176.53800247910635,84.09546174657203
61.86303116246509,35.06242721817423
48.93808077945199,155.6492859686478
102.24946054246588,31.978110961492316
109.00800341411087,149.15273354605586
166.15106568994244,87.12310577809014
116.22443629605799,135.44873729463836
129.90804264061174,24.50302090177383
74.1985951946178,36.068987317002914
183.0361404374537,155.40049606722994
166.0273579255969,141.24116197297374
25.46735640612049,76.10983318186263
63.337602241183404,174.30373952164996
117.59468640651653,188.37300113071962
110.07104662860384,11.12927664067543
19.143707434631537,93.05191441972954
49.24388614617821,183.94026866530032
99.22726448751912,157.52455664324663
35.20380733641469,37.068753864575704
128.00034430357113,165.9246387061709
183.79584977889076,81.71838916957996
110.9576873607247,30.71070173953418
66.3732362393774,87.4981689587883
75.04736194899846,129.06150791713029
76.85063680880512,10.785128652992165
168.99559906409658,178.96576657619767
40.400664752697914,120.35427778184163
24.83573532607268,60.64920949439721
190.28006663730278,62.88787118324899
68.20051747417618,169.11337574488965
168.3220942495516,132.99814212353857
59.16211809996322,190.85161899301
69.95132743602973,99.58558669461515
46.35439458301709,178.72766844347234
24.29115552162846,93.22100354267236
77.10342707236705,145.52009488817654
17.65148702259659,54.13724095306295
162.8176621167137,80.56470834235492
166.34180780630538,127.79098560908271
127.78242171941098,48.28175050035874
50.848630009361635,94.32323612234195
179.45321190875038,192.5246970105835
125.88497429242483,13.583930870814621
47.69128667498732,54.04095387481867
5.992650486028607,175.71909256547735
42.47893074650046,22.715379811107752
186.5599686466534,153.628063304349
34.51077789294618,114.362649907824
166.05902389009603,158.87759700693888
90.2631553427404,162.4353368535802
55.67748255509281,176.71143373682511
17.0563335348414,39.48519052538704
94.01284049447611,146.0751237644063
155.2210331226712,42.622220281908504
140.4321221333611,191.74484308187562
112.66938729941724,188.50532698397473
24.71186695949725,71.23862156605895
101.31026317691018,146.6093415933573
65.65437551340342,51.19303723683523
26.390952057699025,6.9765041938237555
151.90861337930966,181.62844710024393
178.70194955006588,95.13275004853305
108.09822762626781,94.7803625916179
124.44637617215972,149.0088204500828
49.41094914001555,80.17115339846696
99.10872548184345,131.12280991329445
151.0773872563477,137.93295455531694
7.940789274947303,160.0891478385236
182.54778195321217,172.04885168387437
100.42153757149934,129.8465295479299
69.19615258493916,104.63504477298181
25.794283457992435,153.0433190260976
150.9942226058185,185.1936521045959
22.919479690787377,46.45582002321909
99.22155429605512,147.72607302861002
35.9578927284947,71.95184371896386
6.0157635567797065,133.40219008185008
143.36621997388835,30.8757846215068
70.03082697704741,164.28910456589256
101.01319560549841,170.49254991450908
46.6345636087637,73.63758327138082
167.30284315858248,14.775535188120154
63.05812175647882,95.3737563293531
15.515451909131821,75.45784535464371
187.95254749712385,113.17680769731419
163.4675733547062,141.54179830041778
54.33268293457537,74.39433591236194
10.362069507096791,67.44345771151944
11.157820734164726,128.8646770184499
64.37962102185715,179.8320809940724
183.02014032408013,49.73984284840641
107.27863550971566,179.14887654162783
97.41160368963877,45.86426133190113
78.07184436724387,20.839293026751825
76.87289758395718,162.80647272885892
162.0195555070689,128.89027654399916
105.7984169688862,154.9419950882944
194.70095275477726,112.36328198093047
105.97645368509338,25.110098249221323
68.81776283511115,51.195137567370764
165.26823660272157,159.47025298546325
113.47217153226943,193.050623722277
117.78861901016994,36.916278608768
95.33160343229862,33.395628328212496
130.23897084291923,98.90505924337948
156.942805019659,44.8476084770708
63.287532663077016,53.65309236247855
105.30731592688242,6.733871249017333
27.437486073831458,185.7138343745585
43.59195275874994,116.51969623927901
118.0891272446769,172.00337106709014
137.58900854827306,159.21742272263722
157.22460434384786,21.85132722291151
129.71664688031495,67.68283410644213
84.81233244535623,176.73808878862613
19.139049069666246,60.07654416083917
160.18336222119655,134.04376983973032
131.63975350885474,88.12999222973129
75.87348373143845,41.37241857740365
43.402538834669116,99.38364496245158
133.0583375521556,41.99063365075007
25.97666074170863,118.48770165115735
139.6778178490804,183.3734531430137
37.930253335876664,139.16715623563167
162.81046477598,126.60759606438691
68.94479002433336,168.51302314786656
51.71679377199034,159.34215836270013
187.03937270832307,71.01103618904368
158.8846451295153,64.60086594962996
150.7157130189683,37.20041474663762
160.58162385001572,157.60017168094663
98.62309033724482,69.08967586513603
159.55865987711982,179.4147882168069
50.42296343229552,80.93787990900229
69.11304344565815,86.88860043649326
195.4295295388263,122.37404945589115
92.61495342697675,75.78907911055758
44.37494470558462,47.36012233659414
12.546290433938847,72.55195034624725
111.79429670786811,24.220228525585977
113.57441555968505,24.223013310206497
51.665625388303276,187.07212111021755
192.41014772735326,143.18040127838566
18.213128076181317,16.72880611760384
173.6605398006064,39.35177991652027
78.78890609205936,158.2787099874387
191.49726395705306,97.43026883073505
13.239579095808686,12.008855774412215
53.54289710028276,164.42764594176546
131.82405194340842,177.70060746665857
169.93035754880708,171.30054483931715
51.773044427708896,58.47188129554768
174.00258350160897,152.66785740050597
50.20920950819933,41.28132618802224
189.29377015627733,83.42751740706161
101.35581408279957,49.11750115571438
121.77442920164019,62.85284421336393
173.69796306499723,116.61208917336083
78.67280676005677,151.5293362344339
58.7996780679523,101.41399104519145
146.66330798228205,157.7781415138141
128.49990639098817,94.91599768041966
28.57697096556004,114.2221871386694
167.4420440837614,79.01735428809666
163.9763382859553,120.0251938816024
166.4949794255317,169.0181880733928
59.60364336138007,36.47804011154469
93.2698594258089,144.48024092607974
25.828175592610574,188.1203956440616
175.54087824774618,128.34871319009858
123.77716754096535,10.211539551173214
167.19875969712334,86.08585363874921
195.7651450261202,186.863529233396
42.61778125681221,106.33934081804725
53.88081472426202,16.381648874562146
36.17902698775334,18.39553352940758
170.29091097266206,28.025777812875578
192.847400173232,130.08546552782616
131.8602826801022,173.50420672314155
15.732815592902083,141.2101972075223
165.77735006890165,133.41353008049398
127.26214707635312,92.3328639201456
113.56964887154571,17.361942585873166
175.4644442155242,87.53586287032199
144.77842878544848,186.9439002727491
121.10382659615705,187.80791478121614
158.4634004945747,76.06720130526811
50.51653199242941,163.1336959224295
123.37887071758358,63.981734302383
155.02629962441932,32.74889298498209
159.33325550582973,52.04775075739251
43.69984505101768,8.163629374595683
15.080106839919614,133.13211328501623
191.7488451438598,22.98050795857762
47.30745628739685,179.38629277144275
186.6650057021276,66.53741733626067
160.44948502379663,76.16608276850597
161.67545247646854,123.25575027363834
106.72772923172487,43.70871413194977
36.15471255464753,182.50332050912274
31.06249775998965,55.46887318642271
32.00434303254952,172.2899146102112
17.81888845483776,130.19329662109075
74.77430097598145,136.2433408577034
111.81401142758058,177.60670624746118
68.17730803985104,61.819799687053205
98.57109818378409,77.34740135470597
167.11577741800244,17.066813156830435
137.63192265118712,20.588518032455834
169.16754121670346,61.07030712844144
65.01853748298808,19.302365096302392
78.6857228176604,169.43564375075977
20.707186380506986,54.198157043955185
45.97832235753603,162.88417972667966
97.59388923932673,145.78390417721968
83.57584234240863,176.3533769660967
96.69582134381272,13.413185829510534
15.713492322141729,151.7247261271277
164.52385792077547,17.58203775912394
176.81843668217317,110.18037551277749
113.83415847037192,68.31522799019962
69.77218454787173,72.26752947183232
61.40864757610018,25.89107823206417
53.59917053143704,46.12054624321769
102.6317153933978,182.06012576107872
74.06058888211557,33.58161612875968
16.753545228242693,11.650042033429127
176.95853976471446,55.22875823999166
8.140564787226273,61.87165887583058
124.86906024628816,143.17385823459142
154.43925833156712,41.168501944241626
27.007732536893695,146.3978415951709
35.34704391404241,137.8415395827457
11.831166801747596,107.7329838530008
169.25117746070262,62.70005141557774
85.15487119790113,175.24439688337233
62.55121156052774,180.73033575194643
119.99659108011096,179.55411884554778
179.62700034237238,109.38802965575667
58.901655511404066,189.80175371371516
59.61913567679657,27.99305253623756
123.66168435022217,173.31258405050798
124.87806931021001,10.295307661631924
82.11231297820646,40.82419521436196
119.24108990094615,55.73532538096388
129.3435787058848,146.12410410327885
129.9419160153431,83.49302081623607
53.04787040368164,125.9163923422649
117.55946513491212,174.12813703496406
69.63149010849203,78.87041049758527
50.17098387493044,121.57196021978716
165.92525519146912,144.4798209762731
80.37492488761124,30.219921315873368
17.57874293696238,84.20246844726559
174.38454192681198,40.166219228991
147.46663073484018,11.782930749219107
188.90903518913692,90.21602971763218
133.0952204962249,128.181788202293
10.17250167189681,94.978415201082
47.89195948616328,87.8132461822002
107.49868200860556,179.6743854707183
24.772826472678855,138.8554873747852
55.34103319389773,171.44801372652773
32.02423967962137,46.45205828704846
167.9361518287787,136.9355899243689
82.7009864749459,29.077539230606344
60.948542494213584,29.609435631972953
194.1281075764854,188.19307016266742
102.18621304032621,180.03167894403887
40.221785082575074,56.05507026718829
10.95834019552619,173.15218007169878
40.76135973366221,163.727200483809
93.89148716559191,99.69060308607841
36.6748686755433,191.28457669869996
56.35334600378263,102.72240493318246
45.59543102798485,179.2430091729203
181.30392483733687,181.44761748465888
49.1469021436501,195.53828020324153
63.20852779165488,33.75167676767004
132.47774929682015,141.804543011836
96.39598444878992,179.6376163528398
19.49938398217421,82.21236958522239
99.51320766963187,22.08226121567604
139.40798003953947,196.897538927881
43.01026914705635,30.675277226731854
98.02327319899574,141.10728656627398
87.13778369165479,184.51166914794652
118.71848922665855,146.38004960625025
63.67445276161312,189.53030391054335
155.13627079657118,193.30306498046582
74.87206507055457,170.01236968724393
171.47608822993254,125.23586222002692
58.73356615015575,189.62625788313906
134.3236797468081,181.15274206106795
32.16565690349052,111.28506248198134
160.17806789057153,190.1087351859913
57.98728539252368,41.180751357732944
39.357048736772406,161.74813361505556
51.851400498019395,45.42814238848469
141.2095259884365,35.77983804904559
195.04693037674286,55.14012321428442
39.77048421076637,180.36171627510157
157.36845904870933,46.97451561302084
130.11225990624524,176.16118904494758
32.082739029514684,72.16769619846063
96.90615344699583,161.69033248711486
144.0498543586801,131.03897931576662
118.44581311968953,131.4667619603519
99.45091235867281,191.90223677815843
93.78301419434645,18.711156212911863
41.3121371575302,52.22509415841526
106.80579194304538,161.67761388739063
52.20493145811258,42.364285864279324
152.25495646887833,160.09554020541054
38.246979943530654,127.65605733151243
132.53405688027203,175.42933629314032
31.1360099353384,146.48735642011022
18.264463635963796,26.431983883476168
147.41909547127918,37.00511691032303
132.48019455842348,8.852592583348688
7.521968032923602,184.20827630342768
18.72376832309826,164.80391754057783
61.091772975298376,85.60749264071832
118.74578022467468,27.671124293317064
187.6406920821623,96.49659924697421
18.724995645411084,26.364854059594432
9.405788982736503,89.60476903100586
72.3720088729333,34.24078306781937
105.49390827403892,74.92787507268294
101.5212456313115,28.28787153013763
32.79662344309507,100.81898214790175
56.21429899454142,36.583324916417176
75.4226740358762,30.262178700127684
138.0861434907034,167.72517378641655
19.253965169435006,97.08068434242797
19.710269975972427,22.20327512859446
44.842543127725826,101.14296099256997
63.45204555032775,53.04200105365707
12.677133122664582,106.84125866061635
122.62990320613136,39.065138031095486
98.59246591153942,59.79452240619153
191.73286896121417,73.227951257059
81.75216448381096,130.76977605846082
82.35744341690022,29.488854759855283
55.69869461806207,175.7732105966014
52.82135094609003,118.73432152192827
90.63599065276877,179.26882696754865
55.702761468265365,147.23255535326734
50.732408812477814,177.55455820294912
178.38040111418775,130.67171412745853
166.93891063483952,76.32276491427602
167.916856879081,19.53701324554718
124.22536831197678,167.15433194513685
26.570270124745853,39.87975118174174
8.402585951810723,7.458173552771074
63.945065629681054,101.45486393906708
188.2938737140982,41.21082341090677
6.583945085724528,114.32323483495641
139.97739951858102,154.63064542766605
10.727516716128779,96.85551045144557
128.61597063411796,82.89394497085404
45.46949844392829,109.17656966175083
180.61557099356506,119.56216834549195
74.59021055143786,12.760232139301568
124.68402127490415,47.61273739451315
107.87249407574868,176.1374241694434
172.7361304862648,178.75336537195327
182.0511142603261,12.535164420960626
191.90416931199195,72.3928593924743
29.371097290950388,99.3121051662652
66.87355742946734,43.855390215791495
37.82030104884973,34.608198057595835
8.320298028403322,64.12036476067462
146.98681514541911,40.46911642934833
9.106956474280484,196.77720095778324
44.73468876854575,121.01359162626868
73.55262969682343,145.8825637057602
175.84780597649723,189.06838641252853
122.56104181588658,44.68654640396063
102.04750271167869,147.6511445899178
185.58974530069892,183.96419757785068
166.40597485895555,95.06906693606089
122.45357711842111,12.448525639967846
97.2613294816584,41.63589910077368
130.44349749374686,62.87621991821623
116.72475071740614,133.58983061964562
30.60842142050469,35.67186877945971
178.3916769966474,45.94730171115786
51.92698322759534,176.6556631827132
43.73148183002178,7.445728330287419
179.34119973792113,114.90575991208087
32.46850766135245,173.57835141551516
136.08117362565238,164.97073469682033
175.38901102624973,173.1478752664843
192.20762433426722,103.94110271936397
69.21976035717422,24.742210519776005
36.095708863263035,174.0725767169846
180.69740951944536,166.7965594999476
111.43054647727462,95.81134264239907
172.40289546230284,57.59566134306717
192.8740282933917,99.74681045067271
152.67976135432733,174.4271984822829
99.78602878336316,160.96615475201605
120.42885198865586,88.36221661432049
162.2607941272113,173.16165261455527
26.503903847572467,49.28146207347272
9.363231333442611,10.215778250130562
36.76436410578468,138.9421353059479
11.933761261924559,181.41415943571448
103.99139877619673,13.809268070709338
15.23668999716364,75.37725971880914
43.95915230085326,73.18451447018505
59.382263936490126,104.69142594639628
79.83166939294313,8.374936491459172
150.23102211692895,151.7805298531247
19.759074788963744,13.135885953756121
186.11020679874514,108.21918939886147
129.38143684135596,158.46520565137465
188.82329232745005,161.888530758476
192.4492787573366,5.439926811874177
31.269216244544857,135.40133226587832
36.7554116813737,159.87028729792183
66.57634662049871,46.05329904728953
63.360775192636865,35.20758632164018
151.836010942351,143.99060566625113
186.95931133564562,49.59679280696684
118.8254836118532,61.59450506390421
178.41804087322114,112.34542660858585
100.97698675686254,192.88945478455636
94.69168860650903,87.31989078035492
186.95604364858355,38.47416654984864
34.73596185039484,28.639671505349817
19.154786093746644,9.403932910713262
6.559398007466394,22.40023749530614
16.552617381941815,16.54039458176804
90.0804893068051,90.82078110389723
68.60185531440092,180.89057533621786
42.59173937634484,169.70003674189397
166.5079114190617,78.48775968048187
109.5258664624696,191.14679199176402
85.03542015638902,5.556122191029781
159.1652192308101,108.75364576148654
191.74417194877395,51.27815297775724
111.9396633557889,144.92868761248934
190.35602543652735,101.16677122568736
107.7288928359037,93.83545002614018
165.697176857578,11.936952280101226
9.979281530698637,25.954317309884747
158.55589355506,145.4991442404658
118.23243272448805,165.17653954722985
142.0858911570794,148.16147168734804
156.32501311809122,24.17938938687349
42.1750100398277,58.018845139792695
34.87537893064988,26.3459150045795
16.494374632357424,127.99777044365092
109.07460266566147,173.9539630379478
187.27943685483814,178.98318155243192
66.63840360590834,115.40735135655646
40.16343473666102,115.92387167574417
49.71841221929327,49.38346146883288
25.64894436813809,47.622241849075166
164.19356539064714,173.93371899046295
96.05357730817273,97.85693392083279
38.15238068152879,48.8270952038134
174.55630016956619,26.180228876798214
35.175905667378814,58.9596021075112
185.70745030889867,32.08757551523636
164.45902662155234,101.70033793220713
181.223056796234,185.7536657959677
113.71320578410649,171.57553936813076
25.438228671682843,43.14258650403444
84.147964068931,130.21924079054412
184.58893122048156,45.9737411316125
76.73347177539327,29.847812599307765
159.8011250781388,6.389123597136901
10.860804547978326,59.81293938102335
141.64146568362898,18.07977637826287
168.78784792755468,16.627438394143446
51.29408975367371,179.0885076264616
45.256440468577104,10.931228169772856
32.188693056540025,60.11948488496848
155.4739577777615,130.9598256102739
127.22809755110593,157.38812440324486
154.9059605249026,128.44740053095245
143.08473615334836,158.41951083759074
98.72208948870605,169.46797900009292
179.1707614355115,9.994853153555649
126.38103580000096,5.956263765167415
10.231217424861288,152.3121621895979
63.47636951902204,43.39016403055473
26.045393807282455,187.10266941257038
47.46692379070089,31.803680524850858
39.286481048467564,156.7407278386025
26.26416432048836,144.42219378708361
12.48817620088791,155.14731071636652
115.16376041922722,46.404483191209955
61.97898441974508,23.878461565681032
126.12620187626106,5.026761776553247
38.93470108457008,147.4801483891753
83.77265742710554,156.16946629168228
60.05792845005996,43.87339644453375
98.37066017019906,37.19933351093841
107.4713534445231,13.747885110963868
187.72584143355323,132.65819877512092
114.57438209579267,169.8048981607633
10.0,25.0
180.0,180.0