100.21547637006827,125.77170757185489
194.2473538305519,91.45077480833314
167.31875783978435,69.08837868027949
109.09444589502822,190.98233008125746
104.55698195210417,14.453348852253471
40.66350533765004,172.4751483848634
37.121017205132425,101.5805881116113
5.832105696212788,157.34459842703978
28.581434804162075,136.9421348764079
40.07646670137881,22.079212830067892
81.72506782208937,99.62737882529345
160.48225989528416,49.21416501388537
157.77434529817006,53.42886785408322
16.921581920845597,33.980366369373485
186.6867707682393,130.6871095287511
166.2509747359722,63.48235849428972
162.2142248416858,162.27738015028544
20.92166038537643,181.61725321275634
25.249004721464644,6.236239243351434
82.46512696732815,118.17821704939651
102.21040354670689,142.63504116248953
137.62709732243152,49.20969656988354
93.13773680202115,129.10062629351734
13.62809562281078,125.1863791731174
176.66692026314354,169.46128919638227
181.87754049797732,169.4897270887362
190.4788072217698,74.86041110938046
192.6530296256703,60.08573341381737
191.0497572638671,5.573599910201973
109.10959571032524,123.73308639303421
178.90061789904948,63.20219088654517
168.08805718467286,180.08929846277985
89.82919214654856,55.610770825684654
32.84718699521709,188.74238314924378
54.86807308367712,180.16141199992995
189.67260260043415,177.15034798830786
40.12846440369992,150.56276875095784
40.20101506984032,130.84722212589745
95.7797018417791,14.690192347354293
189.256444314237,173.77099340086454
184.87845683078234,85.47512309895116
193.51064130601085,59.2355357770308
119.27852765587596,76.70142736934895
90.54927233773435,14.405749056191178
7.629713263460758,145.51894435850576
19.213188040294533,123.63982433654284
91.8001722563931,93.70545270885869
38.81720457501778,112.64566943582729
14.329548878219505,27.299387375693513
114.13099371041015,144.94753144658975
115.05723914247447,61.89365232050449
84.06905554913756,163.63967180505537
97.92426771908089,131.33565005463262
26.91280337182129,179.393703072673
172.92796395896838,183.54776863176284
179.8102082494319,47.81161052340207
113.32586817621005,178.95809033404095
190.47491565019732,44.456411517828
90.74094847604589,130.84407190644507
31.467270848086173,119.97109871677213
115.03876097014522,161.28753137194695
176.41535281930553,187.45217593138207
99.63313711077433,158.36612682018725
35.77674431838878,100.51016721107482
96.25853892147454,20.757989180772665
13.503817834943073,195.17998508229442
102.54884925418165,189.82576617905764
34.5780084783641,186.03584812343473
5.521276517440725,16.213944054471035
88.24625570620415,191.72148713927373
97.6402467647449,22.402762081034332
108.04306958577317,146.35516753589002
20.101524476277774,182.82523815413128
107.6362387096459,66.10439869673745
97.17655279865222,124.61997870047628
85.29210762104061,160.47023069854257
116.0109315372233,71.4916177158657
116.82143257945697,73.34189089847754
38.33197888266516,33.809548776735795
9.925312665176172,185.92490294855233
40.45564743824344,189.47644577297856
17.219690254981515,62.49576250562919
109.45514253747152,71.05782504919868
194.84152979426045,39.542603495700135
107.9685959353984,24.3132349143539
114.20962556897615,121.52726295641375
168.34421907734776,173.66498316908508
21.23279717770324,135.85164593144034
81.91847372569966,137.66742546210193
87.42251828185873,35.695585233559655
88.83754314441063,64.06316324111482
114.88287618636357,58.07261857070457
118.02005320434981,12.318721751958863
177.01196413240407,75.75406942556738
82.8511320432021,141.0099317347357
109.1111527045342,161.31602620959978
9.627615211759712,146.3612164877132
31.792334867869826,87.38503353660637
94.84818398556226,55.00851193096326
83.64110078608203,107.86287031642019
118.93534790516107,161.2768411027728
97.50647709742536,19.527133774107174
11.584895087708842,181.9321896634838
82.93218072224334,44.21580016763624
114.27790636664523,160.93302707427787
32.079577540490966,138.4479792676074
37.34490387872263,9.612946828885203
31.261294098293455,142.67286043615778
91.29162484650944,192.88808755975833
94.55529040346194,195.01624707316535
162.4521196125283,75.27703109633279
31.01011738870134,14.200951608385978
98.27665021068259,85.88042147836671
191.37344886770504,73.51723459164303
194.351193575513,86.70719740116647
101.18945613497303,134.690603308434
100.6877896905145,147.2025076826289
90.2454034229878,69.22208345287585
25.773671566318736,43.100927978034704
115.04717505437544,24.09725914022023
117.36375236969495,151.91911649318948
6.4885720144180885,37.26055129777061
22.36408030101331,186.62679806779494
7.430264303854602,153.00170028562323
30.64244706856146,130.47257704072283
183.31929111107996,127.5755188589006
26.377485176210055,130.05562336852103
114.57690819390739,157.49758971450208
85.41432061682575,186.1923062910354
37.30828073498261,87.27290268141503
116.28213915819285,132.74107883383348
6.758629500783336,35.692883142027966
120.10936053472837,119.52946034835833
100.4266899961475,175.36048750556031
9.9689188118664,57.13303119923326
6.4991771496412145,7.0176852432828225
96.04994112300689,61.7839544527381
87.66501072640907,90.34969541384451
98.5893127000991,13.636814287631
119.95081256974017,75.60103889258316
112.50344306569586,150.4047700412986
34.93632526687333,112.91384561137814
196.47576579934795,63.23035041293469
5.194496944099108,41.52878659000351
178.23087090420717,46.114057202524
91.30589272765457,116.10174438645296
191.68249306506345,172.12284674714135
100.5714648243236,146.98275131625925
108.85115900727482,130.62445519254177
82.72281930841625,150.68143830082974
191.92107840037707,170.87884780842919
37.90994596626748,150.245712968258
27.90885139624213,104.66271877922102
29.296407959746606,139.15844392758376
101.9054617487908,195.53446325790458
27.37867438041298,186.14449710189143
22.716159258760694,146.69300739012664
106.0831531129674,141.19979073916582
114.05427137979238,127.02651744681565
38.5817354424151,194.58342635744933
84.82308373351992,145.49346243653372
186.27690772990172,56.498133064391716
15.505810982234893,59.408407531415506
99.50992189342193,64.48262248808227
167.16930609709502,191.8371731711025
38.36392756909791,6.90358712607669
27.20109805799654,115.00937172080818
92.12912849009294,12.191084199300764
188.4934756732256,196.93999742219842
36.422243751064904,134.71520857895038
169.5630421167042,91.42639772429182
111.31921194117545,141.141302464066
97.75594910494301,152.27955599900582
186.79238038906314,180.78613746163944
179.2579941338976,134.09885791271756
40.585953991652055,28.205542285173305
162.2393397620232,13.136549984514952
89.18195838594679,15.151634600000062
106.21975839955377,72.30567433612961
129.1050219272744,54.35675193606829
182.6171034405498,5.245340102389974
170.79706206650496,84.0839397061833
5.118195728135934,24.964040684514597
111.65208850175847,164.82791278975122
96.0978798104713,73.09904394002389
78.22218367378565,172.9865802491196
30.254810314813806,188.4992910551642
38.24935204578279,20.093341625262983
8.851781083581669,18.926931190482264
96.12318879546513,191.39616532931117
94.49228690983679,176.2515659513025
92.83310574517046,177.4896079944818
82.97681517897982,160.02563480726172
190.12613913844697,90.6152244039177
9.731540501019737,18.600496485840647
184.91485980698852,187.83035242291888
85.04443735285271,23.46150767075703
184.02908992537664,133.13904242748308
104.97779321886317,189.8141628512809
31.543696914137197,45.641913286473276
173.7013678580874,9.805737018822356
87.24960731248535,5.0717221757247035
182.34974309575526,60.22443800055885
17.012019266282667,48.074784410006515
91.60699188292084,178.85310631439245
85.46957566179728,16.013208246176923
10.710162242856029,48.911367925148525
90.52365322863353,11.104163900106288
97.96354576396416,147.9303114732472
38.91154682209293,147.57558953086902
120.48656735859993,64.78479135241506
106.07477122550786,151.6762812000111
86.08110222968367,87.33638193623005
88.05129454395652,119.08501032796828
195.84906277059642,128.7926525158088
56.86201621299722,176.12335840399342
14.061921034807302,182.10724157225715
100.30801760516867,19.44921237252655
171.20731031823323,5.807466353449332
112.67483890380241,17.084303905126223
118.37062021101386,131.42432417044765
6.480964322260206,17.95154423476727
97.54670359462801,163.99394073534515
109.16588970425327,82.48261694443191
162.52242543928847,53.90550378921761
103.73111576481872,128.97701519945716
89.96040183388301,113.69287774122002
50.407933600992244,180.18674050037683
67.39206668476923,176.9590236930319
168.3921365535325,101.57700458813416
111.65611197712032,12.715140313028106
193.17956983777017,63.11870501842608
24.414597407991494,16.590718763336326
189.07458020886108,176.89688348547017
7.176809964232274,110.44268650472162
175.0268000688153,46.65132433194952
190.56154518345554,80.03118715492481
99.13940400568795,187.07074223971526
162.78672328941465,158.12099413175793
112.41220338403664,164.3179827307974
84.43006567697708,189.18345031160916
120.90042727905022,134.0145010073567
30.66576644799252,147.86917190896224
174.19823394038758,80.07566309084119
20.963560117279272,22.424588833002893
94.46797710713886,164.41623183321732
33.464756722436,91.17691685186519
104.44602428134986,148.20511760086993
88.21132676398248,30.3990826552355
183.154921678631,61.69253541008257
36.856789537373636,10.538273766058621
171.53295513632003,196.18132260059065
164.28802875011573,77.74465833917571
86.27053930932215,122.7560619765602
37.080740297719665,100.15804524377394
86.3789219539985,31.5456539167183
138.73059915089306,46.30560030793448
12.90368566740789,41.48393211345467
193.67686031829507,73.05491416474946
92.2684856556139,195.5802994991044
171.8438313774013,182.072984792803
104.61775089314129,158.06173737708116
187.52949329493848,58.97631718095628
20.53961416608813,195.1330923547238
98.62205996787324,194.4218966996232
44.22213325513216,172.00653970520472
96.71443500995015,66.47255628577209
24.37981496752515,143.8992694910068
14.765332933099724,19.615946700384846
25.605857185033802,183.3217155769699
99.78529542108872,195.7961315310385
162.2915438515343,43.6877003686195
194.31058570310373,144.6983164529652
84.25679232552676,33.15062119828691
112.40089419404417,69.13767296208133
182.82176270252415,6.308757598471823
194.38776361252778,16.935188524124243
83.2700140325605,113.45518939155039
83.45573046077781,143.3664661418215
30.247640635072393,22.704826208239165
172.14020345049025,130.11141422878705
187.13946398733842,46.45372722399186
103.09110145626923,192.92041278429633
170.91276215185766,84.64726430518735
114.94292401518112,78.54130945354103
97.67894702827223,11.46889581060512
104.90817164135744,69.55878585581758
115.42834870184458,68.1156083245162
8.951693650555141,188.91216718452924
104.40731138984725,160.65600122127555
159.0863072800745,46.67192865714174
162.09866413561718,180.16801123120678
35.78527477032327,182.60835182378938
11.804785432460633,126.85658784299149
194.01037523832596,67.58408001896206
182.99491189966028,131.87079368157276
172.15357479645314,8.655316521064654
39.915402257737895,93.11915152074747
94.41709089668623,89.61143662616348
195.02894626183803,78.08968658882004
7.251830354600403,26.2703297357169
90.8919640311144,6.422524857419861
36.68278285688592,188.2412354704898
84.5163379986364,89.71529881530812
107.61641158070466,139.44393953724062
179.50531239053916,176.37622938629596
109.63131978080469,127.60013128251806
195.6143675985935,122.96831269390351
33.94846488498886,133.62712991019956
31.23733157247847,96.82582021910946
98.76522612849257,62.87013880360412
102.70970572852168,11.692343569381503
168.65920429463452,69.49919418739927
13.16476075134051,34.46680091502942
21.413448573689394,5.765893025529067
85.11872914711533,105.615766557051
194.2365519780135,160.19239650511935
20.622727348119817,42.74553766459392
30.29190938547734,107.88063401692892
162.8742718674812,43.941051380943634
11.572118063117102,17.345016683052634
119.25759072707272,143.71842317781525
60.70062603202114,181.86000374921105
88.057277290458,145.3466689445929
25.255729622703893,108.68556716079708
14.464200316617433,185.89354398546155
86.87394096940216,38.67522784158215
169.26193316477168,168.26432146626382
12.176477638859065,33.78056947822147
190.55836949870974,171.09862665152164
89.1245278680124,175.52031558048154
104.62873179653097,140.52642876556325
29.433617420457878,131.23947144427785
11.041795734365826,187.6721637058537
168.3030272992632,62.185677176506914
88.39042596944898,134.7355886938832
101.14637717661341,17.965146907792462
131.73461506848184,51.58596562199141
114.63052585937541,190.2738156912966
81.30628799813068,86.00844632568294
29.742339230422193,35.20111791587637
184.96163214014558,85.99828632829184
185.32321056177972,187.87151964002547
181.0154530725706,45.910013735013806
89.58669871815096,102.60823410522475
13.417243888198216,37.78241494720468
187.21941595878286,46.9812446218316
191.76462104149323,79.97971857775941
92.5215091438142,181.6645967621383
107.21616250020739,18.144019571018774
84.28711226181227,50.06003885228597
15.300271215274618,54.11553679086379
154.19779137332114,48.95714431055884
35.376887564388454,27.82607622271405
180.45808717292846,66.6903335820447
139.97922018794193,54.94271099637884
25.75859160414369,111.02705684463878
109.38361345845887,167.02461773581697
91.19413784257279,190.1450630577814
35.98984665549126,43.915659516467834
162.8046415526945,94.01035236929529
86.21216390061903,21.569002487680784
162.31394645883753,177.82995997812316
120.74722054395387,151.13776865588827
100.30434657519348,83.28298079465762
59.46805106928,172.7706769664347
30.089019107405928,92.67638038199405
186.99712184964105,91.92296197748043
112.45193341902056,183.77693913430153
31.004266128317397,33.0413707769153
106.5186994557684,195.94773939533695
91.79825196102159,119.36687616184476
63.89119318794757,174.41829485113703
18.00064342120472,41.15615918628652
128.56627234413347,48.64673444033749
28.302098689605426,186.97998838978108
81.4276016989993,99.58615493285987
116.66712006295873,74.81119213377897
81.6870845347316,67.66946116420144
194.17709892168548,60.154640321836816
83.66738190261148,50.18530843585935
103.26673906618004,7.487278379356392
14.076233429523816,127.43155030885003
115.15398692901013,156.89944584126954
21.12125461906351,21.701440872085517
14.376835629430387,138.93171938384194
10.788207985461048,182.0893560139954
5.041637213721264,108.01942898149383
19.136812633149074,24.0901098437167
169.88970032562642,55.19779239414293
182.292792616872,5.570222311781057
19.00735990383474,125.07352174231406
91.61142504230764,7.4988071054840235
168.18324644554693,101.07925089176088
101.4635592980085,114.77753555104007
116.46740281684518,21.04681129355882
12.030705408926071,53.230655723513415
192.16919633059592,62.39986690413831
91.63529672395593,136.24290871328176
91.43407785536318,79.58633104996547
53.66010530732591,181.6859363093724
83.62042117817937,177.87300911880945
116.58499438158596,125.43867192833706
84.73951973790288,80.12798766359484
11.39339381562223,134.24724226379968
24.907430065422595,35.63579972732001
72.36845675143171,173.88388959357673
97.76856379384589,75.9809396959945
22.47682676281434,21.4649438867571
109.32085181937218,149.07575048995048
85.43987030030831,118.93029114042406
111.13928632078127,138.67611993158891
83.11245009564469,18.345699839070132
189.11718237505266,83.52480953811639
120.40781868569103,157.85056256357484
81.3718555765699,171.14856116901038
29.45657470737212,19.816128431003804
63.37777122157739,179.7352833287238
83.90210073171647,192.53266743964187
36.55436400515874,134.95873922188858
104.0369979296835,164.08040644364974
13.437370734271461,125.04470189658466
196.71832504092046,24.613802710210916
118.3900345378576,77.81262247832785
170.25566178130464,57.885488222802294
97.4973842355349,178.5003659815072
32.73741593425709,147.03753585386744
191.60677382834902,52.20434450540522
190.35230210206308,74.37735343706684
119.57356670330172,119.66036196414458
36.81796580904536,114.75202999114734
196.092284564593,14.177741198822822
134.87538707846284,45.85562932981445
10.162476210304122,39.55148857779829
25.33711141927643,137.9607841554208
14.188677140297067,137.5259605818184
170.58737899443867,72.58949725845318
166.50231505255712,54.02727039942292
160.2725613554025,49.80459100938071
145.04146079429123,50.276024373084944
90.2641517971303,91.26877762808239
30.83244024240285,37.44793938420774
20.90936776064802,46.04383544394446
100.31275745523251,155.2648829864146
99.15739672156279,164.4164768241115
190.8880105540291,55.82885816325839
164.44440848950308,57.785529345485315
81.46676286822735,34.02979785068478
167.09569629825685,104.98303209156396
189.0580938797925,133.13401368006194
83.34131763881467,149.41960026339788
173.28290332467728,64.31026934153056
167.24282378723987,51.844823284568584
8.600119507916792,99.84746073356757
179.12286569300102,180.28067464908517
87.7798529675963,18.59475379177369
88.42334115492103,178.1884116845978
91.3914846707305,56.996582357327824
5.160492751585375,192.16015346151468
5.277174300601509,196.53565915021414
26.915047655008657,127.18629537116202
181.70683729973433,123.77493333854477
32.01360730169817,146.1096119193174
93.81976270964344,64.93571492842311
108.57008204071593,75.20840567782847
31.197085326614385,114.34293511877233
21.301036115116055,99.58555959384587
37.00183422033847,185.9283394867962
29.609003275544257,29.320647964370103
195.79653888512752,193.3658066703617
90.0182726433454,103.02270240188031
168.21493060478443,55.21954002649383
12.351196994360448,103.29473040013788
7.738106961628025,17.404275864524404
117.33421781981293,142.91756804195683
12.391299219570245,36.250519075726395
18.007235426058788,8.99723224137153
167.0274974601286,93.39754803715073
183.86388585399953,127.43580866441994
36.91448452131365,131.0657724993257
117.69216775509908,175.819887581004
176.12625997685808,124.86893417641679
33.301498767475934,139.3054235867931
167.9833782855663,172.41118470534596
113.7312319648423,128.69090424651054
188.28681025049056,180.4475273648041
182.33219497108644,87.54801148485151
95.19627595209646,62.13272798289972
120.92316007785216,176.48040357863704
111.42419777454116,127.05079274984759
186.7537746003421,181.18417405230414
124.56027485527927,48.32658067504052
31.977918334023542,14.056916656963184
8.565747992006187,26.292044000746152
23.15544490289233,191.8881387374362
190.36327471371536,77.8994375146798
83.18413378920003,49.728863268555344
22.17219861085367,121.63216632793156
166.98463852800896,94.89142391505588
99.3144253581903,82.01600687464352
111.59520407842464,163.48039724608893
81.56765285909665,170.01870184426275
10.36919402230026,53.151406331509016
95.64414153026154,105.69654361432795
196.57043678404776,164.59866593192095
175.0538888790847,9.629805030502085
86.30517166987913,28.701315812415817
153.94280536766752,53.0226574422238
93.63531410179,120.74307379787454
116.77396673325882,55.706666617532356
14.716079144181487,102.41214996156613
57.38295343546116,177.17705990980224
10.883450348644214,22.69572691275265
110.9484088904858,124.76846965912996
90.83095281847596,91.18075685351353
82.56516472511743,58.78548189476166
84.48006868891785,176.03985363420784
36.033416638179474,90.96699772820175
13.63407338390784,134.90982955505334
195.6364035568141,7.765037124169032
172.8898921435525,192.33784872262785
35.1114102839657,116.90727338527168
31.221168517936075,121.53637687008256
18.642110901448497,181.07016469289013
6.328516057575047,115.25598977021401
108.50437510613332,140.42662588348068
109.32780989059411,190.8324962806921
143.11734830678597,51.30468858828888
186.64672862349354,131.46900497512124
169.97557975859655,69.56412389214483
96.82338267051792,98.26031264017057
29.84551566426807,132.46409748653372
89.3950107130894,60.73848031433361
84.79845501530525,148.42400024832534
38.95485364973284,145.2013644371622
106.07949112602945,82.83311693224073
167.24348856748796,188.2442753445682
92.39444883413734,104.77400776899988
194.41948423988748,89.31505076678583
181.3939101824582,194.65741743438986
165.303761785443,44.82713637534503
18.138743306060224,117.61179835168934
86.01672628023081,110.94814021002374
188.8808240068873,63.13145791503757
7.342550044623094,152.05299863665772
184.3424846347091,41.526938036828156
90.79808038833842,78.57276817375836
12.988225335733693,187.17077343732547
92.79836266931329,187.34799566334345
7.99514906472442,194.05314797903296
8.691937041044374,59.11394732967623
90.7818202684488,147.30172562617102
163.15198241746558,92.19202755537397
10.063709131973718,11.148281044798074
190.54444321711816,183.6266222503741
14.520965764062602,107.75473597964309
193.7947105810672,17.635430779094193
171.58603906648037,188.8359149432931
98.8248135367678,59.43978462262284
107.8308679188381,196.74141014623748
84.4920092321675,165.27066822955
95.76951563878745,92.61610162809454
11.69640306281649,108.51243911049069
107.54443163337046,152.66378807502932
8.785787041788666,8.01990748746956
98.18040496439275,78.78586174934537
58.87394664609094,176.78038097555233
35.99456377515719,92.15165507256805
163.1378030198651,84.74457420534073
111.04482386006869,186.2402913370048
29.822193311876756,35.94509410260673
11.33257250492209,99.53119622055803
160.4010203771955,55.90296893048956
164.94267339778304,193.15255830861838
31.945545122730778,134.3645436794748
185.87437662343976,80.4678554282148
9.192643783545853,107.75626345148547
163.52788637382534,51.17856424374021
87.44415052928407,130.31732852041782
5.338969016355643,60.740455576919885
179.1106880009634,61.75025953024438
26.13548931487842,194.77056675788657
79.4666598530606,183.28860819455042
81.80899869518684,105.92766648281592
91.92655185213077,80.59067858349296
120.8769679536814,121.17804939310288
17.260090050365037,145.05308888482222
19.216266602507154,44.87172502720418
83.07443609159854,111.87653652689936
18.780086734398413,36.111729174509975
112.12588057741762,150.93385473146293
90.5602625442144,71.2672952174944
188.83161929503902,5.299993445441444
8.708958368664412,143.85363988090054
109.20973028521392,18.355613676944387
36.40869885700893,132.1501542701303
96.6050004462152,177.95975432026302
5.433037315590531,101.24441748603483
117.08196288606749,155.7002821743905
29.837166211607183,87.10353909312681
120.57725336920626,142.91744397551523
94.35615034441263,152.46557062358937
27.658306371273664,98.10424458928658
98.84788661998657,136.4587757766733
7.002952248101402,168.36515245889956
117.89807556710504,178.1273388102564
21.87116493329993,109.9880871666075
106.3135160317142,72.59735823592385
87.06299434663781,161.96250850374688
120.0071879904425,188.32723760618765
120.55152513892928,158.89395709060406
35.78231803396982,78.57351113664008
169.60596232320935,75.97827568853702
83.48996302756677,120.74572879584981
32.07965028493445,183.70148138881646
185.23484959024725,86.4785967764475
176.9047824486732,81.45517241890748
81.65347277830813,124.21266450198726
169.6911061717565,49.55397481057643
15.125201365552048,180.77292981811487
87.10051149288248,100.35985188405455
30.849780384653982,148.24395510964524
107.07338904648782,82.56795143815795
92.31383947471156,186.49806062635412
103.16358321628925,63.9732316955753
20.38047059103099,131.36377849088947
24.289312792012357,119.0129011093254
37.879490165030035,101.8097745763027
88.53542664430982,145.78701936580757
184.01618418370143,41.882390721162615
96.25121573843951,165.42147750030975
85.05589517505547,171.84682716138892
39.58361217251223,45.68926285356654
5.325870393003598,181.05952460794526
98.04068338450232,60.79721142818144
156.16674510117596,54.341047070254966
168.4850074327075,84.50463469746781
115.29310426504497,144.82666491466668
183.92904036351453,67.95042570956385
91.8006812865998,89.09611765547554
39.555338598716205,90.2295120335184
19.32693466078662,20.025847576870014
36.30276619579404,114.96023082557386
180.66517458099773,185.00030346315384
97.78878164933778,139.26052865156387
174.96312603314092,172.47323533019494
83.41695718663686,151.38953283338498
20.727831218975087,31.951669050076376
108.78468621061452,177.37183832227097
169.62383728232408,66.00827095968167
10.458351128886738,30.44666551438639
33.52461997875222,87.85944417865278
33.885640975199884,35.06675317854721
68.31043667587146,176.16970407317305
88.81008005033068,118.22910271451772
167.6739691105338,53.044065752043075
164.87985197452855,56.129305333898344
120.14064360354813,74.8163898654738
81.72786976339658,142.87252926240708
34.63010710117395,143.98264907290832
88.15155356253405,7.605047856252279
66.09444852369165,173.05524822151807
101.256392113087,61.403564284719174
162.23528128195534,48.151130221930806
33.66312381091839,138.02932382085328
102.0122870564924,55.15740934358723
89.82471593508595,145.90456268120536
34.284334166606286,109.49515119086438
16.919145043073325,68.40246690849966
94.97921970265237,61.36631793183438
113.74086156103209,60.29362115930033
27.908504116564824,117.96590809273395
162.2375046411355,77.88716958950998
173.04716002617974,79.79204541270663
187.09449065173507,127.08073154007592
30.03250768696827,7.445747263209089
39.04568923938072,195.0852830526321
83.83771294277423,142.95167907031762
119.29507708989055,141.50141836909626
110.00814786732354,168.69945581327562
191.93529550607903,168.02502120750958
176.74981607040283,41.15171880800709
180.88713056964679,7.145983306418671
9.39417162654781,141.01448977784858
7.990219473911504,177.8475523441334
114.32735491995486,170.33294335801233
18.94011599891688,146.74957412874554
119.42736754487264,81.32235930606505
104.80182049887907,124.1365693653917
87.93750736580535,151.746866421407
94.23603979451084,169.97723046512587
196.78475000876935,14.22295039953687
33.69180952543915,113.9233279913116
13.41392671615833,68.27338435031201
8.6777569484179,123.00702771131805
92.55448294483378,190.51466048805267
109.34137037703618,124.88033285545404
97.43189629014083,147.68073006019068
83.61881813939105,6.689918462653049
17.664270482672734,42.33829036720199
92.64324255113651,44.458436931143
104.18416932668183,164.1325753030027
40.085636917866196,99.89453216520731
117.79972686164369,185.72778534216897
16.14061775887541,141.07032873459852
22.061458448190038,104.72835576154532
168.79287144873504,67.87024373163052
168.17184494115733,61.542730630739904
81.65936948627751,180.70569636146678
115.76936450502808,161.5828555467609
107.08334401109329,62.47121366621667
90.86601629837365,6.937790741996386
98.97845289780066,76.54050702699135
192.1528067953079,188.54734404359937
183.58855741358994,47.680646980469845
196.83618053088523,12.299040617999804
180.5484766332025,7.918328198478477
16.29465635707045,190.63768099268523
85.71901092366386,40.18129395921964
120.60965978912904,170.39661998549403
81.46178335105273,72.72501909099037
86.52860176096058,85.21540991553455
97.84989052582173,5.447173444001883
13.971012720922438,187.77353651576132
176.78188223030514,60.84124256390241
98.22706981088744,125.82149782053519
154.94197844006658,53.595641718485325
168.8939544136613,188.50446858110865
169.55224596636904,78.06324651857344
24.553081953780367,104.75764809035111
177.74304819667688,170.6956180597973
109.28433044589646,153.58690935486663
124.981584350886,50.52914263511479
111.95375335743381,181.29779429217533
177.31405531784276,41.26581423436353
49.4565870609455,180.33127997420237
97.27160229133146,135.55698139038185
195.59207383799296,56.0668298412262
191.1146485781618,79.87072191532164
33.85619646642913,33.71283102796305
172.76559398038395,126.65563313831154
109.07745614672764,178.6358105789602
16.633977725304327,54.45367962893535
168.7873719074372,87.78526259091768
32.49005582513736,99.70508433506095
163.65268398503568,110.74457762868632
74.07584410033553,172.76281660153688
98.39935861152107,142.3058112655403
26.680154078239948,35.15720928356894
81.70098983778244,186.72994703929453
30.828427841550866,32.52085291146944
89.62307403199036,83.31535812099082
91.92729693920711,130.20957482030357
161.3420047368907,187.9156197141193
26.979076474570036,185.72206170428433
176.5322493928449,178.5166863066883
9.699979844242872,128.69361313078772
32.498808840031515,94.69908994478955
91.63110064602638,119.65701917590779
99.0125666604944,127.30941857425775
26.217925024072343,36.92407052505842
112.85697822404047,185.2070954513027
108.0545332992191,179.07231712763047
93.16957608490728,69.04234559029713
20.116569014638888,29.1869774827351
116.82986395877394,196.5405666474013
185.50345312024146,128.564923314679
15.52815362709477,112.87093897083012
90.74094680544269,22.329602588820528
11.94997856560376,13.844968543298352
91.45709377266043,167.52631917388896
162.2322181406053,13.517920530602055
173.22662739734568,125.47094178020335
12.633193291824295,185.0396353845139
20.495567013936764,43.95364926563191
39.497864509251485,114.81427908372761
96.20197405605913,86.20073778001718
86.39582522024364,58.34592919406866
162.01358406613357,89.18116106158568
97.9951348867081,82.81803057881548
148.1424318112218,46.71891331702635
98.83328069412497,90.17906966139726
91.7417007538074,174.0121062651513
40.0664100915101,149.2430010709564
184.23149022506746,122.77713537070383
5.303323955833193,133.99057902861867
179.01087101910827,187.35008353231802
29.029339442933612,132.31762730068832
83.058714796502,80.74756596592758
6.346427176417506,122.96797428130589
164.7467575078153,173.7291459742423
168.85900781461322,57.383690308466655
106.51767411651714,68.92198761964389
180.29887285068102,67.60743029220893
81.3643054157102,124.93038983673235
88.9083551754015,127.41731760563744
178.16683350201941,8.725221211809304
11.726655130014535,109.4721060532316
94.83796871635997,9.209796007762323
32.91608378501433,110.0830787986418
39.98359668911952,159.28695663476108
5.8078398395832656,47.241051244654805
10.807755319893102,126.08415207731828
194.2739386922124,153.65959872091764
167.3505954288608,105.01931440189152
18.034047792857706,193.97949386929824
120.02233234281111,135.7416063494324
84.88666280015069,96.67383198537931
33.201109513517714,135.43117121329928
16.53628090587162,5.35170802895656
87.57535600391306,138.20231532584566
188.30373193929748,86.29142592723356
108.37741895162091,173.73388643794829
90.64267182865362,196.2220757099251
196.70441880539687,80.71762361541373
109.51930944800364,180.65077599944016
14.937135692725741,19.647211388610508
91.22922268480077,106.68279050313355
19.787022787685828,19.789533893254976
11.39962596851288,126.40673777499605
10.405183947845748,38.32852883643955
192.81611759540553,136.00589728791732
26.02158414347604,130.21099332894443
195.47635754279167,138.48937779179354
32.81133718699403,95.94063162421617
31.56890826682953,18.860298927747788
36.176441331065654,6.9075100687063635
24.679394602381223,102.43111424483473
165.26205265341693,64.33772649011524
180.75689703229648,71.58035878639213
86.54674344605662,103.55067361379916
82.60126498576236,128.00629267699836
81.6987708104509,143.45660635187747
88.17540905695877,114.96134879381889
92.19617039347492,68.954301232849
19.531900352170336,33.03149446462674
57.854209642097466,178.0849560510323
106.25564672625262,115.64929678904959
37.64796097220167,141.93033777271845
119.51594160591112,56.514489346932486
36.479381018067954,193.91123513420055
172.7086062131212,80.53071569954213
96.4498241562001,149.9586485753725
189.46731695872526,176.1212983801034
115.3663487942508,185.1722911435994
87.45712088677575,185.79835005506163
83.7582861127413,60.356036826865264
120.36159489860562,10.609106622347715
10.233537537250541,126.39800582739211
108.37811111090538,164.61537398615886
120.82650162062978,196.88607711487055
82.32835787177673,25.021743963010596
192.73991865119743,90.37168941716446
106.52212007174609,166.16408102200901
161.7947134990277,86.85136678999746
120.07776040741275,127.9705939091474
166.04597537940177,41.9363890254742
176.20123312409274,75.60743631725276
94.2496966407025,62.39472218029013
85.93480244561462,171.0690551947958
164.33034595907586,180.27931571626158
103.55767475873486,151.0794994680435
27.91771030377706,136.09860070516635
120.23331022432946,12.594165937129901
103.14275122297254,153.9376709248648
40.76584690972963,191.31307228412373
18.405345253945512,42.350381757990434
81.47821443963697,41.44776063998965
118.00418029519463,22.612028472327808
11.40918885278947,16.95581933012243
22.64127132410553,13.639164845829622
86.13104957422487,138.35933838162762
85.58103219786929,32.599721118136635
5.277161626409182,132.03752750645126
7.357899299658401,128.61205013492318
54.61807567821748,175.38287270298588
181.10542409058408,53.22741104934313
83.75746592096503,113.38281062463442
120.0371371439194,73.63601830094439
117.8991084407602,65.6864485678469
26.054574986534,36.695482764304295
178.03550158973434,177.83513303267804
116.35767243105498,60.86834873410866
85.45121442413716,122.08266784200471
85.27400091812312,55.343088534066126
114.83267003201625,19.03848858071258
196.02542324224402,49.3323801690279
98.82273786339499,146.8948043276603
35.917135606487484,7.974993297923294
40.11997752690015,40.05401701104344
175.5642080663952,57.29317583515347
164.7328245412389,179.00947780220702
115.18547881218156,187.99778122423038
15.64453566204759,147.65269912674134
112.37381173250198,133.23891542810392
15.246504684992976,40.75373677063343
183.8594063640545,45.765454035823716
90.81783190347032,84.81233957887902
166.18006927455517,106.07122655889765
38.35003196319497,127.73153816425601
18.072100740576072,195.25495154873872
161.60663544821324,72.24842813052055
88.17235222765954,172.3356788338375
88.36223463334593,19.48197124725343
25.225655983877637,115.04782247142168
194.60626846618896,40.15310280543877
178.89746518142127,49.34275701701762
85.45853267076936,7.066040975099272
29.045577605109287,91.89892518280188
85.43745264101581,43.0940374037164
181.82702285467295,196.94173739233747
97.27821914211908,192.64082178225695
85.03980954037074,111.47388371895154
88.19128308672543,190.1203549277485
112.93614412184633,71.22788165524993
118.87648610836185,13.542696468173489
103.8245923802981,124.40081794148736
40.719032631013384,126.25405893685168
109.2285115307371,8.160753894547494
173.34381966445062,76.85857645402875
39.11867786530081,160.5499150268741
38.463581997996314,83.64893696386821
5.332178969411029,154.6078676261922
88.62800869931586,56.61377387331009
12.615405348115452,49.1764689902119
91.78052919432119,156.7524186015007
29.465714343340526,118.26100446937514
93.69223214112498,117.25600312137874
112.05841367605021,188.20071229322792
185.24973883577283,136.71605639380115
19.21141432171202,48.17060919247682
88.22339209951363,22.51247876164869
189.69895291110097,173.72470576218134
8.874994847830342,146.9067079474339
93.07305118772915,194.61213543155117
39.79516952222687,94.64696825934485
33.5764834374117,17.183909108502792
87.35202712943831,62.698143353473824
181.02584791680724,47.59810064209398
110.85506850123508,151.53777774823683
81.9936602546303,127.53437890346089
84.9244601827886,189.21285470915487
109.06843139464551,120.58720175332927
117.0589136766063,164.93612939702112
12.710340563276807,136.7160258304383
162.26968474324255,43.1182558887998
99.0655614507034,125.05864973424931
193.85631243262267,15.277667457110557
39.822977105375294,151.49360606331174
22.03749940584478,195.85888261863073
34.716895714969105,117.96555074452738
194.17953146649126,70.89284333877734
29.005771106792718,138.70207852284582
80.52194776074082,184.6795484220667
81.51167873865879,5.2443388081563995
90.9517969688819,20.148655429258085
33.41943958130268,105.09006614074352
37.714521633616215,179.12001982635147
45.84702737988622,177.3487165145059
88.20755558046444,23.83736796223151
54.767985927068686,178.76500545327193
45.984376043855846,173.12776191560246
84.04556147190853,73.21281684513208
97.78717920456343,80.07631891491936
193.69850837937662,84.27287545001784
17.619175973545264,180.28070798410877
99.01920648002123,124.13730159042275
111.8145317035393,81.62228074163153
109.19839318522295,132.70748732356435
6.367122580424811,153.1762768710439
26.89438180012899,129.12469074279764
85.37589852457165,129.02838519006457
7.940132386695025,134.73163715794126
88.99857648484823,61.064480937064104
33.56926026327068,104.7680502706903
9.777025465840715,115.36445721851226
113.81368299270915,73.36780053664742
34.71740260983855,88.42232066063927
108.34197769439176,24.569897423493778
7.739828758726309,18.563678941406465
175.95343229552086,10.171952281332562
162.37889807765808,96.62675329044389
9.62586515314046,7.352781775662391
29.90403853345517,7.123229729547788
117.31796624076908,177.32238854438697
123.04676252952424,55.63534570888911
173.19302736482746,7.036950064210085
107.5636227290741,60.110474733302546
165.2649806019154,80.12285782071463
33.858802320116745,147.48217609039006
4.9947906617397155,120.65184418991062
6.5379976097217565,68.63796285849489
89.51126543763696,148.1086033506443
176.66083861404962,9.161606530386658
6.426931196537702,22.163944382744546
37.863057182520976,183.98505628661877
186.05504822087897,196.02932816753534
18.247306693212874,132.77555741896938
183.27956376375317,49.91236843476893
90.34501117371592,94.32449092294652
29.33605720809906,148.25391783215002
117.71334226714939,143.3417767764351
88.24530899517471,195.62853158444733
95.22875602175719,70.97233451046804
107.63971896006942,117.25760678566598
38.81960703283723,125.98303294476362
37.896012585624014,22.100497365185486
85.08947491960156,188.33593841522983
8.019780224087249,149.76607594407884
111.03393944589996,167.7448748073306
40.70357461322085,157.03678906376354
16.420256800011245,65.63047234761635
181.7668084276529,176.0067684074375
39.51470108217986,124.03028974667642
98.96290662069885,181.1140239960183
99.3019645645976,69.27994448816531
191.9701025581641,44.720709732924234
93.71311136708286,83.70960336649402
157.2880104561932,45.72931037791148
9.844572655168504,194.49257206111776
27.555330995040613,8.253920467428872
98.31802439188024,141.0280880506912
24.598179972961177,100.29634576653757
12.789054372892132,196.61804179106193
7.646573337113939,60.67745686689545
99.13463531711379,141.04550766286977
8.295375836632516,118.56050445784136
188.94304856525838,69.03628265539174
178.04215220783465,59.073218830768326
108.05398465844662,148.6569032559685
10.966384607594941,23.72170109217699
97.14159963705148,86.78023605515146
172.6069671840039,126.61795654846145
184.2667470484301,86.28419755473284
105.35043005267883,82.7259945429905
99.75936317007742,81.34951533549128
29.978125771676577,80.77628486011874
40.95593637202388,111.08775800324509
108.1016550212516,181.67922753531036
85.36751845809377,177.43592394483957
37.107379385504615,21.84201768216471
87.19527326240116,49.371394679335104
120.31952663674898,185.09792694036176
195.03143559733087,157.7456089115247
155.30033159626012,47.448158574157624
107.34532534307051,185.6498482724085
167.55363982290262,49.69760746683046
177.80798969872268,7.713833523307489
103.20426218774472,131.28760289747774
40.18580024700505,86.37798653837801
10.3454302112429,135.31130651941868
94.8465937647468,144.35875612949044
13.511102259234596,184.93617957288308
15.730499202401152,21.466852893346413
83.952700831785,158.46309134535855
110.1655965909287,82.79420657840495
176.69903310069816,126.9673606952621
112.41912880760538,5.457652121139991
188.9949899544848,174.73397324820212
86.53888690529256,170.30711977056384
84.7971311293795,108.10983484256631
191.10827591705498,180.284692277027
195.5307482009882,156.39325457200016
89.91228091573332,115.97292647960012
49.84071634427954,174.3242955821092
92.38086848191885,15.417598412817675
109.51736987888852,151.51120816679085
192.71459324365046,51.807952401803504
5.793247724883438,100.96257114518154
83.61567486998923,148.93747662173058
88.25537717135887,194.49022810690707
162.80152196739323,67.20215466130855
183.55056743006236,187.4336026639816
101.12721849678357,9.73607881644509
115.57903914354623,179.42838686212087
111.40553517652009,127.39849569378485
22.490219204024562,187.4400713676596
94.58231896246093,70.42879939647203
92.80702008364752,149.77639309720703
93.8486801081312,90.6907015133962
94.11528187739756,16.472657846465562
54.75676823908805,179.48040837599152
184.9507363776397,194.52444760692688
174.90103816564354,71.41528451632954
82.78743344460462,74.93905831164174
88.71200961085852,91.0650131137082
174.6186780715335,137.0374527561508
107.27723944885146,80.68339098703566
118.91105368094026,188.6001979370794
83.24061548128147,38.774625891184826
30.65110681990497,103.80387095712217
108.17438806622505,151.40765915946437
30.403756554280996,180.2235292863464
100.07388253815527,59.48684968865146
14.031910864140706,67.11781957495282
13.618524545125064,125.48526631388368
162.20012181917096,176.4240621824288
167.55910671984438,69.63948612434834
29.289214767965035,112.84943361206626
176.06822538799898,55.624318726985734
102.00552075108038,57.21234740184234
189.96059473139124,188.48541946387203
38.98895931580767,173.3735181982424
176.16944479813205,5.320243838382629
91.38105450369447,23.056802944530943
116.322927028923,83.27517563203862
88.0309226515394,74.2061161006789
34.18674031988775,129.09478285174316
102.39752605572413,175.2379752738826
86.55239690621404,127.95220246389826
119.7227562310206,183.41822408594422
103.9894529503824,124.40362165476262
189.35730134790558,44.915158970302315
97.43274928558712,80.45295041259739
32.13706228267031,194.7444659440556
97.64740778750866,77.25758380387646
113.87038648929527,153.70688875914195
27.707293838619304,26.150333830066856
188.48263505919553,184.10899263992923
161.49500959193816,70.37607165353637
9.009572715975516,132.82033335624303
176.67644921821977,8.843750753253211
178.39042858577565,78.34910273577017
21.212675862648357,195.92360260546218
169.82761608813726,185.35136753642834
22.883517950611104,180.23965698101037
91.01892370166199,97.23498997261478
85.91158777916088,149.5291800689624
102.0802162986051,171.06641917648514
36.92632363552035,182.37918875228468
107.67534247781539,163.96414596827884
191.67096960070756,40.96367346308816
116.55741589894495,191.71938691386256
97.16553616112671,174.64833304146748
33.906371783507396,16.843132772542774
12.795496213080236,180.3992102629989
106.80074862734942,73.71011973337102
28.102450203439773,110.37507800306321
18.813153185928222,39.29109918548082
101.4521258969427,194.37594554225933
194.80023783277815,178.03736821521616
90.89882586822898,193.7021279342667
97.20266086173696,82.58953280166789
81.11669555660508,193.36947420760796
126.58023559214165,45.813199917105585
19.627502672424946,103.21893245174049
151.3411924771767,53.414799615147196
195.64108607030582,32.63257192153329
118.41381138517602,124.05110737484982
21.61275685261252,139.02764889944703
36.941117310420765,18.779469868634497
106.06760085211877,133.32410109126297
92.09191008654768,16.376173468532553
171.2718866284206,71.71305506414394
5.850563150646141,194.73842742477925
5.80956282221086,62.0307863754296
86.99795521734728,112.23708558307193
102.21477076398142,122.69366909856059
83.50101736379091,109.85054491250325
184.00204901285517,69.5084058067059
162.517555899404,195.21842914553068
181.5842116929543,84.16386439131409
98.63438688522965,6.7693738289092895
33.919158142189225,29.21166577497039
118.88514543472883,64.45782337054005
15.2065451044281,39.06554128952344
85.62022016674463,175.01831584961434
81.3980733906934,111.94541571684098
10.806888706121047,103.76100379291226
26.97919922159461,24.93059721837185
161.51411918588545,153.74927448109125
166.99681929646616,88.22212026441424
165.2901080120481,189.99665799995773
196.72954206796092,71.15763809608718
38.662590461741296,79.76423142788715
38.5124859242031,34.59187308441413
106.22364209852836,175.68963159252817
20.130947505010543,30.890829027769925
113.45508154461979,60.76093145754298
68.82800326524423,180.1805086821224
113.2717512593714,178.05792687321747
83.02961602119285,16.24419272520563
98.02999004392787,120.47189864839838
93.3968138685111,112.66991897384521
93.79290266045426,79.32965924568265
90.67860222827885,182.19272314163663
24.024477107974764,196.0682363758826
102.89481248553295,158.26419065642574
107.72060291765023,137.42055914991957
194.84317145692336,6.705444248409908
81.08510088611882,47.93374206370427
13.764983556895233,66.3066947997266
101.81753752173962,169.82102589729973
81.8246778785805,151.57115706657186
111.70318572457292,131.5737765292357
17.085308658163775,111.87516544239668
8.051348715764792,146.52704444305186
33.809791309343034,24.508672457926103
166.39324079796268,48.419175860672446
184.7209212591594,72.13373548486479
27.521441611105494,134.42781319898396
35.92645699934853,128.48487818660467
182.17429548823173,49.842221213292255
5.501827762295514,173.60987963763122
104.23463344442558,24.589662576834364
81.7941805251051,71.10415481427724
94.24809717368524,96.50722423581487
175.5303785502156,42.68213904853574
86.54972702478793,73.30020490837623
93.92637661529703,82.01261959300075
42.29499168645769,178.57591419460826
101.70145474558046,139.14752404163747
83.74818870350617,16.00538700615848
166.41957134878155,187.84865399105502
172.02672811061984,179.52800557045305
73.85081118938966,180.98049837977774
99.20087958314878,12.365356894388734
93.70657559166901,196.83599518417304
32.25388192518507,145.049113942115
87.16270293915876,23.195404102850464
76.42102013139606,173.61920686981577
167.37603157615257,79.41640439471415
120.77925266514968,154.23565449257688
93.1897418183846,14.329500087756323
169.08283094365058,43.557169098732665
189.94174903207985,10.512817137636521
115.72862720005875,116.41793718530283
165.2039608964068,91.74490657470533
162.36892591293775,92.91475219291895
105.53422141569382,79.80462650909838
115.38924158539814,56.138215052321335
40.424537263812475,181.52930117040782
6.315425405186587,119.07894174782263
162.63141193352632,99.513119416136
165.72132792136821,93.6111344737563
7.3068403145526375,154.69640909376758
163.88761436994798,103.87752284564709
24.355220718867983,191.92989010760803
109.31002100650748,138.07117284044307
92.54794901905862,85.41508560875299
98.37217927547296,164.05343353471739
192.3523040766083,65.2420740008995
84.58439037063393,17.789970924606013
14.08569616041688,12.411235788922662
96.02164075791808,188.83484904772862
100.61129305755242,120.33529296202784
98.05835363231093,84.89936706056794
189.14298613121306,74.56389425904541
53.79886688791724,177.26060818847938
169.77148835641003,193.65550289992748
12.29208035975877,16.900516197886105
103.24530625996324,12.352043024055918
8.502356826063792,186.0664858897738
105.11699498674069,79.8079747823769
180.66252180766884,62.38728129090785
179.96099181293624,79.30766419242232
110.98490833835015,165.05886506460538
9.061207643892041,37.14758173575363
114.08018242633408,195.46690890901377
114.16162313170013,150.65951623359345
174.49993970884378,124.97167238741599
166.028883744881,54.704762568174225
116.54823976589408,114.7064574490382
19.409550173819138,6.483122978078054
165.1652129359132,180.09661161630945
179.00838251446316,63.42564279287741
114.40877837026889,19.663148796684546
111.88567547223053,138.298055522275
85.39841464285762,187.7598525487169
35.91178644272942,42.40796961676968
169.78323901259705,71.91861900306156
117.88642718009999,194.61217999151043
109.25266951635653,131.02191276366815
178.5986669215859,193.2181549281582
187.79287679591846,133.2619816171091
120.88341459785602,170.16561677220943
15.54821246690626,143.27095418739717
187.46463162197523,56.61982227677557
87.79734371759795,174.25327814625066
93.21254456322531,128.5442816473636
179.46661112515483,88.63209962542487
98.00618031419582,166.38936291129278
15.092853332358546,181.1796416495264
187.27789345042353,76.46706048907171
39.24247156409235,96.4734115317631
110.16679248619447,187.07634232617448
169.9492229771223,61.48409442291274
186.81571812702666,91.11110726042027
84.82214805188143,96.36753041407565
180.2480512846853,56.979267484716345
99.81408984367634,160.95036612298873
16.894412494098194,147.01595147442052
94.20733760797832,175.74364653351054
29.69645004279329,96.16274788718228
5.101834717965687,38.520234888938056
168.22609734201924,107.90290291188776
14.624905975817683,66.12052790404765
16.73632113438255,187.52087233917473
22.48580380755275,185.14796950490995
166.76073082444998,75.00495298650408
98.30900906948393,162.62696871875164
188.18468941037685,177.83708158489364
118.90904975339457,145.82450445143442
114.96756866169643,77.65458090406885
162.31014548908496,52.34157350988861
161.0858933441654,55.20650443382129
118.94572570469082,120.20365115580408
35.11733246643458,102.29891794092491
14.902605010893511,68.83498812472429
29.611266185074832,145.16298146473915
182.43918272350192,191.3575232591483
26.300414183454695,37.72283462589654
81.30511569782638,105.38389190285866
15.599019346611168,64.12298297737499
164.49697410630054,49.784400553065396
120.17934304031203,139.63335691540559
8.850292430502035,107.21820922209147
166.0276790057397,88.02075059001056
181.65879820195153,70.80812589306996
10.510901014105613,120.91307728469391
86.77926879384638,78.87248873807533
167.53718628727975,102.66634011178104
177.96330278377974,177.05777011718558
102.65841916931252,116.02061983223483
27.03555756684665,187.968118401022
89.85349489731158,113.46993774885338
75.71519223880739,174.00419338759806
174.8899964005141,195.1233519525918
102.13468524197337,182.3548241224857
26.654627532865067,111.0456259823527
37.32947457576513,114.49253975186262
100.83041468428634,132.66972398686795
28.8456263754345,103.67653958271067
74.97320241370656,176.68512786848115
120.29231392006014,156.42261066314165
10.94190615914271,33.58071565423487
11.110622570471332,106.32257966877768
172.04661779950646,46.610162488828486
81.46061171578347,97.84116641923818
124.62139395688752,45.287730978559544
185.03205411272822,194.84869852504426
81.19922055574753,63.70479299542004
132.38892272353655,50.53254015920842
99.80589599819305,134.87560139533008
87.56995156753277,173.0345386101111
113.82244626988371,126.01028279373851
192.07334592144517,166.1909843862844
187.7506417987586,181.2683691640015
24.838297820730716,101.3086512130983
106.32285694128305,184.81516338629814
186.40082703704064,83.90851990948836
9.452751185984368,193.32750640950744
10.404936450207682,65.7082315605996
163.00546854067213,40.407815913494275
99.1368703536534,154.4710560186381
94.11431870658669,13.78964848439682
20.424311316971426,193.03742529572622
181.06208896128672,194.48319992420798
115.90121063055973,69.77559370813955
32.83155022621415,29.500128613931388
196.2984303440677,78.12350681262882
188.6870693509118,90.72474977124102
96.37908121287609,174.42057634500907
103.48011927862174,60.76447646049762
6.708455472958048,62.08773569985765
97.08605562845982,124.56200537468762
84.39828759503132,151.1522264974987
22.923055195941583,191.4542646849649
168.22757623215747,195.88292874945796
112.51052770314581,56.94111866394559
18.3837892218593,24.085862771635338
166.71285158585007,10.858543040842441
17.85532597523806,45.72273547363523
36.023514312194,8.483664833243184
89.40668897901237,21.05656978993019
95.29046924732762,63.01114422475995
38.91959021397568,41.799168469983144
101.50601552301734,172.77794422127639
35.970858941478824,186.4299110715757
89.82048360594656,83.66773409720281
170.18961215670896,82.90939244327075
90.51620432685019,63.93728498661314
6.1541092550502805,129.3026915471788
82.90308837487505,65.57071858724446
17.082328052265453,39.75287646899224
170.9435830284766,82.17363544720759
79.14521758591714,171.5160762558108
22.27294365789011,5.394553893471918
5.777684147460741,34.529662811475404
177.5055688190835,5.954833038688979
7.351997664802083,171.30004065942913
34.20303846513452,19.687073944136014
8.159289186487719,119.20186325710151
102.69906357638682,120.19932682041251
91.02789880370874,41.621018101864266
87.13617963190498,73.99825960827116
17.032644735207608,186.6617676990405
168.41688295785173,173.88238996210868
7.639909551943818,165.19483719139203
84.42177236668515,179.33643588119557
166.65028841036863,10.4991725592354
13.044891982901284,116.56467154977616
169.68603200416575,187.03981946260896
120.07867091383108,131.7739055046017
134.2134557493235,52.28204168308836
45.0441679429626,180.6916706698825
170.06102999653888,58.978889981995174
20.685325183670727,44.28422465489005
16.266292997539335,117.27696863557829
85.83943871545269,184.97085667070297
74.1354181856368,174.38995879244746
162.97982468258428,158.29827498526717
89.69104265333836,152.8127173996062
98.4097618619608,173.47019499895663
25.263157023865283,118.91479506779619
97.1805192224983,121.58332704612342
193.30526904140672,153.75801345484808
120.14738921793223,127.51161619590357
106.37115976143846,61.54252122055924
87.05162449171027,170.62850783103423
118.11070790390193,186.10647811581052
81.71375366402862,53.17689699928418
95.31285913478389,172.49809800127935
5.673858908108459,109.01529196974136
114.10313624711027,149.92280324843085
115.41709049365416,160.95806710584145
187.99613229320602,174.9438302135611
18.47920427774493,135.22857207947249
165.52005676906626,105.68773090600953
31.9841193265353,9.862626309738399
93.55303273968524,68.33090037785858
175.8239893207617,170.63993950076758
164.33766768295604,98.75713603625132
87.54167732125383,127.19782554177283
191.49341649803503,70.17665112936005
164.1044731891589,86.1737539096091
34.71935885497351,86.73056543181983
83.82755545278997,65.39891480923262
194.77417026567878,87.06570942272975
98.12572921017936,74.20335899347589
118.08697085714964,9.5979850362152
174.45054446374562,59.782137351416324
196.09100878017185,170.51727427165363
193.62871617917926,135.18366281400125
165.97638698985634,175.75956875851995
194.8869879242103,163.82534514288682
17.227542611597514,56.93337695689668
104.17284337213371,74.81072019904146
85.20356983202068,182.78235022066374
163.15043125072543,57.20967625100148
163.42791308842786,56.718837072056225
161.75411858563396,189.58769272148385
106.00909953161892,61.050685780951476
195.192168452602,43.83638509564208
188.87555514740353,9.874432700413886
13.175939402327108,34.65133575890745
87.05285608769948,191.031411409885
23.247227954206608,101.00938476434128
163.2650506938776,60.82133858020239
33.89439286240827,193.12364620416017
83.64990438513063,51.84565110973666
194.98761409686824,58.09792842805253
162.21730530685448,162.35772183078655
40.65362479912906,87.13080511628395
93.86929110331008,97.25604080274924
86.52239769080788,141.54369994909848
185.8886371571236,173.66874999922703
36.42906751091668,103.04847599678318
185.39699783618346,137.06390615278843
34.280554225572445,46.44060879655084
14.540539486853968,42.54014919111006
24.65830526344275,141.67066732634245
102.30054903240274,69.43560031396973
195.54126341594505,37.75144049075753
37.99266205742159,106.48484476586371
25.863092334209604,31.16399792587107
108.520833965632,192.99249564550738
138.3791851393735,45.923310802108105
90.1453811911329,163.45976746596497
88.78307146080707,188.66630890828577
97.20076965015123,124.67062679110484
40.46396149355297,22.640010364463198
92.11522449162071,144.70055640726636
92.09701236895184,50.65019089599578
8.1746880425324,128.57539668971248
6.220287170426442,195.71612770284662
106.82401555183424,17.833365706985912
10.701087067373013,188.55374112645748
69.38673885800611,179.25458101209585
88.24845190845042,38.940591471963714
75.65416271894125,175.53963262311666
111.09174284278299,160.3938884858185
193.13174003878757,75.70267272958121
10.030698133922918,17.97205440489607
102.83996748212428,183.45637271738207
102.98859122748266,139.85030169131727
83.58108658748502,19.399102855058153
80.72584788977805,173.5013286490647
193.08524505046617,181.98007630116302
105.2335523430476,159.85116620165837
16.467509942188613,23.285531700116003
26.68677460400391,31.959464660830253
175.58501379360447,56.156103904395245
181.2500879974211,70.07243889606856
46.27943042616795,179.008636882833
180.70970264475375,195.74344060772341
171.82247103985168,54.980782463349485
103.51459561293467,9.686653609939537
106.98817143543404,9.798341158039987
142.56667297635676,54.87041044742891
90.97121038361813,10.915683573017233
99.34078952876766,119.1557639890659
38.365170477635004,101.3856087864845
87.67971559667701,185.74683572808271
84.57626560058752,155.59431295367725
189.1235823469014,133.11537208315738
120.24322661138743,141.12459160609228
105.25670635241201,177.26575677332377
14.980159973099056,193.5581097455565
162.8501916105888,7.434574572780416
186.2150497935183,188.8582912645906
15.734347569328463,8.174176193437845
8.96463581493028,122.74851810958047
14.325794186941485,22.092086249740515
20.220119202994624,192.64179893783194
32.82283943892419,22.176479571344693
183.7167166931822,9.910615843466426
169.3885460946796,54.32527232277636
93.72406122913269,139.46610453344604
182.07470510805638,135.91403651158873
40.779282595593095,184.30778516418874
6.996624034449271,6.613343722862075
111.61582186116436,116.48121552203469
37.43879332181141,86.3155658078398
33.757124525432545,87.0906278988237
31.614797552280315,100.88844348349957
62.55961879443416,175.12727042295418
40.685612400522,146.51898626472993
102.53449282600704,68.72322016668006
34.49108539476831,26.52378602087546
92.09771932984174,189.89872517344284
119.1846885461944,134.5142332545152
14.618268641286825,61.154292969928576
45.000097470555346,172.51092262096518
33.827477689192605,98.47316513573877
13.785415893117827,105.31383789199897
83.53680904382699,128.70390363984208
112.90322690788562,162.15954366721715
39.516717471675754,79.23848604625786
101.78683426714221,13.226895011080009
39.420913376678385,148.4123009666923
89.89465343604653,175.15048324082417
184.48247907434552,179.54984805044606
7.53789399943284,103.29680005288671
12.726302593617653,119.38942466382396
31.81486093406588,108.13562691589183
196.5002992284079,193.2262093647285
152.54857385921653,49.66096750592217
26.555639436208864,110.40950317412567
165.98929415251692,194.05308297090352
39.140024121866794,31.7724981154117
9.822466086918137,58.649190588866645
30.87704653990192,186.96005911943607
177.10747793704692,69.37939692990645
188.0591938371153,8.379952167358372
93.45350625337679,95.39154919036865
11.174125488713743,15.601609672031529
16.51128619191662,184.44453657669413
15.850119480033925,124.7282709234318
39.133896832348185,166.0267303086259
16.754302924168844,119.07891226828885
56.84811917436799,179.40710931528346
183.08662702770673,84.68815132415409
96.58167582400401,17.861839711831205
184.71159112887005,41.424710458751186
108.5357812219212,173.73611528385956
28.17209245029746,110.89509154604139
97.24249997354174,62.156105334377905
40.00261549765921,109.72116320617778
91.70546785988131,141.04694179072158
116.77120087603993,75.04974171583808
22.188768527206985,187.5473129881031
188.43107173124758,56.001912243719445
190.66794346992467,80.25668733332824
26.137991861285307,44.763047514089486
164.41965564779045,185.06504933048475
191.73198322489043,135.76832151779595
60.15791200713337,175.48370741520628
83.9746762372798,119.85830856375075
163.0761853131552,12.243074483233308
167.57796849133007,43.021263449430435
14.75037925920131,34.867093962438695
40.94078697060029,12.663774738043454
186.4677563601502,89.67384470047631
81.14760405840345,57.05000011585423
119.759606326665,172.28766333281655
23.42291268377433,120.26422787220186
27.61362908088516,108.50097119055317
97.27568667152383,93.02152012550629
6.428512580197956,126.15851665803129
167.8619722413574,94.36740214615298
111.93198846647239,69.51957845681315
31.623167265590062,24.216031457891777
109.55704297512297,152.51488435163654
108.18124777277399,196.47289672012107
11.843983639563803,33.9859992860149
24.952327197358407,191.40599257984573
92.17317736365649,124.65220345524769
109.58361140712968,75.29841545473393
107.96082325504175,151.3391638898611
196.10061938943983,76.47733815410125
14.455736252366947,32.39041978343174
82.26651468480976,114.5225404577287
28.54567831530023,187.91092034413217
29.744138627685224,100.89693491465309
193.25717351481617,33.11811682851801
88.15980813804198,16.846256169073236
12.798489248225456,99.76697826598598
180.58913524558176,49.246776391670394
6.555800323953094,19.38621221566648
11.614412569620164,127.6608118187436
90.95590165128384,193.126877476309
181.12616180798818,124.79394269547498
31.014154281168807,97.02663333868716
86.94771137291043,112.73931758893717
87.98668499916475,110.43753824454205
184.09433036780663,132.9129318378611
21.30324606648076,146.4305368831257
132.69850047282884,54.765637777566305
6.789545268237262,155.87989727971467
181.45438139247963,64.34334250114908
11.595473250166371,194.78064758352542
91.39252930526436,23.44778478085873
30.78959812753947,35.21241051160698
124.54786166163139,51.23202434881054
164.20990716713348,58.08649605327789
94.94761411698086,146.53859584492108
188.11897203187988,83.60362189985328
179.75276215608227,84.20137647758304
100.76973701858431,116.9313011009106
20.734127506572143,37.8107968134906
106.10763099848035,68.94095333476608
28.518373416664968,45.773663159282435
106.39278356224783,175.43336021455727
23.33543145061907,7.456924652806524
177.74875840031018,10.897508036856035
194.87613417911135,72.81716843364256
96.80044648216669,58.2849958243984
37.19075613419936,37.607940825544475
91.62013283891343,148.86155910348776
95.3300752683334,9.03957374710148
29.759260122853075,32.23832556629617
115.15617857404665,150.43506940250106
110.71963688341424,68.13240211109466
33.145748856294176,194.10418659829796
189.26710772648445,89.96454475935741
89.58135355951731,161.86915113068844
29.72933734319372,42.828554429362306
186.3532305938464,131.7470319242153
27.89222916141039,101.60156511791698
120.31576852254719,122.19902438062194
35.808986163057675,42.917539083820195
111.48913604265813,188.33613839088707
24.618309347922846,186.63390382733317
162.95060910467947,23.135620769619024
20.63960921854993,38.424311551115615
86.20828221050579,142.92975883988174
99.16417528203186,20.186521693108762
192.88526515690464,89.16366298780423
168.21485264999396,68.80671087539214
98.35414029498874,151.1084854927756
129.56711276242882,46.344635351341125
20.140389597873384,35.92117763739449
25.85935453213618,146.01996730485496
95.54032078679316,83.8271125114384
89.0603746368757,58.30817489522539
92.52753142270574,56.894300320684245
189.0662714247999,129.13204893704682
25.908231783002005,125.47295710701714
86.89396991715985,89.57306280900633
13.48582076953772,111.25508133416665
170.5721235929215,187.92381773232606
93.59016216599282,134.5839026998093
84.74347917370926,85.40995777028661
13.469228959561661,32.76422819230643
172.51513577810775,73.51243656917337
82.65034558097305,140.7582123110448
10.01284625471433,66.7042583790228
98.87436899431295,151.71612334335873
108.22600173834141,187.60031775739793
99.4886966039527,131.30998328602652
117.75967684020533,121.8074888017328
159.57515258156351,47.377947515358954
116.80434951061204,130.5078465247121
98.56814054476122,74.90333289009807
87.24727801419415,177.190884175728
29.382883550711878,40.889998761934706
118.9513266241109,149.67074094442145
195.62412105773276,61.89288232580735
78.52761423696627,181.76867783327435
92.43862409577257,122.85151466858379
169.0308404677987,178.2014033296811
195.15261970933173,186.5108957344446
175.99065865563227,67.3008446822193
81.79255099274286,86.80298049281916
164.30764567866828,98.31129871698369
12.540469110860903,181.71168335434007
35.956137299681814,124.62182517614204
30.48974618295755,104.30966349391312
118.20688042004483,117.09038852683456
33.25882146507717,77.77054382899182
84.2560408289201,100.82537642554145
93.19961607860485,176.2223290890949
23.78849907893594,120.77352489308983
99.44459688241542,61.98182719616157
26.912448278269185,12.52946213073273
187.48289062825572,191.46970861047518
120.91557574211723,161.59373411216023
34.898933104588075,131.89714749536688
97.44049005531565,19.466527614693614
34.74912119723022,12.553323918785779
5.101513686480149,33.90543958083258
69.45026934311345,173.65123989722386
91.50998312043107,150.75426035909314
114.59111159646969,122.42290092269532
90.5716405826988,104.7991048195692
162.13256391815085,17.673042042439082
115.19568840836445,11.239522419826836
162.08217708705698,77.49431970143081
24.450493397243083,24.43285584429203
98.18493778780754,119.384137324834
103.724105381095,120.43009460153573
9.263252131993866,55.765358765482034
6.368929729671809,35.97961869848749
109.74776076000208,191.94093926184237
171.5043881414478,50.86707116033022
168.4068677326261,49.05467456406011
86.50059134777665,64.88818214877202
119.65797919699553,184.3161543335435
87.90446679640974,92.9904546754127
108.11492636249973,175.77879496789384
186.6677390994253,181.1668102294707
136.69268024180454,53.59015959419122
33.82683244868394,123.86319333248697
103.47103863939903,156.45671637928274
188.50137088238483,184.7098130748136
185.97753909242275,78.45856067638118
87.49821741692716,39.61819033764614
192.53698321300615,177.32956901458186
111.6264112963012,196.51666688497087
29.402202527470088,35.651263968705436
162.77587206014041,14.497891430828021
112.6563105889316,63.675233201667034
38.796704834357556,181.71688247403765
89.46447895482983,74.94652544489902
166.5814562223361,68.07434780819261
94.52825879832785,14.760608971056541
92.88039522285358,171.85566406392198
116.08265301982824,140.42410823065774
11.677332588769756,143.08511529219612
114.29745742927548,176.90607536578466
113.42446008142898,144.24263834065033
11.916768434701748,57.34525088974001
117.82528981638329,160.81951040209808
5.385465865046069,12.278707508982201
94.47239751033007,60.12692515207281
89.91938312214847,94.24848447230042
194.34865232685087,84.36036622171619
165.95331464736492,53.89469833554053
29.14281114796089,22.72645127831119
108.26431688184086,65.34015865246252
97.8641982242368,104.264843177744
187.04328918801943,86.82856815398898
104.86372833773653,167.7174304820305
17.01752483673152,114.49704411060321
110.11557783112083,77.10465346246657
115.20857236361492,67.91547324136783
168.04830106428497,91.18368245002357
165.3502265945999,41.44201759832117
29.23086090614044,96.27334311271585
83.75033926959567,115.96160294314178
86.09090135366006,98.28015399098436
41.327511096778295,173.73652803247398
195.04161616496492,157.9037783620339
177.25123455671647,55.92638233532153
90.5991289154699,110.46469808752546
33.869037110646744,132.50972479902418
169.11585560626202,172.14266732972
190.64653162957455,190.35126082373725
26.1949755321956,122.29783150207868
38.16837733504505,131.13601176768304
86.61818172165707,32.634910776066086
8.530467118661075,134.32173811616858
19.861118513158544,21.905640108210314
114.16425908341111,7.730751808640649
192.00350489264528,190.56150955659498
110.6509425724386,163.7502765596633
80.86851588055147,171.0958891844542
118.03419306816193,165.96993576250654
83.48971213239577,63.601611550238566
161.40551047817448,21.268588627040447
196.35654997905797,145.5154729383802
11.929859946766818,37.666353893667264
101.02430025188946,180.52803017804703
15.792375004610967,132.29136143910577
34.691705416931086,96.8183256941194
33.03135614656575,7.692876162289596
178.84869694189845,187.44454429712098
33.97627790597426,13.51297475020872
97.95169158799268,184.36655342907298
120.4707395134599,120.42316936942862
91.78348802414462,177.14063496517497
99.49383548307149,162.56959065935143
27.330398783938524,112.66767869197243
95.65584641165582,65.42822600506364
82.62050596562145,79.89636221831219
185.33186515767628,179.7132608743745
35.01556190790977,28.935799218686448
22.016813143691873,41.068827965239144
86.18854786188058,120.52870853854012
95.7189597366695,153.19026996004985
196.2158346941347,129.69480423014988
39.176494663991676,83.17942663123458
40.440746996004094,44.97254676038958
12.297783533404804,63.916775929758906
94.36689601376555,187.0621772435885
84.92568722214799,175.13104694514746
81.13623897740881,132.02034503617057
28.03324348264045,43.45180102242517
91.38254306033144,173.48227625741944
188.6615390852104,74.80025498951265
98.41758907560586,18.397071290469697
6.12216928624819,154.13643733644318
106.8825883566298,57.84992576311013
196.47132904168947,141.98841001943637
98.50473899995232,82.8416142611459
90.37038958961071,12.750139863984248
89.99850650401791,155.03208853272957
35.25657544985417,11.101805916633474
110.44544507852437,126.8497208208693
110.57194011169385,128.46254293463252
167.35806802370348,10.135374317545857
88.06797282536465,47.07613098955483
83.42445932314567,166.08701729207579
188.6665305013094,8.263703976392923
102.08780843051017,165.50074492990336
91.7449477411337,91.61651074097989
104.24255055898895,174.67620376534188
95.19931571833267,18.764801766991923
168.92232950230417,60.41559770688776
98.21777116703663,178.6932461957022
172.52809790684043,193.35818184333974
107.07615543184397,178.57144807954447
9.630448997648458,44.76809330253894
12.050925535457075,106.245223501543
114.03573627725507,193.72619365836823
167.96308789205278,100.65810627717579
54.034408504152466,175.16393797761387
21.963469675461376,20.850734243796172
161.38513153652775,85.77438439824901
174.1450292904693,42.78248964621295
161.00842898505232,163.64142183794803
192.56779440918575,170.2676729580705
87.40621393368006,66.26042842354876
23.45847861612579,132.32292521324158
24.93092158895072,11.226229200934064
6.162516513639491,155.9930322506089
33.04328634172489,104.10510380857738
17.272749794028883,13.56552697250652
21.435278157229003,25.622348181217543
103.073123017454,178.91509117074435
171.81601498331034,54.76219254711003
25.026581196924738,32.64848954008502
191.55051259883388,8.92718776806021
9.398695944009523,6.617316827790796
109.015012507726,194.41820465050276
172.17404035701793,67.52914729143379
12.659794435555215,106.1697315491499
100.50242508103177,152.05945621646003
89.13683974015697,159.69972139940165
173.88847306912498,57.75290794631544
190.0397375034646,62.213707021026984
106.45540545306075,10.046586404656583
107.17316150036655,135.9851040125305
6.773907411542921,123.53030207967738
93.34866203271214,11.999743182081083
91.56709101145981,168.55187155160183
162.59315630166807,188.62658802658976
114.16399679107543,12.271315284118277
28.54595962599759,143.15617448172884
90.13053666232577,18.949550646649996
180.77040632535133,125.9898168026502
161.3879843969352,22.990120971139895
161.4337969494377,141.561467055617
96.2652109076184,8.5132046107933
9.697522814148014,184.0266865949996
97.90658647068162,138.57482472847929
147.3070272364192,52.459051116533374
116.04525314985018,79.6322023510756
27.1602432397238,114.15587360142895
35.92155281036613,134.9513738345274
21.289838785847472,120.75437039832408
85.38947235238852,183.45540908474683
37.254013956369775,182.42131090076518
11.509920616608731,48.429831628055126
7.457612946590972,22.50280647992258
98.17023698500547,146.71628566550146
39.47655973543107,140.24739153093495
196.6902004747369,131.95359958086743
178.63848040946104,126.88967273637036
20.454704287254224,18.74915570547267
180.33739745619246,169.15672758971598
177.60056848703294,189.47162850259699
111.34460526068035,130.33243636377307
94.47002661131036,94.05348237301021
85.14420655671981,66.68708448448093
117.33217215884096,125.90362412385355
83.3184264657049,58.13035868759641
169.47591723171166,186.60565927060497
186.01719876564965,193.75842839024432
13.061195175991674,30.740805592653548
83.02497048935633,50.44012597587562
9.34194649035943,31.156441740890475
101.47018928041986,171.35030525494372
7.050228468451055,116.14922040625741
178.95887405446936,184.65909684417056
186.82770551901984,63.76580331723399
31.491615440590213,115.73708159599975
17.83128447715294,117.62669877996416
108.62908034111997,19.72552484353447
81.16252090815674,132.37866212924237
164.38217356950824,65.97868398032394
92.56670323247658,165.0862086055366
106.24616376921986,57.68868483077613
161.61587480644553,90.28709686490913
110.22341877568775,132.52067195058362
89.68774450412813,182.5971986429313
96.01818251142576,170.74684113148083
24.680977892843927,33.597931244558175
89.90259553063062,26.35822114476303
170.85266244362307,53.81346902954888
17.18620394720826,23.45940385140036
22.411171431377742,122.95452220663088
16.307939054182846,111.1040561517643
86.44814061856648,109.98242116858157
111.9247483315953,134.31073299300198
104.34884652841112,148.72931683144068
95.88919065216388,56.76679891541528
92.09226898801884,141.2700695476547
86.40699270027207,44.82253538810422
84.88694894460203,30.363141572051692
57.11890146156357,173.04293608906772
97.2309512066548,19.65416130839062
108.90103979936976,22.257192789596267
113.69556284057903,124.1065004295432
12.941819396567116,147.114969417665
162.56813935564637,70.29718975409298
112.35477996604371,162.86514336886063
118.92705490552818,159.61044604830465
89.87719513319381,173.1745423945802
9.131865084198713,137.08675932080317
25.250676015669967,32.034848018497975
82.16401937750595,11.19828287951465
189.3197643328166,137.82813995311923
36.078056626620516,98.1870245610379
40.73076981015546,172.77322967955138
91.64565781092443,27.881744539416857
13.692995581349926,137.58231787720536
66.7899118005389,177.282372612588
101.47323316742852,67.59218545654052
164.89695869043499,80.67132327968848
21.34786406283782,47.1848440535432
112.60435666022578,22.692245863530996
38.86987134034269,8.90455808208241
107.92436576083364,151.94106891199806
5.154619278081281,28.92358666608357
19.147697467921265,129.32737957114875
182.2511317522151,9.125812520866427
88.03863365050954,133.7105832400517
8.291139878262516,29.753545401562764
105.66984778156137,115.47055666138326
31.568226782175493,136.8645617186422
167.45903114027888,178.63079711550202
29.069896435879723,40.734134338091536
189.15253987208553,134.21462457162295
83.75841611008295,26.90766882509863
25.812706434205076,110.65279090346688
163.93025704242334,94.68129541316559
161.25255854503786,100.72450746628712
101.63916695442833,133.85909930396673
190.67398030693678,73.18966619856798
25.65323804819239,187.03136153718808
20.76366758290175,124.66449970446921
21.039848936641786,108.19573127334198
119.54074143600565,21.95005147176007
14.106661880990014,110.1777646591451
161.19031139150928,152.98932782154742
92.00312077889265,152.02288787406493
107.04160414483732,161.36493969110225
194.98662728138208,32.37089796194109
87.43450831649443,164.74542716782756
10.0,25.0
180.0,180.0