163.9298726902536,51.61745682442195
190.43379690967544,23.003240602626622
186.80661859585845,22.783659910910032
108.9969776135156,177.7326372004717
154.70919687327134,92.79669721998994
161.62539094262905,97.59368856637762
6.948978832040267,185.88721440076668
115.05607121000602,108.43920041912678
21.777271982709728,68.37215660651606
146.67288759693133,182.38326045307593
168.05697701920968,35.03548376084276
44.491940698157556,126.87751871631137
166.42203270853605,42.08944396822191
46.290206097537954,122.03924857248772
134.66930368748288,63.64490825208581
29.710107668887062,171.81764928991245
31.870505625308496,90.72045071640378
6.49760158057582,10.875880076103199
61.50379531330184,22.338197660455233
40.93943314749922,133.23700745899865
77.80906061024265,176.16604135353805
140.33305787263893,184.26554756696768
30.585189033797015,32.38321301499352
127.85375503361212,15.232994341018603
111.566969185867,144.7356653723438
164.51431476662856,170.91812088152398
32.86112614969444,138.47065268547632
8.206599696828548,11.484142741669348
92.14198746016562,168.29622590743233
18.419303657049102,171.56071407645524
69.48127192160331,170.63406842916493
147.32721995119095,7.268829420487834
134.62907056412925,153.81888376267742
33.906617633287645,105.01639910777835
166.96589517589362,46.49293363448119
133.8884294792915,39.40550849508939
137.69918109815706,78.97658711533657
132.02121466263898,51.939532567541285
142.6915076435824,191.7287822843519
26.996666641751794,178.17692298575136
175.5980859331364,53.42889151626453
61.259766005345234,40.19974324186326
190.49310381686735,143.91562050495205
13.549264395385304,181.87787909398924
109.87503860557551,185.97837607595434
54.71292124577478,31.40262906027811
94.42762769450788,146.38969415872694
26.22919590697743,35.379905538832126
103.91263045752262,37.879260265971325
57.648524808016916,177.39492477625305
46.80700493483221,194.57547166703313
26.773527843678924,71.50494617226067
124.49189065422865,30.75439515308372
45.493220712471384,82.39269811143743
67.89999002034061,120.15982261098166
120.16563666614361,22.98795068366649
18.324010212003238,167.69106645575928
42.110910458006984,14.207307980583229
104.14465644460782,171.8178734423777
22.945397127220026,73.0456907820335
146.50316870295816,168.62271013574588
146.96018994553597,144.61783824718376
111.92639020692125,16.232873441831707
170.3796785724743,164.44230905086755
144.80297399341694,39.236885247743
164.108179019351,179.91298564653886
174.79632676430992,37.43678389159616
22.840647546959957,85.58396781037963
35.27471018151943,23.462521751838064
118.26209044747347,23.84436899727423
116.60646100049257,34.52107195634837
167.49392181899384,163.24920580172426
139.88638270684712,36.77658859130102
113.50860956767166,53.150490866317234
21.716209705057047,88.53256681766628
91.33180541054068,71.65366652323398
96.6632494086497,23.20935911514089
176.37136702288754,97.45192527304427
12.126490295045466,46.1515686906404
74.72170624952791,159.0991343062724
79.72820509731241,193.76939679180504
58.800184379234096,78.68990246476194
95.7676436210512,154.4476140436102
30.210953845273046,171.46307743224557
196.20734926787523,22.36084995833354
24.857564009983648,109.2952834586321
113.32092264725867,170.57313847428742
77.0139772424708,165.3154427962699
100.31511125890508,111.62464356821431
179.5662739519937,109.6647827462672
48.95995488869067,127.40263623586631
103.62850859423462,145.03250935029686
18.867548930954403,64.38995696261163
177.37248299549722,94.09628625048059
63.27101800140442,101.84412491599946
37.52710812448723,57.64551559527022
134.92839260428536,102.98566670381727
26.600171247142335,127.78865325535267
5.109863505389592,66.01668000225148
98.01077297102567,37.82679069808986
52.16152602874311,128.6389651325366
168.67665471418033,35.00076313980786
187.02025389790543,146.770888205792
28.288950802860644,127.49929575642919
168.0308507904393,87.3318579818775
154.43120456889352,177.18928484320756
109.41428240497204,151.1930625882962
189.84095897901136,137.13298526066174
58.61283073324401,94.31543924564741
49.25638028675169,125.5356477308289
56.00292786379073,72.8273828953176
112.41242370827312,90.34016393353879
31.049969931054818,63.28413945601542
27.065053795093828,165.63523352081438
99.78485742660183,82.64796062986524
23.50358913621538,75.24251777252424
132.96288304964207,151.74000743944228
26.025252428061222,69.85486392726742
186.00781405296047,12.62329752199832
131.9636941171076,139.4076821970343
55.13951088766848,93.86816242946895
28.660862495124032,123.31339036892346
52.373096575247345,138.21864337391827
172.5640801253036,177.10001229972787
164.3023790804996,174.21687889738976
151.7108450592399,28.13902971622245
103.66114502721842,149.22049963834206
112.33862277227924,30.654398971427295
184.94679527752587,179.7607409781142
52.91267416699395,108.13858470387282
134.31905226831415,72.84495437420657
108.81793803192132,128.34083740569372
167.7602079986941,35.812974890326224
39.32163703625731,38.33505496079657
44.598702603895276,67.45121227576773
137.42323561934532,28.257809327630703
63.61358336897383,85.73571471843107
173.36731779625507,164.67246818100978
87.16778536962818,189.61635953261984
37.50420928605771,135.89650717377262
68.43409814875493,183.68656902186282
39.54029631325613,78.18300577673192
99.23032691831821,124.30123796258337
132.04907184123456,183.63374228502914
190.14589439827603,134.83449619219402
160.74890833816872,104.77479202724965
138.98986453127162,152.5023963154316
15.480911757581508,186.99395247189088
150.19335143386493,78.07454965174996
134.50032934335053,138.25959359355417
53.012713624761446,29.96873457015348
164.21894482325223,5.974466008347995
39.523245904786776,33.44221523738627
55.43607744543781,76.70066514822248
66.3390179631174,74.78484694473556
5.689930937838737,175.53797302458983
33.86401158921645,76.49875593935474
85.80380444277867,168.28234991225742
168.53339965568287,5.49961897737126
50.49837106820638,36.956215423911914
20.881565115679372,177.37073977383287
196.09371143793382,41.217576629192386
104.74869403431313,164.7110443970887
58.61805497551325,59.30704545003089
185.1208810056996,196.38908740063218
46.15441220311252,55.564800928963336
21.986831007200443,100.81596303521825
90.40764769900576,60.70677220482589
56.306498285340425,108.73568452260015
38.918602441984,8.347747058549178
176.89682628557586,91.32927672191462
47.55896729018967,94.77037337390674
54.711095844632666,170.38100557917227
179.2622437554946,136.04505368464643
104.9676908370256,24.490179393012763
66.86467354436103,163.62991869507889
155.88600117911272,172.85997971454617
142.56859877207972,26.83237435676587
33.03793778509277,175.51801712182797
21.405365820479304,80.30198778578752
42.13503109031928,119.15669589820777
57.506068543995866,163.89868786932038
34.65002615873373,33.05742500870358
147.65598171816632,191.45361721337306
104.93808190121449,14.52947030103536
86.00015241122183,150.64697982193638
183.348336481371,155.59501314924452
69.58508532654223,25.314463412504693
23.976272724534194,131.410586803381
6.6582549269807245,182.3406829428623
171.43076755797128,66.0405784451955
140.04241655695103,66.32079204610723
79.94207149230671,26.717242577229804
116.37810958524682,8.316104898133851
103.70610743502465,123.30518192846034
31.851041781985042,14.924822774586708
194.07883347939728,148.59692667574032
167.61590932463326,170.9006497979503
166.6850366383516,86.97216966774025
62.60429922644645,77.24861839417025
75.03550697548835,42.87946411777455
117.81016325755871,40.16417452559688
8.35447228605068,69.96330791608835
115.29387285092776,183.2489918614138
23.708014175215826,34.795416275232974
156.10310359108948,53.66881489164654
83.5822423666215,73.87182461393407
183.17753149968985,163.69466105715352
156.84329782987592,165.42136694047088
146.74978677365374,95.21067822223867
102.87965576533406,165.75323207742295
80.39401728035564,33.35329299348353
176.21989717471865,38.110414470444155
109.64796737578504,59.54480678113524
156.60173964882046,138.76691112957766
67.69258594986212,58.82726459171897
66.0685228943224,161.2508989598277
116.09957404136242,25.200219604253828
43.1953727728713,159.08550897585963
68.25576675236343,142.24511992089703
147.00827761518622,68.21832570889096
140.53599286945936,10.694573667104489
128.03605702455692,31.858609177246695
167.0517071198092,183.15779565782273
142.27929510638074,185.24664647129316
112.36305751536058,52.73229411620634
58.33884352195289,12.801630098135337
160.34598429298117,75.90970167448073
99.4795119019986,20.636537214248918
86.43884984404043,193.59996477959015
93.68066205522497,53.983732898533965
56.98242730155653,107.67848830824181
178.24159484994175,133.46151587336595
140.87226802709395,57.56820805127126
125.81220079515693,25.88478155833899
19.756293388830855,59.03566506066764
40.88289040786402,108.48227428092231
40.366087701222874,90.49323590554367
115.50083397653053,186.01793529000165
38.96493867502506,77.34628026993704
118.3125662354577,29.52783295535759
101.64438311129975,16.581584926674292
22.77244198435402,113.94525888220863
41.93243754240435,27.220529703567177
182.92523212915245,37.99145876246393
59.56158777024098,184.01826621858112
71.74369075544311,165.8661032076042
106.19572809684607,62.01241153625541
52.398790314310766,102.06167435057807
52.88463808460797,80.41694650031158
62.40097721918942,187.05406424550262
190.82471712969271,141.06519548376423
20.890727462732197,116.97610755531284
113.79320578783008,5.074501796232692
66.84292741008304,48.41778067243907
151.0922476015297,181.73150203421773
175.71317435136612,58.966388696732665
58.44859957396332,139.72981422618628
94.30700279834282,155.91757051029313
98.52970151411691,140.1285056482924
179.34833072550637,146.81771430800512
64.15720308477775,9.147130432452679
22.10615251852354,114.62872693796281
189.41652312544457,130.09614412593604
38.054115068517405,59.20283753016072
140.2861144211664,180.82234292544442
59.336524411948986,64.43716097456374
89.40287820893573,152.57033543689198
161.24291786375204,62.02498930484074
152.5605361261812,136.20645840370614
186.95490175604664,32.99737291956277
54.76963977256233,189.38394322396246
161.8165587614069,110.34770434247532
194.629262610269,134.05428120698173
139.66525054478763,13.312621515859146
115.54503724719292,129.03958591086075
162.2405965283422,50.833321039837536
66.68942577539308,191.35776407316249
72.72699611213736,185.84181257444007
178.79243617122177,24.999517350310057
36.303520045689616,28.37159276571556
145.24550943398157,14.065666938497582
168.35625823055057,194.94041435801716
60.938779671228474,95.13481025789838
168.3296431780139,84.49504092897872
140.70394941843364,169.09434691393042
141.96326638151731,39.63077817329214
99.16905225894133,53.90220573150874
78.42932130412352,7.9418802094878185
28.06850425858134,129.2457948502723
133.87687104901508,71.7840500573805
114.89980261955608,115.78052490168234
45.33810143247128,37.48194949387963
134.94160719676796,77.9531196113946
149.3931497939272,27.72067732762007
57.844077377632395,55.49859564005314
178.75445576279603,60.747111775099135
182.442722964178,160.5955628963156
142.2804248935636,176.15517314355824
85.5852399193099,35.117749543794794
54.27678764683584,126.77401224828716
62.95326355879696,5.420847734244556
60.46984431207833,190.02223496196402
99.72774253868467,91.39708009705369
88.39026684179333,28.852450289196643
106.73931147653227,85.41373308739104
38.0635042742863,61.55615026345356
52.56363402715447,35.10955115436079
104.41534541636189,172.23907695826898
62.377424900879774,24.92780486308927
59.29019218424773,125.60683889556253
59.20847642054886,89.12130541439427
25.423561573598565,55.5392296925613
66.24868548658236,114.58000862383938
21.399532382494897,46.15608138461106
135.67388547214952,134.67044637499063
147.63081095988778,57.62406825516892
62.122501090681524,69.14895027316769
130.43092400483204,16.063281423840493
159.93990268511547,194.44423458826998
28.56051015736606,17.271608359618504
153.26573774378187,32.1567716019206
180.9272079135391,112.06184806948536
62.491964616756725,87.51390401503767
145.25402875701909,36.88302424747021
60.58757750897994,53.390652530482946
55.751341786366126,17.072574518407833
89.83852186986084,62.25551241379557
46.6269080090867,82.36176076826301
77.65505899013496,161.17530157258767
173.0875568164051,59.738100370586366
62.89136847947664,50.285796717480984
109.4789863693703,182.86860324038884
104.76481949711001,29.726262807324048
139.6246567705212,90.39955191561077
183.25721125086707,24.187971128576766
35.449851048642444,136.26629000241263
154.80585545759584,23.89731922930335
146.86570222772758,100.43287967448806
55.02748835406743,182.81872934588563
150.45394268635346,105.03046688025337
169.9303369035479,145.7316172330785
147.35746756896808,33.5147388114905
96.32034924492507,132.79647150309347
169.5425178213116,136.5489146116617
108.30633741211247,86.46187831015719
79.38078616964705,67.99027540412608
158.706464106116,168.01853469822262
67.6439748098945,74.60152919124334
25.012506510783723,95.42587133209113
104.49147199699526,166.91495276877717
34.93459917262637,116.00173850961262
171.10571178173734,154.6290988966026
88.00597414778889,190.06077382848162
76.83724321738794,61.71585914204427
51.29176979406332,184.4824767473358
96.02511473371621,53.53070411576303
130.04529382754225,42.336076971772385
66.00245839875556,196.08732555538222
57.02964809984377,134.58857973526688
149.27067365464598,141.49838649167998
101.21666295382929,23.986735580013345
22.596338106070316,85.1042428123823
172.42149580754955,41.379461934387315
90.7210494743142,125.19629860036132
6.4785025342818665,28.96358801921205
124.90817411824115,6.243369496332971
52.6801302703032,162.39675071588235
22.07497969550771,170.44802335031306
167.57641855145852,67.86519268560295
5.501919745394778,57.791077053889076
11.793025772615437,161.54797770055464
126.05495488215827,41.464795294005846
77.3015479570853,48.579780944167354
10.96893099665659,170.93567280156174
24.819047750998404,180.41408994500367
21.25588048958369,174.07445602548887
168.53995710360726,25.12772621321656
35.38203217336025,70.18521623343442
45.936738248543655,112.26817871267826
144.99962594494966,182.68105707194368
131.59974882721585,91.19514021221214
134.81091106327372,58.354981585974635
124.19789499981192,24.23964739546989
172.36798373971806,191.30337596617503
184.48337700960167,18.434506898216235
78.96189987153771,170.49389197340983
38.57362778158761,98.1087803553834
170.73387103354997,166.99428711341486
15.142382354893975,163.86540426942994
95.73477111140383,25.678662475772406
60.42252091587413,177.16418419315562
96.28512421059449,81.27839176328906
191.14891946857884,12.83432323324534
63.877839344519806,162.81505309972536
173.6618829673537,39.730258290972955
32.96226269568993,175.34947704860508
185.23390186548966,146.45870095104547
67.50954057013396,138.93590995433988
44.02631579468742,22.204828835747833
142.46488434303728,79.35999122975016
56.91582644613838,159.62258388199407
39.44114725942667,192.63137830385128
35.6554753130686,27.007044583818946
185.50643041230268,39.30201071955119
147.36958356871767,86.25050027694624
175.9296122089118,140.65269887450955
151.13495490935347,189.42797710165158
63.27931510646405,23.508999734832646
11.601913503978635,8.415310580602469
56.91319110022884,10.845988062453092
154.81933857007428,67.72089528300289
67.58992087923681,95.6332951483303
105.91717862902163,117.68253979667196
29.20865146719639,121.71312019595392
87.32361998656047,51.81894453698973
96.06032357412192,6.467849253298823
110.59967109083355,27.013346288347368
179.69971579035953,27.46358894464589
94.07466704440937,15.984556335845468
48.680672488799615,94.66114418441623
108.46966015138214,47.658080804472675
107.39462892781215,49.01759392065157
54.0549418855536,87.92854652112982
173.41422869845272,104.13151600061259
14.22646117560507,41.33331235277552
169.59140954061613,64.96962087394368
193.32933086512605,35.579264256521995
95.32341144719365,34.31600689172824
50.32411222823663,186.95375597116023
115.90026452704267,164.94580402792923
45.89992628532349,39.59890963345369
134.88102014049164,180.53922914467287
147.69632604885882,137.4578064348414
172.97956873375952,11.302114245654955
65.00785850321213,191.45326325706452
27.46819802836988,132.29670141899138
54.04109826353938,55.41539647483473
194.52649339117065,175.0787179095611
132.9807993065095,85.28510048084922
113.80544115078577,36.927331064855274
140.55047636761793,91.52347772422468
155.80967974462015,132.45794767390905
154.93427447782292,27.698575161979868
65.12701440972461,16.452228681396313
135.18061699352597,101.48184096793656
28.51006968275813,116.16914824626592
154.7061776608937,158.27885113220654
83.45985399742102,10.431579762568438
134.67645051913925,134.44261735117212
34.29959429620057,97.19768732238299
107.19321090870612,90.10644026272361
112.94837444848051,51.67840268850425
83.4417309179085,186.56132717995277
66.69589055642223,62.50503755441189
165.18156584080674,69.55954867902076
28.547255331665177,127.9543092084343
99.99804767025317,185.55214354349152
48.035904042683775,136.88971423433037
47.26750126255799,171.67239491566656
132.58277124192406,195.58927429739506
97.3400300068159,145.22141858777337
176.87868376372933,136.98059321832034
90.02196458303303,49.71929170943556
144.8438039546065,107.62620746084826
55.18278182565831,126.28356327948433
31.289169034590387,131.21143256481054
56.732678475831435,52.6465670172653
36.18353449262209,118.43172757846637
176.58856549294924,7.282610319400389
43.75680350889569,36.08681512991745
10.459886244189969,55.94878123714273
140.7909695601729,40.639956542401414
78.90172307467196,16.256843990556717
23.590924108996532,122.04419572302882
184.02637194726154,185.3262341618818
96.75557560792765,114.06753740919986
181.78381493918468,24.428817423269628
132.319896591185,176.55847932814788
98.15397061184304,170.19124451473613
120.7389955456785,26.80785013441039
53.687732324256565,132.99384914197134
58.48637514258169,64.30125311374775
20.43410125915727,103.55081063697436
14.86814176741261,70.14366964173547
43.59626002993598,163.3642796619552
17.73625503496985,28.981935730130083
89.15990768617219,71.03598786878256
108.88494858267674,115.6927372249896
53.27273242447742,41.24557406978976
94.25220578086187,180.9015742418769
156.9216863492189,103.97921673964933
81.05783226210941,26.951715936378005
162.4586280271306,45.0721529343991
146.44861963376493,145.45473512493368
43.85718236905328,10.256075518259161
58.53447284712351,56.36144896737892
157.51147080202904,98.06903970640116
62.33659133359581,194.26873193084575
121.81840444054849,41.507761627100685
63.70506444258256,123.91747533046923
163.13414703327467,104.02460947650779
34.39428180245292,121.9990328879306
48.98234322677267,167.7648017166242
136.79512665626743,63.51661170913882
141.75697417479705,11.611556904353387
60.68160704946297,121.76884972404957
46.21211923411169,175.16163783650708
185.88864465198628,12.079159403885793
12.827241506301133,16.524649115495194
15.841886662336803,166.71951217809885
43.9459118744203,183.48924890714375
158.20059976961468,55.817284743180466
46.550468698915275,42.574345275289886
41.89942932758238,116.56641137613391
177.13113741905426,150.5346991668281
120.0145208110317,16.533731844169665
131.4995594356714,38.37595441854163
93.85274816443516,18.89042908989858
114.36267302200129,181.06540227816075
26.818480295608502,40.093553633024996
105.73359827962642,187.5743584132742
49.21235191078272,112.38676017581808
80.00406381675607,26.285042837316873
131.0628379835932,142.82236398603465
153.55482190793003,76.28635900189457
131.98074894348076,191.77245388502587
105.96232604573869,122.65290238085807
47.333176057517505,188.81210982638487
146.44081004407818,143.83441261279708
152.93993034997354,32.28570372322939
36.52153380028214,84.43750300490696
69.9389985224744,60.33033460120411
169.12181426995477,195.93392697109607
55.33125630627115,168.35939394611717
159.55060846058274,42.524174954851446
160.78798205512655,26.7528820128192
144.19435141747437,90.5870757237303
70.14355116035502,53.12794982717355
46.25692374095603,131.6337790911953
63.43314275965912,25.089319595335155
22.078155224995218,94.04156275666168
192.59983420946978,15.461313162242327
191.0614167530121,164.70020927836885
134.31625921280244,193.22606966881008
148.2464313930844,192.43866514854793
93.66469571658436,187.54210531145165
61.98533674316577,132.74803075646616
26.93125694925174,48.46513991919707
139.6389875102997,60.77864996131013
143.65918604594165,162.2980545239554
152.25258038941783,178.03822016761106
79.79488440007728,22.80303273837544
46.38793443355492,188.8026246678143
161.0647469302092,102.76052301197596
62.063088061927516,103.6343691902391
77.27947488077982,159.50848381432712
34.67920162201741,142.06060156409492
100.71253074847662,47.31488169858634
193.9223366686154,188.33458342905794
32.55635108952279,121.61173071321672
178.04972409825822,140.12584264105368
152.265434508699,192.562457692841
140.67558861618983,154.1428720254399
133.53664561406538,177.5830538581041
29.836662416738893,110.81154927962636
185.78545082992264,152.37801107810637
91.47646365935863,24.82739448277668
137.11842422493413,41.143758168040215
105.09014014680885,55.05226631254867
102.22851926041795,80.41309366520564
93.65371510177066,133.17168151738517
51.400318371805824,130.35029826302588
108.73255012818802,35.17717637032429
168.22178077627626,165.2121384544476
97.77916801310647,75.772889769478
162.83056358828063,168.7387692884133
22.21163074292993,69.7193994734639
100.22971370923345,120.66753130158504
152.27084888032323,190.7400395370297
49.83985326962277,47.14691259686254
63.01294534715516,65.02859247667911
86.78219943742016,128.76826763074263
86.0301076013101,30.80900888875776
88.63186935206738,186.88808229468248
191.26100186809182,135.2337433549418
169.45833636301862,29.54249355267653
87.7291698701423,162.6780552690238
156.72262697209922,93.49577495422929
50.71271819500552,97.68284122846417
66.80451054132857,23.36809477904742
25.08646404385403,30.729496965406227
74.56093443607836,70.16575182876866
51.312736017190794,187.58737484106197
160.87506013506325,28.30666775817511
82.46045744983574,25.582299029981392
159.78440319846987,128.43335158078096
88.84749067434608,111.33664950723195
52.19383890169099,100.248888504204
159.52601531246495,145.84017159930198
17.282910737914435,40.18939745495121
49.170684098072044,168.05469104361825
131.7905223185372,13.438993292054125
161.04556810297254,109.52087336752
67.5442420190803,80.86486579739802
105.26978886309281,78.33700758365738
133.45065060216206,106.02650770586794
192.03393843429134,10.885756376593154
170.1020474545024,132.41808534728258
139.0736911508768,193.24145554021746
133.4256054314189,191.3392183908742
9.253101247746802,67.9826635869119
50.21633869933918,126.50173022765351
131.6402649413104,156.0417489107692
138.04686657390513,134.43284269851492
139.32761368975443,34.86511821443733
20.201995852200294,22.207488075183758
65.62222827223087,20.235343056053445
111.9462108672969,154.17010008215965
47.38968568670842,195.8373538111189
49.25287457219799,12.156254618498142
36.10719324616539,36.972744838964026
166.00867503850688,46.12720840210358
141.3040267077571,144.9185649301858
56.813823534996594,127.22689321011914
29.447010363603336,189.8693874365397
72.56478299132998,174.0469839330965
133.93116913779173,136.13949407669125
39.649142916632925,165.63145235921735
34.9401953489348,178.61879589663943
22.88968579552817,188.69744539084664
99.7157100683733,177.6063463252332
92.7056527483339,172.4929369980334
37.13715299380371,27.942907725652237
137.31916307973808,147.71456487622694
143.74354050781022,77.79088983475785
171.15815776665207,45.27041583518011
30.11010669887299,106.0628528104917
85.1266545223854,13.237747440074493
112.67527019224865,45.324405587198115
176.07363659156027,52.24024065518006
87.25438077485873,126.60082733273768
137.26918148845306,194.66432131698016
141.3899152638284,57.979480459580266
62.38098417333749,112.19544738642058
142.46978375184082,176.64795974496195
134.26797112544708,31.123078616600516
146.66438624263031,48.081115163013074
189.04913174599375,16.82443218167037
90.19613873283551,169.00668203918352
93.85371791168265,164.71775383923642
157.83010075386989,183.77324242372424
135.921988192436,111.30671624844862
134.26021791618552,7.12746803223933
97.36958862167313,156.96042564586494
21.12601803292256,133.9908417003229
183.88528451729258,170.28690674336002
28.962547424672245,59.62257478873326
125.65590204081639,33.30402441595342
103.04252926748843,91.96323144272527
190.9130665813756,160.36978909853215
59.73672074149733,38.48878225245402
109.39108759286202,45.555858086960775
140.72870888460105,155.06391913762894
163.27168994017077,85.10667597687338
115.25726656448794,69.34313578499545
68.35041771326688,105.92899985554567
86.17076789000954,192.56517392748313
148.5437664139503,48.78699848210272
138.47697582623863,97.04943993409378
145.58555164080906,110.50267908210688
109.17718342637497,170.79475634896474
40.07814745192336,136.767225827449
141.66791408615666,188.97897304601827
166.70194036857424,184.52621983351224
33.33767220928288,39.43106304809561
37.771472131506755,17.912542505989634
50.504858350298576,82.71876736101622
67.13544407661091,81.2183135752552
37.01513753465638,20.191007822112507
16.828042465278443,43.4405094602662
37.10882568945872,116.73724104715224
86.61448636285577,135.29229037941403
160.46303489344146,52.59337604072911
190.87046344161917,193.15595068210095
104.26416311281122,160.8324939288777
35.03179203794392,25.883221858961132
106.10690607410996,68.91814101746748
28.927766859011243,142.85455454153544
81.16331495812302,195.16397547094076
41.53068193315652,134.60024352846042
94.53919584964747,117.50814597543881
194.59487672026535,8.1264404667786
23.18913564896639,159.37563327468257
174.95296966426747,8.903964640802776
170.1989609294325,10.26338436200474
153.42621320449112,53.25196138517123
63.72460185223926,140.00004550785945
54.5809240140174,79.6622083615754
43.908708159084696,86.07121032838222
106.89181250027957,54.896708493196286
21.803811800425905,104.0226922789126
44.920949602753694,18.838788604718964
38.92695299083395,8.101859403130973
177.71279392902693,44.502415760548715
133.83137273620804,16.663567080532356
148.83663429348195,170.3465362847175
150.12783905910925,15.411645980618006
30.672662878623555,39.97367571904118
146.40631640947169,37.44552549926271
133.64364930530027,88.25795014117591
85.1132239841825,126.85702130391675
186.1141467523345,25.594519756739686
133.81270793324381,16.198503957280987
147.1144778719108,68.82270493425692
78.99623102964762,51.60675230111335
138.9343548550584,92.73892476346272
65.07589548251312,96.14578267388035
164.0640076094801,56.1413297548236
90.83589296346838,164.58156699565433
153.37574330641,140.71997958664568
108.93024420272847,16.057895563294924
88.94293884358467,63.43378900108742
165.67690309414095,39.915759669546425
18.14886490394038,58.27829456367532
164.6941998549162,30.8852594436051
61.62744433973622,66.19990248802712
171.16202812048894,178.41987421120132
94.16358839192456,68.70652400922931
152.46241964895776,187.13988746297525
34.283250776417084,40.402526323482626
113.56471081286415,38.80952100264014
22.17449258251717,126.95096040617103
20.39242687773713,184.20571738569274
108.39518073261898,188.46517358756378
113.69939507660492,10.173195678971668
21.81170187205498,123.9612300064168
34.624906514258285,139.0775576240452
58.93351478990513,18.814802609022262
62.279821845076725,31.22083157791556
152.63550120325215,173.60556525287012
60.03468409363385,104.49814570318595
41.22022773692336,126.13746763796239
32.74308215640867,48.29604264758676
146.9630689980397,184.0650378564949
34.92885333859741,108.18172201092653
143.2453764510767,61.40821982213397
41.02067470681553,92.99067040702958
172.11334400851118,152.56893259299522
110.9524237498448,49.953094559923976
51.74892650995157,55.370276539550424
184.02807347189204,171.77277653490046
55.88797741371555,142.45491376842133
32.35953470373751,137.0546940176972
55.848113966789725,41.369687170506744
63.3585602489149,180.99969532860433
75.73085660529513,49.85869452060731
76.28567125058512,18.910046496839396
45.64486052925756,96.2066076982335
24.412059084559452,17.773659781539056
98.96632599853088,134.823275610486
142.30887333895265,60.774668881949545
52.20395307006166,42.93434811360754
55.03634693504058,64.09402359983467
62.34664851123225,194.7061128735239
38.2755497491788,166.52793578555352
147.73325565082052,48.71056916586649
160.3893673974638,141.95672282325515
137.06815214691966,174.66687890714982
94.16001258368942,15.01636331019053
182.1671748814858,131.4305755504872
149.94805590784048,94.36879249575063
151.79293988101963,20.112875500032914
145.9432431536874,47.71598647386614
84.6081183839643,160.74354767233234
39.31818472367124,12.629158938315092
174.90025586076663,48.6763447508194
19.748842106518946,26.25605063520454
69.08666097330656,178.4314114417374
159.01313104716078,55.54393982953422
24.3875305900393,115.23700400450397
71.58068286412474,187.9784858474518
177.91822970387156,94.45713512706095
117.94560390617296,32.63399193265914
181.30664223197095,162.81822466853185
94.2913331780624,129.45467529224555
142.0981984421696,52.20691619860259
132.62976082285132,60.929763525670964
115.90156998188529,89.91893744710472
62.408468813307735,113.95244008847502
69.75748093748598,20.70625922110114
172.88225092580777,54.62298485389337
164.19848251797123,155.0218747102875
90.3989847192927,152.65180696581677
161.47528702846915,82.54653070661422
67.1387601951901,13.864703100163034
88.78588581441194,28.178884234464014
135.2098328379612,195.69790537163342
64.50704129595556,31.640331196909877
151.6982471568279,67.9821888033013
150.9554003719797,156.9830630335879
151.86767086569955,24.930682100991316
161.76638171861373,23.572909580865492
128.72286273336022,21.318557591330073
139.07270758374605,182.95441808211964
157.99529519374133,196.70575649889403
177.83670676586968,32.92466682572732
30.396892350991003,179.60241198122011
82.26272348189302,183.90114616253882
66.39462262615457,186.7488549602979
95.65798102576727,14.566795382352732
176.91422387516576,110.72484955058891
69.3418160805617,25.060430491401018
81.81303319838685,64.5445011948329
23.71576432696121,42.87968818095444
44.54044022333605,30.811138194895154
146.22021664149707,157.74791108431734
53.31648954831884,62.486646252192834
182.09691851744694,32.0407323629342
49.684282269735114,60.41558088656178
185.53761692796044,172.56457287288748
66.1011767805336,51.29335164751741
111.59711418954863,56.81807926001731
180.49172648714568,75.96584946055613
162.16602241529506,98.41359570976573
98.93439274168045,76.40092625263739
131.69856713026394,94.82593760694017
170.18898169797328,81.37487786054896
153.1052068241428,180.73683579214773
107.91693822401726,7.942672374735372
89.7200166255097,191.25670071051582
114.69579730091446,190.80570613368823
104.51104838193626,54.91537981755524
24.023029105474997,125.33330362035291
21.97703634906406,41.15364335121071
91.9919238649805,177.225286655106
147.14368878161972,179.45032105684908
155.71523215764887,94.20793292711956
21.954271253018387,9.501043344814448
50.448209139400824,192.95494035593862
133.80239078596438,96.39989845456658
174.89687184292018,57.62506869930891
41.50108717669994,94.31425658166273
38.06060612312513,133.35936926432444
120.59923127380283,24.614311670850178
31.828230375349424,174.30075389056296
6.446870135577427,176.89136503437123
91.70136885603493,69.38147069182862
41.87425199363547,11.7105936870405
184.67296266574462,129.77724007365876
161.81027603331364,170.74918558252463
159.3932336237589,180.1691575057168
100.3891672756888,17.246438127344632
99.04508140653198,64.44797429934903
29.98973211480691,33.836766713543994
40.35277118670136,34.13652975319545
111.0027072127048,83.61803212949508
37.139048873030866,111.22545482325745
166.46748666347895,112.36225741830403
84.9978270238496,147.21682196832785
109.95677031231492,74.07721211957619
33.71741384162782,134.44379634248048
60.78737194414615,67.25304054394644
135.8856768814705,139.71119442876574
159.01745698393026,151.0243399831785
24.30203897645671,123.2749204146756
90.12909742910026,162.3517588597949
65.34596947256124,184.14790057566205
67.40547192493104,91.45788515212999
154.0534321117092,49.688148210407476
15.488821273063028,180.76159106073592
162.62701411183494,27.434233856012533
175.1022568161387,107.82807934380283
98.76796455498734,34.85997021274366
89.97860485709637,129.1919860262278
63.68143714861547,70.56675518621263
75.53467161004141,45.54884434693513
33.04494275099037,66.27785174436137
164.19961511160858,14.03009523548268
45.94365036512613,70.84084355787263
183.24768232298837,24.74866289210872
132.6838304858575,33.17444327720083
177.12606828298013,96.51488422643227
104.5334513985942,35.33852631551816
175.62072789740125,29.68683865448469
160.4743720594605,30.772210644457715
74.1729206689867,13.921809722216729
56.00958105891825,102.30347671731651
47.33510337245792,194.36947427193653
36.9127520222197,114.93924677408857
57.78066649285492,121.75158105155907
47.37707266562476,33.83932400563062
78.36712031649107,159.66758869711123
66.61796349586717,84.14450265409933
22.901432235635152,74.72711306289175
13.687024488606589,47.50208032708482
168.950876651344,16.172961331957612
36.66182450855161,101.42228718875755
151.7842677597333,81.75819193281649
81.37391819834426,163.92082974752174
179.33965120077877,53.01874223687869
133.99746132285048,14.304562662956453
145.91385132148676,58.3290743658066
104.8568027269246,161.31583580976482
45.97907737834792,195.47357136856527
44.0885586184277,108.85719529726474
155.86377126109764,25.7212457877906
89.72808329476064,128.69184283919498
59.462879012956456,196.58338098774985
36.58512787561372,64.41714871518141
62.68916005152083,114.24434225094849
50.44001863821941,63.96859974932008
57.37970905366121,28.223999688272276
139.31469706168636,65.54221174337366
54.100865339414185,56.93639765367656
73.29259627868635,22.001513627030057
173.92225668722438,143.75178558281988
70.68107412552376,21.571627793647068
72.52748021126379,190.22531138328344
46.06923868812475,71.51894814500292
190.94649149514763,160.79783048901038
66.57860166814966,179.4208128176951
48.65456971207586,101.55591715776299
21.568154067031667,67.18434833566425
51.588210819443766,135.01164876573372
63.690673997061914,69.5736034681952
108.96370906135667,18.698473800738412
56.39050924348726,112.68507366485373
159.51308358999108,107.32646665427963
115.87569064021635,183.71244712758727
115.35295576247113,31.55440239498075
148.38438007112333,18.414691230200656
33.17309104361867,69.50955571673218
196.89671921861716,104.57659563436856
65.25813392084112,35.974392004599
136.0195159230011,83.54603937889598
42.395942322753946,24.554696452211633
109.27236627706834,8.242587393515894
29.4477934399021,83.01926051695888
26.426912662949373,104.1697075221227
184.32319516548267,162.72944689441738
154.4235140405817,16.853038953369815
131.8324926658859,41.32618981953783
113.95442376165495,157.5296416891588
24.36471973567702,161.93642358145246
29.94521618688582,191.0087999075017
169.68054721046158,79.43037932391564
143.73902073554586,193.02135685425472
53.58503587777521,80.63436222470149
82.84578692189962,163.21962307116468
100.46420650858443,44.57952352623134
72.6850541730931,18.55018227224585
34.14488201987521,26.366790698509067
196.55068410232977,111.29222019903332
37.08725705186142,137.08469800234766
174.84248270932326,56.41687212370197
179.00091516288265,75.36628455120766
135.2611890897159,47.03977281061134
134.08991210995777,166.23937796661852
32.61834878567892,64.96008699807207
54.61571683991756,17.489335085147918
106.17778500229966,36.95214845119753
36.65498831196791,176.11694489232832
109.66941626134552,66.8455658768054
112.81397359782397,131.23793515348277
137.49384651717673,13.49295414144181
168.68534806907795,131.15937573637947
44.140495603265364,20.007792279872252
186.03842788608276,23.640286517010225
167.92263521387895,85.13908161739408
158.84014468100463,41.36376547996814
145.99186220116775,156.4054684471866
15.556893509498964,169.74279700638974
88.15383177160285,108.17637492473386
152.6906028139965,83.0253078041983
194.06306860864305,142.30876992627248
92.67163457552833,172.31758256331872
159.11694737673747,34.23705216442897
160.58475334822418,166.3746941769269
33.82889034320994,92.29193561384882
44.66272396297233,159.35674290233752
117.02190762291417,39.22477068122316
52.18992044156126,70.44822651444697
96.8735807334304,113.50842402211735
21.446244924657627,61.48345085764239
99.49290604419338,189.62984294944602
73.11223456309658,22.76659340103594
34.69537004515562,164.05420686194688
169.78735749673615,74.42965301145544
196.88923777729076,122.22568950948475
69.39003474625189,108.74832743318751
35.26873225867928,125.93939129013688
80.34576964317036,28.110438640253413
157.3754753926919,149.07277749996624
75.12903938237544,173.34847312721115
86.93987898178302,145.31851283773165
100.04580754713136,76.50444573340799
104.03425101822211,120.53025905454786
39.240674584235926,99.96120517086605
114.01857981296588,90.58955258646702
33.292745679051215,69.04765326889334
144.02486347720713,72.19862588526354
150.0739613871023,60.062128219388036
69.46745167858616,102.64983880994873
44.37449455128197,70.088839289367
33.19986907427267,16.929910670858682
151.42026082337821,101.21045770691502
165.47182139279056,35.57036803292867
50.54468024638416,188.40662878566582
105.05796794506686,43.32119471280265
16.40909990605214,44.10461565931155
82.51552017844796,175.63280374503597
141.65635207321526,138.54223111537866
12.166019407321969,15.99088852654348
170.00091810835377,75.19716465711439
176.0649341625484,34.66800384165771
22.78508622576085,31.157929816718752
92.30329152105567,21.19186893780506
96.92794537582361,123.95838605108696
88.90631602956738,14.123107982462011
174.87861707481346,168.36189991451207
76.8775394117139,158.51315985970166
110.11261789185669,32.729093506298604
52.27072593025181,56.03498002169013
147.67009688633274,26.016216683269537
176.76771737800487,108.53627413714119
33.421336661580604,51.16906317010933
164.56601959027756,101.64913064970003
56.62838424739239,184.51762904978585
148.33603940440003,190.87575576179182
82.68359016147068,6.001565387357025
37.438677424839895,135.26456582886155
68.54496843864399,83.14816987211641
30.0215389260621,170.69580742006158
89.26545317542951,132.05844102130968
7.29833351783517,57.863316643164865
62.3813515718645,69.9059237409913
21.354221436400344,28.171779419405024
34.462547091832796,162.9289043382808
193.21071978528,132.7896395874322
181.97760092377968,159.30227805991402
141.5977332060959,64.17260322972174
70.37484272352943,67.33089689001928
25.721510415780028,40.416961792675444
89.41590639798851,38.8107244549948
82.46179579661082,36.96482439984901
90.68155580212868,56.05184433818764
60.05320062255229,64.90626253976885
28.371041962354873,127.67842478176638
173.53808603935855,24.48465349633284
196.29710390188868,114.36292566970725
58.79916555086563,183.78229709276587
91.91368144595239,48.567033291481344
156.9912365245198,8.276351045166058
20.005188862519752,93.05035941300332
143.8245093837535,20.957941295358726
156.9849087473153,139.63640299960883
113.41191438518818,26.41925774384127
49.08880612928727,101.63119215671377
51.79272313283498,187.9170783984911
180.96091484096425,72.09296796852776
157.90090647418458,91.97223600802093
133.44156180014775,57.921794056100154
84.36795486384321,162.03039293090762
87.66226582802237,57.84119767505466
100.72051392063442,133.67849477530552
21.22546046879406,76.10058879498997
179.42929762447963,112.09628161412896
72.53295886559694,15.939119700618148
82.7648917546511,191.9045047415628
89.01737608597543,17.9484922622952
97.71863389801281,34.721111795677295
186.0055635809276,142.2206949073068
161.65677484109477,71.99227545131531
141.61375354807848,155.92056562515558
68.8145885401505,16.37194493530656
66.72796386744682,176.32303017123525
196.57284425423987,130.54886743361203
181.1148026097585,168.0397183125145
118.53181039303098,26.459500454986273
27.96811878703185,48.841155297863274
154.9617211219086,184.30545841379634
171.704393147679,133.42299838879453
131.05958542715248,49.11965459588693
20.524037280419606,86.12628810153275
191.8869713571538,163.60922399387607
26.210559151409697,173.11138904049406
14.556878377989507,165.66416094492953
22.062678530281453,113.32885760632558
90.68833431203475,80.38179813787562
52.00544210756597,64.3647495147691
88.87501875012191,184.30433577950092
94.49690679697383,115.81851595539207
10.296604724891449,37.300497904764654
161.7744392858686,186.45776883964746
59.36945656136708,74.37825326829157
134.76615434720296,186.1345752543876
89.76656914631077,112.08830433945909
171.97308089802587,67.8500476833967
134.34681316918494,22.921512296508098
123.28285590643002,9.724790887046101
26.54131125316048,10.955172285701247
66.48520274194291,189.862421408645
59.901725904721445,8.61315634919398
145.37531037894354,162.6842274136568
53.04766627562218,11.530368846281046
102.17309570207404,70.9888836580677
179.0864712804261,158.3525187891063
57.84235620434956,101.55248493272846
108.5260750396406,15.132683240948928
69.99316394186052,183.2549642487349
95.5422106471039,58.96928808902765
47.94033423846625,178.8505728519507
108.69710988601432,21.17952654024459
33.119269987393125,178.65611226948334
27.827242920453024,62.15367393448722
46.888199899231225,46.67175519836191
108.85554759470224,89.28120431933141
102.41188686670628,149.53221030893758
141.29689246152955,103.44337487519934
77.31418658810341,5.030837682595579
177.23196890964775,85.51202344634842
104.74480984717424,55.95271644373975
141.26317165582492,181.30651142858574
168.6008691068799,46.14569513188766
144.54113125024233,137.88183001345013
191.09717059840045,135.26321709048287
161.0381196977926,12.402630131410923
102.28938287511453,190.1957307490347
191.4304007447417,192.35257946734643
50.50425657991448,90.07817503174095
49.18109488550455,88.1063991574007
109.98098456327529,19.240939171439976
145.2354252219226,27.391047007134198
149.52859347734915,43.700773574204895
173.6608064383823,11.623824686171215
109.92790087170808,131.39041283895506
194.30288240043552,18.41302378093392
32.856356864200336,61.6956282115655
68.25545161996767,136.20741806984793
132.86659781872797,43.58848376127056
138.46362739674117,129.36842551990594
196.5460944558652,58.05439340077215
120.42798038535933,13.312568467374499
107.99606732318628,116.83219906794861
82.9644455973917,18.23831137149793
7.145865241423358,172.64790267823068
95.30806331304193,49.11754158228873
42.004318724914235,47.63466364731666
106.11941345326403,195.16621734043449
41.1773661139558,18.282916182551016
40.53068072614177,67.88128122907747
17.40124272379434,44.35909034979971
89.12419220839683,132.81313817689
166.27155010070354,168.24184007196294
142.3643450755962,60.394251802381575
108.87449511053595,40.4873736485333
43.25995654020321,81.05824805092043
190.01885617263565,156.0514178368682
52.00959364412539,182.9825881635237
55.67126699724206,166.85224835810163
55.467739567239846,170.5698434083046
176.8056590837223,62.34281658769957
77.87809641250391,182.90117839339595
21.69000300288703,110.90791001508192
82.96841780725008,185.73792498005983
99.96186984626225,135.25213375255433
82.33933452632823,55.248581951658494
103.22690427709551,37.57691484345071
105.03940032375547,29.843425981794457
185.1253518286917,193.83458842087833
92.81736844617384,118.83284319460502
83.5817957932613,14.589962766318877
43.306864699086795,172.36209050393848
56.803405228338825,15.883644095822238
27.099554713542567,6.235015025738068
133.59282209019645,132.0902757912941
196.7814914493757,13.816978880354569
86.91136294746795,83.91709033277863
166.18797430418525,106.45401965144775
159.37613789353813,112.92432950384017
38.599815398896745,51.21178051030473
37.301578716154324,93.07071883155861
164.236199495593,62.6439296815323
155.6149287000231,103.64296039942703
171.87305119485237,139.82870109841812
114.37207855094371,75.92837555927944
33.53925430108506,52.40981435111866
148.19327630865266,26.560923767817673
133.6786110403323,158.97895036815584
135.7865174877367,112.41687584381667
14.374396378752827,194.23129779736655
44.76057675010244,5.007117887244396
168.35664683444648,170.97570055031758
115.20080595996066,37.77599770798013
155.47376140468376,30.495787882463542
98.81762296684738,148.30456870689494
157.71295577535517,64.08841657125258
32.14275975523775,38.37388949282747
12.597913419121069,23.086510184617513
146.66306836212024,68.22470733212784
10.876919111031224,175.75048753730388
102.73858919539123,27.1303076524426
79.17987484050606,12.399867629355061
152.27428726956398,76.73652796223048
115.4898209369483,134.05606020846287
23.251894795868964,118.93270431006209
58.0065383558538,128.9372685707684
135.06564196882536,63.6891895838272
41.7542227391166,117.66685335775851
31.13813236910567,19.005290865806007
56.83426999907831,18.981886704413032
196.70946325731668,192.94399959401144
102.50321818962466,88.29710380885153
16.68765702974958,184.4435416939041
190.63116387960378,133.29226499748782
137.13874228883174,78.68892113235253
57.235876401922305,141.59525713846222
157.32188875469515,42.31392931881536
192.52302724916973,148.80075936490508
158.80357125272317,184.87288844706623
163.40183557643158,103.57154230859933
184.45704606504506,6.597956784220938
47.59484977849809,70.48705338869249
103.37400125227062,54.638003210369256
42.958144643262735,65.48091970105703
88.02294302620582,88.86369692145483
109.97209239315774,21.72054751897697
102.43630774505752,186.15898020274744
155.7282342370235,151.30987920820507
39.87480363300524,125.64614948930293
46.12363908945333,129.21462986074005
137.2116431464876,133.20430078570718
167.5553284343046,50.49472828681154
170.25505768986687,109.60013458725662
131.12944761921176,11.760140734149374
186.58743025111966,145.19330734043297
159.50527487782287,75.70669379179274
187.9448988477042,184.21794283663291
159.87931032462785,71.5510266760012
75.64849752437956,185.0571596843596
74.44422573906908,188.4474648339097
30.129141085479105,137.24689781411573
84.60467864343653,56.218456902466
174.88429851045981,130.10035383929176
192.25974327729247,183.79972683220214
11.206146463563634,67.35480009196748
185.26781021714478,171.71248998889627
174.5630548112232,11.704384630711354
159.06660835726217,29.089172710432
146.8148327981401,133.4702431439509
97.67960540406071,77.3921504667333
89.09724606023376,164.20631795173105
96.35216167220473,177.88173735614947
164.91454402747223,104.2380999389648
38.75258945416904,176.4394335192683
123.12888002650963,41.546329726982776
196.5949000229884,64.24524540094347
52.05811707390145,132.47677582698662
115.50722752702237,91.91254988817833
60.88448454153644,138.36547885737906
26.825654908831023,121.72267006275474
15.521379298838712,194.68586300123945
28.271005020630657,123.53852083937771
38.15566263231315,31.878361575957427
45.86042609095792,176.56274564051918
87.30511681224417,76.28174657998503
13.680488677445359,66.82048022772034
44.368118352395726,41.405712673914365
113.58163378872251,49.90786360657547
26.409553155252645,171.4002831632408
157.41096427641622,106.82417002786688
9.37540341143125,164.32763176615921
195.86887891387914,148.97658151937347
48.119879005060874,178.9536793678954
95.71829949018195,34.285664763988095
153.1082807905911,91.98948653148688
88.93722255274851,16.57672476930023
63.39435838426145,110.83906000190436
149.75531420885355,78.54316594595494
142.14992922302588,81.71818578354163
26.33578921032706,193.1245737021284
59.47403403093134,138.4981211573036
38.364157667248676,189.650554066533
193.0604999759936,168.4670281793614
82.38039809700423,54.11786278946948
145.17284664895848,32.831913298475975
63.74774727814443,40.461246408994846
155.1317126475195,179.67187351258417
91.7952031063627,137.70375885695066
84.63775618051986,7.104712768791675
196.43644239605743,98.66900565104878
160.96613543326555,27.369698433660968
149.16446306420897,64.06926470218343
99.04065743452254,45.88532314778797
97.3746023104718,185.5161803106642
89.03774049432177,168.2267745572361
76.2294939365736,44.2248642289638
37.18147720544868,46.32820312345461
106.1987142555349,152.02630888781977
119.14353646577446,35.10897865099531
58.95540062530097,28.076041640437516
70.78507076430054,165.59741136680762
101.39244990191925,178.52895864987536
149.2090041357344,87.91823219441089
175.37107790682896,13.471378137261242
143.11854954502311,41.62745803602469
151.03727014181266,10.255691938673895
45.00972096864064,34.04375490790058
24.60475206412027,173.3191015245452
182.29890325117978,180.53290110603166
156.22322590820704,190.38165484556498
83.1391143918542,174.8852895644068
73.39104301339329,188.38264063601432
149.05168654674293,191.99005225557661
177.69589997746533,145.5723504151819
161.5743580717661,146.302152377976
154.6747083772242,42.67804556064781
170.03811097145783,27.52998681729333
40.69251712217635,77.56565113723315
104.81987692581615,166.73740852529463
100.86817556273981,25.426709843896283
93.16123151373503,51.12791590435259
105.56968369900223,51.46517195047659
57.45809454989793,172.8161404740259
9.448417293543972,21.202917773110727
107.33520008388994,53.50678312378749
20.148269114377094,109.45932726413926
56.68465337408023,68.74997932844526
135.46362516228928,37.14309161651325
23.596118958790104,80.00008886847486
161.3300954924064,12.363836576180805
36.80084014642394,186.72526541700756
77.60528595594721,175.2453570959414
165.22957006376802,30.61703534801945
24.683011317145542,187.96250860556447
183.54443622665787,165.46864071249666
132.31402176464724,35.74997740332351
53.35555031015579,68.02809468358353
15.587154934924213,39.43922495579554
80.55436367280507,10.434691048356568
161.8389943641288,111.19872979953008
38.39980116823331,74.99813930135994
64.13738470108403,190.73573470949984
26.627879768683417,164.9718829733844
19.31871451081373,161.53540583463533
34.6399459945423,18.912884195167255
55.80300694599867,167.42869588277662
104.97288822184035,80.65572089784811
142.06446336272975,147.7431639728328
173.44746565218728,92.87489895509782
99.83839128110128,190.31590672643884
60.222186663488706,108.59879526486537
179.75748959362602,13.674626790863233
6.580039387352429,189.39168541169636
46.72100406115231,188.17823193005145
66.18156473416825,174.15184442191028
175.78860798598748,99.87903547401937
147.0573380421321,110.93696938594266
89.03440062514736,77.16564772392171
139.67870885011195,80.55414893340625
105.41947604018978,132.04862106852602
175.8438286932642,40.06386324052513
172.91082196594652,69.12719514084002
61.70660615047134,189.9982369883854
135.77471520319602,50.07137686822927
162.59738154067176,75.04452886553588
84.00896908083949,175.7431952765313
43.756108215439774,62.42499927003473
143.86887684140754,163.16603189347347
150.26187287853662,60.677473952097436
150.56438587013557,52.51460309759221
106.18879815703407,67.44953175694323
125.66093876029775,27.231396872592477
166.38223659598012,60.39210123935204
132.66458368467602,77.79915129067946
101.07045204676746,31.049169928053782
69.05148274517548,89.78034178730366
100.9867747895487,29.64360553649156
134.8441110414355,13.255606930821935
196.80873251857898,51.009275205226054
16.076980253455044,33.03072160184131
93.18434548510673,71.03304218065229
193.96314005683283,196.10078399867876
156.742214655884,175.9860870843479
170.02223124209024,182.29457770210635
49.05837432955433,60.06747310501149
158.58625368890426,50.47359499476316
165.48475410154091,67.45253207450142
108.30974207434252,147.31182168999004
78.3499791144055,183.86329306298117
100.24639409741367,80.87429372242512
148.1533934124506,24.695086014747602
51.54478246316042,64.82035108762396
53.55700215562144,90.8454891112972
187.10420875131024,5.717441288239379
131.25678615162533,52.38348361349288
148.19976236684002,12.938370170146417
88.84549551200949,148.5038551504256
160.99637027689204,69.86713166228834
103.15309314733078,50.06952227172212
190.36972609549522,184.32070302422795
175.25012142455972,55.32381518841849
18.85915952024487,11.487880102162709
133.95899661082285,191.26157876905197
94.07886624243044,132.04656145814988
165.75857485788526,6.163831707808969
100.15363833099221,181.15844718968685
110.9563002730709,178.8677173448408
66.61992700057289,97.62951419467146
111.79796553960449,173.36544591781742
18.817863612363652,165.91075010610322
12.151942012681047,53.14005147753972
171.96843876263227,7.891861819584699
104.17939307778948,182.11972640215578
29.476293891558875,26.84850065203204
108.66919181485149,8.141662540160219
13.88805295531094,174.80933129007
25.219576794989845,105.54072420212991
26.8587423482011,39.450157874222064
148.77708526061315,102.3648387794459
196.4977638421894,139.53853956161058
176.54467028237892,165.10363394008448
11.366865264357031,25.459360130470884
104.69450745915962,122.89740884179443
172.1281624115751,31.52890660641588
87.37470567079164,184.26776027473161
189.9814018038213,177.13491872634182
58.23042842895753,33.65811077871307
158.72361327441786,61.10852118815917
160.82688676941936,161.91955747380504
51.614422871632826,90.44896117947987
102.89220769769716,122.7068911535265
33.19881502401507,90.81224797362664
6.90821087771575,158.80449214622655
161.97691031365457,77.87912676305945
81.21424769707978,18.85437360500665
115.0419504942971,122.6143850290082
36.614894293895084,165.61481111729853
44.640279617189066,45.39794403927385
51.4584109412817,28.635120434589545
174.5668793434499,65.01519021649975
64.87728991827434,112.73577146767657
157.17861801178873,101.3631658013825
114.74215879639478,88.86851336112562
149.34729273266987,130.69511256337282
165.5921815723359,128.50844761160565
59.62792599008374,12.434199443666548
98.11199296711513,32.58060299970101
109.272760490005,115.6668608691367
165.04550958720685,196.64331694419246
52.78202770724066,55.0092307004098
116.29705848043096,41.195655649094874
82.72257227808012,171.51798391710375
32.970108795886425,9.527973651790242
145.94792697967756,144.29754165182283
15.073257689161517,37.03690830415372
88.46939814652778,48.805331634213836
168.90185294896403,9.015354694269348
155.54332658969614,21.408037779863324
139.43113181299609,98.74737978018028
14.131189798673859,22.604828965047243
170.82369767560152,24.129600267090932
22.429530391094847,16.269687347340746
77.7716671701484,164.2090569689657
30.80188108576208,184.0340547808261
152.28039883360822,38.09558927662038
25.27682856734334,140.72514038436123
54.5360539071882,124.75830286324828
89.15654907233356,89.42638563563688
53.26504486515315,103.05720132010002
174.9737632591572,150.78642833989713
68.72502884044624,113.99484025077348
91.34058309315787,193.94917665086385
17.12163480576235,60.74061929153472
184.5567515417809,186.07449781195257
14.448596808844954,38.70370291145432
25.743316901999826,182.38601415538145
96.94395871537746,57.813633440381025
121.62291270503596,6.721339439924898
105.8303632344853,54.64013653026917
68.64557732365778,137.9017831183538
170.63906647161033,138.7888849774628
122.0384509756636,33.81084966394411
8.977987180504313,159.51192742639424
112.1172407999188,50.676903063854354
160.01679348861796,192.20708122198369
139.11829491672398,32.55785564232466
132.2626951133337,175.4783893672969
179.41521379983865,103.26250078165494
167.37363565038552,128.2990482233681
103.47188991530835,118.02153654940417
168.1128606672934,9.210690630061789
165.45408388287368,178.66193423583937
93.84505492979471,146.52831719625593
172.33458831462175,34.14312377438833
165.29653245874536,133.63026613041012
65.77118286795972,21.483618186373864
63.003343241836866,48.67141646332157
65.2077033879981,75.01511490043745
74.91213220287301,44.70538845426795
103.07306524039146,167.67482089902938
174.57891339562119,130.07062460244973
99.76905325534602,79.91734888395057
157.27286432913874,87.79741844715662
190.59258155138915,30.87859541991459
94.75363652984137,179.46440048324044
68.98327614269098,16.6816714379589
168.54640125358344,37.17046559732376
153.96209936560518,129.65386917968178
91.9650012992963,114.23687275166675
81.1576998112668,26.172453648022046
27.102976506959227,17.123679952272813
28.76007251557423,50.36485002782065
75.02122657211454,27.231391433381273
27.49865182822957,62.00700205465865
51.19762977404804,186.03465033426153
31.899976233095554,115.13370972367466
127.99235628106894,17.308307517770842
70.53284809013999,174.54973401327894
112.59064849710178,141.11382942466963
171.07834975718794,91.45592970778466
67.73155029966765,189.98875275276507
179.50762172443004,55.51335991266961
173.8530828294332,165.82119098282516
181.8392105702656,159.489093471447
29.686439331805133,130.8559850076833
177.96723549108967,159.81429582668133
102.62696686760928,177.22399621075107
96.76919005032647,25.995739842321495
133.90172268761256,30.795850498423746
64.0296521512583,140.41354114737567
45.97428266290335,61.520287594272254
173.00305635348758,61.441962435292716
20.57210158962952,196.31500291663386
92.7202524310215,153.06126156619447
55.84422616113255,177.45303440729776
177.5123886487421,140.1895446024866
23.84548884387716,50.47072937833477
139.20857622400675,108.60707625625801
144.7485194444991,97.5664775947393
133.94377122122162,17.18094067567107
139.69087356143484,193.6379953514803
86.33794338251761,147.0935394560056
148.75793514149686,5.802248014624206
103.75354706102536,173.67482128129672
63.109556153812946,16.823243932988905
49.237276750401556,38.49773364246979
167.41173353369578,23.75192025343199
114.92326768804398,7.1460818897097225
48.36325949309111,187.41811527880958
29.950696745608816,69.88363268344462
10.229592582390977,189.27830467293307
162.94792916262696,170.9785827755229
109.35590259842937,166.45076934597898
64.72166019585818,11.362915252261542
107.74423579820161,90.94616596493357
136.7429363049858,145.74884235856084
161.66638190653123,98.02610267939423
47.689332416572555,85.82046372542139
151.391842931107,86.2045003106489
86.2760344177328,21.128949217310563
65.60540189677874,162.29213726384046
58.16895923581674,112.90475583179669
26.985944980058793,66.34101074246622
165.62141251490735,5.822537695927602
119.96975017776776,8.253601977388922
111.38946434333562,189.5006852842709
136.6739858647388,189.87542318656307
132.6014141568735,174.0606153450416
94.65439426236202,139.53252007244507
49.65520167164683,112.27715423825524
58.544420313860705,66.04352758238812
109.13068623798901,55.588372046954326
164.0238138206777,151.76013954510125
33.37154413409795,74.46944055902968
145.43518832752008,164.88664935274159
190.9273711778256,191.05330844439382
77.93332048438444,53.50460803076583
81.74054956441938,48.299508135239506
55.97970176087992,36.77776876691042
23.175768222871497,55.16282801229927
89.02321704691164,123.99006798821574
137.8809614281977,194.83154053702415
93.45481556193866,192.07800593632862
68.19789306279479,14.009672605483493
50.455246981298835,18.55206137919724
153.89814524515867,41.892458238530054
14.11087148253145,71.28320371279523
179.46156054902443,52.68673216319334
77.44541936704822,70.66541209788038
40.435261478514306,186.45731809663636
77.30796530100037,192.9614638058981
174.99491497138726,190.83266917594062
178.3754883380693,178.77354893521635
162.2668608987097,182.62749260781118
24.140542658717145,162.3107314500374
53.22017941524158,135.7898883367024
48.09323546626781,179.75584473159086
94.19603156812568,136.51369817712265
16.90754399364159,62.85102365236583
179.85527774055427,93.4718185077337
47.53276921897169,127.61439871208678
100.5600168670784,90.46355657654988
29.74797844526557,168.8250679288525
21.756553275269667,129.08301021212503
21.374387404489084,57.55281725623712
68.29354189138695,106.68304631814082
143.99597771804568,180.69048490188467
113.38322090430144,133.8552117554316
184.51751000425736,133.69947107641346
123.94593347698513,29.4935300586445
18.46494758522042,32.461960354724006
99.7716721758135,186.4819979841928
131.68214628698493,192.0058923691926
193.65616927611845,149.59698293246035
35.02500062446148,92.03947054219024
22.340098143962813,90.75939434508547
195.74333458949405,136.1962563726484
82.7387526479299,163.89481374962705
69.12985150042083,62.907654079657114
5.20594283285695,56.6860408541457
42.90522208949775,111.11480675801414
12.088182300113266,185.75046639245045
132.26980834781105,48.64491903024089
108.40002600880244,69.99689168419502
123.68490502337164,35.784272626975856
86.11879887097379,81.62478565895167
79.29064255906742,158.94782224587294
27.927975836818376,95.99933603441528
102.15022173367787,35.47605655205927
93.59670718505068,139.70354077233716
6.032946949903017,7.948225598010792
68.9753919354891,190.47396787310848
41.87766760447797,193.67013040038862
23.055188394406358,26.550345716780267
10.065811806048982,5.946684372382563
138.7994834637414,44.34961734287954
100.96334755719013,150.48542078669706
172.15418325039576,188.96952255199528
132.29309196166682,34.34097752975909
164.3304512698813,100.6893211013841
153.7853398380204,192.43346506674558
89.92228977460621,119.57160357819903
153.59723064837078,17.852256378546816
133.8058114150399,140.09009549535034
171.78288666308387,177.24558713094547
146.60529780245628,58.98336837903606
94.25989077530575,59.371849557214034
172.675207386039,154.11392060208365
79.79608471444882,22.3015734227391
57.20007445246101,91.54254997321962
180.41614060455217,182.30143790031929
90.73384019434849,32.39797879049307
171.8389864796507,18.73537312749721
136.4717182834486,37.993983803907405
30.280736566014472,48.783273761758856
141.23246221586032,112.88384986650557
95.58194736559796,183.39702162481697
142.00453908758564,134.86033266176332
171.43560609005485,154.973484437443
23.131292936135917,171.48868707151186
133.2700523151887,23.354537106689047
29.511394133921275,106.83533487898876
147.6142695910451,70.58385120419375
114.07672217350697,173.67605049564904
175.45010543767822,160.9102190913444
165.82072471900946,136.3095465957047
61.293428143424066,86.25183149841807
89.18302533147175,74.57573373376529
16.727931469503858,181.43973833164196
51.27430112171305,60.38649262363048
115.63530014344948,83.49445543972543
87.08695214132453,184.23479802546328
147.23448286988796,194.15673826455222
134.39356722501248,109.36413331000558
193.49614436184748,9.91260172219354
134.93583893213452,32.96357074671673
55.5380082633905,171.05804169051703
92.82506085752576,51.069944617861495
159.2524013194599,148.23124089002184
13.214421615615338,196.30653237669083
115.16554662170988,158.35684062278474
137.15859776008136,38.187222585071005
81.9666500465293,27.2709030914135
141.15559720741606,28.305026693036112
87.67969125574116,59.26588235781288
54.187518541674436,124.53604268732114
106.28008267101599,6.338892296822271
42.640605686524005,136.26701626505576
75.97208171467372,175.75382803356797
81.36069951483186,68.44754422165029
39.89931175266976,21.987064390817462
161.2499380749799,60.32300563669129
185.4232548941258,152.30625642775402
93.76779883755,84.53411226115666
59.71495356012554,13.866920178990842
84.08108032493548,15.254531772143705
55.02134729410916,31.546303285088833
6.318470925534209,69.93772364344719
146.4101770920881,18.323401675158653
87.66493458288772,114.7965581602893
130.92980026490508,11.261557842545798
166.8816950393265,50.87877370915451
66.51784364241679,179.58897417169217
102.35734929836065,75.39393138155272
95.51888887839819,92.47372864538377
66.67516025070516,8.786243797951434
49.86342484496681,68.80676520060572
152.37547772561553,86.96669462459086
88.18553840435078,129.7153661864262
146.5549789325027,81.44564842229035
74.57616579854857,53.70628036949801
135.7646940489678,86.28734055742297
188.11064831226687,172.00421625462815
11.289611904173087,60.99551849151386
103.89640332970959,41.77129367472267
108.28285847611554,159.6136503280458
131.99075604760648,38.8445927316824
111.68474990579065,159.63288816876562
141.2276680608404,89.63127229358761
143.52227532047073,155.41482915610348
182.32931990535482,133.54165495162547
80.56257933994965,62.03022841134407
176.91380209437614,179.1119623618776
187.99289385564845,194.26478720105064
101.79245526308343,118.55806976842611
127.35103277451486,12.223787145802778
89.25613074989597,73.91487155842098
177.71258833587052,12.03306330573971
112.18773193181522,78.3216092262374
152.4743032439941,52.397614527378884
49.03252636480858,108.85122623764389
115.20651565507387,14.217440476633294
106.32754927261307,156.13777300272153
92.33884894984338,183.63506389444916
171.22299479590612,42.66782284092423
182.51957704256264,29.828351412299988
161.92554000515372,65.05993721663582
132.10764677642197,60.12684675583609
82.75371844620965,24.11657624615205
57.372928689139385,13.072628332998239
164.28095401251872,33.85775916977449
59.4785624272395,57.83578441636918
134.2483096306598,53.03282944876148
63.33621862578159,128.57022201273847
16.600475733980254,192.09038446912186
79.2141681891239,189.24405407058404
69.37301983656394,33.165864990340694
32.30431157923035,178.6319175895418
150.84724144869782,46.060766530732174
131.59054673693404,66.68825552410672
159.06818991551464,160.68328546692726
105.26099086795355,134.96433785399415
50.359873507215546,11.09286876363845
25.22253084991781,195.64719645266894
31.903273475166113,10.330327035640956
160.66545388995678,177.5745166854133
98.93585437472669,33.2252558121185
93.93905373026953,32.27015706287697
61.23622035420599,185.2351280215073
6.836127984923833,186.18743075864845
141.25211570191595,74.69017507327338
46.75571449399869,65.38383489602504
25.312834066880317,121.72819935436962
90.9931348187254,188.0202302479884
188.1774385530223,167.92789731493616
137.2556503515278,53.885880824540706
34.42450935224514,89.1260678386343
59.875016484342154,101.879677475884
52.27733478042297,120.11960299066067
159.1670849702211,130.51168333237146
68.38193349939976,131.9354267857254
40.7566865808728,55.574905511886506
10.833960425364044,186.74158798624453
114.18157008537928,142.47660052930297
35.73866749981978,31.24111954050384
54.07231847486176,20.532023270633633
102.51406121497291,89.63684488281785
119.99965140252952,14.857949635654885
137.44646148671072,104.8850320591767
186.5041596299635,158.3749671456528
101.18585142199737,127.90026101414102
88.47648430221163,89.72406610993714
162.64405063746466,105.62829622520809
57.08781425940938,115.26022029585795
159.92480511894578,21.106028638809978
97.63084120086428,92.75627167189953
177.5065013273925,43.79075060363848
30.77702923546867,161.0607769415754
144.9524369060903,186.75591741341154
134.1939939032039,67.38324591428494
102.41880680254037,68.98863518958356
112.3103098396821,113.51378532562515
107.5360735396449,140.7519373724386
193.50259747280103,34.26427424016209
167.31728164373686,57.40110150363753
135.3111205505937,42.30686875133153
151.7059990078215,100.25666149334782
28.02957954500664,79.01354314402161
104.190453686779,54.46038131607773
169.69652192571047,63.88103830026042
111.31756820337151,5.348212874789367
145.90690296780514,100.78715840633306
41.69351190511866,53.18460564028366
165.78803270501265,105.934552951472
71.41345662506917,173.66053521444977
36.93230543574647,38.38504947889849
15.304122152310406,194.1990148857841
154.56949098094307,98.21675111926832
17.77782827921326,51.90123021022516
164.2475758449725,108.67718309306949
106.70729130205747,25.34310200821148
32.218611354774225,40.41275197318798
52.15165811947868,28.704335105098043
61.98999173462095,89.85767430179686
92.94171289414409,135.37698589270556
98.18633581297823,150.0676204574175
145.22154882811245,82.77974288388992
55.99117263412167,180.24381114315736
28.21045237451726,97.15629072330952
58.54446536434917,99.9477658095379
113.4580386082378,73.60633860208661
90.95942181554162,40.29363087581639
135.64373130151046,179.21002388307585
188.1218623523144,39.16466343377528
37.17093292827159,113.6028946544416
92.50204747538957,63.29284646008088
104.28578584156499,174.82861809103318
30.72384921072939,37.88824464355994
82.65417709370968,55.17601526353472
10.276460899113282,68.69006166073822
97.45962484907936,32.33687529053151
95.82268327554955,157.86721526999898
98.74903005865302,133.97254265613358
56.36875790878771,65.52382796111571
103.28683124826262,58.97737337528223
110.96135217766836,33.75137727559365
24.14787901221894,40.10461325508129
73.1844046756257,175.2101091747474
189.27163938251232,20.011749975987154
155.0945821192563,128.0945635805304
161.15017487135083,138.95580429238527
42.37574475705619,19.263366077594114
94.47049636607048,55.12177020171677
147.96786317453217,183.2821662104559
160.20891385440484,149.85542456185638
144.44670937856202,10.018943390706143
113.13700382260784,22.475373380414208
109.133097774656,14.855744548182606
104.22090127593654,26.588397917047665
75.21890850261366,170.69838040409172
166.54898162221028,52.64358968849451
68.35230184825154,112.88334340531863
95.8948445823905,46.76283882271792
110.00708010393012,147.5587791771358
185.51550216970656,154.47204322890656
103.91850450428677,116.17962132744321
5.760706623042108,54.594837335767345
61.96198416336488,132.717317111946
101.25628704233911,147.8369442671597
90.5901761533816,16.721042778233517
146.69812524412907,174.0852263028563
158.18677075137455,195.38467482142102
45.65966853466648,95.52385891669195
79.63142270778383,66.29404352832546
139.23166111973148,129.88521410891838
141.52514365807383,91.6716069205906
142.686114169144,36.064540702575115
16.852373943943757,66.5952031990251
98.19177645776921,152.3852893545178
30.847895071608836,63.45130175703291
160.73464120829559,160.43866253172692
147.58767234176966,135.74394502413233
39.576462983415425,139.23666629761897
165.1301293297111,55.40926370560783
143.53554193020693,139.72956048759207
76.46959614345877,70.07191009611681
156.3310909674689,82.15665038712467
80.03453143233386,5.179276483058358
26.984532686178497,131.86397607894375
158.88219095968455,59.378843909454865
161.48895008160252,182.8802910411782
57.63066604469109,112.42359353066858
165.78616933260477,49.076429837602056
77.73867248078349,22.04057713571579
190.48765895571256,175.77363077450303
37.93156602840838,139.07569484708984
194.33147409641984,165.64135602555902
92.66594124866062,168.1364482432563
159.60468363900117,178.5032462184636
145.59206763049198,196.15857001492424
158.09512074651394,72.2520524977261
155.68767144539717,184.56928780669955
147.01812185222764,24.599239909960062
74.30116818842247,38.752076018800885
25.51847822944817,26.952953311206212
47.94785427636525,16.60268098458091
57.59183833623252,108.30827560474803
177.34422389062226,76.42067930672133
105.51029450841838,34.63450347758862
114.88223516032711,181.7544470609478
44.0250348894164,131.93108284006345
28.006868338175906,103.19901530736682
81.66579659943206,17.018200590650554
182.63330723735334,175.469756188471
62.84573620244088,193.00117293566194
31.82347108780537,65.58692149321088
168.01313800087974,74.08786676082127
115.9369451657908,173.07792775992584
88.09007229016424,180.01473239860815
119.77292192692408,8.597702278610772
20.3479281782333,20.733170741243466
169.37501470561173,172.04401413634292
98.34770919000982,58.213492698128135
30.401456349741874,163.07132943603963
34.649191496081144,56.698082858792915
49.98088681480759,114.92092698506191
40.17269923112387,63.327448432327344
109.66002176481523,45.94802238770107
16.208627928383432,40.63829481093514
71.13490802255595,11.240536347024593
186.2157106800759,192.1875573310276
17.554045161304572,194.7877531088854
155.3775197977297,49.42734463206903
37.59963268009934,29.33123822874074
51.607026482233216,38.87551593842067
137.5447528230218,42.18059975306732
99.1213931022954,20.723001827835077
154.97631455162184,52.25996292519908
63.81232400622211,106.83625408046811
22.737380010256665,133.45207595917722
99.48293136969359,13.251355106303837
60.32562893492643,26.39130724427183
52.680690557320986,102.70330231352054
49.381293361596164,93.66642022214089
54.724677491310906,73.69725998988268
184.27946971555295,32.03824193843128
41.534598306388716,109.8142712188525
69.20557681760623,162.1780728400378
8.046425401521548,72.65972872105677
194.44833302158628,173.805003366809
142.68789521724804,174.48925719093964
196.51747805586496,135.94608880874236
171.71338989999703,73.43514656935814
67.7646436051954,115.04552858875326
42.225258512436255,24.30758514369117
119.94729065974158,26.460568543041024
105.08138278554343,145.14829088402615
51.793979842411225,80.97639029331881
76.25865049463565,62.38286954475679
92.58640654353323,175.98964164817144
23.442008063789288,141.62781093805273
131.73227240172145,44.63482376018763
147.08527975708162,143.94284265617867
50.96996928379428,98.41712777367013
176.35539932867954,91.01444287496729
123.50895708223047,10.227345611903297
91.31871656630196,78.14026852579718
177.30569833390413,128.7617605461101
108.55787918821106,89.44105148150125
23.303077907169484,187.2961297370478
54.48786012755651,195.4537857592257
184.56259590500935,192.4363628006293
22.460855601694742,67.60233980213495
145.48528082380807,64.2229177216566
111.5316674837283,56.16184592886065
99.31871029484296,54.01149281489666
87.52826411044371,64.74196120395801
174.8251556742395,99.34438603773141
57.75788754905423,12.76732726391321
187.38943281896155,15.372848420585125
99.30141706090502,110.72263751345771
69.47845638894319,72.8319707053957
29.684273465456812,29.973885010007606
157.5367319029298,90.18402960218432
149.15558598154263,5.3691324959668565
149.99500603070996,140.57108560967959
37.81157828527021,114.84535134938196
69.65458928486073,186.55963149140936
190.83658751497154,189.684382288127
114.64691652781504,164.1555302709425
187.50352717829512,173.24542397038783
176.16965779652062,139.48517148904367
19.553310984854384,12.944395316896562
105.61736864311052,85.96328543526504
57.09303885445452,87.31461083619065
20.56979311420633,64.02559141822054
24.279186684495777,71.88562634557954
63.12600401098648,130.31370885122
64.8628403563688,181.88941739556225
93.66620260058244,14.597059418724136
165.62020440374224,190.98143376242928
111.62361775215601,67.00418258311785
117.20390359147162,31.949049079750225
179.09353685558904,168.38067025091354
95.08797186769456,42.68149204490749
169.7690800872004,173.8988275020146
172.8907235430123,24.796982159606436
44.27765144482604,81.98352893790997
12.858638464173465,56.02329596531005
10.0,25.0
180.0,180.0