21.28422969172266,55.98951483582887
124.20171132490863,95.35826200824818
187.1419821865115,157.19191595104337
98.58299541484331,189.78301080030738
158.0600952562516,196.47909575192946
19.48108588575792,160.66334951197703
32.08645611740892,145.81014797164661
154.97794940516636,185.983329120112
26.412354841782715,167.24405168022534
160.35225703978873,70.61084964981286
6.045418027029989,86.79228946761279
50.69545115354172,164.25239594103596
117.42927739240709,191.40751324172584
161.93886707877783,166.79565988167903
87.83218268603952,36.387688905551116
144.28561243525328,158.3584004632366
57.88516200307474,189.89684727195296
186.5747676409899,105.94848042369921
163.7514272889182,142.25175514492247
15.00248764693108,141.91723200360002
48.58470531336289,124.04178075948565
34.87608255700047,193.569588483524
76.8786630225087,13.076850231217964
124.24600126998466,72.28540151567267
143.9248968398687,114.66552118864901
46.723025101075145,145.59722427454142
169.24588692809002,138.8136441026063
190.43667453563077,143.407197164037
94.618662196491,37.771785002780874
185.56384212748307,180.3357711413985
154.54969692421503,153.81942052851548
84.75740086076729,100.8848044167955
196.5306834793151,144.03683251407085
16.0963943400553,118.30235843459889
105.89090574834555,165.82726158859023
173.1647208686406,59.17907596320935
49.963870105606155,90.43451909683613
175.90893695288884,115.21458060721488
194.67324154042439,104.77895400152808
112.07904514421388,65.4436055672672
120.12085872570805,125.58249602760118
46.28303534488545,100.51254072123855
106.5571942488068,148.9582794770577
192.37500113723132,53.94901014525574
126.4013398283937,65.3548776047289
117.75958078458021,142.3246254191441
107.63679088016004,125.17858289507392
28.112186423714984,83.8599929258414
96.77604633322385,191.62306721130497
145.35810364093908,47.79990645333169
40.20953816196192,35.29312614471921
154.2554534960278,19.139655536189533
84.74666174255508,7.07960697910061
119.7568087277496,101.7995196675313
100.89259903178221,76.97852135992585
7.593759729443104,95.07388854113898
21.87053151492706,96.32049887724774
125.90045650742876,68.53240845417797
80.90478234783868,81.52646334579195
54.913004280819656,78.3961005427591
162.87961213383323,133.53085453419476
107.14491383896532,161.08895512783303
115.06594469639639,175.07238709700857
105.77456139414122,176.20418005403906
184.8388319171247,44.056197118703594
90.1398057710331,58.90943704541858
57.333188755797366,144.19803028009457
46.56772515079109,20.067253771120626
177.92477222483967,5.744977248277583
162.003304263309,79.80091590132778
195.27621201768633,136.69616678015046
46.52708364891002,144.77382799747264
142.00951973092774,141.36794079614535
179.82388009574245,39.028942423127745
118.79069029893346,68.80383308130156
166.52153394580873,105.43672884034181
190.1274081392807,139.8331932738209
157.04017081397578,133.0722339098869
56.65630715903971,66.44582972839105
154.55922699198393,79.2295570252929
24.918926683768895,93.57148502866376
103.73338818395072,97.01426035605444
94.41950170191072,59.50672123159756
114.02130440052548,109.54292842482367
19.469794981979014,25.198166239096725
105.97725035501291,73.81094919812892
47.35877574834576,89.74686692319895
13.64318475109557,34.19923129884704
34.551552515161376,103.64673674957766
43.77039134341603,78.55847827860939
30.331284295384357,5.7416310207369925
23.976063385528168,6.180036262622487
40.95293796455071,142.65297426902154
38.09040918431395,15.370356748969526
29.110421781977927,123.61105391454181
45.26546688542289,155.45285004805396
104.55924729407656,152.3678162863676
55.45136406397865,183.44628196769634
28.20863806923577,171.23311769310246
10.461159676642845,77.56185801024998
77.92440189174778,101.5877231865502
24.676880856142304,63.121088352893814
196.626884992433,47.07594861388645
193.91465785084753,111.6227211503153
162.7345921821855,112.56716862818325
183.251134344194,171.0479976072054
58.94442509944563,63.23830959126053
84.24895868747869,185.5471217226367
56.936518025842474,129.3628587390532
30.00625893371441,181.66795737582868
45.4747451546011,94.92057627158285
44.901146802831214,68.57158783430766
179.16827583148574,141.33584742217016
46.26788516729932,99.7962037326286
75.4728149601178,48.962059146438236
53.79540873942699,160.2081558909189
171.01976413734874,132.95380021285203
6.114126031186004,87.63721423577385
195.66227875394304,148.2659345288836
35.701627368271716,126.62902883981297
166.27846052733082,196.19588271768058
166.7991017370578,72.14571460252209
102.71746575968903,136.7578725327207
32.52614168954423,137.39800347059165
115.83257564328518,153.74612136955042
168.09584934918257,154.35369754772546
154.1276979734242,33.18130401052508
147.9518768825588,75.6370899202672
144.28781720814695,113.3926771357973
106.74267098392042,91.47489082134928
56.338493571844374,102.32751068039525
56.126057993058424,54.338920840201844
23.555679058362575,185.3270687558227
187.13708432205573,163.98885282036085
14.574545707209408,171.73332245978784
76.20331778017014,149.82082040903344
52.92366977724656,10.624884474509573
111.23806010137142,135.11881840586778
22.1688262102059,104.9019682081321
125.08012309601173,72.19816174326795
82.87522485128764,106.2708805937182
143.7281793722875,113.42502710358207
106.83741529698806,46.895322704716015
170.37292526130224,82.78925850913154
126.60919326915952,7.0734227295859835
10.795380062532365,77.79072066479509
182.6324023669564,176.6924711088535
117.70776926575932,85.9142178505543
94.61163119858749,42.7775549828081
44.73530099204899,191.4487881734121
146.5164622343146,12.48781942245466
52.14712536192386,137.5278400161433
195.93928805492743,164.54240153027928
163.79674641314796,183.779579585376
9.09823278721554,71.48591959362439
27.143099161161146,157.2028161176011
170.44682761983842,188.4474005129813
150.38175455705303,52.75252090792626
122.79105977400856,40.9168102689741
18.56663119595494,64.24053250093169
9.48072891084275,102.14407353074061
97.03268384520021,8.496841032845339
40.81100917368095,182.8494671301705
195.8387250775615,75.47802050789852
154.7730959490038,70.6538041777101
99.70610385369403,44.25067417174325
77.89757521062438,150.76759566962744
179.2673362620128,130.73294344485754
49.89616661386002,134.95769403610868
169.5236007434163,53.75525133317855
172.14384864626837,102.72621465633992
76.05038501831679,46.36694620727782
123.84951644340387,149.99987333814983
174.49939655705452,148.0350063693079
121.78080348319263,186.51668644409602
95.57479316664119,14.598604110200167
147.67432961341558,5.4467262137744825
95.90982175263093,165.49691119358806
159.52867386139513,59.31615787806139
104.27444902759478,41.544220662269744
170.11277561215738,187.46032683072295
27.801199193077853,189.04070547424774
45.779360199131624,130.31715400219028
42.333065247913495,28.086307889408072
178.2389724524771,146.76871728115765
96.58457370238702,175.0819582149947
10.504922011741664,31.6254085870414
11.024079536924601,130.43715215236944
168.38724010685894,60.29334249778881
141.7553642790022,63.86743585003462
168.5958187054319,11.714334423557435
80.60180179013302,54.62116453758024
16.44860195633478,117.340187160326
86.61204418804498,171.24955318563087
112.293037314607,9.04255089856222
33.605338784408424,183.56128160029473
193.52313186496735,133.68993420372763
78.9848029778124,80.78032133981756
55.08236533737856,10.679522148444393
172.8689919046097,58.179620405338945
82.3619412103871,147.70879670187475
146.49018475730725,43.343594842970944
194.48969114956967,45.495431941777426
41.29864368267167,78.79436439235793
85.8281428187497,142.86685198855167
104.43073205553694,47.06304811592844
88.78553592654923,37.21487729871588
20.627345989598236,63.22577708060761
13.42753832844412,185.6566424082513
32.780464957798166,186.03385043595478
96.15656711697835,33.534221705753225
152.6281969835314,82.97301053174004
99.28538988805165,184.03255993984249
57.50776351852085,133.05813301937488
195.17142768820742,136.66546877994446
58.45604983773568,100.73501671292131
195.70191530513145,58.76098367545335
148.07644104287382,48.61503152196821
192.64344693403936,194.98053810992667
13.22224395922593,63.55460442803185
59.47507579240615,142.81081069354823
55.73264924509502,128.60496791928108
169.19808150153253,57.064395730164456
114.39959783728206,55.839201820956696
173.13130754969595,5.200857658028052
8.747996707907852,193.9476034300608
78.29384136083078,42.42493327972048
82.36802848135062,164.31718637855474
181.13945272929618,131.86945584848084
120.92608222816779,105.46473503229892
174.29026474787182,116.49474295900191
88.45320176229018,168.63216031889274
41.15175322703304,154.70186818130594
15.384422261531878,78.76166449038276
97.59463263028059,179.27473419155788
154.21826745369026,29.068251291309664
57.74999362221792,74.1909770205089
78.5186400759283,42.93955011622332
154.75960448383665,76.47962436536777
111.00984628737193,57.718543406905304
77.47548171075859,172.96445285339212
106.59149846921414,65.22227283488331
176.37865820709408,83.9108547043388
157.37905335552017,9.5821102096179
186.71937802980278,39.25211272308463
103.29649992747954,147.34340768243246
157.90025431807618,101.1718328260131
147.09326632078026,115.19893585443381
110.83362863250726,93.63339715566367
51.90820563644433,184.67885431352565
95.66854069487982,175.25809929746896
110.15264697498749,81.96665762972282
82.04238186152023,194.77589125805818
36.35553333631565,168.84815874652296
141.62535049641897,75.15950959028274
22.961000909087076,30.940265700483437
122.31161504592572,60.14105019940623
109.03137965700083,174.0688029181191
194.3976951237306,45.51587717733616
153.36092728455432,132.14796829058895
121.89543395457189,176.47111057041056
118.17670646685077,106.9868704443876
17.81252933648381,22.86197296940775
187.25449317435607,66.36035447564343
60.59228446430164,122.35838280448677
193.32572823888268,68.7939006644576
182.80361110829892,188.26264921173444
76.63025559531359,91.41539289843321
54.77069637887098,77.69698378377774
112.19264357942245,14.542603872663717
181.95994712051262,60.55662774086185
178.16940648545673,37.250125577926404
152.96903891850673,9.995812509745841
176.36856496510873,74.82530056126986
30.359674359804202,117.71555371253258
14.774764951163917,161.17101813598964
84.34340508529978,109.82060319558431
106.46991950796507,160.50266446829087
145.8921240774543,32.91443642814561
9.143046176426381,90.91054446412448
60.153235913986755,173.55508292813172
53.960703400241684,151.4141300121196
14.073470566218512,116.91214589110267
24.750085853220575,76.61204474162679
168.54426503658144,115.20383192284021
150.10780064839005,188.09107846644358
52.37337076754492,165.98849465155308
119.4428079233399,152.95762898013672
21.361257534127677,101.59817645162502
92.54963401657994,6.368490117415878
116.15554972446553,91.80010837153195
39.31782454900587,9.553222078535843
46.11938409634851,177.74343109003644
45.684496467693975,164.47151600852072
80.05067406112647,170.65846697751465
148.96351852668118,64.66977941749609
193.6761620861669,27.742360012858118
35.78268982286338,172.46344909377126
85.43722550846941,152.65411992973884
20.427077118141924,65.78274331491546
32.97567204516264,124.51889736962566
96.7380573557687,196.75097570538165
92.78259995121473,190.13943662535868
100.28264083138835,171.69771949289586
146.6794444444463,185.08118016069307
18.332779579606097,148.1628302690504
84.35268804435624,158.76177797423932
23.72332312533808,16.697617051121586
57.271243728818064,183.59921295170577
125.05754497668605,78.81774198779145
157.45566890193797,144.04221957916815
24.63128398202537,92.13641529009288
22.440970443881266,156.24134563104207
166.9928859045304,135.9253746861637
27.048484225012817,8.85560204872555
41.899390395068416,177.41262522134198
83.11872238845567,159.96885496401998
46.333665754791575,107.52880646528513
193.2951760719647,174.85829485723556
26.856452575127616,177.8972420259482
102.48914228799732,127.08208058821276
100.08690502276917,49.5911081412112
196.25167594855333,100.11052182657686
42.36555115893764,26.69203869321444
161.1341857448484,166.62987601386624
11.512121433024566,123.81532842118342
126.2117103028495,34.675608445811676
108.40553275118107,101.45337610691385
123.47961174252771,52.27853631290974
156.22917168234568,151.525409276393
128.05184400749238,101.66073282733662
57.08527241106877,146.77273578663107
93.39240453004702,63.94208233818951
26.27797486020407,32.74505355363268
42.82836823675883,83.35648654213662
111.90846037670987,6.8840246003787025
182.94346832439115,193.62572371581558
148.47253542163153,118.0058023322781
19.56830187246623,57.15234923787514
158.32599990234274,183.71846324976948
18.440767347717376,131.5660686298619
15.722493302879878,143.7927211438688
150.5135244634837,118.63790762078355
176.702447362777,154.49767185692937
191.15708648592098,44.57399304516748
81.4947488090467,132.0804327466574
155.51529653773363,194.25057610967372
25.308915191000125,178.58642755654228
173.05819930503512,66.08456076583198
105.7361378456563,13.235169882183579
89.93487186973618,180.96312723690747
31.206485798957402,148.1151709596528
83.49191800167128,176.6873367122777
96.47345168803707,150.99490414009094
103.67181099848948,45.532257465765646
162.22114461225777,62.0583285074634
93.59521479952271,84.1134659658494
163.90416124904084,150.84997226551587
8.931901754111442,69.88868590999984
81.39617768017348,105.55556966412902
115.51319137412413,139.4003601875561
113.97634758080522,65.65448796423094
55.61142186551071,90.38902672106248
175.80328699901835,135.83126159119476
117.05539920286449,98.82388065168593
14.458279620606683,103.42042111605903
52.092338986260096,121.12822682864932
181.36457761768352,46.09098174883277
45.962751144652756,107.7075380349059
60.59152442202549,196.48568568906651
169.5591430684269,36.840362803039355
40.420058594058276,106.16240896268363
90.27197858385658,83.93316237028591
106.24314249430633,157.47733905891383
82.76433326433387,75.43904800036977
153.9245162841641,120.54293086898915
119.83902723111235,98.66223824995912
189.8091155832825,138.00367200339403
172.1759489541837,141.44280570596595
150.2687842056076,105.58014825214507
112.87979353560819,93.43473380417686
34.12078771980851,65.10322034942766
44.93716765775219,63.52096408093065
122.28767757416732,160.2129325549864
162.34558396594255,9.152040958228575
48.825694905435384,104.33580335901648
90.33306306982651,195.43351233162073
125.56083599603205,43.122104818868316
33.73068582074823,126.75159861004502
187.68238955490804,186.24979312544636
95.8726304127847,100.37672304223132
99.48981082272901,99.41332337816254
14.443817489946344,83.84975840052012
78.88108508111796,54.654549949064204
54.58929219483921,77.07393554454717
46.210211580569855,90.85217455765651
88.9446550611334,195.29995350964907
55.43922200646618,169.82738560447834
184.2920028161527,49.34112204384396
170.9638941342638,157.0509176184427
90.47412566401307,174.11163953517175
189.30684522574052,23.556780573381594
83.88886517104817,69.93074455192576
172.32336067073697,43.354822449220485
112.48336913973732,85.42986449579811
143.21849340825307,36.85218399032118
110.42905886023811,173.89937251596007
194.85047172531802,196.34698703199157
89.24784417793971,54.09053515386031
100.2904199924615,93.32875236034114
52.218566516527616,190.09430092699293
145.40866631039378,107.26443215108627
60.38980732600572,149.2060762378608
15.835540347721729,115.67161694405225
121.11058376621625,196.77029874010566
93.25606554442606,173.8344184786517
110.54465192340815,11.00282030675798
12.007507282169827,9.49618524906722
171.85266950507102,105.46728744253049
164.14728333935983,103.64347259199785
22.299179528545743,9.91535619113132
84.40108084895917,191.8565335294504
125.80314904912176,55.75880299535466
164.2479184528216,169.75464233909062
48.99035588979799,6.347278970620433
45.85564853095948,81.30060959606614
120.76570558576097,124.73660997472797
17.420028224343604,32.86282826301112
120.28905389551,70.5771010679894
82.91252149869389,161.70520720465873
102.80704268258968,162.6613856485124
49.5190084997654,149.88232170392945
149.11340789741985,179.5588097189364
85.85310164116731,181.62090646366238
93.997292080034,187.75462866154464
76.20931100166491,60.26143090018381
52.44018491253891,156.95558059519192
115.84296953354378,69.03646868459838
7.3572326583635945,176.0614054130236
101.6960517287179,161.57731817984904
32.58878955564854,28.889827544373126
143.6940771133734,108.73474239871233
180.56709415796806,120.14135119186177
21.820387257519407,121.01512910131206
45.04308722030593,159.8857909359642
170.42978469839258,133.46262120508226
89.06126545798111,195.1149376280795
50.18070543213819,178.51043101579523
100.49791036963872,159.31381543983179
110.30353265342745,158.61296093558553
121.28487583240303,62.370616836349164
193.91205251477305,106.77949161832792
112.77458077075624,194.07010766811737
76.61758067601086,174.26680443899212
112.57178510699087,74.74013830215918
112.61903099451882,109.3432455376769
192.56059278286418,71.5974270686704
84.75169860794546,168.53853410899808
90.86456462683543,151.50826415057054
12.046914162477485,183.74420016029575
148.5405935490989,129.14439764327648
169.62987493464627,66.61432143658008
8.273885241948555,163.40696990473046
195.65872257910962,34.33400673467554
82.25005787534951,167.2332349439095
182.92472757798024,135.8709491158333
23.5580552869721,123.07893243588255
26.754256361503465,8.4728167378903
59.35640732689217,68.22718890817274
119.97282984773632,153.96110384051914
184.09568980207538,150.0090235495038
103.33301997308374,173.7150973162191
32.48659230540856,7.743875749990287
117.24644965519938,181.4461798614942
131.2474523794832,110.00549363441267
146.89182965872777,180.49793116780242
5.1794497162323285,5.858999402133006
28.423839647837294,116.99719347075708
186.67373148624034,80.7230084916882
176.58385411929982,62.29965576869201
85.54173922609344,103.62243695083087
109.53084305055002,82.88025242626014
189.18708500860495,125.47078973728087
9.050803665748163,160.9925281150574
76.83559471887534,148.91439753149479
105.45533737427618,88.18296247298771
121.7896158972301,194.16863953896396
20.92348636880573,22.995240703656435
6.3280741004889425,181.25778571820416
106.225290110153,99.633520511908
194.317668863033,172.87488540377348
159.5129287711602,194.5621595305563
157.1075347125951,184.03656674677262
122.35880030811524,195.1769904104203
169.25006720637248,156.00212297104363
181.79782640840492,162.26320723264183
10.78085132044961,72.66399370155179
118.57399192451739,92.88986711011827
37.53432705590218,196.46853368415364
31.31599423895733,97.11797181309356
23.037517455721737,176.7010928421694
120.2503092643753,142.34844598838035
89.42522712334386,14.737471091541005
116.15225525957156,8.910331489847602
179.8967445210691,174.43324068568435
99.18093961956609,142.45300297298493
10.353834849379338,64.27102475455516
148.34658943506753,19.38067757868102
36.47674912068921,188.37888898081098
12.123578467425435,107.81591524802148
121.68901850425222,171.10150788291492
26.708328114379235,33.564524420248695
27.291132031725482,171.29729383636547
185.6463727878067,135.03119617097298
116.0755602957974,90.08537601855377
33.284728588528566,105.84298735721903
13.909891746073276,180.8185127887591
191.88680201827722,130.57672816226466
145.94133598808574,161.67743601643122
169.2834237609291,110.527923675347
11.630678599398543,31.429017045336643
192.7137868053196,18.643332662290483
39.79545927201234,93.35176293852271
196.65390500107046,142.73534226401785
173.88021087326052,159.24132664896035
171.2139123179868,122.48263345541058
151.95004498630541,117.3045786207926
181.40974194254903,11.951923841407735
31.764463793156185,169.14154470959042
8.313328582367284,24.83485203424832
103.99097739486798,165.26796190860017
16.87035260340658,103.72094354234255
121.03530860778967,59.429769573443906
172.55177765603665,150.85282120686273
111.03703985267484,176.90140089716905
112.99400231516988,176.33114827654958
195.022931058764,61.59773912557558
98.84631367947378,8.063593398717016
48.10983394611133,168.47954168109445
191.90179712682004,63.49249121956172
163.76274193201806,35.48199898039024
7.793641606744439,101.77576033068915
177.78005074234719,53.80999082337017
23.53416120450993,148.3428443790236
168.82343506876805,126.0065370356681
44.06712294952816,59.35132564521516
76.1980709409693,124.6171716717417
122.78300481557523,96.94072035075452
91.05347132043188,13.875631228007089
83.25056667047473,93.58534296983302
113.38808696035402,176.77551786169616
20.41823742002397,62.99496057457372
158.70973132113855,5.591851444942803
102.78786692005713,105.54038878067043
193.6105583650122,188.28203166412212
169.2433330529586,63.67840822422903
185.0447175929504,153.742123195494
42.83584592691243,185.830673321637
59.50148742948634,172.47079845912234
146.31288473225808,135.03263754909227
157.09576760306226,31.703861769721673
155.04354840636344,182.16469186250083
106.37063674148955,95.12813609823598
178.00092271206228,76.89802005077273
61.807084357704056,32.69276115782759
59.26466525703814,149.22802109355376
174.31038966434838,137.05235022859688
105.8404371602938,160.48063186842458
69.25415102052614,35.16946308483614
27.22628712682828,152.707064973946
6.171890276836356,147.97709201429288
157.40066341236,18.34078865564036
49.811205533027426,130.31583647978505
187.26403375076615,194.47252059695265
176.00467692853329,78.27625374646273
191.5163850637742,17.012671443717164
179.89693121374458,117.70634168053803
171.66695218724422,43.96794272818125
152.91850277484062,36.18989102562702
7.822474002127006,76.48774204769809
190.42361008593525,66.92292415377084
37.50418046072173,185.82198385481854
183.07578006338062,130.26589551247912
23.35596734087486,78.37273169331307
25.39144022316955,154.11185991848862
59.04450335289589,185.70782335525806
125.6630700332336,9.997628206470418
183.8890707562018,14.766479539109344
157.51764285699548,108.1211066234968
76.11406644481734,36.8041561764132
184.3550593944416,60.185864061127205
19.89826585777466,91.9820732953708
30.948668906069294,155.74940447508632
191.36342346289584,19.4345476283631
196.32055703783632,129.7257934879225
82.40463442308078,162.803403439686
43.869031121393874,11.405145393237117
181.61101875049093,30.251780508933173
100.62929807787877,96.15005070666119
79.74760368993633,108.76016716277464
99.37634217126305,179.06266330224622
87.30169254588556,87.47818088289311
29.360750861388063,150.65331960237137
11.182329476759488,192.02510870077987
83.32695800397677,49.19901967828476
182.9268432739785,172.83899696069386
161.21085318889425,136.90772864739006
40.12316696212196,53.76130708857815
82.22690642907114,98.12968168882908
37.082171528026244,32.69604184656983
34.40134227778705,7.268399870928132
189.2524365340931,184.370231837966
5.212777387037818,168.76939238035308
59.161303248187664,127.88779331499272
82.87389775443829,71.08247992482993
51.58916924368682,166.42023330817148
38.75315696232066,136.0542835258856
175.0379983593926,115.48043500854766
187.0990300393862,120.09309317963887
188.45954477815187,67.29519250389683
56.212499250265004,33.54166355695217
60.43266444653555,139.20116510648486
93.05353670873653,41.01556967789868
52.12013053608086,76.62013517797836
178.53602523905886,38.76745898812153
181.64341344777978,165.92325958690202
108.33265226511577,142.3040845511635
39.40251764202614,58.9010951663221
38.647501199144955,185.96010491318836
98.76981572097992,128.68108579736383
78.29968326211217,36.066987504043375
7.211712583487396,58.658142070333035
96.7641482139533,41.032332913483316
150.4837705028794,59.52845155623982
29.59508135712805,150.49307315581834
95.12257240115846,106.91646562642863
6.036619908966342,69.81594191173828
160.07125671445576,101.17103945017071
103.99076583596968,5.950465232415004
151.59511565478817,135.00691161856838
82.53912714347393,144.01346521005945
169.57930424212825,49.29930258895364
18.115050149056984,7.754703273642452
176.98772155940028,190.67527831238658
54.98685052491466,75.31119862561984
99.98458071773784,163.96268133194084
79.1846400376176,103.02935613313491
82.35401105724871,106.02738158633876
76.14808686850753,32.82826432789485
184.93021537881572,112.27305086283718
117.38118063647003,139.89222548796818
153.9776417957267,119.66387822762321
116.9747727022578,169.87384045172604
115.06954987571741,141.23773723247825
75.17278648491798,184.94131886583622
89.36018025495859,58.9185628853533
190.67043951963637,136.4690326155553
122.7212135315602,35.60736547645002
188.26001326603358,69.1358782817217
91.52584621971312,88.88449824643861
47.309077029600964,137.01005326574816
159.78069036890219,187.83633652766255
119.37667141549659,95.80610313235863
177.68344036158499,73.94266642937774
42.477083704394715,160.05377383262157
13.896958572756827,110.18849397116448
57.67830829978392,70.33703514443383
149.50151720732774,195.59079732871206
37.19725221195272,137.2402210261239
165.94660756307528,164.5865758600209
57.9995773623737,87.98744755477759
115.57560164049939,124.22267526759929
146.0962196280132,127.4606601110633
160.25530663869537,121.37480193286576
81.49958864907657,70.79104571475507
95.73429724824024,77.76691923153744
89.90939203218772,134.96013486220994
118.06955580378174,75.13787394704694
76.11259935743844,169.75428876584692
15.364197556519812,106.61118978457431
110.3571063386031,178.80788796938742
96.12642825341548,51.457852288908164
172.00746465553573,143.04588111891792
196.3133515303333,149.14740329619713
96.50358390916693,98.25911961612542
166.45555455031013,65.51464810253638
100.75363672272401,160.0128124608202
175.86043178023974,18.092946072993957
8.429925205702059,29.708466194629498
6.427016533101139,81.43587729873579
166.54247524597832,129.23797726735688
17.867009598683882,103.62560011673656
93.39937798890026,143.379485961177
60.6759780368085,64.50805065066915
26.054916901470072,126.05640561138371
189.56233819718676,39.13898099091415
14.881988660212615,110.45617593321472
28.841737170697403,176.86042000674985
146.42507136968433,113.41343527320194
58.363334641666036,149.7444863964829
121.0872746040649,184.09962931767328
16.560919687779627,130.77970506741744
25.43375514919929,180.78880936024387
47.68903595190281,56.16938962921743
162.44220156340094,158.28257128622846
178.86892364868152,187.11503868069673
77.75669551191861,187.81981552877113
73.21624764622591,36.828457194530756
46.332031273362254,64.36074080687442
36.22728842604963,67.33281270976912
44.07580679883359,33.39519044313372
159.76652504078243,172.44725149739625
79.28284043732528,98.98903014728221
184.44528654166734,35.449582333126635
149.05207420097466,78.66506940753841
93.06491062772223,71.01458409675473
12.15717080894919,59.07173304965719
54.09903038300465,97.79871663277515
156.14143999620666,7.9652391699198475
162.22951150192358,149.68503419712744
176.54834606344005,113.57958710489024
83.58483083962479,12.919549152647713
189.61210802522896,46.994834369857976
24.381498684437624,111.02434645949066
192.36305413258157,195.8008398635683
33.123592591082456,193.21942050061725
21.66319201149654,124.97890223066882
188.69451268133517,132.52858584516443
175.35978757764138,127.70962361944687
33.73172095098985,56.54976535726525
22.010551960068216,38.56621920799364
126.87716197995238,29.53953788228225
35.92194134212836,148.7229634138789
172.361653530731,24.74023080724773
51.42841069889204,95.65562145909682
162.40863347991203,193.0273584597501
178.94712094319223,23.322260795752516
30.672683381059922,172.40025158697867
14.46815638447941,137.44480697124982
40.454112579641254,93.71928651736971
190.64015879374296,127.6862863340021
11.298982696499715,97.05252047846801
148.60626993270895,140.7520669042507
6.484744183268341,126.27027549070256
58.43473949610389,11.888379200175844
79.38822542489191,74.28479416759788
36.17617134256746,86.92108150952674
35.42001535691692,68.90668511732557
122.2891516442647,41.234627588929506
142.23674471676767,193.4925726909261
26.447838965517246,92.00175255493005
93.4093210380004,148.74883697151222
88.12856967568695,85.34097912216004
192.10092443823467,64.22192335969977
56.37416838097047,32.39162081536657
12.808128523240494,36.74182089033109
96.14872272743654,33.69966297681037
14.702354910284534,172.9928234765296
24.74706732029725,22.631882725591424
19.722256466357127,56.76158306541257
56.523484037268695,89.72029711041753
99.37460346962314,163.82956421011625
180.48958581805698,34.16569713205636
34.921756327772805,125.83040481812355
49.52406252393589,11.675573781388447
174.989390839148,121.10890845497265
40.35865875355187,11.607059387798051
126.26486754185052,69.25604218513097
45.89583802650801,25.374310562519334
111.44860013029965,35.50552469935448
155.04260752806124,109.93250478858248
175.79841534564716,77.84461010995403
171.82454617244153,21.444657492829563
126.47590698167757,46.36786972724078
185.0668701639523,28.191053625379347
174.62971831262794,195.28539013083937
193.08359295101022,5.279796068984033
166.26970211240683,115.00288984761771
12.024134064407589,108.26778496494441
95.79772255863236,137.50691554028154
86.21175386681954,78.86711594153782
177.27013451970257,6.93432522827951
143.42778920042235,140.08458533356952
52.28367735446972,140.31896642206132
174.04100648265322,154.6795382428885
33.36191599374449,161.08985332042934
122.9873766765657,86.11426071629141
43.2699028541481,122.40702289985948
20.107360430061156,67.40817731973962
120.33238350693946,50.11728576547744
85.32599493061004,32.82841023201726
115.22307478318334,194.4854876259617
34.394279253449895,7.946536578351231
191.84875575702276,113.66765634040162
182.76477958876941,130.56785193334747
76.55872645480686,59.888065617763615
163.78733378389245,195.74815847678005
29.24432135497792,67.65209796979723
146.45855966823652,85.82834269902645
115.65340840015354,97.24926419264322
83.62444700233605,39.658752044602046
18.03799547273986,91.0210169802687
46.74324789694976,17.763370913805034
113.54280341631988,59.57663313519425
97.39911757226311,132.58748218860933
183.97315420043887,117.7339191403272
36.17944072726927,111.68914922907406
11.07212656746988,5.435580718546071
103.20591232153588,29.302665457685745
28.129828357411217,148.4037954307512
183.47442399116377,52.59960560815213
144.93999778150717,100.83503471171531
15.924223538602217,190.91283767920007
39.95143998550261,62.74961718314976
19.270201474837677,55.40672775365554
192.53566746361724,164.11065940234735
167.86667024616662,37.603553436658714
86.20258521353253,83.90486879537096
17.1958490312081,136.4097693843692
120.62275985071932,85.05917846075263
89.54908177257924,5.183149466598127
77.94417885743927,67.97912087536966
180.86066404701504,71.88880548011913
194.81948654971526,141.4098220604735
174.42116668573055,15.163564941165903
172.87385521909675,103.01533949532731
186.7075305367143,171.04751213688897
18.98910503492008,122.84674567937779
181.14835074013646,45.292635365402525
56.67641100720166,195.08907836686106
54.37670131532201,122.79172081419756
175.68650738807742,126.43295437282619
5.551510755102832,127.80384356381258
93.17075267690929,189.82303718819293
89.97702865774643,73.98528037036365
102.23371828433726,134.74091423631825
56.8661293182084,163.7255198758985
184.87661701096363,194.21944425459188
162.4504661689714,178.02522255631766
105.16134610852326,10.30910463948833
32.36283981970084,104.50479246880751
114.16266074989097,155.86600874646768
60.48729805145713,165.8783670734754
151.94068684504418,149.89515025437854
14.201966838398532,116.38666646073142
107.3559690165653,37.70000430310839
140.52168726495543,101.57415041634964
35.364702078632,162.29460994211394
186.61652289535562,44.25104842465011
196.68991014406697,85.80981813469168
187.25297298291255,179.35257679132238
117.94450857481911,129.62743179285496
171.94310309084193,145.91761367635092
55.924013519602745,38.99500974286128
46.051714520377054,161.31335104426148
75.25766437669115,97.39825064584926
23.0953642699233,18.9156185446421
155.37330708899543,38.28258364997873
165.87996559247162,175.12987690569219
168.55861077082096,44.968609722730406
154.70983282041144,182.37831147143203
36.260123833368326,53.949283127709144
106.53778918383696,5.135044276990361
186.54328917395446,81.95171931468758
145.91352274127033,126.22458386946569
11.14795854363196,169.2394891990919
55.9347934922375,83.21253790510063
185.32712913727502,124.49236632912309
176.8264607340152,112.45852386085959
130.08099052968757,107.43781118254121
193.6148207788445,18.320692080129835
18.39761248172613,150.37644656264774
122.31083808290319,60.85773717535719
7.4266841840165405,104.23427822657266
92.767014091111,41.160685316315785
121.65863762501321,139.74496354364229
177.12611409908138,79.1324648932921
177.53578041187262,112.919444795769
141.94929322249672,173.98375620357814
154.25857502888675,176.11575363521422
96.09069760123528,72.16780555604869
81.79995314026162,145.4280349488305
146.69230076293502,166.1776916167112
90.92127447886674,156.1493588360838
160.53038183748302,142.7433888725908
27.441535045707912,94.6343488481893
159.448692123025,20.550447482775052
180.40047273282613,29.77591216894607
94.82239915954821,183.1775184652284
10.703877639827828,66.24073256855023
11.100438819772435,175.26750459323517
128.93011624666832,105.03937382985566
173.84676474916506,193.10839388967815
45.33828785942649,90.3715176459355
191.71815655673487,50.89754623490742
191.41083255225334,178.15845318090277
15.85688673241906,54.41109901098793
93.93897682315253,61.35099960823261
29.848527208932573,123.75123232116916
188.4587238589072,52.941697654067546
188.6564276410326,133.1174023927389
171.57818334189795,17.72844311558627
6.691841854295331,91.30102796592982
115.26232944650219,191.28468986255294
165.40254241909957,71.9893088903768
175.21841159333943,190.92228659054155
159.2064903424604,173.29983804923947
51.898465414534996,102.87376271612308
50.4877571461669,120.814513420409
148.4170036861923,115.23475168592645
145.09952695404925,109.402044219314
104.38261405565963,166.33501503821418
149.68717975881228,171.96895223012072
57.843638326765486,90.58938447944719
28.93743113637837,34.749571084625586
11.086007552566821,131.55053440551603
161.05829016654806,134.0205970436699
54.92595172555007,152.86426895768122
190.35862000446832,62.78706877429315
149.38185733621086,176.61167373170355
178.28726342434655,114.64487371388454
14.82541474034189,139.7990497106382
160.20644917943747,146.97188684026125
101.58131417576253,158.15946287856653
58.01294721086797,138.79123964028506
11.84820597740044,166.35524376123215
112.37636319847796,42.426861540645035
166.1190530337062,48.27785993456315
14.58474320439807,169.10457994877726
195.5518053383834,187.9938851282443
175.6042803222019,37.33510120050674
9.274779075536633,120.14872872166869
55.92711635358255,89.16107834290541
30.408299283834253,29.252645689210063
84.28869046817319,178.06652355088823
87.46056866587188,130.37457177497961
161.50119200129137,71.30901507318548
90.72449139909563,170.33487914536846
116.8095995117034,128.69341996664147
22.9286626571887,164.17165562264958
196.05200732020475,103.67793552014174
174.93319531010343,130.6125109182142
196.8063477675285,172.90898583173052
182.75779978477368,38.48164599341993
37.37323591959922,64.41284516429059
173.89276196217105,138.4059080449957
145.93563697978206,191.2298102270407
76.15611121183164,156.32679704630814
176.76978813597756,57.11075563721017
163.72798451133647,173.4371024986318
118.2124843722157,75.69135492618446
88.40285176009105,105.88863393386727
79.32515854703294,102.66173062483325
165.837949217415,141.23558093885123
176.9988065444491,189.7723431485564
151.52211111345235,192.9926428921872
76.69131061814873,68.89945252383937
107.1442491698286,125.63506404161123
8.562929567620554,190.32595740846943
54.1227771943576,108.0743510883445
15.478827456021465,11.512462737628999
37.660707928163816,20.724263065238784
181.46891703499918,171.3626675986717
146.7829898812956,107.61374943245372
174.41599614016653,153.31652549454026
170.84760992719163,157.08261979483888
36.31546320464786,82.82173508918908
169.29585406892446,108.55324498639413
158.87391061264782,114.6155122413224
104.50887914847101,63.47149812607123
174.29000902033258,112.94356662422527
160.67349627526244,37.291211824052766
166.29402822281696,64.83876005531056
168.56308075629866,20.512367923646963
31.746024490205603,139.7398560250574
179.58686297336635,177.7816093169876
40.87475477049851,192.52388764917796
27.407428687380644,95.10954718718693
110.42841889861185,81.51927020511583
76.39046114718272,7.001990115336881
180.80802024505522,44.51503304877432
176.06617816091276,185.36105834068644
9.831697287563312,119.1213203593738
154.7628388526325,50.62226865944214
148.42114242135736,77.4312351210912
8.124215755298978,107.31235535051168
94.64438201748082,161.65447692006344
171.8289760292072,27.927781308010807
168.2190431036107,126.48520066768255
155.61447395442661,57.19906857014126
21.896681619502345,162.16332122821404
75.85773832975724,175.04032656066414
169.89424975716818,35.1295516643451
46.77248652024457,186.42879577539566
54.31469086471582,167.883327184265
175.7852870193634,77.52897469610129
114.91802606761695,194.51127963629835
24.3299594083569,142.2762946163963
15.910142105419691,12.608853111980924
122.1465411027076,185.04514059557224
101.80270683105054,92.44113503229181
17.853306785854926,104.10507271610223
100.66785643271297,89.82600252686805
120.685937588126,80.79263197631765
13.756722078542019,29.70322913896544
94.05033001018955,8.987668078510165
126.59226221234474,70.27568107499201
50.44610076798723,128.12230933807535
126.40657976774361,179.38450860544637
27.463730112028998,19.30797924848979
21.50733961686452,136.58360349349354
144.9530043338041,178.40237237622011
78.52504742666268,182.1846828570492
35.095898630335256,184.70477789469362
78.54931011343986,127.27478980095535
58.625212798001,161.8788763663528
37.361392319104866,190.8169071966072
122.90855689638389,125.69800493036098
171.94745752034035,153.71630291728766
44.6297653616884,137.7731902412113
26.83152461599114,139.77159772352363
152.79268536282373,163.19873694577333
85.91923479768045,126.62697606344412
158.36552052172826,143.48044087653028
160.45800388115515,146.3137768636519
163.04221761172647,126.63662777547937
40.37385351952694,161.68058297965587
169.3222416126489,31.18973515123368
6.268322924730139,8.849126553720962
5.018855920461907,95.38433451132339
17.40217620901445,152.98893882359062
153.08745706149804,100.5888166001097
155.6466620068451,43.87578840696064
163.25165390865845,26.572788796761955
178.9537386597516,85.84404785486183
118.7966485143421,66.76492983439415
105.78633881304789,100.60715305581998
79.0540087100115,70.5946198816845
15.56213404308151,5.041153711700646
196.2920689473593,29.58206797300971
93.8045998658372,32.92719105124704
194.01722135531287,6.874002916801238
81.21913137897494,8.572740245005289
17.783190342829617,184.4753005125087
179.0841655697207,108.03031349791583
169.09569977871533,106.13271139115896
103.57512228148566,193.71507904425826
88.73091387780163,57.636028569515005
51.144364625561956,118.68650519819457
140.19961598994036,100.20693583666623
54.1617866017371,54.283257537798164
5.5731723544821214,119.29687349182866
31.81002573983406,176.10254234328406
90.83640335629535,127.27097822832393
75.67750717138692,42.82159560385979
129.1616783317881,103.64409950180922
94.95956160935816,108.8561488128713
55.5443806157986,110.07243197365939
84.0446098383737,136.19921306876807
15.028361494945655,95.28697287133156
28.989961559504692,184.0173481115617
168.47993613421446,126.46801106719502
176.98275165394338,114.99733729687983
30.97500381339164,9.137516219941098
96.20141991523369,81.18569876007254
174.3043523898708,37.08731454853104
150.29920447531515,186.4065553460038
38.75757270501914,173.20692266242764
174.01999532363502,57.94401699264971
57.70963877953014,55.185530965740206
46.36210792234251,80.55023448114073
170.0367355762406,150.05759701345255
96.47805622865977,67.84370375408311
179.36731355992274,109.68847676877073
186.04351129911743,36.92987097263802
77.6452907778013,33.90633227632399
80.81775274721333,189.83424457579414
178.25026783068947,5.6346401354677775
166.80894181830033,107.82198644163009
161.21037275825978,84.71944143418105
76.64815298174123,30.19004181802817
54.58743641025375,101.17551489500015
125.77651552424575,64.75086034590451
185.35836487429768,170.06910610467568
156.3680765248308,154.99553588760966
151.27462366302208,193.4746287753307
100.07291108818482,108.87275010599114
39.661976458076396,112.54451454305075
32.443660137669326,30.622092941733325
116.77466633556107,34.147245790604686
55.27513022107385,87.22722567672629
94.46341335893027,186.4300838585531
87.69742130895852,75.27167109561972
179.1075956750957,105.45702252507984
179.92953149394597,154.92307615556217
141.53204892176723,40.66663386783467
52.41981000106721,15.01527045433111
183.41500746194734,162.46779749318773
146.5901075778391,145.76675711199945
38.96111439636344,59.56537257832944
165.1971391167486,66.91618541577937
51.69032467050431,58.20508154591995
155.3677020185617,10.23811174659304
145.05249601126735,118.2746260044785
75.70523372674484,30.45849281517454
162.74512767580043,153.07367028775826
105.7601720097977,13.388065236645797
13.222865357657597,119.45913820777314
57.424546574755496,155.11252413432453
36.97711036614433,141.51125043599637
9.339703826524463,9.552461748248223
93.2303538806517,141.7044338142542
57.94135441251693,56.598857773159494
25.322080986437864,84.02817984818287
96.04647283119499,41.7098422117745
5.964756652994835,154.7068330622302
7.053201407780029,74.83704469086088
43.86590601340279,32.40942975973877
55.79800749229789,30.813260449082115
7.174206188765783,141.0928366050931
54.96831221376165,126.26999881588318
30.41968867150272,173.2795230852619
184.19606651981383,196.00927614793113
49.003934432592374,26.608320962559045
184.0139547212917,26.288880513567168
104.78153780979538,176.41401482894688
79.72321371188892,141.11274243338138
188.27246448836289,187.28473992686918
60.660616448122205,174.65590658035703
78.59801883796413,44.74442333078889
144.67114343065438,190.95520982615048
89.23501307480466,186.19151219318314
60.07297163988457,88.61095287621211
183.0110492330006,75.53032983141122
78.11265432187201,181.68783734792004
186.96819540003253,170.92441534610725
180.85088977097675,69.12987694163509
82.08324547247051,66.3337153918744
122.92422029267675,85.53719836293276
113.82499663345757,93.54849925904833
53.75824229633152,142.6203439524944
115.96166857235076,106.06778954359962
103.69421432502381,155.0839622071786
98.09534841736766,82.76998562219549
42.03311437762392,37.520089213290326
103.13917914397852,36.787843444309495
126.96327634519096,65.05853539556401
114.88609245866161,93.17154020864791
57.1776234527556,32.91218494973197
109.5477999076103,158.71315074321535
191.26918706615652,82.78094803568959
105.81304021715704,74.95417019389522
5.844915209453532,161.30727970951364
109.42773496553717,50.47242390848894
58.75266155468026,154.68155022985718
11.506258186319624,70.3362648864466
30.037220789343575,29.085311600617104
78.25497662681663,69.85566014361619
188.70582925079995,166.0859357479534
178.08344442150636,127.39043747659105
171.25923388968266,50.322415585405764
173.92146203832533,161.0598235376345
113.77844774954008,140.5017519974349
5.399397014043824,152.66566261543815
23.377626169799743,167.95343313755646
45.43157662108149,14.79306796100101
83.20957969565694,89.31980089663344
45.61421989453869,130.18393646469667
87.90974009282185,165.74612268532127
155.53882967476747,135.56978939212007
14.952719490377785,111.82967404022678
46.008330716571066,159.4831380313294
49.01081156072087,59.47866506320005
29.576577398748267,151.39288676917025
184.50778953590535,172.20090966739792
6.199762175370662,71.84918737816042
170.5639296516644,156.37162781079206
154.83802652957857,38.63487365738547
92.06372234215073,48.39685223519716
47.66038619822333,6.351379789672752
44.61144810891003,27.908992765785
56.98168478425945,29.77336093799403
177.56916334734976,102.13743600153258
92.93317259173195,62.12803787137447
172.8784510869979,192.52254733074685
120.27185065384579,83.6947957807309
110.1310507440693,191.56879796482255
20.227947919295676,23.60093395156325
28.862519832597588,73.43071910340868
10.624736904812117,25.67561624590497
89.99410459379844,38.965845202796025
171.91300775205576,64.34810377620022
10.18773619225597,71.67275592699183
46.11285595222669,66.23201877478358
6.100678970450649,176.68240337016692
175.80068313372325,26.883284256688857
125.34190400608087,175.9625817440653
186.31157859986797,77.67761913264098
10.393665506217191,54.67867921863056
93.0085119959242,165.59308139276357
141.43237132588547,118.60817708688441
48.44602381648429,19.118579475417917
29.301018157807846,192.29243350577173
29.587918668403898,138.41633216685887
142.75554323063415,7.483675172028931
154.50989049198589,68.33611906325302
180.19831050151976,166.21202671289927
49.87508251062091,164.73874482888263
86.66560424336444,186.05246277505725
157.00595275926676,54.6408231328513
111.79102021543088,163.7312029408685
13.119256195321828,23.186506366103092
144.82977940668388,176.70921040271077
96.14788437989817,143.12344625443697
76.17735207212554,12.833644908993406
146.37233072892403,83.85510510397354
172.24289178002755,76.8545739277213
75.02222114995021,58.76763979358124
152.19332625125574,63.2538113646765
154.98284829585415,165.99243782974327
141.8670682658374,136.69358289434328
90.56867765648855,153.72931287798136
145.13080039379446,85.37256182063271
86.52496186749974,100.08042666697297
103.1361367418906,6.179522897889501
174.5865387869652,183.69538930362867
27.489786661758256,177.23614005055794
38.4964631028792,133.93288212203169
16.69787314697175,134.00370460346795
11.674857931249226,178.92091394425523
12.598628403958415,179.06915316235563
22.02394943770351,102.02946625030636
38.126413996278586,143.78877712689527
9.125897964513758,65.22419099520549
19.84647923036206,82.79732794735023
86.38566491486422,163.2078342933236
15.224829283382169,153.5241762379581
28.32657067048142,8.363851369567747
53.59220001423199,95.07263640345877
162.923493737157,76.18584661137683
81.14269733428404,55.66949541729191
156.0198646994744,36.68073169419177
45.46705800982859,28.994803469540773
182.43547674755786,119.1407561984037
34.005090643483264,109.8302977915893
20.398217290296223,33.925060723847196
48.20858794027002,171.865824852565
189.43383164393242,71.78459063090443
119.13568357622945,12.906661598213963
112.23841095628293,138.34655592817867
99.49594425456456,153.22303400265213
90.09496136634404,45.997432218464006
154.27396179129136,18.95721781047388
40.913476143747474,34.215279343907525
124.650426295899,194.33734056457317
144.716167488062,77.13688422212017
177.51590439701255,15.053486202360823
8.498607949116963,77.34630497370055
88.99231050191793,76.51500553800989
165.25877015093752,177.81896167642694
122.40316294758726,146.55257724252132
114.1066204165027,60.90131243588449
110.93037463875301,178.3698401141901
19.793996220874323,19.977707346684383
78.77159915043697,184.5055502467059
14.7642402904538,106.66239693564872
14.133237930945354,175.08965132316413
143.61247374820695,178.1625813820549
30.42092229511226,118.00423907780629
19.788172792655665,25.692221196529186
60.82564453016445,59.773827890742744
57.8027237713,128.1974569739613
85.9373522176125,141.67432258283517
155.38873930762085,39.13178657021836
167.58339582542365,18.927016309148144
116.14559535756906,55.33653872429091
86.31503202612862,190.40371283482568
137.10407323336997,104.1636063444318
116.78397261877518,196.0652771056046
81.6365245143646,74.03325203140955
176.03828450185424,15.049011225245103
48.39044318647901,59.232266489276576
149.72882101619132,174.71896050255182
75.02183931398078,70.13240303905903
81.4710484483566,97.40625340323676
141.70824575659438,103.03902012627448
5.169963361747804,15.767170238594526
123.87335921427326,91.73771129874312
123.71782950228621,171.32466183139456
38.76006982753354,109.86109056528754
26.327220635229256,191.11856119157855
138.79534359110912,110.0404392991233
182.71512119552426,12.304892647989456
91.76310134292572,179.19460278746826
183.66184742304088,179.29622907297343
154.84531243248932,68.8684176507429
50.334704359543466,167.95952213362642
25.161497364979443,70.33901063706007
188.92116942662713,82.52393951342268
16.880612551075778,14.903090185325647
171.08685447260098,157.93802926111942
116.79853475805709,101.25364757439992
25.16878261377528,154.88096773349014
114.33564105689693,162.16340299073423
148.51794006308512,60.4676294195048
101.43628969078145,158.04608577187014
55.73975935261686,82.22827972158565
166.4256901753031,11.19482453505982
186.52414196970386,111.85457793867468
156.8138026099835,123.63581323841203
152.34001777168194,41.32219035607618
98.22214280908534,31.032990650198407
123.15955420238362,13.788527111400448
7.0241827704394595,56.43127578823367
118.87274428693068,194.0406441689399
186.6191759673073,5.5727450040289765
51.52134614729263,17.80803494790174
57.615185880464665,166.8349436746328
152.12717877381337,77.09097550526556
8.102108013983122,156.46482298286713
114.09672889463583,152.67930834481822
109.31460098900129,91.59888171184197
188.3680470470325,133.05339580585084
185.54748279158432,72.90400422558442
83.3708747697921,8.76214089514461
167.23184593611384,127.89462103080956
145.84601670000245,191.1358246631104
151.70943248472935,29.7773643637543
113.37735377139734,98.96243665934037
117.01792543706665,131.58997341487773
96.27541856573598,162.77221299004043
102.41930680167196,87.76532942038926
168.92055730076308,46.01125775892188
156.37606219497366,106.36833885961363
42.40816938941616,100.53357824465371
92.41374604828577,143.87972464610922
117.50950604393904,146.1924377983684
145.18186779533343,115.11183832930213
143.82152477532284,190.90224888879865
23.816250516531298,141.40688516674385
92.97376598882276,31.097283923206998
31.632796200754136,162.0627893649086
105.86901386009636,91.5421047100837
43.371819729830726,38.829025904754964
191.74086985266672,107.83515416711182
54.070586211720006,32.73217417446398
155.43904542641351,46.653648624207385
196.25267076673086,115.01616870756419
47.94889936908463,191.1882841894833
189.77166711110533,142.76117374115782
41.73989230593301,147.3378384667852
13.559077585417572,106.67300877551597
14.440186402729436,97.24435130554586
196.47213318788633,24.080628744884315
89.66914838255035,141.82789360157616
170.8827126786355,33.06033934953118
10.112185063793744,55.75975284304293
175.83483588152015,37.35833056255039
56.487626051736896,165.23551726162293
152.6157039473498,182.717394891954
148.43888452482418,67.06628719852672
22.478448583234844,177.49843475913926
193.5052739718394,37.483517126407314
11.263028338705555,180.6681763528537
78.64094524534727,48.311501787268355
27.445683134583938,149.81777446928865
40.251687933895,133.05047912458775
108.83647171857535,188.80001796624865
36.56635031131136,8.703147969299089
97.9308591361597,168.54134518722728
150.8693201012087,124.50553813578935
100.8261518660904,142.91351121737324
156.70578378629426,11.788538934651536
115.5598496235572,181.91844903893977
122.12826981396537,189.61975062557102
88.86731763200193,170.03766409030717
195.64543750269235,134.75198434769314
78.50284879920075,155.49171345743144
173.665217092434,55.655026916825136
194.1989164430365,175.36202661488937
123.09679093460768,52.35620950853134
34.64817727471613,164.77556780925474
88.77614174139065,74.62041717026807
157.96383854536117,105.75120728766362
57.90770001532431,193.5905345836159
171.13128113582667,78.67239312592609
30.99625630540691,154.3513032733861
163.24926610666526,9.865355774488076
36.610611700588315,19.207895339029246
194.3284565416341,51.51565734516008
160.07469185179076,102.61168695433092
144.3924768278818,109.14160047695731
42.72921837868507,11.193963504909467
156.54691558372437,126.76241473074059
16.17103829608914,64.00782151636037
54.330217502846374,11.392051572091088
176.01589466493832,67.50026646818546
19.67372947898966,54.961633059320526
45.195028502419746,100.47796373218854
87.87853330476108,130.8296437893273
95.1547896478701,168.75975758333428
93.6902875500573,48.45584410765209
142.60493602260408,174.10071990353785
56.72857546414487,190.12730765206152
38.238368592344365,180.2667902998595
147.6499414304236,174.7954664163356
49.050125271064346,107.30491034216902
177.7171776227006,10.02789042221703
10.99643769093679,27.926061524197635
24.063368955083504,6.888040370599689
19.9776802563636,70.98078507281775
9.461734265473634,64.48003957833986
88.27192019616673,165.36220326147955
77.49934574933623,128.73914478263558
24.832443240167372,35.31250836891028
107.22924251726629,39.26623521815473
194.56663853433403,54.2287788021051
104.32831214097789,130.8913957744802
121.17440240664988,99.8342354757918
35.82906310215813,96.79042577391832
100.89401138371798,181.61866389724085
164.98704224029464,138.71873685935984
36.10953866409395,17.449863261891334
11.439918571433422,158.1241955130681
83.87513569108035,9.963225240754806
147.47842274450247,163.38256286356355
20.211258599949932,37.860231514708104
31.768684618636982,149.94110739772802
165.08506936682252,186.21004734772075
81.00645583970561,51.62004388327699
90.48623521900302,81.64831468136059
75.05228290322434,140.3310022456322
164.9143805612684,175.60381542456096
192.1277111020437,16.13356988851025
9.19857549189294,136.43551117200042
13.91005364598984,59.508253808688856
169.76579568984258,59.75547360385164
6.474936844972297,87.58718720713324
67.94910088039803,31.47475353082582
169.05044505759963,11.202004559820963
18.028477008583877,33.82526182053259
33.843930742202645,15.86453691512789
32.35133448423298,67.84418180345382
56.51419078062011,163.60039768682523
83.78517818267835,97.01790413265857
163.76373976715695,6.603203751747994
34.493456902139535,148.95575753463504
46.669717468767544,119.14605357020955
77.57555232563969,128.16201572007446
8.907887112991407,5.447979400436326
103.3572980885345,178.55292323494595
29.311077075698023,76.76241467338143
54.71693276925481,145.862015970608
184.58953465969157,156.8612065870103
189.6242733619847,37.9375444241142
178.00322772370575,148.40093413524195
145.928160352393,32.850547090231494
19.211079337376244,154.7326756138379
180.00225811562197,44.047137373619684
194.61747198190665,53.962150365951565
163.87304188783108,83.79046212630438
165.89299693812544,39.3802278217055
187.83072772679677,176.80937646156303
175.80416783781573,58.8404900910982
194.23686890004785,139.71696041920785
57.11590073452719,135.0227014075268
36.441071633709456,117.50315432882483
196.46435872505793,123.20438847916836
14.026612607401896,63.8323619978067
192.92282243438441,62.96687417081552
176.88365439490912,53.18687401457687
26.856338921736125,131.90491878182263
170.71492589300047,142.99313662557097
89.26053920977809,129.956310006737
143.5276364038415,181.85167675770182
192.99023791776176,149.35753218602926
143.87850704435854,100.03298372549688
142.14620907054083,43.73042719919966
50.98672363806478,55.1486121350737
110.27484705055795,164.94775999063572
106.87876001126216,162.33831078303365
29.354386735031607,132.09207894162893
93.27437573621064,182.86007102813008
60.25426368102844,10.374499714646163
142.65236908760724,27.915578192084617
41.64464429740708,129.7287621039653
178.68338756545197,71.76787866713805
89.51729501666676,34.1026022791032
123.19721993311295,68.073922442722
84.92451702535367,165.80166898798763
188.87661846488723,115.70152473403954
121.06728991870915,41.63830812291624
181.85764333271638,52.03918389263189
159.2518101979395,187.56194081018452
49.198194263026544,91.8909315198993
105.52149833512888,103.82781763440295
82.35380893553011,76.18570374731597
171.3171429488973,63.12170476722658
32.67097377330367,159.84437505278436
150.1649246431022,141.99256813145166
90.9119470004467,157.44953430409294
142.4947791452167,29.029432679412974
5.5125985801746635,93.31066505158985
149.12033095506487,147.02090132685254
181.97218414436057,84.08412968109994
165.35381656227304,196.54353710537615
188.19613800595178,39.75369590311005
183.38900095476313,142.17076680387692
97.9976900563295,5.147538183124015
110.46637622399494,190.69650947849937
167.1583345180442,27.27714576249678
8.58287879916835,71.84453323140801
168.9069863447163,157.85016558237325
164.778270690414,154.5533756002233
11.43034932292009,183.33398291686305
168.49651697034167,183.11053266546998
79.24302831529845,99.43352782154892
82.56901520156833,155.57668139135032
171.72511583823882,79.94982323468868
182.70255867183738,191.34603341868214
141.80910320878615,175.43658362112424
39.487134586316245,115.30100584763841
119.70430278337523,75.29299313912699
40.72518639334878,67.5142924474044
31.397447324536454,137.96362808553482
187.61139157909034,155.14751263737722
171.57836943857072,126.18021135550075
196.63231200462553,155.25645343861441
101.86172425355628,43.810651856943494
194.80942662252522,25.12417279694043
108.55076694227918,60.696833890214144
182.69539565877798,137.8294769146668
46.891659330365115,83.59476194752519
119.23932152527523,74.74823524799965
6.299505562633579,13.574797407125663
46.351722646714585,118.88894166721639
155.9479359714602,130.70009583645674
120.6478437565851,190.6908324646198
39.06104404400026,30.599147197629417
158.20404622327786,23.47039129496009
184.3566708920209,82.91866340236042
186.57237526317272,64.78985389065454
102.56744702092837,158.22179570323945
57.14517579420628,166.70223471225697
149.52743965649353,82.19448294978876
37.52612465629254,34.48891258358545
111.0609504254037,162.67745852308352
80.8510315159719,80.51829807564056
99.27796399258588,59.67811131902513
60.912518427161395,126.79873948323439
78.96394782778432,77.06839437835922
17.971826286650305,23.842533021382735
54.62939938939214,106.63293767397535
108.98389391491766,149.60158274513554
34.3500139415572,25.747964982759157
158.8044843067652,128.871674335639
15.676832776031397,182.52062951769318
40.2233550980507,155.52596259264905
57.26754924053137,154.8988809874919
101.13817775569878,40.18830608179062
191.0353811145338,133.7481327762298
117.33996081041136,148.340040537346
55.82214478562297,84.99396591059042
50.211169083360154,83.41754730190881
90.67336513692383,141.70026427988086
114.14342967378563,32.68141460135978
49.27522996851442,192.01622677834249
99.41353026017978,39.93970253452759
157.26013911022187,187.97391120408636
124.49520486093759,42.11615553371267
97.37714938333423,130.9900819953574
143.6844261649088,176.6800656383289
9.847018969307529,74.60317444621754
98.79689465425795,88.05883440759817
172.54846054693118,132.897237598168
112.54619651260674,148.08729111655262
100.7027096726336,97.41052260391525
84.8035803479022,96.70272619368939
97.93641572394957,124.47870985942937
85.40016189119547,105.30166144695053
49.5502368866435,103.82968145167317
84.03276984542961,84.2377334447888
88.03850430386575,101.036808776904
111.0242150912024,93.36513372799631
176.86096386187802,103.41145836560392
82.59994082640758,41.94842876521091
168.6607567651075,114.68188486933093
153.77011912368096,182.77455125599187
97.36942770621523,107.28584768730735
52.52899498414678,131.9653853197472
22.18149044983457,82.75135135677151
156.53011375778027,109.23848500206776
12.57541792351889,142.81098419758916
156.07512192180525,176.34503054442743
23.799675749916858,131.87169174157017
111.48806487017248,137.44733032924302
15.519400112848356,83.12660552035713
78.47614271776834,168.27751028343428
103.80148470841497,44.26894578088933
52.130811068703935,146.1379946094277
119.96525120837084,127.81154822576723
110.5840553110502,56.87063107358558
122.65412961950642,186.2556810165201
40.47932496103583,72.33296485206326
28.258508883823257,165.837237418556
104.40494339967698,69.14140083981742
71.40563431238179,36.35670170775899
80.40770932352528,5.549783622993909
102.72864628827733,100.43595863337421
174.7391823648702,48.95010503845812
13.671983944721259,147.4209249120885
143.71426422037544,70.59641659263207
168.71847850052205,60.54198624557463
58.020139013120506,26.115129837078413
101.74338689348306,48.95665134196512
59.84153223714104,56.52232212491348
152.9460356709879,56.5715325855543
11.314050525919338,79.41539821626606
157.13970232994066,153.77122222165198
36.68785289487904,177.55297583517714
177.91068925690078,178.48714738148894
119.14649361006943,170.13144572194946
9.345415977735628,159.27196237442263
27.626579057422113,117.4610514093054
174.45758863414866,130.31657219484845
143.6516754990176,166.8035593635841
95.20188366943246,81.08052910944356
58.47015740752867,167.06160061827907
104.33024686060034,82.91269659108173
30.8290735750829,16.319840667488187
58.600451686936495,183.0687424559092
29.85763557166402,54.57870557657258
146.74280011525912,118.61538932296045
161.4672808333386,150.85620402449905
180.18411805960957,51.331832265279786
181.02841269984006,184.18415798932338
150.610538828196,25.98248313491826
186.3992768214016,14.82515301703782
176.13130411789678,19.996811348968123
52.02514901420093,120.96819767781038
57.64593997269935,34.63536221260194
10.780504756534846,19.99366525026464
128.6398607703464,104.55652755106685
147.0737650173798,39.571912529775496
149.89271508558326,48.18490782811438
166.70189458928883,54.41681514172114
115.85356676003872,57.03741396046941
93.88690849005341,132.30275824656712
124.68524295664514,36.02644838167009
183.15645501241357,150.70205877101012
91.13694572992628,36.70148647507385
176.44518920718767,120.85255706954034
122.32664681767532,85.7906752135287
91.62719169510089,163.01922332421648
116.22678883901395,32.131689863348655
37.339132052305956,161.86631671193751
51.94689295419794,155.67912516105554
16.569404808371488,32.06429091293096
122.50449385205097,71.34607350653532
43.87117696860515,160.7084321087884
176.97645950549287,42.160524719075624
177.9927186108134,33.27965473450583
56.891631071514304,161.21280177517707
22.81117271161497,38.71942370786474
182.9820003086525,113.12419115815106
155.33469977097587,155.83388211455983
113.61740531314105,67.39866751113959
151.9734484972245,53.459567203465696
30.461452948361682,83.03733966731798
39.837796758167656,69.69531568203017
195.71179695908353,139.1012996968725
18.433501577641636,32.213399162200545
124.75546652031407,45.591611583820516
124.03256736360268,151.57732620391496
157.0422671442738,6.025333743153558
107.54640049221405,141.24203525260756
29.789834031341115,167.0415018783172
171.80105740464094,35.700707209044154
38.988546855336644,195.0643905675235
110.40125593670858,65.81532425652242
164.25216885087085,61.469591422173586
23.182340977537716,168.41902472971879
92.21870224898666,31.713031188698448
169.26477135767993,192.77422622368982
77.14493268150095,134.52257578232798
52.51066838497841,191.09395959642612
90.37077439341299,57.329835647156436
6.294657972868175,188.09133652917768
56.50837134498644,193.44209547097043
41.841751388039796,171.9852020389677
84.72988937819484,173.96257637247464
5.071538656288489,136.25419370108744
147.0950431662731,40.84483957550222
109.63466773854402,43.51877046187905
108.36695162143847,101.69098435074649
116.80210384315625,136.99650299439867
43.9011422391216,131.44881716316416
158.52320209152595,132.16857452619706
49.1460712025692,177.3052974753071
119.61131993498215,160.66650022786553
83.99540475300284,171.02571491411217
89.32794556805149,63.16621326758725
24.434755648209176,21.2578690617797
164.75284856034315,65.99812060157885
19.419502439933964,135.52842213437935
64.51993011607381,35.50984384091558
40.34997326141297,158.2786727379377
36.4792299736261,95.83548174391498
77.18500450426605,97.5146779920642
187.18947573370423,168.23039871130632
112.41104165210925,147.92792349042028
97.27046660117954,168.73397822587492
96.6830083017266,101.89483820657033
193.50090191087185,152.26847947374608
99.25135047234224,79.25884964923135
104.48223940928676,38.670085372682124
145.01268998448577,26.927675434260998
195.09120326840514,38.99382107007628
88.51804924230667,133.8106774489679
96.15698946262788,70.77472599015165
86.58059576236663,95.85826670348077
153.9913500958925,188.58892092045542
191.69803586486913,62.62417080616085
160.53083579784274,165.1897469380055
100.95522246264031,192.88846390672006
113.38806910034864,83.59565098629162
59.36435778783126,82.94113265812709
21.447810196513927,119.4850259405076
193.91494552666757,118.35959828008822
19.73367846479533,108.50487328157456
99.5520377623022,33.95635966165547
15.200739081843507,119.81239224021074
163.3681253444615,145.56861261951641
36.29470704947439,7.102609147859094
83.59553506386342,37.1482528227358
147.93169658413146,148.0810902701677
97.12153815185556,178.71874644095962
48.45356382824954,35.17841977000544
171.38417221098376,194.16362648896964
29.467446873010932,101.99570928356935
142.9355236783687,47.778120338032096
175.02002857082482,182.584672354818
129.03575062934297,106.91253284766044
78.7945253901564,162.25587701809064
153.86964429861828,159.01007356218142
15.848195487748075,53.984976289120894
79.38987974916431,84.6522495180987
172.03493557034227,183.79748599279637
176.07719415127852,52.18766646508571
158.82824218990646,182.5367175457562
168.75166844155433,125.68411918164318
82.05328501153298,173.08430225833337
46.320515354239134,159.7916297250566
133.3295712423308,109.65124531790713
108.73811176514013,188.70887388779275
50.60580420245301,157.0177673700681
195.58109313234996,112.74234778876955
176.01753230086018,103.46617044588992
112.55072769204341,66.47905949764379
77.02446667595179,5.883485655183849
173.20326217126924,29.23497346948871
46.78320628260921,135.81120329953782
179.4700490716664,62.889978201688436
104.14951634571129,64.00495975647777
105.09583817579971,107.56891813193418
7.568837210194506,172.56320177421577
35.182846463523866,130.15467649259415
145.76478605061575,116.48568575205512
118.1249519008723,98.34941326478229
164.77742858799294,14.183153604667737
153.40813666396744,106.1069634711524
78.3152780526986,191.6437615237048
28.40664356363452,172.43945249250146
6.650522497704273,136.1773966678249
50.60061813443656,73.29798018763968
41.55290761006752,128.74699989611798
186.94074563443405,168.78610208006648
62.294454286993556,29.13045059793483
101.21399655317043,90.15873096616606
174.47068621449478,146.27086810297257
195.4399908351201,17.399094183508222
190.69802225962604,65.46555828338634
50.09700085456542,125.81344095568464
51.251207249970385,139.57477384971736
157.19074076882598,53.358448629872385
57.09653279606055,155.24091164100278
125.94553487582291,47.554609808386516
124.80373596617754,179.74911428341656
109.00563674938712,78.0287573357538
14.079246643155907,184.78442174242184
32.81212522424945,99.78545325263183
10.97819926412468,27.50964601883072
111.2402342544412,125.06678428751508
114.54628834134476,87.2949884699815
102.62495871845671,74.92944160916127
38.775208932620124,162.63609572919594
59.959588553681314,131.48788675292494
10.35286947696027,196.73635348757486
117.48699920517205,130.4164439430457
167.7401315967375,108.5494411541341
122.26261766389861,64.02967444567021
5.00996828386693,102.15868655050677
174.67535977927048,108.0513519493838
93.99690665711417,177.96899915217028
19.698404806542307,84.0220362504304
32.38411930903269,78.16150445958877
5.607626264451668,9.883552477114431
11.388431994303465,141.57697736954404
99.38098364537413,8.94441890049481
120.0419020400809,152.73260010113518
98.57474797692517,189.97499845321855
19.663600187410722,77.92239116425327
152.6656061657372,147.31592950357037
149.8547470608719,160.09756901929956
55.03073864445289,186.47204325436314
33.51084168447218,166.90706353406875
121.12418406064431,137.43352940849542
87.49173478264525,99.75293804095827
13.717267549871856,180.92435100481103
5.135447184520539,124.71533941247976
173.0550541153194,104.56876156077533
90.0621114908199,168.21887308916988
36.98015455471207,161.56159580641744
47.36433054875041,119.06522424254985
79.42308620407371,60.06768437793132
186.30780588073208,48.48953285627426
195.3492896997674,157.9748474699561
50.70505332741595,33.36352253296846
175.94759862747523,57.35798580434042
38.06486734738593,69.84136016805489
31.141924254327368,144.44551016375553
17.66648885417257,111.06938829983449
77.34726912160141,60.74786079657045
38.65910440400209,154.0193280639126
12.707578309086326,27.69602187833267
30.341818843425187,88.12037563422702
42.36222738956739,12.403093047043344
25.335528304627815,165.94724227308527
96.66318310091603,97.44293036912806
164.72558568732768,60.69719970559508
60.008210354620864,99.74187951659718
7.3688011589661455,129.22983924139837
20.087793859497626,70.69087043947533
175.70199354625584,126.19231935764388
107.80884360257512,35.394465117290515
113.2777619270616,49.104066727379106
187.13176265594186,31.74929448944474
37.613908130223535,189.36982035444046
164.72625133938737,193.8748612621067
32.94204996608429,53.52819926797187
109.76542714759658,90.90420381083199
18.24691508750758,155.85925185236897
81.66805203045882,191.02415569298321
170.84052496665325,183.4102108918217
18.064254663988834,191.01586351810593
27.333364665492205,148.71178026595513
184.76151347911775,78.9707919003501
104.70921845744093,74.50139458521032
39.24157239300683,32.03487946428825
113.9052575049912,67.23131394631204
23.744230571123722,191.19853444203216
38.08132139822205,75.47855938331712
115.0119622592823,40.23642674102358
26.122112530461933,83.84218636330597
154.68380737826345,131.49363150123634
179.43743189901213,166.31074502151185
10.692732750411691,141.18755523108612
118.68247777777015,131.66662511705576
24.15133255825602,6.212913712554041
188.83159138121056,107.76324938910241
96.21515572273023,40.51615422244299
190.55741768590337,62.59509883860324
168.18142918369315,27.595926951446202
105.46749900456702,180.1940435940332
92.418356911825,107.10163704279344
24.708724236585432,78.44172676301778
164.15050036428224,76.32043660169246
152.02135046962073,164.45036048725652
96.99634820929272,83.40302276793675
40.336407609003054,114.15096953113269
81.12450691754671,193.36983532817047
125.33515127930791,162.39639262671275
162.04671565403208,145.37171289019213
24.86027775579648,149.25884011396002
188.19404917133286,65.65971564315645
159.66642672082742,15.985522867337389
168.25725366332895,131.85350398825508
38.38427616297182,55.53237489489262
37.046059309632454,181.35793798942015
85.26434248595834,73.6260109116494
41.01450528972978,176.13734996025892
58.29800575038442,6.789664068413556
121.09533018352963,84.78805228980409
173.79504989925474,161.42368266656527
190.94969644123958,37.356088196461755
114.12861854108975,79.59485208276081
109.87932043099644,151.00362243203793
156.14199485903922,85.4962933602363
12.127755893541844,58.02490283903127
160.55892509959764,72.99237990136604
12.405199486808563,144.2910786169312
184.39343009307916,80.71198608059841
37.857562138104456,185.2617484950438
60.61649830610378,126.493814748786
39.11568924033542,158.94360585002843
165.30076270237237,47.05082749108993
16.687469604610634,60.8659594432796
123.6058988633688,91.47800239206008
191.96499746913423,135.41865412974613
192.47649935942195,189.9618838520389
158.0170806216063,181.86620162093075
73.07662340929856,36.23984723932516
121.9768084085412,186.58606602761876
24.088057254913373,131.20165364219156
29.004480738775015,122.47095095447573
20.109501480455503,83.90684456551567
119.18552254179008,187.5426388936578
122.23804649642294,87.14403572090558
43.20839069707778,140.69370358696344
11.386480695410345,101.32904379398254
81.96650339392666,160.98324727424085
32.87029140322688,159.62868616357832
141.5036356911404,154.55886552709987
46.27059580509151,136.03093830948228
151.99076862656747,82.20131004023081
8.17498423575574,10.181994096541514
170.63939597916752,152.22715278053693
187.37845314074872,172.45785890059943
46.69209755958377,10.060743467458886
124.55908673403559,147.1321418346678
147.45711057666327,68.98072039558278
86.81861075383748,153.72139030663527
34.79192368956991,34.76943332071952
7.276743046803806,88.51870209791308
41.80352132269878,10.88226123526545
30.234231082308238,16.535509678041766
115.38340747175943,109.97405418495332
150.6814568283516,42.145416600358594
59.520651152170174,107.76532300874742
190.9413544791848,158.35393033493852
19.049688119647822,29.204579326569622
99.01905552707927,102.20346277418622
191.47623065915613,54.43507505208972
58.256896106902154,144.2044747337111
167.05684871598518,7.248547870413187
86.14793970829234,31.09669950023713
22.91465472095386,25.55735332482293
92.84023642896129,160.2331520934876
26.326382348921896,38.41944182920966
128.02632477847317,109.15060775006809
97.58847900531872,101.4753398749448
99.39355257862832,96.81205706007376
118.59823511774098,175.62703747796456
190.80423747673055,132.2548654572738
43.66960717353705,119.28041591866625
159.11951229407245,30.220218767401015
78.47901213829752,108.92813705918333
101.95644633938703,77.50260798479542
72.64560101361884,38.19056595847237
56.49139587801649,196.6650175834795
54.676436185567475,90.94137409090645
60.76959978415919,99.38436942599347
92.98657732975875,139.51573085355136
115.46951034849167,135.69205728920994
147.48874719946306,20.329750963073945
54.01149600003128,145.44341349336253
19.378871872491803,190.75083094863572
79.72198961824652,34.735950468441594
196.7055162422377,145.8741324388951
176.33340376907205,42.05707600799265
142.62331145261666,49.572786116056356
175.56028197870074,71.47650197037447
117.77061258252974,161.4845107519179
193.03463804105644,150.6560263066805
176.84948647695649,157.15313668514293
111.2570846398856,73.38278338361981
186.6081228198597,192.76125201410412
91.8856533891855,132.9791643193632
144.08110898867668,119.95553651120912
124.90586948198865,10.168066041157823
23.949843867395302,11.493120342683895
49.381884780233456,12.783165436543811
99.87108312758077,97.03538711156828
35.485790018753484,86.30646839685352
124.62083132029989,51.68454972269617
178.06054169492947,126.68061154907019
55.34946677562892,146.96353539420787
100.69190124488561,137.95066740705946
165.0598407416452,156.86611381579667
175.9472901394644,142.42526894667708
84.60839360351409,138.34777120169056
165.2311699558287,8.341700198165476
125.90404725169253,66.8987065241293
32.348378203394546,143.7415692606021
85.66482694716976,75.2298143777145
34.32556725823899,28.021226134520326
124.77518634105718,150.76005110901903
146.69913398750074,183.36476185856958
40.21126686730953,151.01940107683959
30.069331263063546,69.71749470730293
123.71354550537667,55.432888988514584
10.0,25.0
180.0,180.0