59.08572543887534,143.22651586226914
190.25148373207006,39.18528987798129
183.06588301729545,5.187315671338994
109.49704655363568,181.14899643479686
76.23364953678134,107.08761568595271
20.941601457470465,63.37481569342225
81.82691966674571,6.158029500185675
172.33518785124366,88.88629472148953
80.98472635351926,72.44496936131172
47.70676249426377,163.14599163226075
120.22040861674785,123.46079777206802
42.44216759817085,116.08366253266584
81.44556288089797,84.68322996525816
126.0730499961438,189.55956146515504
21.870892404633043,49.153428391241846
194.82048848486852,35.05418679534344
158.51673113679323,24.76463350204506
35.02159301785555,74.63576017999839
33.72557203391277,9.810862356706686
182.10659691029295,82.90850507323199
15.813230942073707,9.39739217552524
155.2001344354389,91.79467255468944
89.2096646685525,111.43202407697005
196.60195395506886,14.43168907044805
183.22293572440267,172.50063366749185
160.22445718554238,168.81938003248848
150.03897196719421,175.8473790214095
115.33918433790603,115.27286741440014
157.8349610252024,104.56954638860654
176.85685430226172,25.999699575594295
56.80874146890987,44.737429083987884
149.07064395566556,25.76937243588378
109.91850474560339,196.96247497026258
29.888964290841095,48.82813040272543
195.44978344403188,14.870242474825876
190.30282638595384,10.38109894618738
75.68061843835851,82.82585583096255
149.95477207602033,37.30488101780508
184.58948527479282,5.68843936705323
47.92291300605223,164.64582450205347
12.060490483988524,62.42393553827795
23.990094696242508,19.59151483109032
188.20933955617292,90.82521099037577
120.0598823057173,176.76344601133607
152.20980288425986,144.4826151139197
119.79536920583769,30.263477238298275
7.849464630965664,165.32282040125776
40.35772071330075,143.47982057733628
34.73669523080656,104.26761322407937
150.59098918391172,18.386038483794895
83.2100534374034,5.848375718599093
77.1237833579473,137.68839206430295
87.77240656951999,183.0918326467321
157.50186294344604,153.46758829358728
116.73182835014052,84.60042926780034
153.82881415826742,35.698919861653955
53.803840909114726,130.3585373735202
97.12717290678098,9.537463289944334
31.666878938941295,11.78442240473491
22.075222843196272,189.83420428472675
164.36954896106053,32.12185983540865
147.93675526151256,120.19702992690088
78.11394968687436,61.93468800484762
112.77552314031716,81.1133736415192
184.2775683857248,110.18056102007348
34.450485059118215,52.680970294477646
45.52244983507285,81.48543706592102
37.26470391887021,166.11525072807703
164.2027529910284,121.85587342945485
188.75066808601753,186.09279929250758
98.39317271905861,14.789098085986309
173.53251500108942,144.23101932800802
110.91125165478047,180.42568362154407
13.451088557827667,17.040492140438385
20.10128112487749,124.5759310840124
104.81884815387589,155.33411255922624
60.29666561727942,36.266533000415016
40.17947031269898,178.8200703004392
124.04868788480803,135.14025061432346
176.41879360665422,124.238628701029
144.22810256275932,78.02379457658047
36.24929141340402,185.1819564724789
75.73100381517774,132.8759769810091
58.77502995204792,148.1566030934754
83.72389212500525,80.1771776923383
191.13494150201578,147.08136318503165
46.92097493002779,24.246435101601858
166.51916691725128,77.46820371661619
68.25977347060405,82.25439873644213
16.414243512882035,24.843160016438723
113.9108885633114,160.43694053609298
156.40000692871328,157.41302163404458
102.93482231081278,7.090260947201315
19.542931653366857,16.115517386349577
126.03446509867607,77.62760660255213
5.02777531695701,51.950961101447014
106.24594797321893,140.11967056633182
90.29079859625188,35.45514313732476
117.13400881467675,119.67790429131183
10.69162915996921,104.88729634795202
92.5734829417859,135.64602567850787
5.910221359004265,29.734117989198797
5.751362909981968,148.4557523448905
84.29961281241272,26.110661139405156
194.01344607144745,164.3016845493084
39.16203106725338,137.0556044018506
112.53048147919534,66.6409280653693
126.5398709472787,32.5286876120106
190.26405792151215,127.21120021105841
186.36967138069127,118.12137572125201
40.39645042280289,8.668993308473754
9.997958030297085,195.58865367709222
14.146111779199028,109.22567935594451
159.80800273501052,140.11607411203326
57.23431774688395,178.31322295536765
58.18021401103491,120.77560476984605
141.8397026903812,131.53650111217692
112.1019470911565,109.70403918808134
97.32839152407682,172.36535435366804
93.54674271293732,17.14522090162944
193.09198428204158,10.334793862073493
194.8056969145096,126.67575732076686
160.34316414297132,108.84844845173228
115.73425512665929,69.7096892845996
95.73746776446276,177.4924799597817
124.21880785003911,86.10206917905184
50.70982584001243,147.43379237654665
40.902648728967876,167.9462113522577
37.31519213239118,132.09608996362834
60.48707330666749,47.840816566653224
8.19106197427839,190.56861253859523
188.03327152125019,68.34113053255825
16.854077945146532,176.29371114736017
39.09298435429317,62.711730161639395
95.801824668936,26.481545820355812
117.49225249122568,161.42826371921987
75.63000616194307,176.5959125181448
25.44500639527849,169.37621094169927
185.6853760734729,76.92217628726411
110.22052718651862,127.43336081926212
54.901136492603904,183.82702349681887
179.72638800274154,195.9019172028257
86.44372228255881,80.63773504251795
89.33710971401659,196.0549695169898
184.07328176977185,108.50934990776655
143.49380233084293,73.96805545422575
102.28510322379285,192.07188252869398
102.60463201203612,83.02081233415728
16.43669256965637,115.40895180642495
167.3091132638322,170.94833155957681
45.774425702571286,138.5778938269351
180.7502741649649,125.99912329138967
106.52905368288764,33.838133043802415
187.67129904339305,186.8135313816529
54.876077373244804,156.58448702393898
142.3629256171922,132.840457746815
190.09266320776115,124.78121283395738
168.90216578584293,172.86113612225415
166.37404764348832,84.79177761969092
22.70944625974027,29.39240855875201
55.33692258714103,190.4916700634526
161.44104456637956,70.4760241698864
142.75119351504208,35.61937020514189
184.72519683551582,21.6452033210422
21.24330558452453,122.59184917827247
57.25795085490421,190.1403408616122
102.3058116855279,137.43337068112697
149.6026237298969,132.62368298026774
32.289233855880454,44.251809956967925
141.90011705371154,122.3114200237076
14.919836018666077,39.98760743170019
172.32827881455603,63.89256655264058
46.28684051972669,124.93231066728755
180.50958686169815,130.99445505400513
89.39126356520401,160.35401136048975
37.28968541593144,76.3284631155767
53.73723437964197,178.64670061967837
85.08765051487634,128.31555465027475
108.92848174577917,167.2171414910816
118.63378217059321,194.6502762441326
109.37370616815166,161.48669891856906
29.15196249244621,47.16996821568784
96.27185640461003,179.25966963767164
8.990264979423332,46.993362670127034
80.3218484972244,83.41002557359931
6.946624824711632,9.715345705110497
190.0946956372122,78.56363587938606
147.4988248360658,67.03679231364019
193.9324343702947,187.10978480947793
172.94119251860695,130.74786790716254
106.98184904168095,40.198651047083416
13.467470258901766,148.96485310322646
126.67382687962464,123.3021521385309
184.361453762644,14.47144869307496
175.0693554336682,89.94423633669814
162.05187674301234,9.427425078191213
116.89517166263441,152.1920804928459
149.1908160427402,77.98606611810652
142.70255322070764,164.50550114718226
9.134104374797518,129.20783481393403
36.45998296615369,103.15532575156023
20.773529829388668,170.69249709328287
81.80869465221822,110.3703820317565
80.95379553869112,80.96319240507476
154.5017880866753,66.12650991164986
85.39592365068405,35.83373863777541
24.427331868311203,52.914965654453674
93.73759953452459,145.8130666229244
120.7965265678812,17.785673503763725
16.473129498056835,115.9217101541263
92.34098150737694,191.98841265754703
93.7567882015907,144.94906720608165
52.694326093261,13.90570884779014
141.98464280717548,36.305510259201384
57.08359902515031,195.06572694386017
183.92889797057214,122.30278556892468
7.169190247043156,5.931135290192977
37.124921804847446,136.44765909490962
20.523039719545757,53.95869209128537
33.54228414528234,141.50139854409016
25.36080370113911,155.76203490106835
83.80122781238086,74.06235748837692
102.61613132347993,64.15218202788968
98.72905060641874,35.067501269487344
47.540283299023855,7.311838835358928
43.732639683847,78.66584470098094
177.78933584363423,23.119566979709344
59.08944478946641,70.32013096106431
54.54109327558178,37.03472128955943
87.51502769104319,141.87017810902668
91.84530251678962,104.80050497528967
31.6975487176703,127.2701213501734
124.7704619297866,24.45799754674938
17.41931630845038,170.45258921233665
39.220117080657715,69.70719959876278
27.981797856203176,149.1149503825374
165.85959716974153,73.93065697586839
148.07239814880415,130.38536351459413
110.74354434016526,23.196491666654136
12.794240662663162,57.040290598800006
161.99305878480325,69.37054512442185
176.43975278425833,195.466965794991
192.0438676575833,171.10208869290884
48.07801222061657,124.46532779352609
152.46045728571252,96.43391976180736
56.53637119694244,11.908618969327158
145.5873790283776,58.71425607250811
37.94999347337169,193.86147302005338
164.85687275357876,37.65229142752744
19.346743700890755,103.22479312993434
175.00063918852737,82.40233844060575
50.01383915263772,126.53855537329132
59.889371682299526,13.75954957617899
154.42990729217445,61.145123655171474
150.99074940475208,125.20927966027341
115.87559582759155,164.1582962716197
143.14099949208403,143.74220461632444
32.205898815215996,5.736438888658581
7.768187326966836,152.59015455806696
18.82312821586736,144.00532953025436
187.01526925461116,60.66830077582203
154.0878719449724,40.26590182380802
11.277689186617836,69.68129669258963
179.45264150927846,32.7252111294838
108.04251578071138,80.09596509082043
194.1796672228356,185.33475948689969
78.7058494170697,123.98918886044932
33.015221835879466,70.97784854252463
5.175278368936386,146.88238045153363
24.62066465146006,151.57967056955178
60.108095686802145,86.18605906009742
22.675740609680894,169.55038545457148
120.59961990055297,191.285300106409
49.14805296737302,151.74320546269593
57.94386179833769,46.11868903385436
52.74471313309569,126.7377078114887
154.29391021591044,137.20561923671966
14.801935865717782,168.3897315962647
162.1309217386469,116.31730050961093
32.61869555741876,108.56837349736237
148.8722229877092,183.56883344521415
81.90719722592026,72.10639353602157
166.73725376819223,158.7948649777342
93.12975839256416,40.70341182624514
57.5031316885048,130.73068342784683
31.66948690932636,168.40206408177022
28.69982930120357,168.86566252888298
162.172391314845,184.77551855456466
190.9099687093674,187.01284228225796
119.31461248708173,62.9197322399129
154.12372781584202,30.295703287074435
83.59199782397728,27.726712563910073
42.01995831353641,46.872696637576674
195.85671495284856,100.80541505561607
149.07567587328683,101.09330486600987
20.485926832839226,36.6138002487647
16.32582011967802,104.32226961576814
186.13355692106376,103.02796138016785
29.73035278625354,15.400348410862366
166.4734562245635,18.223295451702256
43.6793230227853,30.284888168721203
58.33288717175776,112.05794699043547
123.5643395471889,70.95801308687663
24.890891600420456,54.58812086042684
189.89820910730154,6.35423732171957
183.89596667458375,169.76995570255622
146.33350960351106,108.27723653237189
112.41952931389055,135.8813886209118
43.51416291530445,56.64795865280838
108.37965475054554,82.59182957999246
81.45201591809652,63.60718822738991
59.39334227554864,188.07138295581242
112.2135757826637,136.20427129104618
30.401318088698282,147.13888170570527
176.16945599532997,120.46320634897428
77.67078119967927,161.8162197395909
57.20753234446007,177.69798198897792
50.78053537822766,87.62181761783405
35.808073993665154,87.44191168394715
130.9572289507317,55.0283405342491
80.92480982926432,118.77956587324476
178.07566702359625,194.89360616104884
76.98148602079334,70.73412477490801
195.98227564521557,113.42116103704947
164.98715263943566,177.12180279862065
41.706201312142916,81.97585272263126
185.80038675336505,28.341566617645196
172.17225516200259,15.265340242525095
95.54846726175293,185.57824905600046
194.7305085495725,125.89821517236479
106.34386908805813,59.694656392245165
8.492172051022658,52.526936191542134
81.77924144627379,75.14752643951222
59.236847221834665,23.945161767454827
40.263151015016064,65.65605807075056
144.4349625742906,131.29105700435204
169.90907284445603,120.93394277781718
78.19670282438642,8.44158852545114
100.09674438580561,157.73343571014902
94.49063412203031,7.7812681809960225
162.54646657025862,98.6858444008204
49.36770664617429,17.670598359074745
190.90099253595744,116.71393175996154
87.7092780119464,163.81946611132076
59.383806753385485,112.6232596103839
190.94978109086694,144.42535354194405
82.1820403430633,71.43514437597483
48.327926526505884,192.04630430458099
146.0510473268699,12.365732873459546
49.190663952112644,153.79407225211952
147.12528057885848,192.12737801805517
180.36336817219387,162.31441700913945
118.59130179329884,146.03085757450575
178.31301272783185,81.32769274383774
43.079943382993214,26.15832405412465
9.182329484399725,76.77704504772414
8.510565671376794,60.408256412491724
21.10864425912381,28.046480521826766
161.87749515310338,91.0496851458494
126.89184896902786,62.05502440455216
162.91298905975694,111.57441768555401
37.13270682988596,12.52931099089507
28.129714076426655,73.20250302034951
166.0569789187442,22.03379739569442
95.72615095804278,33.51499428486927
45.8795862353486,103.54828240866112
156.25181842461924,114.94413824635205
98.59582378604966,16.698825952923354
41.707395104247716,158.53514317396434
188.701971841843,88.49763024627674
168.91923244546706,93.49350986468485
124.59474142547073,133.07286572358413
186.17947487693144,93.83589197366669
147.41404403134663,125.94245375655868
80.33620340279852,134.35632234372838
84.0811006241981,170.68093602461505
144.36497468614144,55.62275008551071
194.04327563099963,100.70136202286311
195.76871198502957,7.4000498747254815
46.35395387098255,86.75509367883247
159.52295058948056,31.369443611482943
46.62652779807421,61.819327809227225
55.75045454023591,21.828077326811954
37.00689259010678,8.895073138076032
77.09303563369991,69.86921251680455
108.2464981694744,147.10592729654292
12.270508223134321,32.60421000364265
184.10309669530164,195.04804255747933
107.94467602485253,71.7981635986089
195.7640388201228,72.58683937094763
18.12066412351236,123.59276810557607
24.37394546769872,117.69107108369869
160.86180466383362,58.33329907143201
20.131778285556532,82.6143223958924
126.11714910936202,20.725396454009065
106.03986349546815,184.3788568657195
121.0046705260327,103.86407509157121
121.07565580913588,175.85935215189008
44.937477340123095,68.72978981530035
180.77978061559006,133.2304171961079
15.706253120282598,48.875774127975646
17.59472726155355,86.21340146640733
159.62617253005007,92.22089482799801
51.094578254155785,152.06545989977113
156.33475026343606,81.49034107966565
177.84988753721643,190.89173094946773
55.836283738260036,119.74950459380302
38.73313998711584,17.575875567682296
115.71767067757241,194.99716656500104
121.82867466321896,161.71779699904633
23.939238919067652,47.74355489870931
6.871566354957222,53.757376794815436
122.55730411013938,38.156489308275766
121.88508900485712,74.90029497197979
35.660836316681056,37.09012501563083
54.74156901073259,120.64874698604534
122.50888266338053,196.32247748658807
45.2288571205906,173.0137268987667
81.53182309796367,23.69032613448546
188.35926945973645,112.44348639325794
96.02327323234614,40.96098986909015
113.79338957144384,7.664830376523557
126.47524486985832,55.3324214834009
122.56006655922549,134.20225437918455
78.95780826730835,141.34307305927325
91.02489358993468,147.94351059583988
49.928634909868045,129.4929797456294
31.620290861405746,76.96434504775762
93.53583576113348,154.92170932229172
168.64157454666216,144.94483613407485
15.454749886878382,12.41412555483251
108.76527413734846,160.53911547395572
76.40758769067344,150.37339770971712
45.78630872043284,183.22380378563142
147.5859117923924,33.397113359516894
177.68107326705112,147.07797148597373
56.812851765057786,102.91428292484653
150.8848346395003,120.2486059844052
32.89530474564524,41.18005333516438
40.74250040148204,187.1844876111881
168.84340785254702,151.71606029072547
73.01532663607868,80.94553665552307
186.37552586793637,25.81839172199105
160.43584112785098,67.29998600736326
152.49915685245674,138.10469796965307
51.00879069021296,78.11033226864535
153.41410979016848,111.39799927222602
75.82150008670139,27.108896464003603
59.81034883904283,25.912179136807346
142.38778693483562,63.81483291201278
179.34512688289286,36.17931333620445
113.63131837500812,11.130334416413517
43.229857033528624,47.08489790237642
98.96707360599177,81.0815659935557
89.77433882990206,132.7679637527352
189.30149018848894,36.76276944537052
59.16274908361972,8.458048374349277
188.3492235221463,192.3154277233882
59.137476050327706,17.468025610837955
182.62945594385215,155.55347691349536
186.11499830806545,194.15352606929554
144.42886230489367,153.7059928140689
33.59743443826703,189.80657711103078
36.62627354162192,147.99206447978398
7.552342532144381,49.50693436492372
48.060376640690585,167.5421049410734
181.65510402762115,143.01641537388102
31.3968143718516,169.70360479484154
77.86962238045862,68.99121437218345
60.6745933189446,136.44036405419777
150.43457470367673,12.744032637185772
37.583563384554786,68.93379155737142
193.04022265698907,110.33987142110328
188.46664385133624,181.34690795528022
84.14339997613693,118.99186049071018
41.20119710491173,51.85906139320716
96.27022423576403,67.61534671112533
113.05897635029429,20.537181589611283
109.18217734800614,161.04670965718665
158.0655014326156,113.47076998870713
36.906858931179855,162.83850720833286
164.48395122188327,121.59272729872772
14.219335695278659,196.3368860721348
174.80055804709824,78.21050055635915
96.51531902095212,135.82356773497347
91.6621813702533,8.77242462875536
174.29224108935853,36.57971014956598
5.944952735283876,115.71144024796729
179.53455164614317,84.27605614225972
124.18825277721702,84.06342573952597
184.14388996034532,23.588680324661045
194.47039274637623,31.973711488349505
184.56713537537962,125.10841979317757
53.69267703025558,194.3993803686971
89.71167492537772,163.9338860179724
52.1479804092781,165.41490982068538
169.37355754117203,96.5242436881025
144.76003347102824,33.34749602972658
24.81362675612397,12.279266969415728
7.750630508445905,119.18454209357071
19.40097516074972,36.495240539989474
17.889844537164063,120.44122861414554
54.556036644171904,86.93681112785794
106.74598684170374,165.76485010558855
146.96714472964106,182.7608983734112
52.79127308850829,26.2429604732918
56.547295257001586,140.5367666196729
184.48831622601054,33.374323457870155
11.695113666076033,36.11198127427406
21.989423620065523,162.23177057749305
161.7757700529688,15.594393831333425
81.10691793133199,33.49319724183614
85.26602804477007,12.963556091856741
30.686757397439152,115.33559548631294
169.79725574535883,189.98674205231106
193.27513922879956,106.35123572307396
10.498295589534216,113.96637576007966
88.31798832101914,21.809319173642198
84.73595323139642,118.62679012401466
109.23754953531653,158.62592401641453
14.295494912727825,7.28109981777244
5.448535441833205,68.62022686339283
152.7591874659814,75.00208099451089
157.97223403174067,34.62542797588897
60.3051089607984,160.29286392748082
17.39974656165388,149.00326255405125
16.077388826906592,53.51718438485665
7.359772927536868,173.61422590912278
181.906258440425,169.44837816639904
26.138125065296677,129.3247332997129
56.83719579312477,68.92420918410195
177.33121867559348,85.6769370478864
171.55075907319477,112.09458044687585
41.09008131783042,196.9064437679806
101.30873882065018,163.17519835120473
180.94916473898738,149.9007529882356
19.682895596582263,68.07384378064076
111.39268500658072,9.335971395247364
167.56652506210997,20.780854118204974
77.19188504651909,135.98356167415483
92.91588712616014,172.13472517039355
160.14142352234373,120.01840552246556
166.6857713330166,80.81941586330741
23.36928238007315,175.81582974275352
166.45562147689523,33.29708887531671
26.180203012381426,14.918026647665789
191.1053224512757,160.26799348328657
182.43161747945445,63.08045184418153
164.16915866712037,135.20111632259724
93.99835401996704,136.02001798690273
18.517184650336787,145.84233426298454
183.2199390809108,154.11665647128902
186.55753955618445,8.28793304478669
182.21274269136694,187.56162962869584
170.41844535960647,28.90779759186882
195.32459286885984,34.34990282244405
114.78405174348842,172.81423174138877
106.40139733747799,109.38131601164058
178.6376026020987,37.65944471873295
174.0897582098417,61.3481832938387
141.8853202802808,124.73137259017768
146.2205822637935,91.9330645917046
148.62133490837354,91.12617003985022
163.7056630525354,102.1147827736298
103.19208641486226,174.79115357232797
186.3102272807728,179.3427662404183
48.07521853341706,180.4847804644056
56.92062386828194,66.43903583475219
86.6946447955197,30.601763566632837
178.77753708191776,74.75494796510927
102.93688419853007,72.6548094769745
193.61240817984282,132.06298604532682
177.52210726092807,113.04246211928215
150.54745517943604,63.29130170616157
59.30183045881144,67.1611163261814
117.34428248291663,162.19472865591044
85.40797657054756,123.66038816878972
40.48233788056465,75.44140214479262
176.20218252278013,193.79486551009083
105.48417653289776,183.8698758605723
38.533728840101986,137.37448121414462
18.534402889201168,10.794499272448835
166.27146719318657,102.78354022966556
30.15401096002468,47.00840152002904
37.415642850909464,62.080093255312406
78.57792877081239,160.37184983268787
174.0021464818931,65.70148497243284
115.89983611734122,195.80092823256862
42.10015806298401,45.17594712916
104.03807849182631,169.25423615580726
159.83334234673373,89.08987782856495
120.76142862007268,148.14845361921232
155.56035995580103,17.189659705023253
59.415009417655554,151.1386223359451
175.39153435287471,187.32035311222197
87.31125360781682,128.27777372311542
24.723295833318222,7.41386334794389
60.81290035923969,183.4105515479357
171.88449842711526,137.97765939041736
195.61253368084067,165.60987606168803
38.51106326829211,64.76714625622152
97.09345738469015,136.760997055311
173.6693562581921,13.012289377338908
18.990099382169983,166.44483061724114
173.51596424521549,182.87267808658436
42.79626102292608,146.42922203690787
50.68758326918289,61.39300864444732
5.692076366713925,138.43224091595283
117.8394499483671,161.74287095602736
101.73676180610104,136.27821469193526
7.010608864842386,36.176740923355936
107.30259128825683,137.81717725048463
8.74374722508318,78.88848456610442
174.70430623677103,36.948597497963256
95.7761591259172,159.71072462370185
57.12896265649638,47.033711581660015
20.85215755908305,73.27885285556634
96.14154543435977,182.9735057838545
17.474869814201067,47.982971354392866
165.48527027067823,73.53204357449557
176.28909267950831,28.962137683196637
123.87624594441033,29.441762559700877
53.68731450326854,112.91366120528846
6.174135271569726,47.2494598457596
156.06412233259925,110.39192790776386
59.655206169574335,195.29852954143456
38.27353019008578,133.5456883425299
104.37557438446098,77.8714359847531
109.2490100269787,131.68249842238828
189.5736392964657,87.687160723196
193.097776169226,82.1014219187197
170.2845912158415,161.1402925244967
92.10011348861754,168.34477861307514
163.32811763860025,188.03493624379973
171.757425046492,161.14376551950934
95.65541256550283,113.00888244032166
178.442734985069,102.31990647986005
116.78489757586028,170.90333717047514
56.913753213224965,28.635248903732542
143.4677708507197,158.457000650784
174.0619352344729,13.940435110009052
79.10782095534454,180.5663163556163
96.52183320695397,109.98826250678218
157.20908394540345,6.598482724610108
77.93064221397127,33.889529247190644
57.093121542027816,51.06410778913385
81.10065884422266,116.4640424120708
96.6046333399483,192.87733281571997
42.730204314047015,11.606913154206328
104.3801252652544,126.96308030694229
195.95205721624228,162.87512982648278
154.24686294661447,173.3894960134025
192.91706256549304,37.36997292215473
191.25522524463338,90.1702081068349
109.08060676244733,160.72701458809783
151.64343990998663,81.98752507097781
33.112772087908375,137.2524089834285
111.27534980740971,81.99059168798682
108.6756154543883,68.06453337614555
52.537554445340625,71.85703629930889
147.38875445480923,27.961083979341705
14.466429618534292,41.398058310532484
110.84351184871335,40.684918492210976
177.1195569883565,67.890344216932
98.87309798292863,193.90677769442252
181.2228643104703,21.541838689852657
17.983217792331356,25.9638339687238
182.29858314013774,189.65183354998442
9.61544094865224,153.6315445266639
16.045334633307192,126.26367527799398
30.11848641952939,139.5562963524217
103.13901851753425,103.11724487600036
80.47965039282894,139.5790994413666
117.67972738252897,8.697666896536688
15.65353335159912,77.26999550655233
151.01879085611375,66.4653167077719
172.95072184555488,118.95696240174608
169.25962110421275,126.22054510234422
159.87670014512435,90.06901952604292
166.80319415244364,180.68076101677002
172.28355603462694,187.8755568749313
185.7337725244784,69.57381384886936
193.05751397067223,174.99074873647487
101.25621655980605,147.32029759545406
154.11544846544354,193.91331345830193
94.07580039146373,127.67219865647044
141.19764901813824,109.04071638126294
45.57815243166993,187.29042183841895
21.030464511250536,132.42836801910383
178.5257658487079,135.27701591420376
55.315782076882975,121.80459298103155
36.20453965654192,60.199425158902706
10.974153312792456,24.05761945711028
174.5710240415678,56.11043700177535
163.70871117526747,9.957779506471471
158.1054534357162,93.30077444003864
22.359712941066505,137.74177839560875
152.71193260384325,195.55188030488344
158.36629204339346,87.56076741848248
37.845167963929256,108.0384824495936
177.74689529689851,11.593410888843414
30.622765845181778,191.0785400824693
152.5946928400881,24.330693870939445
122.07366424951645,143.27731026231575
151.22950387576253,129.58316810098376
119.49875876882834,150.8657199678116
49.126238354819975,42.68573115036785
29.255623644211965,195.60865693805061
165.60862128699014,69.95678567691742
55.78476953429641,102.50457025936815
179.4386803521249,195.17158212460134
43.57929225945891,135.3980958559881
124.0923689358671,189.69980363748965
61.9904873514828,80.36595367561482
17.625873628867783,86.14401103255783
160.49322783661395,86.16148172669219
75.91584587200744,194.2296757521627
76.592701925807,156.01291554383312
31.0062459226139,175.6213130695488
166.47890196741784,79.93316265343886
130.13991824322045,63.31229406843475
57.441333846524024,154.8103811454774
59.93203011470818,71.92464749418595
83.46477141025876,72.10065610203826
36.44714742995355,192.23652546265544
87.67389015244548,71.38735954375107
105.19124882615242,63.07031763467249
63.852647054457904,77.52759599696512
107.98239388206675,58.264996050370875
51.995173441642585,105.71124506634956
161.85875975382635,81.95905140917846
125.71916917197652,163.3889427536194
142.9060829729846,27.17645591713846
87.66794176745711,109.0217442331142
167.12613206140097,21.794689947480506
101.53294702341034,194.9246692868274
117.04585098671726,12.472493181060086
107.9176314277748,18.556778031454776
83.29885171559589,12.034146422763161
172.1172462927976,149.56163578883394
184.40552765223978,36.16793063628442
22.80280831857521,151.35705954715718
176.19687649386205,69.21362568163843
121.44215782320308,196.26739586713794
77.39029888879595,13.240107727178604
90.22414780432709,113.44884756572934
70.40691831638772,81.20798104875419
87.5710743840258,126.35727378234363
83.08242691483647,140.28102536829093
91.49035200716862,195.88038406473203
194.63033168410792,6.524469753943734
195.29369141821783,83.47293108807213
9.786213226143184,143.0156045051187
24.570304663234587,120.42991445086783
61.35985396314998,76.61069788943877
83.95248530163903,19.790840391257035
59.74345665973029,150.26143287957314
173.01322826673484,56.844034330052004
141.29239911886924,96.34181913988054
181.49989588143825,157.6196205019329
14.34046932275047,149.31626886794723
117.51004382626998,147.8587723081492
48.9507496466578,146.24050229558986
10.670555773154494,48.78246055294689
191.82138257600772,78.0234391533609
176.37696603390998,151.59795963243073
117.37200383874111,106.68961115577663
24.89751536515821,164.59535027263922
170.46818626487672,161.7689085821655
86.22932863919971,164.15689483403568
150.78856801100946,11.325070105317414
101.92016358446571,125.11427757064803
98.46997339370726,151.54128518818905
80.79948463951531,22.258227091673838
106.0111941589164,170.04965497934634
25.611764731568353,144.11679812560368
157.44437386550163,183.06738736797843
159.87032021138762,31.247578966881775
143.26405058495874,154.80577385129837
172.90461285942823,136.22240700433957
105.16902892408172,12.461580812304613
157.13938377535496,80.03083822831361
58.89626813849027,38.20649485531892
80.44351329371158,129.86731466394997
81.26347567862695,77.65021520908023
169.9358927288158,150.99232544479142
51.03394300360971,80.5448957741707
174.40233972288362,100.17686727665244
163.23422414662835,70.21805915766055
194.46514909477315,136.60201225596415
9.071914430987393,133.75702112254797
13.476460466366039,123.9960209657771
184.23619479860122,115.26566898988342
167.67945617685177,8.287332286769995
174.02991277423502,191.55095188319171
124.9769854031921,60.36077080166345
89.79149440140118,78.16398369427765
13.456314952392242,53.83019746211799
48.1429184564573,186.2609364100541
17.775327748811865,80.13533795482316
59.065191989141724,61.06146382180194
155.35432282587053,60.44157370708295
83.29405611695262,153.42029561959438
31.440732559610773,102.55429524472792
113.68478998077036,74.11257645998461
27.747797507629127,63.76438494897852
24.783676949814335,184.33481028926502
85.85733412285845,140.66045682941524
162.60686593717477,65.95566369440353
102.25407985535499,73.74544112978282
120.5111857968056,23.168454234511124
189.4362392017155,111.46734328097287
151.41641202032724,5.40787212179073
30.86960050748352,70.00677507168912
58.7794598533924,78.8926025125035
171.43503174463888,190.00700021450336
142.40642284903296,7.61088020028426
95.56143822247384,172.25109023011964
32.46829927191461,141.78837658196574
81.88874483626867,82.26642563753744
108.24508623279843,144.43512780222136
46.17904200446473,154.19229749523544
102.80361925259722,159.41253606660058
49.996336193900646,164.67568725769507
89.4422418468666,103.11767621543571
119.43958929451794,119.4462942798621
87.8716060005026,11.762034644903075
124.02309971494326,62.286886215942836
110.74867133961259,25.105626964202397
154.43640370033862,144.31829611085413
153.4670385236974,153.86142300172253
33.31138060194743,126.18696491564353
151.73696893023703,192.62806080407705
81.81581332165221,188.04848311051302
114.42294650084759,11.784388780259784
146.26487312089174,181.72748280212392
31.66647518323874,108.16127798074758
117.16620623666367,175.37657748142556
150.90034736369762,37.241963063173095
189.53663797182352,154.3534698059446
180.3612657726619,69.09775075699947
186.44117582393608,196.7856067290741
79.84016633831015,30.17404666152681
52.09569005021174,108.03886217847105
158.8865369514662,151.08137346383387
122.70299309513337,189.86726229763204
29.704303625369803,137.87865992849123
157.38911118354852,26.317522658630892
5.186886973345985,190.56331595084913
33.644244470138624,61.39594125274529
95.6437675735222,113.12666266911573
180.4503701138126,143.95281592644608
171.69384884838598,100.24692771415904
141.41802788192584,135.60382383243447
58.5932899422981,50.308673337693435
32.41257276772056,167.91492767706632
144.35357284554692,153.08138578387522
43.47881362072929,153.21439629268477
156.22696634732563,107.56223371512598
145.3577717288083,22.688257339660286
155.99301668816793,112.34990669328108
117.54148775034875,63.60945942221134
37.952015982769545,52.49663841506414
153.48676382073734,74.16900463725842
51.555741794959346,171.6846834545367
38.68462355290882,105.73039877780586
117.87513068752472,33.73108508416799
44.17765472250605,173.93587485764834
28.506293347475175,41.71325559943921
147.96084140081445,194.26093785046515
146.83777367059096,39.62849115593089
95.6790688756375,14.377178854607525
97.38542360404556,87.07236591797766
22.96638029003753,113.0824238113993
106.17689318500976,189.56592006254604
92.56801605392096,185.37814807076475
107.49401330780486,189.1655499242796
171.10052763468266,68.22685999602203
32.45831798495499,127.44096659581096
30.492070719702582,45.8505615956155
143.13938942055663,175.1847334860441
6.627079640898886,86.62150469525706
86.04981850497055,80.27681125447201
10.875164721979155,135.605467397486
16.012367490973475,102.20521481741564
15.19243565237486,155.00792062490018
79.21696947898526,160.81456437606948
145.03312507733355,184.65559267492586
79.70854925885493,185.35126572721754
45.12932277136149,49.64999195447035
178.51239655185876,166.28861939188687
26.510268469053273,162.91718931835481
109.68434242058478,154.28226736963467
34.274990802828896,157.8943011719682
171.84452101420214,87.741173898335
122.53933456538714,167.85741854233956
142.08031240062374,187.47494032512583
106.63326488023657,170.25467388558582
127.02176009140814,61.32687767228108
172.6541154358121,146.93324725486673
33.93806597686323,24.863525053374637
174.3442465466196,87.69058797073863
85.11207238654599,57.724372432458644
100.48460319476884,165.32956960713256
38.459143555314945,67.80803782268936
39.10192140373964,163.47370248382808
14.37296259175225,82.5180675436752
88.34201467039354,122.07722313367394
25.273383516865675,5.477292036955385
177.0942829779763,180.93183544501466
157.36480488778307,37.528089176852276
10.707935049015061,76.3049500788612
178.9354713117705,28.632417863458087
51.292854841655036,36.08025317763435
57.813166743108674,135.09910683546207
167.85209346720686,75.03505814391416
13.85496477777653,27.77190938741696
115.0388726592193,191.79915680144708
152.16727169729853,163.24437801292558
80.26660883359916,175.4698638154307
164.7775804717515,119.69018843973302
156.1198976726162,99.25246218881794
176.6219450665384,10.493540301409153
155.76776958634335,61.83078402762811
112.3435843070712,142.48265306475045
178.33371384025915,82.29945806786158
75.88512833791026,80.12609909123951
9.426725108559422,153.13250780205934
22.221129015903667,159.18353596563384
56.67581192524832,12.888468124838228
57.579429213717404,163.0265790868145
40.21637079461922,9.068451610054511
139.59982650965603,64.28032651585264
107.15062980398821,40.32027847039582
178.0578369207503,168.70623110187248
36.46042378537863,48.992685684443984
164.73640371276883,134.81369184276483
121.19346851820879,112.3405097186835
22.75608608333524,44.36011676608985
92.19373397128408,141.4297137314884
169.4543303350101,169.3416522213944
43.531349057971404,41.21698788938297
44.25980207495757,140.36908904307538
100.56773478389476,144.79309244188477
75.72308107374538,196.71561886613267
169.28222362131152,39.56842689743634
117.18097289964618,166.9235685532687
163.54814933483155,109.5328467509576
33.307204542858976,47.4381007685507
101.42998229886842,64.29791250708702
12.300624089307087,178.09869837639368
26.800901009840914,184.39806043052826
30.915953199652506,102.0460600150002
115.69515847892956,124.72492690726017
118.77647435974181,79.14205213186665
160.06660147418623,159.37782126478533
150.86884056173648,128.09958269173774
27.379952221374488,158.17561065113702
124.83428341728028,17.826853055230053
107.14697526522365,131.86496498412183
148.86881430630964,132.60662898705502
112.84837518821418,15.439233931551618
113.53676107618993,24.505055300178185
144.0130279237862,169.1078021619535
104.9215289658616,17.35114026483629
83.85016118179394,76.85298387860345
17.19213304436593,48.56080503863299
47.840434689596975,40.54055554446445
152.7613047493118,109.8107108313508
143.95044889046832,66.60416288492684
26.046698844925427,103.28016820736048
39.44712115148959,127.4888498883118
31.947362693434755,148.6005443550204
122.93468379982673,139.97917268510065
196.15557379845714,73.68471521278806
49.90583036157928,80.12782917467466
116.67257040571089,79.1792054050774
24.262410249646507,37.205478482535206
18.838704612352224,77.66408748087359
15.170325041831543,119.36273357957306
76.30554790100189,151.3649983634566
58.398450544128465,129.85119994036106
85.06625301700798,75.4504931658251
126.72035795278367,25.44764446199675
117.78331059580839,154.17859675906953
188.26091552714013,122.50763542827423
51.71569120380598,78.5200473769378
195.72843776517664,17.404122874998972
143.0979943149652,18.82963411102459
123.93458071756324,180.3808536680924
171.74377603030337,172.56675525205753
110.47597231259535,176.5617407891198
192.1253941473705,58.395262763093164
145.34409577579467,76.51262253190222
196.0154822406422,84.41343182081492
19.51102366703333,139.42413160548494
38.675236307173584,70.54912781158166
173.6314240877415,136.80507052312234
179.23456127998202,33.23883822395213
97.60979691975999,127.92786963646729
124.76641471649168,127.80979031097068
98.19084440375943,172.93912686301374
56.78573626173985,107.15337746222569
159.6747247570269,120.23811182185672
153.58268900585617,176.04551828865834
182.24323990992193,87.99106834335751
41.16032302609744,33.91412783087155
186.8952061361364,146.29792511542186
103.76555442295016,10.81726151306888
176.73009326688242,101.34729501749649
193.52643949636783,78.7595607159442
188.92386795201475,156.75158399064767
5.844481048189538,24.22356209183843
194.6302197375061,90.55804100277363
10.51203835416951,131.45290725018563
121.80987870759694,188.59880108565517
191.0219227434153,116.38373452524597
180.49113146636805,10.752073943737186
90.57149793839343,12.338616347358107
97.33155293059275,148.26174943274373
160.11276633370153,96.94519483935701
166.24504867081072,81.72870279942016
92.87768840840775,62.98910179252075
53.19140412441952,194.33050831438328
145.22419208360816,107.72790000217188
19.98722882125517,65.27804325730193
79.96234607853967,112.14561602387599
166.40639208672036,30.49025946096917
97.09463383642714,28.746562054508427
148.8923303790967,6.423413767307765
81.69472991444276,73.21439128373224
33.70896722442104,102.90592534946026
29.64615336173202,126.49677168084497
19.065393621111507,10.969554161458152
14.438303159762935,10.297626156157712
196.01116944085135,158.66336044276832
183.32766342224022,18.540126312213314
16.89606581747562,111.27946327207972
8.94367007418614,154.80292629176688
141.24032061298357,162.63832222045016
28.843659636155547,34.11619358298006
183.21974420527397,25.4316568075748
115.6175315904476,68.26948813391348
47.32145438121643,130.30038739882386
84.92187359353753,171.63788435481885
23.882661019423285,130.43865425560028
16.790951908553268,174.69985004367751
141.92452604653602,152.03031524052452
5.873588111410219,37.69842282377241
118.63725900515128,55.076746670402045
194.24712886448023,165.34862180823396
104.68929032687184,23.439393396156778
39.82274331617987,183.27499678638466
155.8719706552674,67.8607184634723
186.4840706271682,109.54350900466076
168.29627237290512,79.11830654425445
95.38015387612384,189.0824389447798
63.62134021256008,79.82539017414939
76.57026624338613,171.74421160746127
75.60013668327743,114.95068598607448
53.850753475417456,27.669820395720162
13.66136518920231,75.19932254825238
152.51198413908287,179.9767371513318
146.36127204218567,113.01466224313107
28.096221643905448,187.4944045560296
37.65527542451133,120.13961881229532
166.16477283326273,59.405397885589686
56.69290026673094,37.11804249007231
33.97162568777091,11.31614267605186
54.84351027555748,173.79259351748698
142.22382291806906,96.72954291966809
53.97895875600162,172.0969998712668
163.80682083672107,129.60008516547094
50.478611933434095,69.84245747910714
182.87788101045263,127.68292443819924
88.51287574341481,186.93107259027542
88.51238108950737,112.4566094731095
94.64868852874443,158.76239682086876
83.26383447467117,138.4593609053906
60.9933296307334,36.755580928552085
99.52862600680372,178.83657795559148
118.50616511107704,183.94276926650463
78.24630662186335,81.14434828479703
26.92110331177037,137.45413666148607
80.68795771607448,157.64922997458476
182.59310929670377,91.18920676801783
132.72564114247453,55.03539330495164
101.54365247322619,106.4309851793056
51.960352671269796,68.25043704083001
76.7478571317749,69.1848881178836
78.4491910460572,102.95502730074818
154.8481104121604,136.1122938902703
40.63532117955571,125.52529433763658
9.357491964588485,193.81317420714123
160.35577340346651,152.4215879320618
155.77184854730814,170.52405864181003
114.57140123810325,111.17947296294257
173.07202628974676,146.72251437596736
165.06575830546512,110.95591173816491
188.1085339242616,73.29808944169808
35.469940335692186,118.59140629413261
141.76052754634,37.145164989046044
25.033463389586586,28.919608726269175
156.44505686564383,132.42980631838947
186.34927160909822,67.66982791721769
32.94292985759529,39.397469074829395
19.719931533088765,82.48960115598483
127.44026962836546,61.29908642803603
84.77314455768703,164.18308142405138
49.92583826500051,129.04832314757348
168.71467050884453,169.5027081313739
122.0391423469228,14.946833124119888
189.60657841476842,120.44724210530097
111.16228204201144,87.44819441494447
156.31766393781226,106.85925594288206
165.5243273392891,119.88698829284984
177.39648568531973,96.85085821709963
145.3881405767482,105.89842734868637
184.4883655958601,37.95851005025257
41.40919483325442,162.44946398729465
189.45531511222495,176.25822364795923
83.09419039349257,17.973870271480614
85.37844255696619,10.958482519676036
142.8988809212529,179.66669457919122
60.44426540698916,128.00907984076994
23.531066726324624,140.7707487770511
109.34750557865021,65.18815607082404
17.14715040919617,50.23643518693099
87.84832987587707,126.02926829370126
94.92751972954997,37.51031407723457
11.17266071906112,71.33507316322721
113.47629862596717,22.93272378388994
105.26357549639214,68.91595690309023
60.34610427593498,62.20144570241934
85.78561410925128,180.97384424504395
150.21734467405682,77.21124457129228
30.42490315196343,180.9014435232835
45.12358298297728,9.44994865635527
27.574297461640793,27.34321626702933
79.88532593090957,180.0422017607366
81.82077107886381,196.1648126457436
119.69936619101888,176.38373178633015
54.240956345553954,168.96913436589847
7.882530035577507,81.15768258744201
55.04291575642289,42.23005869669033
167.96856978783853,84.45721041533972
188.3811492923895,17.54916740403371
85.72057708566922,40.906655263152516
184.0247998526045,115.33362444402347
80.71358571278667,55.89086103191938
141.51580410632528,154.0474260650349
79.83325613342544,161.46682061174195
161.8797439010357,181.4249900889485
57.068704450403786,160.60027471682466
96.6815959992977,85.89422202184682
29.19769842225783,77.14292168266846
104.9673822559553,130.41781599300322
89.19620206322718,110.41125644370148
33.93008660342136,187.51760323305155
18.571397916838812,136.55125244625583
120.44716270486072,66.07105767187409
167.09412109242567,139.22902925047273
120.48538011773114,68.29597202913791
13.872375196811765,163.91153363850802
146.66888607472617,77.10713089327277
172.09543848233184,174.4392934314812
187.33070570557902,57.96378307466028
11.637669582115677,70.4809736021607
23.44915739596287,78.69614739769403
10.41591474442653,48.21954021090945
184.94617231010614,119.5308730700312
44.534788677252315,154.35201893746554
141.76589374341668,12.003384252665526
193.35332430566706,170.03627963824775
123.32727388262953,67.97708703703762
159.28716949689243,179.8085706021761
89.11813715131157,159.35576455525887
92.3157417985008,160.06814657408177
10.438204824379579,137.4340111777519
120.25490749800582,122.73074933782291
103.09918434803782,10.903372934600574
114.89910706442667,150.77448220858128
78.681624123376,124.23562555562818
147.4420139402049,192.98992473362674
35.605808376571545,75.99542203819135
175.6584441310133,172.1414552844243
96.37475527074587,127.70801081119694
31.355825418689918,137.84265731758552
115.0815001010802,152.35891398539698
114.96801041664729,62.7884086010097
77.40597861261617,120.73752488552256
95.12941674691726,139.31894929971958
42.27605625216692,13.317329018702978
26.826022448045578,58.65169085003625
91.42378272828789,134.8454543931862
57.86698363247962,161.8837017380996
158.09383415471584,12.919817583923896
30.615264738626657,155.9136105895817
149.13483915542614,123.20520031799461
25.834766972316704,133.269881594163
80.01180656644138,33.98138846371512
30.365390118900862,76.02144486255779
8.400704003239996,18.36022918313826
8.966906248709739,179.93011818537224
22.38077812184743,196.95948698466674
28.871974241381285,15.208254124530239
14.283957741743588,123.05014167822557
158.76976193921584,66.71727436809199
83.79128611403678,143.31038329279815
144.7758657609404,148.55400277281925
183.22328940877628,70.53173498368083
55.48539144680125,190.51793512837287
92.09475305988133,157.237914681187
187.31202272863732,56.890632161648895
121.64459042615732,34.08411744029587
41.13088132323881,163.15250319673248
185.80615573517406,189.80319982531856
113.63738310358828,124.39948246953436
192.76397777513864,6.849083734478025
120.42297004761205,171.732475179744
90.34997280961362,11.52863883374289
145.96722255891723,143.44984131882705
145.26777686200256,168.79953678852758
78.98493159896431,145.88518627815
190.42589345789455,19.725079544656428
32.59866583778081,180.9646182017526
39.250546593954404,132.63263232697037
119.35488885894813,114.51322804608034
78.55957865188307,125.25031322826082
167.4154995075199,16.56335073268852
110.34458113333926,145.0841055788936
183.63967400704823,72.12973915398219
33.632151202943454,179.7546864981635
47.503601007866,182.3428156826746
175.91100245861668,185.04841320371833
168.696560412424,32.813344746306804
40.571061166822844,72.277267618367
82.76536500224816,74.69048021920487
117.38899164294628,177.44528722199544
142.61679585390897,8.369780443325311
94.13578492129882,17.79226571500515
85.41904117106688,129.9343571689899
23.295361268618596,81.77948129815263
57.581892190115894,45.60519347572427
147.65643907983048,6.76102207802629
7.581312747662111,110.46893152166078
184.09321863173093,186.99334744204643
5.105182534823243,142.13550954948545
51.775003653068524,65.35135585038238
186.3665815711027,77.49817878793088
32.58051518106163,68.300523240559
91.77193896929005,69.6850073091249
191.2167689019825,91.49853884849142
182.56931596106367,94.81035922624183
162.49554278652153,10.251597613708748
113.76619381714927,38.62524620649225
35.83620103282978,174.05574776831386
38.448805416954336,22.214119844846294
180.51726536939228,95.70763370004202
153.6140716758474,96.45738907022705
194.8072328089592,8.766747617424626
196.96827453054735,168.01005412671682
38.02119853216557,43.575650981783454
46.345692659803404,120.41581861162621
94.5264622233936,176.50976407340283
38.848231141529986,36.780997788636306
179.3017576987348,183.80602066885956
156.67787521743747,103.69371888448505
29.237634235284997,105.92189569366528
34.12027739417336,162.7793183355888
21.72333301021717,46.85322245632211
126.60020573525892,135.4577573800566
77.04883696034821,31.961862107796485
59.922868950480726,87.9444062452616
8.561603147627439,116.08078831029003
57.5594275448752,153.35260088341568
39.24399931246995,123.23187087837185
113.16407140197715,13.86741772348263
81.42201559526463,110.89661588211192
99.88101053088221,11.964559231710142
83.72416090097805,150.15034622388396
52.642852614914474,108.30141976917774
177.38245597256167,20.666486804280385
96.54286096177711,133.88206618055142
162.25560933219143,120.4774400969801
187.42833095950715,57.91742013200102
50.29900436567956,39.67094769100624
178.0453331871009,58.12027048198403
79.21791509246167,18.978419953514724
147.0396110466526,19.573090515990543
173.04125849708402,114.72354564722693
115.12648009617531,158.6477590689664
160.5447372355369,86.42379144961492
182.9170306883433,151.170455567256
48.36282911314343,62.441480701561474
172.49812108343724,18.105042316958478
150.68508981264452,76.37298082985328
192.487874549148,195.7806706574908
176.39919071930743,171.96043111841624
141.8546334320465,167.90771087459865
59.19857694190309,143.48188215768636
170.95766498118348,157.88486782936698
150.3066740600975,37.223186854380984
55.84108496279121,146.70947066360444
26.204867926149472,144.767412450929
158.0715248375322,95.48858673497557
191.77064067676073,6.942443066984725
109.35661760308233,138.62006843658813
82.2898250568313,179.27995877581947
52.17406968169177,55.42865167197265
181.07763326866507,63.09241922984268
117.71923819933528,121.22389839756583
141.65145602925907,138.34101107722296
41.52036029175635,168.41414017849752
179.6244857095064,76.57849054693745
50.46023315943667,54.05248182376592
181.85259464881048,156.88468438813368
153.7426870106489,196.14235473110375
82.04179419346676,22.0810266682066
43.06772152942291,50.18255576160735
190.70161693024696,14.185022588325408
22.122226192856136,129.50067793243946
52.91747243474891,31.672005539877958
172.09987956258945,65.71716906561639
107.67464208724452,113.16520685903797
50.72045232277588,173.2792120404308
13.610702511018678,29.442278420545346
93.56181381381901,160.78725307907266
181.6802322290708,190.0522441819777
60.404130141846004,128.01634948978085
144.68672779568263,59.553531297220616
82.72100748194771,17.26863632813085
193.814118595894,146.85661483787715
188.750057014996,36.3775294695335
167.8559134387945,167.178274665922
164.1350617653428,31.652228987762886
35.490173024147154,33.39743837208856
6.6085777798116165,112.55633605484176
79.58693593799595,9.290907381213149
42.49110951475275,118.24483530019853
169.8844041971756,85.87602518007229
169.8914675726366,162.6836916796822
165.33845492052077,113.42118942473527
80.57644260707517,127.3961273834326
183.34080936449976,85.33629815719257
85.97548881434437,11.471026382766139
26.843874800037458,124.20516177165784
28.93597568907633,126.63667947992673
17.939091074285063,193.2553710315769
81.58443660277823,7.798554525678866
156.3786233967613,15.676352260608342
46.03567503249047,148.56178747476292
185.7414999757293,83.45154273777467
59.28535205215147,65.74193616166389
57.23084811900772,82.81197210997777
39.827010915992254,74.12327574223201
54.09049567646564,82.61189318250537
53.87515975717142,68.49188242589733
5.730952450907202,24.73960620026558
108.39439941453476,108.19574091870228
91.39105848664609,195.08447568384696
19.029441052435097,56.32928491743629
165.8429157301926,68.61734800306102
188.37871846119407,63.51626268086723
8.842816646819761,129.31259087138864
43.29230540161977,77.30939350065
34.81513342942544,25.972073300338643
99.94332563103106,75.91729983974749
87.4720315208428,66.15089429642494
96.49405257292943,10.273757622876092
181.90652015346348,159.47348941197876
17.961815776150146,63.61362719651156
84.68074287272383,57.74448158848101
92.76439615275154,80.9669149758653
92.88588208090798,179.1641590527908
162.3498849573805,140.34926992294618
147.5142373399558,136.38542533813458
21.66555809389221,34.330663423610375
8.673778949393766,194.98414472034887
50.90624720053323,71.74823106739227
149.59621050926114,91.72238760118827
187.27665367778488,17.121807801136065
98.32216622466142,154.60572698965225
11.70633434689162,120.52839450258165
59.70777758760937,59.62437008076109
75.58690896414997,173.00282647795598
87.41139273806476,14.783081577149968
48.1121747355242,49.07615643825625
49.39523685790996,27.354659765086343
123.99524054521959,104.37819436154923
196.03609979915666,34.65903599804704
27.629856977726217,103.55832116842153
182.18600080159672,144.63275033664772
177.28615211078818,169.60434716878225
104.41808723750535,68.90888792752891
33.63404925951072,116.05851871372111
170.80814597455495,128.50433796751514
151.48274684507993,18.82345494846278
166.63356664138757,76.55808339761899
16.572411772649232,51.55954130968689
88.75918834538187,6.750825585768155
48.675288371060994,130.62947875054374
26.3370366657672,114.34571142704641
31.177946828732082,192.1302643622519
109.57060298604995,147.21871145772278
157.36238322957203,132.5255749451338
191.67242101701567,107.156536754236
126.11935649485336,25.072472185499038
119.73440528970269,162.38164616589907
177.01303856569055,191.1558924157576
121.34583036603179,174.9658097195747
191.83611714580886,170.97213085112978
174.700716014654,100.74427827902079
150.23779334681143,71.36929471252165
119.66025771996595,125.7496376734227
24.69933671477539,52.24684705543089
24.770080647747893,78.21715694494074
121.2087440154424,80.21168700998743
15.019360690964854,27.107751369353434
185.13654728487066,193.33291947393772
148.52557601379448,29.7358692578289
9.03564512561429,29.199278601879506
50.29279005226925,26.555303282140986
142.21232723564523,152.49157117088959
92.11808610683939,18.174755037376702
153.781699932547,166.86818266072464
20.984764881422112,149.12970891684682
144.51101601545702,110.9683283900237
19.842373895379588,26.54996108316458
118.2274411915041,56.5666662987484
14.43986726743877,32.50674928915754
97.82774979291264,20.185963240812036
159.12009002775358,169.66971057851276
10.111897287987036,9.92302492384073
102.72451202357367,14.978610370966331
47.25316101717717,69.14875067050555
82.21687441607929,121.75976099382736
20.700607511459598,191.90604897971295
152.75104826333276,40.345267579939026
97.37134422350026,134.50611337583703
98.49743210330908,79.03567986689274
32.29259560117206,28.250112722929586
170.8584563920684,75.37017430015202
155.59600899474637,131.61367755913534
36.03095029748281,124.44631445610935
93.49432369487798,10.111980723498224
118.967425888626,40.791078988704996
10.063590179981064,167.98315427391108
61.19859424078188,87.02579847852726
49.959941554583516,192.0664557539332
142.14843267538134,110.92123424334606
43.59046489188011,14.700543064262938
146.0951123497768,160.06539945371767
93.53167823061581,178.05365155025427
90.27828813325776,66.65728989631556
46.912741769296886,104.03846163397886
167.33524216100574,147.27959962021575
57.50199267070442,143.17243353673558
189.87657176224167,96.38909221585284
152.3452864635666,14.49551311403332
160.556061118988,140.6918303279199
196.4167407226905,62.37131796148086
39.21563701391755,83.01690300950872
19.365541176065488,175.36055623848796
173.40737607105,125.32809283189292
144.36714349411426,18.56548624122331
36.76261453628696,73.68121645477585
180.24706756161982,94.85602548604899
173.1600277554551,40.722954482176426
99.64097980454993,145.2723280583176
35.34049844689956,39.726757162180995
40.88553778762491,149.53671260066994
196.06941070251384,118.39786445909019
111.93788721483374,110.87458058735814
95.22118501520006,102.25844043665191
163.41989592672618,38.609423604628766
125.04564178193571,196.4836528288332
6.6532326236687815,11.309904092477739
146.55179480309516,37.792721667802795
164.817399644142,8.138040123810153
184.07501984229708,174.2401760967956
95.50937264183962,107.03671032221845
108.60050184049369,152.09602233474462
196.83919665238443,28.45679972712881
37.056389544474364,132.52675750186384
43.582666831737654,130.24810966580273
118.87601935502967,151.30634467889178
39.39837764394663,175.79358181066544
147.88833597102874,9.965456014561367
20.000811598620583,147.71135444944878
101.66302891516104,66.00816671555391
35.66583606676989,39.22230871402309
105.13181066864617,150.21027121640606
177.13773517143017,135.66079499392342
184.3410562929469,55.567488693829226
101.827438075035,70.9224658149072
108.4356518460868,107.73586435902692
22.602631983048934,21.742185190256322
186.59289198303074,130.31784571310146
49.62487454466777,113.02726062849331
194.00731410907017,34.954951486226896
43.126697311882545,74.6248186023563
126.8207315630943,25.711600329390688
158.21953902719318,78.73223798459541
86.8980752267814,26.06360389262492
147.26681440812257,102.76717783671133
186.788781744184,92.71689869927955
155.82944131352644,21.21598865052309
161.7405655192332,66.79318813469155
22.5784935106554,17.651839275331085
49.9278357624218,81.28934602350142
118.16574988591309,126.76163383756918
187.83189240425284,27.11509723304968
166.1760466811544,40.240488289991106
147.60898537703065,162.5272241649451
20.595274943404945,60.429229610427434
187.17739052322915,189.9837407012524
79.355372048359,156.72916027400728
31.952838977727662,25.006588380054325
18.39068426780294,140.37721712447984
94.36739094492086,149.63917546716542
189.8895450056732,23.361268898190264
32.99532717195355,50.63763610077616
158.20916404173778,8.999172658398543
106.39332525769491,196.38707971984965
170.9291965489203,25.302468926300822
75.5447797076428,174.98471390404902
125.05340029362634,81.99050107519943
156.68439746628,161.25981540614922
95.63237528983954,161.9396559917734
31.374061593419896,179.27815808492213
177.5887034218457,70.71645809697654
100.08518873092562,111.08866400121263
186.27494628501177,32.70001178705702
181.78581345052356,128.74321338743667
147.4288278697142,179.11289859714822
11.632382166880761,14.468388414048839
11.10377974523138,112.86451819928658
46.999589134473126,191.9228067642598
190.8426351483499,119.51179025012607
184.17352782586522,180.6310697791183
103.29096318778063,137.55844675235232
21.475041176544188,107.82914492612434
174.60414098154342,36.557264992772765
60.95413842343751,22.89561999437276
110.19250110168592,123.32299042449625
124.61200676990566,75.25371682655964
152.12900318210083,175.42684536058718
44.61325097542651,125.3760756764429
99.48241036887808,121.33225017388857
118.766740881719,73.13619193968614
174.6879911998672,103.72928851832548
33.41032304435148,123.83468244382281
64.13881062041928,79.52735287835219
183.97801688556353,68.22520619590331
5.533445539056149,104.96341479454486
141.95595304084858,124.51032248148096
87.06765355179475,56.002880496069096
100.15042847878583,129.11032778926025
174.48779998496977,25.497180451781247
34.12862912892064,189.74698055514185
154.19259414196682,177.90694462824018
180.2628616133394,55.889775148857844
42.89498866779133,167.54726714084615
25.492731429493986,117.10102853021432
101.74202205218471,59.969771239572125
38.31201570386691,64.46095164845443
170.34364142835037,141.9248427500127
95.02215173247393,25.571168297447215
122.80736849186408,150.23242743010255
45.408927177661624,123.96376342338026
60.63165171349527,140.69555640737653
165.89653023464064,178.5649454537048
166.55522579009573,33.386802602861486
121.04435698089985,72.27920293158067
38.13891020145433,71.82181608567711
59.80276668425644,46.17233761599119
143.62897935483193,29.592610391595187
101.8973716773737,24.829808452466594
180.31204210104775,28.166972444345106
37.862737969625115,193.09667304030845
41.47245281557527,55.840054588307865
46.726166690729016,161.04430113702904
142.90949115684856,174.84393342048529
102.38768241452738,8.80582668572648
180.20852434217227,153.58980531014282
42.27180893648679,40.0823785548932
157.53606281584064,110.99268574721833
125.78663887029806,175.31781725392992
176.27213927469725,34.25604598684949
51.47424395497491,69.34943490048545
108.29995767985493,117.45946408384727
157.14589531360332,108.74349636905028
99.35320445880981,128.01688208784583
20.123333706807855,76.46391103330319
50.3759022714156,147.130465527142
57.5075466682808,150.88322759583716
22.55266932007506,65.25999042256018
8.810385018737165,184.22359577907633
85.7447924714228,112.4923364968867
152.42798016097112,126.84167504549002
88.72387113214856,12.492588728159399
139.39316951444883,58.90182680400647
93.370630241716,71.89414669865366
76.95713970444967,137.1883721754057
157.49587643810088,150.50181700457856
131.95896724129943,64.60059950322722
16.200995149843923,40.83578710919241
167.20684351972423,140.95006088122076
181.1672710814783,176.46220115282185
97.27850947987004,73.69138463445826
113.6134718488724,27.677992686049276
57.26765642919376,54.687255270529384
31.339608909132163,148.88684183279153
144.8177776369026,96.5539274118999
159.51319228160358,180.85480641437005
164.40137563785578,143.7403410405824
41.34468097291967,184.1390959077978
87.09422325731342,84.82427240080779
83.31184222429862,183.7782481808689
193.47997824596592,34.17229994325449
95.62100719886544,191.74477177720743
143.03317870423075,67.02816022847654
177.44546559235667,144.39143597941668
179.70625354113497,37.72274847076598
79.16915066025479,87.60100302121619
88.14488677819523,105.63456039672381
95.0391610344786,105.62948435171471
188.5681548279269,117.60954446265326
20.616719848454238,121.70505052194147
40.60599977624115,9.51025237347993
15.897198531348778,134.7058179723226
57.30585044236374,34.09718914878787
58.09499033233488,40.50130274971406
183.63344960854565,64.27583183337245
196.03229860158854,89.34762626111775
184.66410299129612,143.48804480523245
54.30986264591065,114.70501038383674
187.03731965916248,153.07302231955927
114.53308941275876,33.317031444243945
146.85160502890753,124.12746959777968
14.045905100241274,187.72665102251594
81.2588573610846,82.13303157211836
100.83833360126573,152.06484970091182
122.78939486785946,191.0419291844045
76.71421064913778,108.8854047150859
88.42281064496127,76.66210193848293
186.15346132136486,38.804216163341415
108.91221982568348,75.24577722195471
53.5269305808143,67.92134864529903
120.66043748422966,157.59563776367742
105.75630437669523,83.07956862827558
22.003852653211034,156.77473829637995
166.19595343929188,74.36551062667118
38.56760361177231,6.467811457530685
165.29183368503163,123.54546534976751
98.94703802768512,31.22601528712411
172.09634522145956,167.41738442233464
106.64999101643429,108.84761300021655
160.66021329520748,109.36103071010498
165.34955201691588,103.47630859000981
143.3265104340548,194.3903807528786
187.02780317922426,168.43095049235853
112.60225219778131,60.31483896662428
6.063384269497039,143.76233411566358
173.08276994617353,11.72037891345809
164.03329349144533,159.6033781437229
96.11059893071187,143.14866025590376
88.13545910646783,102.29202389202997
59.6710935589178,39.56525182329971
119.95733493579091,195.65158748305242
22.19161817279486,79.36464549161332
161.43356612411947,60.92941198701222
9.718021326646637,24.44732756319309
13.61541280992361,52.305740011275475
29.666202603408834,118.64290632208811
26.207100956480406,84.50874523121293
26.502212377628688,191.29793693178266
21.902270558881185,67.30783856024009
30.9556986204294,151.95782694643682
22.505752124559105,125.05305511674595
186.9586563770191,188.92208251380666
126.1505827495584,134.36870290941152
191.74723762077974,172.52539821116386
113.22638049926083,12.195225335091992
102.51240507085473,152.9652327133725
163.30430760088237,31.12329448113009
12.405871962728035,5.189465465648089
195.57227495242017,102.34461717277391
151.83488294754966,79.96049038907466
99.61222482898339,185.20633988518287
90.40495919774307,137.32265353065154
115.3100925114123,72.25542983248143
143.19590247745816,21.8042920601195
20.10438939171217,34.27448389069562
100.12942104389245,137.0418560173853
53.28949009335563,74.10835760051988
34.50814631094241,52.892648620918706
92.70273876062507,19.56121741812424
142.61416829723834,147.20415033532203
18.26043332659042,25.587654910403792
194.40548342293712,106.95451108856524
24.39446536552492,123.44983515048929
12.597607817608557,170.93442587432403
126.86238957118941,17.779819695524544
45.73640318685427,173.72774349346372
16.526115422544326,45.636417547705044
84.69733687002481,168.9418227718508
82.98227082280803,152.98081845478933
101.21089390975192,109.21497433787731
36.15593197478053,166.6689046131293
142.97139106203844,84.02902270732017
13.571096369237095,174.0482331291095
32.52488698432098,79.95787549081632
163.8268156673801,112.27586934932555
51.55963694274357,176.1573484643055
37.01460958894663,11.661623278844285
162.50278641583373,41.01634189394703
56.37912004454633,126.93799517183164
160.2941805160238,95.31002101717462
169.39037862420048,99.85750378530396
25.46379208929626,44.66490821116819
151.7054633976425,145.80555401882202
143.19961554256687,93.02383461283493
51.6193977095015,196.77212820538506
49.615032741594426,31.09408358359446
103.03990311396274,80.9784560477243
192.03602670013467,29.401179629989823
161.71622936996846,116.77265898895011
80.52822408061583,25.61584033548164
170.98302235233774,187.69977865683
7.658205235945349,136.6865137877487
177.03134267852215,85.78775174338173
99.87687504710924,106.70451227720963
187.37507307210586,160.47698787632643
9.740754577259223,79.57386725102106
163.9266707146366,167.76343594944922
106.39017327055963,33.50728100314377
159.57419983501424,17.79397574089619
79.70728006169368,83.55741684571655
193.4426140923215,135.55259501074954
78.85953323690687,39.718732658602384
173.49917545587112,8.190597410564182
123.38488040033846,109.68085527552012
109.17178205661087,112.1941697438645
143.29001382238587,80.90246583615443
54.499425064499,40.06673928788249
126.17393491931148,35.20071176626056
60.060467095043926,140.47487949493024
47.90578780908955,57.11104983304424
123.47526645109305,118.9252533010196
177.81866160271974,122.21802401334065
147.43588926526664,125.43832996505799
29.662852451324717,143.18432728193025
55.28394402050238,42.84308855393261
114.97238433384403,31.095628628469534
20.61309069542427,7.1076268050120746
159.6225101120567,167.78452855821402
5.464265548075422,111.49794801098406
154.05659367903542,74.46244437593893
36.04962906374883,137.67970335226727
171.27729892393728,106.48027285991994
32.45217505867655,8.95036630906857
125.52395121675652,184.17640579819908
78.26344763629012,61.01178704987107
113.29361790022004,167.34948218487762
178.57942967913695,26.7684813859756
39.81149958480932,73.39376771292179
117.92612927031664,156.37096002746094
162.20177782954647,71.84521161408307
112.37167501426738,75.0553796718586
19.89146633982921,186.13123343824728
27.767387142506436,34.27917559630493
177.70195105211198,139.06930775698055
143.60335723027347,16.85542602104247
91.49811553778285,68.15523202356889
29.683051053699465,124.18978024836991
146.93479763247777,134.60695196011613
97.17847135693606,153.31733509455805
113.78250157560971,150.35513930740822
192.4890695750575,87.08870206059909
48.94070949852813,131.31437258759195
35.82734763713954,56.85888406970438
179.66901315206965,89.92346355716649
89.42956612735675,11.797890162301778
20.83705095159723,67.89295607416688
170.23933287798775,117.85383752292627
113.02631872735977,58.00728925814291
18.906208663129803,171.10749825072307
30.335545764380065,106.94935786676723
41.50622778859972,49.129036874639056
56.21154552638461,104.57238253911052
185.03604638582064,156.84469354186655
120.05827326861477,185.5737960845251
91.36367568033653,27.653310955441334
119.0787810372995,118.96386972411261
164.12993307945197,88.96919818986666
101.71556222435098,168.0433302362405
109.98683277693624,153.07216763027714
50.19307611188301,140.62744672084105
114.90176569257885,109.50874223628112
148.0793402234912,57.82181595102393
173.1663518831054,164.6707256467818
60.64338967817178,23.528384063269158
192.84714298368465,69.06506208311151
11.383849769715978,184.50207919742033
183.97002900584684,156.61497744965837
17.56276306101963,162.66037488113847
40.986980691337806,109.76480981156833
155.8376751085835,169.83309557939197
152.08567493067346,57.5578889730069
7.313587407985081,46.78999616148988
110.49507437029668,152.08006934278237
9.788812470809066,33.91782222417087
171.63642160695198,68.07504346197935
29.15727459570879,35.43955153649287
9.425116351693118,53.9630451323478
178.8273023723757,116.23779740110122
20.2793815415426,42.82634294215433
96.6382957621321,74.28095335591892
103.5918372334891,126.77874712387745
40.333596755566475,38.46310386961285
122.33992291889999,192.33341246641425
147.31815895412257,136.946516703833
124.08816294534813,61.93727905213513
84.4918322260868,9.861573974224342
169.33709535393243,110.06001832547581
44.41226242021386,14.402423403860272
82.01317858147951,191.67347512965142
159.85121525322472,140.52920638627737
33.56839288693983,139.45562914696364
40.289124453432,159.51904809976477
152.22727895516786,164.69424724824782
54.242177904292404,112.63413981007216
100.96737710990415,152.6399961593137
120.54872817790883,32.65777235412132
155.35170294209095,186.04973604390844
181.90884759498388,187.1810969308209
169.97358688541266,57.29047714508169
195.17661347569242,164.9896142143218
23.235130692030204,150.87411422061032
19.084010086743447,158.8556077112709
97.41438650590582,183.2462602187496
103.48458147293339,113.63941316454702
76.55577347425815,82.26975889071201
179.70103881514302,174.864029384349
191.85900543774466,114.32622618989461
83.30018437318421,74.0531730289055
179.5671651210454,139.33482091430017
182.40925905312773,85.27054116614596
100.78931812226479,166.83514804302365
95.89431829259176,6.755921618872698
162.28197143831179,68.58988927873881
158.89573553041032,26.631219084169395
38.041588189025845,125.96234192867267
6.944143671791778,117.43040134749312
117.98963161969941,118.94884236949376
99.22937472093824,155.1843756597272
149.94325670219845,18.47327223670205
165.79864214932167,131.94928878865767
56.86088341900364,68.85913836101288
20.644738074274215,87.77448398358578
19.904797786059127,75.04162690436706
171.35006859600614,135.22795697882742
185.16449180865,196.11678134314195
181.0533651450962,163.65941664598628
58.45706233396977,51.47948001851433
89.91466225241591,168.74581794946695
147.59639718382797,16.121354815704013
35.29046027256295,195.11967560620505
150.85015803676765,20.11789606995157
164.1936446119416,64.28449793126187
10.311719178286623,156.81772252752427
149.80410372908048,170.08637225046414
169.62988405124315,164.66884768765766
17.07663584153321,87.07013715537202
16.125097492335144,192.31796103268672
180.15701358536623,74.18030577302096
79.84296480809545,123.58446990693933
167.93319175813338,187.73732773367772
100.29401593917508,111.96312681557644
188.20197311670034,175.43381943666108
163.4953605603466,132.39645035639785
29.888594355025656,46.73830953479185
27.878942960671466,120.32672165532104
75.72231942257469,125.16007382033186
156.43240304695638,193.99174277364338
14.612642500959634,187.24232249754635
101.66369086195036,133.55620568191566
117.62768898317793,11.414513167338576
109.45359960704985,154.83308981692923
154.60093885945335,111.54279198465201
22.587511606746148,170.24623153171063
84.35068638085433,175.59938374821817
190.52853920761416,32.397673767967234
126.87524512543061,10.717402010581567
164.68258334177702,67.5721443924826
152.77216314318088,143.8189246757738
142.63181518982725,67.82759536246957
78.2945058380119,162.73002999405873
88.82052720098002,77.10757753746796
192.9444246878704,78.41819164397826
91.03590496689137,110.15169065107003
49.709041786425104,8.517659837041126
37.13191847001186,67.4374085046445
179.6312700619887,78.2452940644641
103.27940780652129,160.1945822966709
21.832813926914934,8.002835996291315
19.09984573033653,85.15338364732791
44.926763256666874,163.81437143116148
171.62553442867514,111.7649898306015
111.23555485476416,149.15939604254015
16.75717748933821,129.3192995814753
10.24507915897626,113.02768939358167
15.037387676052134,118.06103489931385
143.9001664228103,160.20612725621257
191.83752212781167,105.147911597618
192.01302312202432,142.41196018338542
14.706680180581149,77.38388356249777
153.5396393674608,132.7884774262479
77.32652267667783,185.80194164855052
118.12666713831644,122.68520368689693
134.17729735926585,59.03269429428838
100.97396420931555,65.20688145754191
102.85528404556489,191.16289531684086
25.447664396534805,143.30024973118802
23.329839745000058,146.5061658653662
103.90377668380867,196.65596797566954
32.160559345221806,112.33425543002139
17.578076586092788,60.28222537020711
59.70313417920334,116.00430571053667
179.32490998026734,195.63795072030717
96.57706331541853,21.914378954579227
113.77811336943483,113.5912752390552
93.88008207417502,71.73376691981328
148.8704731191668,158.03013337276334
180.07106126824442,191.07120565442688
36.741254709479946,195.96040894050637
57.611911116980345,56.127502572547975
110.24390907010381,139.29310832922638
126.03824861249328,117.48886861413929
165.76370001569126,170.942371151975
173.14791835737665,187.23492979496316
97.47896753693341,72.76541309685902
105.11561884994146,122.45251068662112
77.28077334768733,23.90928185406708
29.0359101521328,186.9957240996691
157.4638232625889,186.49499388719255
144.47130759202287,101.47628873774937
107.02902040164808,58.3347832940314
187.88344395037714,127.23451986545221
154.14704796383597,108.69303332847943
13.637209612547986,17.460268856718013
165.592574100777,86.92355190182045
10.91376208065647,32.008326116265614
98.64505735749428,30.233083494598116
49.9941413197591,153.85095652970492
96.86990652186354,30.306517596461777
39.04142373852783,71.34155802843827
36.79586408290272,74.60039841253595
148.23433270211999,13.010136460866518
48.412034428306534,112.44767566626861
173.00839325029636,105.179241783684
26.356293420580176,57.93821819094174
56.12920292324815,193.2229040925557
36.77308768234279,105.71837710786338
13.981592558102738,130.3962056131951
6.712686373996294,41.19595813443201
174.91750555134706,91.83128233156258
168.95904341031326,179.46012106350042
147.45718091277743,146.26504594019457
76.56365207054962,13.33708932208201
153.62981029871216,111.66793053028269
37.79740726793037,175.1799637856039
24.72465292194443,107.50594302958712
147.97536814905396,113.0617251473064
176.77154177698162,144.90126306105086
166.58143681156034,159.72929374044546
167.33414737167615,103.95210300885356
114.06425651532393,60.642845694901645
73.4892976639342,81.89966673621691
171.9430909921532,66.18049091729226
11.06926133287893,71.21340639577002
179.12417979028464,85.06849908396708
52.68991710271213,194.69802047799232
149.98094209069868,146.5332443812324
157.22106185574876,175.70078788553107
117.08990726239905,106.07972579186001
41.6584754401352,177.60414789182076
141.74317701692712,195.88646980869484
111.09311387337625,55.021470286706204
30.695790040447985,63.342304092522724
182.45643582368237,178.95405851386545
119.13290127961804,87.92221533922867
111.86852805189909,77.2770999977003
157.0251768729375,131.23729725914984
116.62360199961287,149.37322878568742
29.87439191759214,15.946351008818374
143.35662158544795,125.83460558311396
44.24268218851041,109.32640025032434
81.78674570490918,165.80727186875578
10.0,25.0
180.0,180.0