12.738348483283112,70.13855087279074
15.375009067542539,14.992280872748479
188.62134926293035,35.558377452853925
183.1684889433808,16.463836468440334
189.56413422836215,102.6477130491009
188.93518435459902,81.02332053888121
170.02390870568826,7.920375957910402
24.43938899878199,91.55611795194868
39.72465157721525,124.2278776577333
187.0924912395584,85.90674500569217
157.54024077270196,69.31351942331851
17.864155612338678,125.22297256532279
96.60743741424956,179.78964084021092
159.8350418462848,73.75709282773101
7.553628368707365,84.69610509078801
46.83838736041073,177.45322409951123
85.0197808302483,19.592764276250495
97.83508745487995,178.22579139175843
98.79346417693094,51.76271775749356
159.8951824752752,185.99371434841927
93.46269924313738,46.33642159217774
160.1530149816706,140.19598947123572
134.91569393014595,15.2997662971408
190.45117577063795,136.2726814342054
145.67032332013832,75.58054898875552
89.95067390233984,178.91581282125586
43.91069985518897,123.09698958730823
11.995211713784084,88.99248580062225
156.00532068174854,118.84628807670781
39.0337304046424,131.29280000696394
44.42032598540354,136.27806111290818
127.81970051500953,46.3886215439682
123.34949723376326,43.53079499441627
179.9837338175739,23.201978080981885
187.9290455566836,191.51796184379785
36.4428381912777,104.63184931985289
86.79132068384362,30.630532903273842
120.9667215122475,18.492649608090172
85.13197203419656,39.314028694353674
155.7442048343505,175.9752307017737
139.89108192552325,23.07207181579346
196.827877512844,96.74731957148927
12.236514235124833,83.0492632916405
147.8905092768466,23.86967761146237
21.70698553067319,142.26286324584512
61.467568166421394,172.73571484511325
30.957626907947937,124.39497142799509
166.14218775206092,67.67484465413554
65.06967078843732,17.502202572914786
27.303007788748154,154.3900290527241
23.31970640881429,6.642992437378575
29.559346368893802,30.685487619092232
83.43843186801614,53.55837367102459
49.35450114488678,182.89556262968316
152.2706492505926,88.28402788638981
166.3592793527639,84.41162071088625
188.81773081638073,169.1857355577735
191.98007708142143,119.61029432940742
10.440763183105638,33.75349075540645
9.54564551076415,128.537931953525
73.45831946307914,97.0659675003887
175.38450364074674,58.96542010392107
40.959804652739656,173.85794445707785
182.16150662616812,61.41356882100963
143.5985393986921,103.08425882378953
46.99119710694766,126.01875737097069
35.49101806123107,137.67737086901323
170.00896863514131,9.987241456356832
17.86561582703358,130.4977067819032
195.91113496292118,20.573654950505563
132.48510840666486,45.21249913873792
47.574379739339825,92.02253341714498
181.12587872830534,6.065873466857803
41.12157168531917,157.55311104287523
182.98472511292348,135.95370653665492
179.937265217546,34.423448486036015
39.567856329582156,128.94249232573927
23.201509611254004,9.811519967703282
13.791329472062493,195.75622745690006
152.79065411770816,113.36501298754634
100.83075916870781,11.991327971424615
90.92926546162764,45.975167318018514
178.20990563543484,25.182561822764786
89.50856658092688,31.065193098875834
165.11140520382244,22.27458015570007
40.409554660035944,101.89591287921363
80.74004035851846,17.167353871095514
108.03682516213968,166.17635949294151
194.59919880836904,49.3057570611074
135.74836175657742,20.38315954017304
175.3364923221403,142.8177264774711
52.58850522379372,24.868804255460866
66.58154880960274,6.01695930973089
165.3545428038382,80.24223152054405
58.3398815927076,23.4237470341228
72.05703624103758,12.10233408044671
179.80676137374056,180.02452767016882
155.94639037535043,71.05779192715134
192.04614273075438,49.018273306992064
34.17420800647246,149.8287051752021
29.377929760097096,55.995464777353774
33.636243776014254,9.694309394915265
145.48859346363113,110.36166331076443
46.88080236946377,169.13759313461523
189.09631136047508,167.39515808282073
96.75067472252908,139.78885583458685
51.63713108143577,133.8947191070864
54.09499786453737,155.19422819889556
114.78669312337081,26.57209851497626
182.53482088999877,160.9975083364088
191.90663749442237,77.85202531609211
24.362874621770185,98.42335055909423
45.07109100227737,111.92480127505385
74.34164589882513,62.46701828584021
186.63385223044546,178.0869491756852
113.15551622122393,58.38191882117639
149.34502455979944,82.59235689006854
15.440641926806522,121.16281570345798
146.30183939906104,71.88745175425142
59.87006320979323,181.72657612716205
176.95850361007652,23.795524539043935
49.53517634913823,40.12188532889462
193.75123721739558,122.52890584171281
113.9471830774769,123.87431335265914
24.099389747548855,56.99460606040519
46.850497755860225,133.59869054822693
78.63576959332488,16.670500904378542
107.34076617251506,48.14087188674367
38.02892509142217,127.02571957006265
37.79025238711175,41.821016070660875
187.95525146026787,92.50115949458639
190.44386079933028,87.71696825165563
160.8534580578243,69.61695015518865
22.755674311228454,115.16381566854187
11.728692598549891,112.98655401919693
166.4919622906722,15.244614957456168
182.6805359485095,168.78801723534315
14.629216335185285,101.8955106939093
123.98536480911581,10.828477705512206
103.59635399163645,155.9257235944213
158.61638053736507,92.87501253609042
49.884399294755305,149.321552757404
61.05744226400231,11.202907296913489
147.10138767431596,176.9733307731429
123.3088927615271,18.151010881108768
118.50695327602553,144.98625065987102
101.68246788906909,122.560521025133
104.92143653759514,154.47354855211753
173.5855548968563,96.52110020226804
21.172224423276646,151.27032858566173
181.34735644331613,52.56502185132682
166.91420577162364,122.25459067730685
60.62849870353126,151.67516237162937
101.35919090235505,42.234908120890715
180.00902864663928,122.86192631511032
175.07083914808965,168.84161961137042
25.3941461595144,43.72139396588729
58.7278364915109,167.76855752557097
142.93459001708652,86.13364984845937
11.418608423309424,58.042074642635534
22.75229429538299,170.19627854943255
179.10665870909864,178.67120896051318
194.65111069308907,189.19315777522368
93.16608574465646,169.04570078721272
10.052241425448344,63.85634520805136
178.92794572883693,25.163979931278067
142.66866988176955,118.19140256898147
163.93599703843574,33.98349843689263
47.640945934303495,160.45692131879184
80.45823622526883,172.4851933302515
132.44052219863678,57.80594394256357
59.20565269879148,101.97083408216405
60.33171641645393,39.64237079626813
105.6387896025661,62.38634893325153
59.40033616669645,106.55530722080687
27.488043174127466,195.36428236778852
45.44577148461238,97.52365915457693
61.21485916756073,91.36192650698236
20.928636544793115,71.34577525591207
67.10911552153144,7.503461820123904
94.60298263287645,71.05890166694086
6.785809541031709,33.904381743963114
103.33522429448723,13.688751492971381
176.44925333424348,26.664133905250416
165.04938566447186,85.95471617230315
188.1817824494972,7.486167838959493
119.64460530919867,21.86993290838695
12.009994387301917,195.04582552517
196.82323497994346,48.56932471000621
96.90276720209641,7.414492601843872
17.656027648697606,64.71033072089396
187.76076172892795,108.89082442517316
78.02257877338101,44.475385292976
187.10501409324132,123.76006683385724
130.20370412604547,55.22213338927135
45.94899505706352,15.014081073655968
105.08259873143882,128.91634105116123
186.97996431967212,147.84874217500476
91.03771073871089,60.35284377203543
150.72661812194002,19.5970599366118
90.8991982486828,50.850215259099045
23.416265314707108,140.81678104532565
16.73391852596714,127.33645121184861
106.73648289944488,8.007727185105521
106.46470590625896,21.037131479431032
62.248630175690685,19.5499096702449
87.13535421667723,169.5048042908359
163.8021745986557,91.5857571118392
9.289436122683526,133.1777264168609
59.84501437795172,95.14939403236636
193.37339626291407,11.866291639877712
163.2851718342697,115.47443796478831
104.14326858116236,120.72119291103846
14.812054934542884,188.3230403996735
24.559915548603833,182.76616590660956
193.21858899217193,37.44922620106991
144.38443610633206,109.04839501026618
70.2728739284633,22.842595684599885
176.50905994977023,113.71795905638716
23.879173670072372,56.04583976203514
56.35817659273652,34.1038726398421
105.09830997981415,5.655793061014998
186.38970187886036,152.50744665087376
110.49950616715101,53.62349185028303
86.22517225147311,46.8523709989691
37.16444653240569,159.0789520696717
124.14241605840078,70.70088306318672
29.530234103828107,31.609611660512986
60.7217116073981,133.17388339559326
74.55055184820992,37.92323322329312
66.34299255283162,19.199139219135386
194.4125480878424,95.08049836902404
53.959815809558094,161.1628792158893
165.35563910590452,181.65399939143964
19.994329216507865,138.4879277572578
48.3997051213991,37.04386137818545
70.93942989441008,42.83086016114456
13.576384486172822,20.034704488668638
161.8614413728944,77.73932001142902
94.33117031055632,67.10943226230161
86.67052246735922,7.550314854850621
119.68941616407078,127.91960391471635
83.69390277796703,20.711051371478572
131.92324930540693,25.486795430239095
34.592549660610125,15.85193434977238
107.15538164710841,71.65558686992307
120.41065485140264,137.47319899176105
196.31623670527648,12.780646228224573
62.02187904412561,39.69321540013501
8.562594157298856,118.03237443263612
150.69212094679915,111.80966969798241
13.424689714238161,99.44405613354769
132.47203551617892,46.86441294582468
179.80233830602685,52.779339042224265
114.14622476531801,42.239145863679106
180.45489373908467,82.1801846697959
174.0372420342088,86.01138445754468
113.0231077959745,51.87298220616283
60.232703685156665,181.907997898626
51.48661195182473,180.40905749604323
170.56416200415492,185.31585585938691
7.126902724061946,112.97216818300234
25.659897745608028,12.644640142334309
169.30284680714175,118.52448541267833
89.83892722229032,56.22227862943144
5.597186405167694,131.9440179834461
73.8471629634428,161.2519533654332
193.44635244372705,7.913821958966254
37.6045206934803,156.90982851529944
16.706651722032746,55.53954955357383
44.08629903574783,33.677675377689674
73.3481583633065,51.3902069647532
170.25265500479955,145.38819430965057
8.859267540391428,58.90676440669427
89.52960375573542,39.26910209183906
96.34884767693012,36.06285824433672
188.3112847149537,159.8228591733664
33.637486275121525,156.86599434718698
17.57993582076013,11.723341316127732
141.45265202693605,110.23458596861023
76.23304200934923,67.78465983949819
175.99134411007333,75.50624990053458
120.36206927984867,52.69399932152316
96.01776576857829,8.58777049105273
141.87523742269548,61.41092920402966
35.54099312205166,94.15235851472687
38.586728114399556,48.89122856126431
38.91287350919321,45.2067423748214
40.05504782740624,132.3156449466501
123.49382877887622,8.929608184233537
105.30321404090519,62.82421486273796
19.1598505154311,176.09205216580813
171.256722945261,41.87445599033055
189.27923843368526,56.86089127125299
63.45921602822604,22.909782985587864
195.28709546477694,98.66537764643655
165.02614280871003,122.34319467445748
53.46945261395235,112.57556814366444
23.485372754392674,42.78141292249624
179.74727891101335,50.01838884304387
147.35763455661908,14.056519267895688
81.5607579829469,25.44036332758541
174.6521801510461,170.00244496048046
62.615139763704974,179.68572709430126
101.2692481912457,144.27200145155297
182.3263562504699,176.54652185921142
12.165611749588534,105.04701585504701
145.38377492735106,20.79035939881056
161.44445575277172,103.81709096123329
101.08659880489309,165.48072881437528
42.773526849294385,185.64613175606172
19.71756368099002,44.374106987041976
72.2364528876859,18.644238089249047
176.54157260254695,70.1833540245301
185.34080354096454,172.64803881809283
48.80328368323958,108.98134246453263
155.84720937845458,184.15218274236503
153.39467876456985,74.88055325341952
194.37930475290344,168.35383213303402
104.96816882299092,177.41417419426767
24.223490307032186,24.136694352599932
96.72790439657645,177.35243162125911
161.69569502100563,109.59781999961507
128.279267585346,26.481061019019
108.16503745670786,163.08774748202717
182.16593798865415,107.23403954912365
18.721303008375763,56.07692150398966
17.289443210206397,120.70083361884754
184.12904910553897,168.84351203152653
22.133908116860265,47.13050699738967
141.0976378914319,117.33933650445509
83.23719916620081,174.8652088905676
118.91515807910328,24.038615032143436
92.8572433406119,39.371902422288805
143.5878547381666,86.49514821103831
132.43890651875705,7.375485078798561
57.64070248723931,158.02846690076157
181.86063137835615,174.99120786696773
21.23662794219114,184.67854917178062
25.35643417469276,28.33925090082713
187.26734286291844,129.38964069293928
32.471767316307236,31.98155820821061
151.56158997313705,118.57695439489696
158.82684166549743,179.61581715224347
114.5736657776542,142.1751384928754
60.46248326185799,177.98954052686346
113.57387588139743,12.52319567631007
160.60186630071388,113.73468837007995
12.242162116000145,50.652493962897246
178.45700435910177,177.4955074442332
103.70516451751628,181.1241451757892
189.81716096811127,167.86723766940503
32.80786822687818,141.56611201376955
95.62852859653884,30.048998716826667
176.65607292618256,51.1096353970857
184.146608302946,105.2998547892949
38.21143062677933,119.6552555159334
168.54888101918448,98.02395124081825
107.43714514885914,164.97975506765255
15.272437591986861,99.61175566008923
104.94364231977626,57.893046083895335
43.16402635737054,30.735691391928523
14.294669465153707,35.18671400223513
196.4908498820196,189.52341953337861
60.68878625561637,17.30427801542835
163.0608351763983,114.87090500665268
76.122383815746,170.98851553021834
164.9673988853958,91.60428381750904
119.10027908742416,158.34354259106675
132.11616002264995,49.47960370900937
16.445528054085507,85.3621094034204
18.493466858164904,151.38250795158476
131.78425854077642,46.84875357367086
127.86196694059021,17.49224132570086
8.588150409001441,65.49582640358267
59.44196559414032,6.331743531098856
86.36801797708775,22.847291012778445
186.4330690605706,9.460740174211923
21.423018095263547,157.10105758754747
142.76318780474764,29.345599523089053
49.78274093119733,144.0894326660296
36.56461974790883,17.640967965630338
38.3565846527109,20.953766202437958
92.79890775295715,132.27269315665924
25.364894866669655,24.860775324988353
101.51237456688895,33.63285026394007
18.504555505177297,129.14312944090352
180.97090402841485,6.371193853623582
176.26514203513904,106.10587123603723
193.88638173323906,143.05171961439947
11.998075414514172,24.71852387011304
20.713652981787682,32.73830547655201
140.50355307373013,72.37712722736387
10.340177379390436,107.19032678344114
33.057330594337124,11.528089632212058
49.982041939004624,29.95593785220507
152.95017510716627,117.71913144636846
194.72472331363713,137.53364441351724
187.14964373105815,45.967292886434834
170.72209645552843,64.70439755913128
15.455483025902575,28.87172666015748
114.83221429726933,160.11969460180478
65.36071991781127,18.98991101425954
18.78458558289302,128.42262371710504
73.48431063245924,166.6122709754392
173.34406408035696,41.02456210606579
24.619524604150772,134.0633889247292
31.220851768309043,162.37403550682095
10.033324906494766,9.976014612037488
11.096273645480185,90.63530809980843
190.11092242989645,48.404558209091725
176.30377053545195,113.14510649122163
60.40492778574069,113.34632603683585
23.499439965518853,91.60739513761455
157.49573360952093,179.64973374255365
57.34981385961079,128.25497552121075
182.51929862076045,185.59588790553664
86.7727613554439,53.04575523709031
156.10938463129716,6.1863145200444505
7.780198227089352,116.3384666142499
38.35589229240971,45.61496962356373
169.842289721104,68.96766263080801
173.1034355172636,179.08356071731205
60.23184639460018,188.0134264234211
127.48598144597828,66.47908392512652
148.7163827950142,78.48038820842913
165.70752602233685,56.421464405763295
190.2084976960051,112.46231184219528
127.98587368137925,36.55817232593134
36.362526081113366,158.63298990811683
178.71429206204274,102.37060253058608
189.60527014849526,129.99064985757786
25.970633882942835,41.09181423809149
164.15440985509593,9.429758013719862
15.267306762068454,152.62588954028323
168.38581497043353,58.965568965480394
15.298221881592234,132.65424002636053
81.5287885346461,39.584899780452055
178.7231587582021,79.56357505222309
121.72897108369307,31.689698844592566
8.678166038653856,169.2926835415458
177.02954083641185,38.23808954885909
14.45736419286663,133.01054998263848
47.20329918151229,17.801216068643406
69.27866902071482,176.7027935397374
59.11666988797592,167.73825523626707
62.93242411773607,139.4675575145379
182.01766029089686,180.37160211063022
31.948099144012353,187.73759818872955
96.7505930036184,42.20565465417511
90.92597987154252,60.00308889668843
47.18548358667501,152.21111411369753
94.9224542117902,147.84646090208955
25.63513123203921,34.4803961832436
107.55057922247481,37.46069837853664
181.52443902490813,157.40571201267596
101.0855181497997,167.92486327103302
164.97755441742473,30.785013806530806
171.2021324052376,89.7437686025123
120.35143280961154,17.79119463911763
37.1775534200855,37.51088659853379
21.519441853158973,108.21804475565153
47.38501428340798,161.0628147571962
51.299697655316564,162.59703562612626
93.79021790472216,66.67929883226797
111.81029720482424,126.31162665652344
28.159059599280567,52.69168085798977
165.43595426703203,87.57707182874566
123.85371148148609,44.843605783871105
190.56951509974073,118.22878636991382
119.82116649423978,32.410518495151585
47.62668856574293,13.055946069408773
15.588952107562777,188.06039406678462
38.876781946678584,193.5502089312538
190.51109466417188,29.31108805494894
10.044895553936504,177.8858592326717
126.9464847098751,68.68255801580305
59.5230341658831,125.63872185354393
33.359717012132585,54.8614704186275
189.84763802246187,140.01226143647358
164.9029879818915,184.21814242949873
163.81735309445924,179.7505260680293
191.21699510705298,62.19455068291032
41.479284748329846,125.67409539405439
194.0803287657553,167.64992919845042
62.9627896332667,97.47064991766112
143.21772959779443,107.896374255092
186.3246604490728,190.56608963423528
135.20470179270322,70.4696434863647
51.402799182993576,196.88408170522712
18.187451070710473,107.17007042817356
104.69411717265741,6.435862239614009
101.05239838563294,44.1106533271033
62.41199324537083,175.66220230064326
81.50415214000166,66.37020387734333
139.81331843304417,72.36323344391441
109.88109518076163,20.208645336635502
157.51167725629836,66.62693080020537
84.02279874983492,17.244666979491296
167.35180758660195,46.43533465992416
62.47836717364011,39.16510247220846
33.48277654882335,47.16386803508203
77.1769717238675,48.05795462557746
41.08493825332819,180.22051657337218
54.43053741349326,155.04858907125487
153.41755580708013,119.38147359746272
23.960179292645293,120.49212614962221
116.24119717362873,15.019430448609118
43.562715550128125,192.1188171041874
111.18207437918912,51.77808562055976
50.19088568152188,146.9424188710013
95.62054454883685,5.888223113913566
141.03100088262318,187.93123721294654
21.420132248529576,21.980985046521074
18.146880867269097,102.48422344898215
76.56952988264018,27.3061618086347
196.22291235078123,79.27562310585411
184.4782309120074,189.04261588874337
171.9405878854225,144.5651575833688
155.4418617530844,94.83428191196492
193.95757658120436,31.188863343275912
79.67488629386865,16.405074995417145
176.0035448257824,76.29615233245592
136.86614498334393,31.31826763695795
61.09311455847856,179.87116739685388
8.876706982683682,63.6090226007383
42.27595415832959,157.94105841807485
171.51490930462094,56.14038177398904
78.81317229041989,5.624234630491144
49.298994796789806,16.3340978251002
21.1305928189521,18.636101242052597
178.08177557730275,23.314396620202487
192.00930783522847,191.62091369981917
192.5194955196634,185.46366931684724
36.951309284638796,44.377247474597084
166.7028268593383,183.59021024457164
194.6932674485548,52.612112966640055
173.87725548311383,5.375985580022555
187.47518319144396,30.539352360450426
108.43578805881359,124.14077673990185
28.629605561441583,5.175006450458328
174.3173761558373,76.89802142938815
45.293048698588144,151.60170820928337
73.03006822339945,66.33505877423157
117.96369827969654,64.99619100106838
94.15388794930968,141.45022880290196
98.67009617995356,161.99016429570142
170.71389612172064,76.85860971786464
48.677296351045754,8.421826580177457
165.94800875660522,54.082510477013685
184.05294856548846,33.3652193200815
158.38679748741316,79.19975607751527
64.33565343144298,72.15395293760702
84.03595495123218,35.247436674326686
80.30623513070877,164.82043788843097
55.920726153663374,189.5759298702889
41.9452338215094,110.08424882388167
168.27913160005846,19.14212705418919
23.216779514907675,194.0462543614363
34.24029523430714,113.11915357423366
75.52329017774348,70.32334170814995
84.59259324741461,16.680436365982487
37.64109759431741,100.23585248477426
143.98806096206022,62.14982704833309
114.30021924706773,125.67586126775372
141.75084049073268,179.20359172925694
186.0727466562195,178.24815176524055
141.3002992066527,11.134091508866332
7.989478584616145,147.0249332867245
88.20185351993347,50.46411870843303
37.22581928668825,128.20760193872715
188.42092593111718,72.52211875899343
115.18976419526021,61.16135171771785
80.43047151894984,14.473944525210573
118.95185332927805,52.1223142792102
184.645252589122,108.3922171493317
149.76615873910234,30.39701235669118
154.93504308167323,116.26952388697111
173.4150843914573,117.10422424076883
110.9367184669849,144.32576885394232
47.310739800681134,171.63200689225798
7.128391042880441,78.67773632145804
189.6025123417004,118.98117448884857
73.50404964324404,178.64601068227407
22.67717671050927,26.2259198552559
21.865640635959398,80.08806266110281
176.21145813934234,103.41658904587315
159.52228849072432,134.53434611015612
9.840136403676146,62.12276649043297
49.25115935683044,135.12316758455398
41.40598346342855,143.48521662380475
19.125446122033228,150.3377381960699
88.11969303818881,24.596276643203325
181.10052995107947,182.59593594088875
189.18735010500893,107.52017258307312
24.68334171110003,20.632393795901503
92.90925341831925,55.20083482879323
57.50463545225624,31.908585724771154
118.33683135919652,129.52106526003595
51.71626326906863,127.5071162163705
16.992162851659913,124.69637728085932
33.24423663102091,118.35736750190324
7.915243178322627,128.3265448369629
40.24863753221152,161.51240924711087
26.641639192056907,125.51298435495237
108.56335809272548,117.60843788253199
153.0498724295792,103.53887284283996
23.45688764821859,122.6219341131925
81.22429844470496,177.19239606894112
164.89472764703993,20.946478243239593
32.8642114271316,20.965148433902836
160.91394092073082,94.43744341098997
112.88977797898562,18.932201130114642
23.960854210941672,32.71245567771343
10.819802298565607,132.02412207125616
186.30157870197115,46.46668745600898
187.86997070907347,33.65946807988471
159.36147314427836,184.65777151378728
8.43224215135289,94.50966277740343
79.9046911291469,49.96239730322753
39.835899278107476,136.8972044760293
46.16761619633524,103.79068137110791
68.62212258689122,178.87901882179497
187.90412345227054,112.39196226262179
26.578190816083435,57.32424018381655
99.53030558643646,164.63102131638988
154.5237493814349,118.36542877703046
175.9275307253299,77.5382601437259
8.158127623413169,14.78903817709583
185.8030492429142,123.40750353923933
17.164258478329277,106.33018302787798
152.44342386639102,191.16951537852736
103.72585163608696,54.20917265759975
147.34162456781772,105.26755022025038
46.97216093762057,140.70518548431568
21.88106504825656,89.84060106766447
116.33184000977208,48.87191693312884
62.097375431297884,170.31243436693438
177.08797673252968,174.25111396140673
158.57174496611526,68.9371461022204
108.06449609310185,49.25383360843816
179.85579932109422,50.91986847361772
86.9902286473596,14.373307037812808
90.69353939142185,26.415327228345905
143.37498409560854,196.9940818680409
131.61092124434816,64.25032570661561
162.77013773744002,21.441620002095075
90.19102080301253,45.92403757245688
82.22737328442925,177.19271490097736
187.50405996930058,47.59651973078836
15.629083163304125,190.90720135566863
25.676103865189404,47.54341895388501
17.90542932154122,147.2136400484376
7.4119408216495675,183.47968626086436
128.4934232084799,12.041448571825452
19.18998015534448,138.4170156197009
160.43433896545585,114.95507498906154
33.257312533415515,191.98767434261515
195.28201190946612,142.6151898071429
150.32292492572577,175.56306080619095
13.244004728526773,102.55246730035662
51.36033249674329,109.16180840722055
28.987449055015173,144.07622908812976
10.068979518112766,37.512238231757706
163.6632424221838,97.85072272887884
23.905273984309087,27.59005435935139
12.164576737673034,120.5313234673434
119.691309906849,32.99152603006935
114.5393595157355,167.36459490171893
113.61240991651599,69.66721663884569
29.62614906506336,125.25239389819815
162.49179520777744,7.31099207745315
33.51440945188545,174.56299165365303
172.53739219146556,136.91290285139615
19.79345191197046,156.7659233107031
104.112921789722,39.136987043484886
84.78962312786214,68.03949497586532
188.4738000715686,100.85321710033031
75.75586775736681,69.31569798857272
23.79540332644176,11.575736703378986
187.0094279147439,35.318349943758996
45.53822687976823,157.1544506351476
145.46331035044182,108.97808059676781
164.31182359382333,7.622177781098321
184.13918667111258,97.29556537117358
125.14124562371416,35.16773247742581
192.75263312876376,180.48747742735617
39.50259009833575,100.395102241224
79.51216484975832,166.40937206740858
177.35805025952237,20.37976941513145
15.383418942781661,63.368589606982255
61.521504453837814,39.33603807191681
176.88309112786877,118.09954233157822
28.970026128181825,7.060085391914099
70.28854848075865,71.9603111611887
180.29776153209593,159.71044571804532
98.35582873703336,55.04314901202668
148.45208751266097,113.48218561132995
106.12024775733913,149.17970053283364
18.0151643355899,67.64055284254482
60.29981421740165,97.72978622210249
10.012965749672565,181.74540286057876
25.17425086877634,30.191039928514726
192.50346440451904,130.66172790853764
72.07864433299548,24.809975971155897
63.7856497135061,98.22039025907276
26.976017390632055,118.4861874343682
75.93610278643506,7.380068694458361
19.517989202839583,115.96896667004508
10.233427965323974,54.62626177907939
191.69557032988422,183.89512550686686
104.01595435396935,53.68959193419415
54.869370584260714,10.886586914639503
59.513320393910085,107.73322678846144
31.203993585140967,13.132640842629673
127.78426388116372,34.2669505800788
45.754457676630004,28.679319933282944
118.67154044251545,33.509053432779716
174.73285670878735,185.5685797632905
165.9910193510766,53.49920036030005
25.34360140483726,157.45748380919213
23.122268106867928,50.05994377122491
25.858881787012123,119.10587409387412
196.24807980044991,178.3216753787116
55.11184848461439,128.78099853139713
122.8479211926786,69.71000716162165
180.40402011203133,177.79692512680407
41.32899554274023,158.0389896608735
181.0765649406952,96.88784451318105
6.937192778522966,17.201519546681965
33.76779595797967,104.99607367883507
187.68828478467358,63.39077052195212
41.37235999726523,148.6121055926884
28.552614751614772,157.3550502137307
97.14732252285408,44.88343616029947
30.925248998064255,142.44863363527122
90.20295935327492,65.84338252998708
74.66529231487938,25.922322374339924
190.84866116847604,181.48901952645363
14.020582389520047,162.97798027981378
117.19718029815972,51.328501992496726
194.4642167135197,135.03664518836763
180.58245252074715,179.95951924441644
106.03530932837855,12.92382545839273
163.95814801093422,31.5363156305275
176.3604220250416,88.96161860965574
113.40047728530564,139.5552778461656
27.211623737128228,190.64900051702298
22.655756540490728,33.71868063149283
6.084485715761932,47.10769048437984
138.4230823908897,6.02278618411843
73.33387307550328,63.051182020997636
163.224429529845,60.45969294052744
179.2748712670007,88.3311584673442
144.17545634869722,180.93295250531153
141.90304462594588,118.42647223352256
159.90384916995512,77.44029670304775
102.00276447163445,14.222504482506796
77.55500649596105,14.341432661839235
186.23184346600215,88.21565901729565
14.916748463863998,112.6891518758553
49.97359342303876,90.06301478784269
181.50550261293859,150.25195352524432
101.81246395594192,118.7292611145095
6.442366661099236,160.6845291253214
103.08846271108222,169.29089942286504
58.45150125764848,175.7423805770164
188.69696228790013,176.64092325886028
10.739496334453982,75.99279174744214
156.36453563956226,24.068341274152647
114.62411447408827,155.72348338122012
186.27602648711078,143.76698377659125
71.07081560722524,170.06082305666237
55.27177487814976,97.63415615023946
14.95912827204165,171.9657438345716
146.31866112980606,6.010222941679622
57.81139370463487,135.93049048658003
58.48073862152172,145.69418101584756
191.05704918656537,32.46549720353826
162.43634368652883,114.97833678613829
182.5032515695549,166.64355558693637
53.12093868905817,92.48437525964842
163.14729491681277,101.72982940491471
166.4390366262657,188.11868003462888
140.26403822424504,16.62544449703726
57.24939096593895,158.38286937211763
172.24939137237334,187.78356627279905
194.53652154567834,148.36165855650668
66.92163175056068,18.340320672157794
12.346699037468937,14.533521249659124
72.79062747369055,33.65891291981634
153.99287337190088,190.00915644860245
128.40186864481635,36.4340206174887
44.42502451192074,38.11653469538038
56.51743123371584,12.313898413670437
10.447345905859475,103.95047759999879
19.588472135471353,142.47877440543587
97.89924691888838,38.6047163311873
132.95402192441085,59.69590821115386
50.96205769303457,12.033037099739888
170.65843841950866,20.121552862831514
109.59206844968338,179.2131895585991
121.57309100440983,25.894167388521
144.426213469534,5.985825693746001
18.787218540430207,123.29153267794273
151.403608241356,5.908600207263449
151.92636112707436,70.8790480756405
123.88453297226702,5.476946872662701
21.671077208188535,81.50882327078871
101.29436777439354,29.351340559220528
181.16540021632434,155.25711232001353
11.246101554045913,49.71283448283278
41.25469905182879,172.57318544560866
22.082393589398357,34.93607064001278
185.23865722688674,100.6805622063042
157.4524537007632,16.419158382493094
11.021587162798998,170.3962038848495
17.145181022000763,126.28744685986774
148.77812741716778,61.26620983880734
151.54478367647604,115.68272078750852
10.558843044041692,57.71675904774863
164.9120554816018,72.86371066024356
104.59677850461838,124.80045325050087
99.15628779082029,134.5216704707346
14.161954924844363,106.11268835504222
26.687584402673917,43.31945344404146
193.40516285014732,6.646194537212982
56.65740548543361,9.843024767822719
178.31161743436817,136.37125594912447
93.07205127383307,11.174625706159718
73.81857564692001,21.98936078267942
26.48666227712338,97.43544609014992
74.79537334814768,17.121512122182853
40.59847313510711,177.2250984454987
51.90986704077905,94.81651689246094
22.79807315135627,38.400306544108425
173.04678711892208,63.319886728945406
9.023912736875698,43.209351688421556
119.86610270082068,46.51226805874493
110.91707849320919,51.571761880149644
79.65638147704773,38.68187960335072
132.56238660998906,5.6836200524621
180.8125624246072,87.12155539890206
30.161583677048313,41.98821775843395
37.24241882952313,9.846578158981274
80.60146710668026,8.473612332461135
59.81757775109166,120.54645226934831
56.98689208251862,113.06870887769114
61.15821571137302,96.79042606299456
172.26999345910474,109.58637578204483
44.77354170220495,136.7732779212717
50.4159130126825,152.03052880363296
166.00243737263096,26.858228767068937
28.47872606180219,150.17117686780327
42.11738882388034,181.78252216521483
150.2662177567639,185.44571268389362
62.45708909956894,117.4115436675014
189.15991663324505,85.52641827512764
182.96425913592634,195.63064017424702
27.832878193131293,28.88857504502789
148.7165372104126,65.22713318510495
25.377692177115158,194.8303006757375
9.691668360243966,48.370767289804114
19.969505805365454,173.2894548802564
175.06371172833028,196.45603855733668
172.1920051242984,34.936048684517196
128.225802094308,51.30400407286918
77.14603589461703,93.15227284470595
44.07678054191543,185.06180104194908
75.02186709935859,58.088182853826545
165.37893045713088,44.55858857889094
98.65097754130309,44.23726554175236
39.986553285772374,41.94330363949399
192.72251057471271,65.1702737590781
163.93333989394924,91.6071155576844
149.73062662364507,103.82873880015282
130.89189147516274,32.70782536228437
42.383924605422415,135.02275385205087
119.49389076124888,147.53509399096842
155.9283461473225,189.18050780016688
105.9770709673749,148.39941917759302
170.55942771890253,112.80070972458044
175.18724983637262,98.51680673139354
86.25778956648536,180.41669384072736
152.02752807553506,11.080367902860928
95.12957665519816,50.69651038694635
24.455656780021975,163.9369919183176
118.55814226370273,126.59600105012899
98.76693513018634,33.34325148735438
41.86953767837308,46.62996901773974
61.724564507995495,131.4571848324468
141.37142832375815,88.82760165395446
86.27003868825177,61.07179849783139
7.289693747022796,57.14975047435293
84.13292477115625,174.79243971312937
135.50516787817608,17.44324575253263
185.74155739628654,177.61806564752183
96.83272600427041,53.356246298549266
178.06215544838437,166.61163999111983
191.62301091967404,192.49911023489295
119.0715608675851,128.35970230180087
189.5437885324405,68.2613579407652
117.04924727972197,61.44535299910197
26.658266913656462,130.8027001184811
35.872045753089125,43.71455586696128
94.33433862739633,60.71817615663003
9.789494090820945,148.50658996885537
141.51522272887303,184.2423820141985
178.97388271662098,181.04416539435329
181.2553150357151,163.2533436446727
104.762876378421,38.16247655212672
161.18512585909923,179.88994283202976
11.16797405066674,39.73205730794102
95.73640048615823,10.739358812704726
117.34808826971805,139.5269061143923
20.356292569845884,29.3955062212515
194.9368295169586,99.03624257803513
99.07251986940847,71.59360855129711
64.81563151326199,98.44087084360372
189.68021746857647,89.48007927181692
154.0428314023796,107.21797039441584
188.96846226100996,160.09115368607578
163.56338519052855,123.38445446527342
45.76390029441094,124.86684430856793
89.22073360300813,6.0547598774809455
76.78470261736706,161.50563354067407
175.83735084566345,122.94350700629725
34.933605994760306,153.46447792333413
93.96471905321438,181.50711275316948
118.01523929684932,25.84436264829045
100.98547090989669,150.64414837735214
188.48618268690745,6.485012576635993
127.71736087239161,10.744959333859951
52.967232791808044,106.67363792480721
93.92060306627181,21.84668194531082
68.72341023793257,174.13416955029717
17.644353862195928,92.14130665844276
29.84801410908072,167.6256132432081
194.65550772515525,115.47548271639303
40.09560675521807,26.026548627442153
30.359293761371006,115.43798451668158
188.45000523469696,159.34145185434656
52.61345672778576,32.50647776357712
19.897365324702676,189.3310658508783
193.77411957484364,36.178006455366
120.80606413483973,53.11671861562169
182.08577953066717,108.97721353165032
58.314287545098054,6.950156224067435
156.18671584935166,87.11584387442694
87.24328759620832,169.69058147024282
78.10029245752902,22.656694289917667
13.506340522983711,114.93934157847723
111.4080354756462,170.96917774348913
46.924287070640105,134.78597422781752
37.0107573276951,11.266227491543953
55.69488924973069,15.592516962073459
106.45923580366046,165.8806555338101
26.657488239505792,136.68825001727723
96.51218317348292,14.521180757142414
44.8984967214584,96.20633941256952
159.33862781484623,84.33511570938384
21.948755660032766,158.22079745215603
48.69463577980875,22.18208382917417
21.949042099048114,81.54764243533273
48.3592342672597,166.29808616353208
153.8415264110744,111.19019225343035
182.98148951531184,15.177818657103213
63.09219937181673,124.22705599606064
57.82114267697288,31.659127214275436
184.6294406963276,76.03222200556836
5.862851825321054,169.16876797855656
167.1792736801505,78.49190180737084
188.0568463193605,63.473369226845506
42.350635138527295,14.412866813230714
103.38457791845366,26.826010334435658
16.318065709848018,103.7507644948233
178.69737950861116,8.696528310245538
162.00715286846284,134.21168907787336
89.02722220224159,163.77103066114717
103.79105890638188,124.0479262162142
152.58210424919764,195.6982869044089
154.7125960241233,185.32582033146616
152.60759740492952,105.49384389592153
173.93551102229256,146.2757598901582
82.17632645326512,22.761790388145755
102.1879799617497,18.993258395157074
80.46028630329357,54.38922934700164
106.69218691693266,159.70827310832678
101.16546938268901,133.54393673124437
171.18229427615174,157.0305230529986
28.377055697960092,57.19928692384297
61.78726639033372,162.90771930797618
21.179774486628702,62.05469539619309
122.43674350733635,6.821432951413021
24.66652547800783,170.50022279580668
53.91995826727011,115.11568126987522
179.78103012917822,165.24136485969407
8.337023943028338,122.76785503657365
193.2666863193763,136.0185498052258
185.05932984723393,42.558049271834335
38.990801432427915,145.81396021416296
156.70938169337543,10.259465047380296
191.46059902265716,183.07433582045917
183.84405377002125,142.15285848925646
102.99792490449043,172.57840297920924
149.14053989869976,93.34680621139233
59.39643113291427,37.73284765062721
118.11257466615676,148.71822939057458
70.60622069169906,172.17137049658783
146.23043489207873,105.75353233933164
18.351564217445183,113.82330729341629
29.472330925068945,166.26085835136593
102.40414486988443,9.081024169310295
173.26099236872125,43.743645532561985
106.74602787552077,33.94033527808541
186.66644062953594,103.60017502521927
73.00354886204428,176.95375063918883
113.81868872028711,41.76376264395067
21.718718673118694,126.45637087139205
129.28563403080764,44.994864157921505
129.3313449412947,63.92674362060424
108.0269593146309,141.6123058558842
107.55888460059008,122.54356783408662
52.18303020831853,130.25286136842166
31.70142046507091,122.26777140858152
57.9830610493435,13.488576503773938
176.96196148791708,180.1450325983657
177.02639222655256,90.14953632579144
90.6368119324413,14.853893865553653
54.69478551039058,168.71298612291483
126.3082051950983,23.420081424767538
127.57438578520615,49.56952247899292
31.30899543383696,146.0410775580933
95.26622732548127,144.2887079553095
114.0557299485943,156.18075514439587
33.82362062072236,149.91610499217265
190.98683717199327,48.57169035831209
113.36424373548388,44.84952990464621
35.62033279607502,42.577704465829115
194.43419268533026,99.33125453300646
110.4592052160387,134.94173444769328
107.43143116546146,130.61171680626438
176.13492361850194,65.43948957228004
48.809963407651466,158.67956871870203
145.83288230655444,100.03765971811859
121.52826445355353,16.96677149054664
13.895593353754212,70.21545172060839
167.21047793238668,85.49175490414629
35.87234661451648,17.611994496421133
25.49675272273889,120.50857359338058
179.30004955558752,163.843568290275
163.01674306169335,139.8421887046441
177.4972902073811,100.6723353763983
146.91137183778824,63.17543783181309
45.76790945051155,181.16453380575155
169.02223354988143,71.35635870536862
106.59458995265379,174.44664461706904
13.017779130198429,147.77515542871276
143.2397343444397,186.4729612698081
184.08760639977788,131.15475665463035
130.16297947879494,30.471144175970437
171.13153000561348,19.94165352711744
59.90371159277958,19.388449175349162
113.09606378437248,131.9087884809467
54.16037544749974,155.54994763229783
195.99272047857912,99.88316312846125
186.35379910616737,72.19810386564512
185.69448817129938,93.08826159983458
164.81079461921993,10.575356557605195
51.28778129273719,163.79947209405762
79.93922871908033,53.49452240815178
71.23784726743479,171.44699297554052
8.960059451984488,27.17865472031493
105.90592061292743,65.61441981827534
5.578539210685454,125.62071477157463
72.49992291634605,176.95806348451234
169.75581897498617,8.095293541645711
89.10827775276053,21.619060101132035
28.77630761804559,110.30599154437519
103.54161568398344,26.79122133470493
19.567438256732686,63.83270034099586
71.38493995373545,12.048141328777842
170.06025604493598,192.97087239350392
33.39763291228563,168.59386494854436
181.93723551605098,172.2462042179242
133.70767990641335,25.166181522377734
176.8142281630991,105.76528991035087
41.552105490637096,25.681005469510815
46.58130123017457,171.66433845125715
119.21039386622674,151.959661296834
88.60782315200639,45.518009212294025
109.02719778592287,6.780240988787264
114.17978744696758,51.73977713023057
180.58645296501356,143.87061766246748
144.38343351409236,62.57218184062439
97.95233963042911,165.93205381895402
186.04661236444466,86.96837099132553
16.388296122535483,48.24684983678482
99.52546354263022,55.30263887229932
174.3403266258686,73.60531583856326
39.609801095162666,147.56009662525474
188.43624282806502,80.189128116575
33.40662097455465,40.837126634067445
35.703542977043064,90.86423748347232
19.281465669263568,164.34862734685163
38.941091234652134,141.86318643381958
9.04446193892548,79.5393010598556
26.385820104698045,56.80024173374449
166.46699666549807,142.86687436612982
182.42142104494621,104.10673607694068
32.85354318110898,158.17104184644418
25.077877582434578,130.53820721648867
185.74289354366266,57.0411217002493
41.05960132051011,95.85243542371269
40.84860676398138,145.56766954570887
148.75734640727714,23.817753394370005
41.750171633427954,99.37208873707195
189.77375445789718,54.20138320733934
13.155917376048828,126.42149299061764
39.99741327598471,180.81665912209354
60.915946971416915,91.0027656676198
110.31336954563116,175.33366406143745
165.44212306770382,126.38398604348917
27.685317087020806,50.330387187110766
180.9032988963829,192.86840362921586
12.258383816381967,26.616079470051535
186.594691390929,73.72598752301442
183.66212569157545,50.49281670180349
122.17545534704198,48.62294692974129
104.97924382810874,157.63416023089368
21.87532567364198,145.14441164582047
34.22377366095071,107.5280581428797
184.12577068694455,101.2463871499861
30.410903331588163,16.84928136691494
143.6789642558253,182.35785279618608
166.0594992951764,85.11180559201522
100.47465717437106,136.85197180719237
135.76361833100947,66.38507374459118
112.29698892344297,24.458470911261884
84.35816327892672,56.33398850899829
109.7399275851593,17.416817550812432
170.41559810654434,41.58416107527567
38.39458079131478,116.5134372906574
190.5235338665689,27.995942809248632
66.5336236584222,105.70028835163174
189.0592717461832,96.68401960369539
172.62431369824844,57.3999374634441
173.33737250705335,163.8742791436989
51.64794556260935,21.389602248499074
46.26598760169358,170.69781383013205
170.88113624741035,100.29970531660875
106.28523752914298,166.60738539410374
181.00697589560633,153.0225755257815
55.87491750349518,155.05980295910163
117.07200123236348,122.24727063364195
129.01229625689305,42.6655829149295
15.12496588424714,76.93944616428827
196.1196955575142,11.911858037146276
150.48598831131636,78.14977759952208
15.044209723710532,173.71953087141387
6.931694996539703,27.08815189895147
184.63545428166788,67.42133313755832
190.12036787158536,13.264372689089384
41.4690557124659,15.743529229801675
130.52297795385348,66.66872341207198
65.52080928647356,20.907253399409175
170.05530921272876,130.90533617086956
109.95017278596657,26.07158902976876
57.92680259246012,37.6285362920664
50.235491710097165,184.30919032903313
24.549711862986037,41.535878205852974
61.33786370844359,166.31612094501276
181.29864679800488,90.22380161633366
147.4260378817723,74.38737720081522
22.74895255176686,76.94692358352503
19.882557177676773,28.735382758186184
130.5495001297886,37.32327440887762
22.599610237248402,39.439349064071
175.79591990556082,151.21948489654105
140.48415306692672,18.942742753177306
82.52968355650755,46.27338340207249
33.40249106779781,109.72532977505259
27.162295226121955,127.29614622257706
115.60242523027249,43.194864085900036
43.39444687254051,94.89923632040355
181.5504252459387,184.36846144224955
121.4855624291528,21.99373248681685
190.52315542799394,88.83954038506813
32.76465572820523,9.401355827650935
40.19475433864846,193.08526379295478
146.63203935233906,61.017523175331974
184.13313244472923,36.631185742010764
60.33969341677656,21.993783076632386
70.86175235214527,31.08775746601549
164.24647680954817,196.7080308074244
187.86963343754857,194.56354797425274
182.8637375045232,87.79265054805691
156.17577142497512,72.24150836831981
113.55277349078683,180.40948114794529
143.62898693829897,17.95761170338599
107.88521385192067,119.8746261174033
41.50424834825427,93.56674570720405
176.39503408739282,18.338516892717923
151.0637172464964,175.598678912156
192.06979234275033,193.18286023907962
134.93024467895268,19.61969749389782
98.41320004428744,33.40860934013841
30.03366276466752,169.67947105253268
58.34742008668731,157.73436387492129
111.56560425520314,119.0870941194884
74.55704155583086,167.33445688614412
95.00797298954141,181.3260888147379
18.515772283253057,66.45247823032967
21.351929090560127,5.34232590406999
95.671425208245,17.42622247729747
123.10350867750287,36.49043616872903
25.361873479064297,163.3160342262496
188.0912350959294,175.848606828134
191.8499195989188,19.51163516814469
182.38847061803244,38.93359604294427
32.96728233807966,113.32206611450557
181.5659874795596,113.293526604608
73.1629369409613,10.873511462789146
151.03647752090953,177.10710085552574
103.76001783805822,171.97754209177668
12.546469334367309,66.96630014336225
24.771579682878286,25.711117392009726
12.545887261727893,172.3788262076739
5.384831609204413,68.877820588994
35.7679852445712,13.008742022933136
170.8793787382003,145.86783625552988
176.7467376929525,68.21537698819586
123.8479030082216,29.060990157741553
44.14513566832073,166.17641142606072
9.701102073014157,71.06536209816194
68.36009666784857,16.563342249066782
60.77915354468587,193.07334524312867
119.11765317174668,128.61376263164652
103.19535870348145,134.68505494516262
28.13338245491157,139.6659072149455
9.591700154307755,85.18660233408085
18.559820068783985,61.52894539137489
180.22794331008654,108.58504058442703
177.86704642054556,191.65687431915393
147.3357347113479,74.48863199472963
79.9255155952185,8.025962609277089
143.1183303873569,63.15187037336862
7.541609813569479,77.84855128860025
91.86905792871288,60.68928692654032
15.971215814118112,34.60782302891519
104.64728713939063,174.48072560797056
14.145918894417258,107.37428591458401
54.380282482626995,30.43580343297226
186.73077385880606,27.488270840496174
19.155863633569844,170.02630540798162
51.71302005364102,195.91023725691258
116.28603779768599,145.40210476885449
154.46470697183634,27.04002857668843
78.820140406774,162.14351539215136
31.512319798157904,26.78639886040943
139.7032591556444,11.270635047235645
19.122767520846654,35.66885047529587
41.87045306083278,161.59530410424546
177.25352295287138,188.43179435717627
53.991162411461616,162.3661847354623
187.53800039376196,9.804790545241787
54.39436039573721,111.40883219584694
28.831707192410757,188.38463576918014
90.08507064996682,69.91604291033711
18.823561439620914,96.29072157365863
57.38195765762737,27.35163367702963
48.14511561121086,11.153159331102925
174.43264787425048,152.77781076156725
122.71099234434811,15.603881858667547
191.53075051327974,152.21850375137112
181.28294697072843,122.23183847745769
167.7103021509988,82.41472538206402
45.95404111609645,99.86980608073537
168.09482824616614,113.71397233735188
7.425254253705432,168.8345302285977
85.93438532178725,181.6454209977832
159.0710467695725,67.09001798741353
89.85106507675624,26.493949570407356
118.88207873550259,19.304046618878292
12.72875547556679,72.77491102800501
25.516770885785128,156.55313800614877
83.68106759026269,171.37682736070235
18.520898865144034,81.01385520870706
26.527877965282897,58.52599180206035
79.75473383488719,24.143009550696952
52.90639965126471,160.92133555236995
178.26063794847718,191.13263853370555
42.99435553179088,136.99222547370113
127.97372475846869,52.437118422088126
189.971371680607,58.45997796041734
161.99288411783016,123.41888905206149
30.9972321729597,181.60450594609338
107.93509952548447,167.30359274272115
196.5753405984328,48.92567076542718
36.39861933720096,124.12338880007896
22.064569232518377,146.9689449515812
115.09778230840699,128.62783276832326
190.56714816553423,136.05530117435188
68.30257882928969,95.67806019130465
103.70967726441968,35.887741570341824
81.88932940257413,34.212274537150286
28.734618229405566,95.43863036964797
40.88573324436387,122.66538929100368
51.02041825566512,139.85147821095256
12.040647897485009,163.52358981394102
59.31749803697239,104.66908979512378
147.71045108529236,17.116939279143242
149.98072124269973,62.832721053324185
161.28563258472496,188.20756412425604
19.833275181795756,70.36119482535918
169.72810773905377,195.14244034110234
57.710614033637505,167.31941946023102
31.608241487119166,43.30376961088014
21.96490226135039,177.02582569799497
112.54359764887884,179.63846674910184
22.503085442385043,7.957356077348427
176.05875207440562,156.66038471474775
116.81706091874729,34.13726775334143
26.292758584124545,158.1733561515248
9.887966800865373,70.85222158284847
17.303503823122888,104.21268367369682
41.625292685810344,7.988144569116415
196.0744213756694,131.68881094329075
111.52167293712495,36.74007470877861
59.09422479222772,86.06878492771463
27.354850648060886,124.13497515194595
193.61251308368003,96.36351460260413
150.28566753335383,96.21983635477999
116.66646064886834,37.84563428786588
190.88734028269317,58.804785576877165
115.77056591585962,49.187739020276936
179.24109066232816,169.57814819244743
172.15672317100527,155.08940532392515
23.796399211672593,57.98806333105343
48.13634128374065,120.31210752344175
191.63988459401065,99.60777204453274
9.333815721144088,80.55026144047167
30.69935704375746,111.23589643835221
101.61419397491407,25.474771867040957
127.51105836044823,56.43428414015983
103.22684842634811,137.35614415865695
164.01559295886582,140.33523754990833
118.23598318087578,71.51785155987737
54.80599160774147,35.99315275183547
179.03866995829844,102.68986876491522
100.66015024975215,34.50335869685292
99.67750946556501,26.057723293483043
49.907901336903244,121.60404940614573
176.49417931980327,137.26400800278032
80.81905807421103,93.13829590133501
75.07202662030546,44.35414697782861
165.58347079194718,38.057381316722264
40.85578746736684,108.88005635266958
65.64736655474307,177.47039083140825
164.6554127030293,53.20881866864385
40.892308924224686,50.0920272906975
186.08055382544097,57.58130430500514
106.86403950037457,140.32282580631352
74.46834962728437,49.41563514382694
83.35180932555188,49.70541639187837
160.75197861041036,142.0107904032415
69.79282763781336,167.5411953172593
62.729048240157475,152.59797254670897
25.488283787279038,147.80865337789618
118.82561195751826,169.69955902069682
128.67689691398127,9.358903430057726
169.1285767496586,89.79096810207635
152.71307876077572,110.78786735948829
182.33825986883954,166.1420250207499
111.19492991258831,52.59556799021993
64.76150765281264,126.39787734085174
16.73093094610129,49.36735527838913
66.16781724564119,179.20312712848715
190.33890438101557,31.06463996653118
28.086898101099678,100.86795053874415
192.01222864621738,17.156991108263394
20.84031694718507,68.32874484956189
177.6333859128011,56.412899123059326
18.209517195083762,47.124304522347515
175.6099446392779,120.17199429137679
121.33012685088664,38.6349243246522
93.60060395643399,33.42123933451584
13.10321569320998,106.50505851720358
189.70261095874116,118.94466811228156
101.5103438549125,170.89847391527755
30.456501379314947,13.82253351233514
177.38918393578192,33.83427046637417
101.20608653458152,38.802679912310246
44.519381657719656,183.8104004797785
172.518124704135,39.620096406590804
38.57917823872492,37.72099960368452
35.4260525966124,133.68300202549878
105.71465922140904,31.905431766303714
98.44612829215907,8.430426832239549
37.068590683794575,41.0851253834731
134.36311406934462,60.61925205968503
112.53692160062731,9.615868444410616
7.845412950824829,108.93990675712028
6.696593932730731,84.96616823136442
147.2351410907942,117.70123888953441
153.75516433951952,194.32845352441683
27.705268471645677,167.47602558701976
37.10394047600411,188.32306372861007
32.5422191937509,165.44580826404948
119.9321899914618,162.18039967557013
187.22593417705647,76.28320407565741
81.04019954279217,16.509506192935177
186.12255238487683,179.39668323317488
162.77995582126272,16.365408929303246
165.45557121243505,59.15131090941617
106.42306058050781,147.4764999816915
87.61786976179731,30.059719898838296
148.1371798183827,12.36964061768735
176.37657687579122,30.739211934201997
96.58172597630006,54.21969463029859
6.090735649559246,102.98752999879655
41.86246632734708,40.10684717031715
116.00707576554997,175.94834912813994
50.12841817923108,167.88914394214214
161.69144549716682,90.25863523922588
58.4500928979902,105.03871987718443
35.36450167909783,5.2817388864765125
112.23818489458702,175.99840303755062
58.61111372036968,12.04666557392336
71.17397030364933,94.70237792853717
24.079684432253487,24.150513284993167
13.406766936871355,31.69302997979536
74.39163730670145,97.86553692833907
81.4869616920859,66.5612979746882
10.275524347647764,85.0268813499899
43.66971549207397,151.7858996813979
152.09960288452578,182.72394695740607
14.132078145861733,182.50991024343534
9.854591617716844,96.72186008199334
175.89123845390301,105.19975720426952
192.38017818771291,120.60914651070334
18.91046201266709,68.7185226482443
6.972794029293093,168.4203689054551
109.28963110509083,48.99926156558046
185.87528347578106,15.745652423594434
148.8519668151402,112.56985699528367
116.51931825967365,131.3770195741388
43.47830350953057,157.76276107299674
27.656973991803827,126.89446235449121
162.54603908849646,98.16649506342212
143.95330803560387,78.34218119763257
111.8395779450739,121.06548100089516
171.35932260616588,140.50520708708285
9.336954185263915,7.093976384242753
82.47690744121964,61.36298562340741
161.1338260759877,28.473089292623396
24.022704756772846,133.77324345589733
10.818364380903061,41.24778443327276
110.21075849439048,23.56395017687329
46.597677700848614,156.6398812348274
118.45410407365819,57.207643987017505
96.36986857922263,54.738633420510794
66.95501956803507,13.610196849051981
36.66384030493585,186.54470770547428
159.8461777068965,91.29214708690115
161.05436813869608,143.41167263442304
95.0536143799806,171.84694217630982
61.520943489582095,154.27092412655648
45.49901733548152,132.96292028898384
116.41979745214854,68.95354562578049
101.01881943098535,162.72037385730374
163.89437106822766,124.12909468084912
93.60294292670089,54.55144662170427
9.570695957769889,13.949581710630682
23.378236881318575,157.70608299567635
74.89180891587256,67.07160875723261
11.770016259136458,174.25857482025071
188.27870465304218,142.4534182885243
178.60689151146212,5.322188605752976
13.791843218179594,22.361552905275154
110.65549555536307,134.63222841447018
186.8813271838906,169.37681312916533
47.54605886255986,115.83904951352268
88.30843192307435,64.08369669047953
101.32311026703559,117.94754819030288
33.652203207253294,128.60233318112088
151.27744006918903,18.579089329579936
106.01721849244417,61.4745621549417
145.08727759220625,73.49282482310132
11.40979608101171,22.28109879936039
20.906315834232526,84.38777309433452
181.64838491295887,168.19954126559435
39.99711607478028,172.54545514103614
45.385211384761696,143.98623742378894
176.62233369453824,44.51416946459516
30.65620438388682,53.78312894246384
100.27752243989231,143.17037669000607
15.752516494727093,57.65110082318825
51.39703217723699,22.240708940218262
79.65159892997357,33.57099983681297
15.91616955670113,153.4775922335856
152.70495434057267,16.933837599546933
22.78654208415966,73.01175354228954
22.361116587477532,180.02379245330835
171.15340992739453,38.24505240306461
168.787057566352,127.08100494741767
27.083666193681402,155.84983717877773
21.429058831601086,13.77690486413013
112.37003454500683,136.40895920306212
152.58458930314663,185.96342641890496
83.44053277416725,60.57172586986375
108.28063108587685,168.38342435720443
159.25564018331937,74.50212847389798
170.4726107140736,57.541147513715515
80.14177631124996,36.49036583301191
85.2379849108952,46.7356173252559
58.59489094229657,38.372439664819545
196.02706719816376,125.42784201963995
58.80266066849294,38.15762415492604
173.49336009553124,50.68357594359814
50.125309950206706,186.8349201882612
23.153510533348378,194.75201998150334
181.33236950403256,88.96765570113281
85.98235361522387,171.78312257403448
149.66411422090837,72.09931563672318
193.2210439987341,25.331495155100853
107.46193221329293,41.11574790544459
194.37549911194122,102.64308121319034
173.2328818660707,191.28951834941682
179.70475101907618,152.54615594221394
12.794501568707844,184.9135643158792
144.1167428671053,187.24516188530347
87.61549433958234,61.22615186147952
96.51395042485002,8.202620842508372
80.17962240966841,68.61220203602298
188.70809450928834,89.83197104474155
118.25186788930199,18.826479042156745
162.33207826730225,19.965407587177122
39.06556597893491,149.46806431309656
110.28514731370375,149.35221648300274
116.67075175083143,11.466302584879253
102.80047639835195,37.552211257426045
170.65613403859354,167.98100372676936
41.29687385751025,175.6618282912901
30.790974460674256,28.750353804494694
127.80873939118155,35.95043337356959
30.05445769846755,93.09480795537328
15.788560255978936,111.24295845641527
192.37559535150447,14.488346462016072
189.04809418907703,175.3754251477711
180.53991213500365,91.57650485993072
190.60460783470214,82.42811087385348
172.99940714800275,44.503514962629865
181.67038632714934,124.1587269908788
36.163843400397056,118.10720433976536
173.38675367013147,78.16106574859882
176.78177338756964,43.7233113290397
30.34189308610364,123.47968779411804
12.960541159747834,48.03144492953354
176.2473333012003,175.78475650297318
178.93403987223687,85.24025228428721
42.74909262502559,13.775235238000159
43.536307819311666,110.98656120629987
107.18455715687172,152.4982795788802
13.892594810836956,93.36034847186437
55.352164970236736,168.27428824496144
118.67495580836724,14.403443325436871
172.52323090365016,80.8961191791264
77.26904191955889,9.04735725759421
147.08394256157263,91.10655940212615
156.80183180757172,188.71714579182722
86.39638119792703,66.7919750523479
181.20246252399136,155.5107534240746
168.63235542325148,81.16744514951823
12.207950371293746,161.97478271576546
28.16143236304971,190.97967058159028
28.942591962834783,126.55867978522582
159.62901339270732,27.878643553331134
143.23017739515723,8.805780155189103
60.44084712070638,10.901295424959653
106.22110528645487,179.13524015942167
37.7605781722527,100.36697092843227
20.573598767175543,159.61414407448248
93.28883491284569,165.54994618238345
179.2278114192435,122.45721568616405
196.36481582033497,82.33880166553615
109.38682315705768,126.51466804194204
7.202818175933535,173.6096370206579
191.3992037168843,86.23443436608937
18.142034312945167,57.517313101918475
193.0799541269453,72.4846620110884
188.78626061492216,150.56055397739544
31.784076606692377,91.22913590844207
152.8795184593189,191.04161823665842
157.6744325072749,20.098526940420868
46.770457570893676,123.20003377168355
10.395911085935047,168.92747564888984
11.522628237507234,92.5097166362195
196.65158910399947,96.17080191550939
14.487216005354975,40.68919251830972
35.61663827071162,181.52243779084026
22.746694294837237,182.4913142280633
55.1162668679353,122.48899089735632
5.640642663251071,48.660304527910455
37.81950421995128,9.805094271106142
182.5665706493076,101.37905451540418
169.68094275258946,14.007494662282678
170.44824440701956,120.89420077096338
80.47890077692904,54.48124327017706
166.88566321488724,16.459074988291842
87.78893816651102,16.02680806639384
91.30232707598108,61.5904868623169
28.71067661891174,29.835020414945923
19.880295480777917,28.92774323636313
63.86246517785079,31.34945907745829
34.49610591052574,40.85413286746776
46.80704069138907,8.530947332566587
53.95335054114351,151.393800248516
196.68766793465724,181.80301165614435
196.2655496353056,34.05146611696388
113.24805499848377,20.99410534256099
9.218566207687198,40.07205177475233
140.74792603984358,21.40183976238488
74.27867431505088,53.46205733576483
165.02782714038847,80.70627311276928
74.23706862772703,50.29474204717851
90.067407357529,92.79217642928496
18.655873482894513,187.1082292696472
70.61253626785769,31.12732969527448
6.6703192469475105,140.5494380797554
153.2542981437866,184.9202233379188
131.71628783854177,38.82899142223395
16.796097835407423,171.91026597872008
174.9636347895687,152.7843612582497
10.719026701126682,125.71774005237987
28.424474118568757,167.56647728982466
142.31982543650054,88.07188711094082
90.94713729547968,7.299649625058045
108.709754632364,141.7583896857502
50.23654466827385,192.3919858275911
28.7834017259196,138.55494282359342
21.796436494241533,53.723930904882494
102.67900726886207,168.85372593915568
25.284983819971984,91.60874575655357
108.22937161634918,20.610353427705
20.021408313380572,54.75708411998207
93.40958313544489,145.97498047380054
33.7511070133972,109.38532522345085
159.95550348850304,108.55620827895372
141.0245499821604,118.24363150121323
181.03472698279108,87.24393390486931
19.098424002059065,78.07514397618196
39.464015659381275,143.1514749304098
97.21013519920858,47.739090768309495
56.400406085727134,140.96414433923925
104.69252662235127,55.78698737684884
68.93390618851336,36.07822730422132
189.33085497845647,160.09569973942388
24.813311727540153,184.7956407240332
178.21735197939165,33.98077562792725
187.19390546274397,138.8696770137288
142.00547236188248,97.01912576976198
99.02815651814684,137.19153911702136
192.96770955540407,18.945462364350135
114.60170966945026,120.06020728299323
26.433084012532305,26.59164114342448
63.64880814363036,101.2029007815442
66.62185233021651,27.593418755979872
68.32673828614169,39.036545342497064
41.9013731097721,51.91625332527957
89.734685258029,49.541558295887384
34.32621628679636,130.3942423065487
179.3006534124847,110.22216805329685
111.80667980612348,140.10443131995854
5.022153249671459,92.03445363137702
71.01148538124079,23.92887387537795
126.51202687175642,32.5265561724376
164.5409000614387,40.04902038167511
56.59011210630454,192.681083622879
153.26916305953986,91.93349452833309
75.05037951099823,67.52184356233126
124.01711353733228,25.814516421926697
114.5716595532894,52.69513588875671
166.52878567464103,114.17966772916995
58.344894918215815,124.96732434953185
146.37912703878945,187.17804726367254
88.17363645512746,162.3131768881901
11.287824753340368,94.75644789104206
181.6963249946427,189.980649709163
177.03556596854418,134.07448182531047
117.00909932704985,42.9121257977653
153.85360903392547,76.0079721937887
98.99507400143078,144.96931261711632
149.98669232786747,74.42482027434498
29.8447483487678,168.76142606449363
24.317421724404564,165.60637703082423
87.5648793652305,65.05488579903215
117.8544994182666,158.2400505758809
158.16469403467,196.8658538883907
30.30717628649509,163.100543889708
155.1657781663757,89.9018690685885
14.984596709397442,140.73214959922893
190.04038349712505,72.13916553609108
67.83996524977731,93.50468269375567
65.95901074226572,35.694598732125655
193.05801488917552,126.32282726443512
195.0998100965268,68.45344005157438
176.26318813462987,28.41544613319899
144.95313380338501,17.53911453466965
9.20909379984882,57.23117153053823
169.6210218676958,37.883338787237555
128.09594840548374,55.029228089448665
8.396649209750983,95.21969221352252
171.6253945331479,37.35385967587749
131.19447827908442,32.521888498068506
163.72936809074824,60.55035098092435
176.2087248517046,115.9267850510351
107.60666294373806,39.052879247969436
35.41606610787656,190.51195366101214
61.026902169664304,122.67749914005596
16.605414918050325,43.99098580782066
81.60679551583266,166.4494586943865
84.75824179036043,53.07589050131961
47.8914027829118,187.37753753401873
5.547424064972743,147.84892158434386
15.700867544350054,165.06339682911977
44.85515612276465,107.92622601730379
185.58106451903302,158.76875657173596
141.9853051466135,67.61787557613391
184.4390715847861,86.0334120955082
183.36859382664213,28.43306246166335
14.526956091379938,14.067899058496936
164.87823706379686,128.2971571387617
185.55189535672977,193.56987939099733
40.931692960881534,7.091673371530022
8.721425617921165,51.92504600714793
182.73446683739797,125.3296403803672
44.12068061119961,175.28406726286136
144.05216623839166,72.15331260766406
157.78320791959962,5.903400305062558
50.12688337622815,8.167247176876021
122.22332240885923,53.095063979346875
14.409692120081404,148.7383926882721
10.415146369593964,171.19944789964023
49.37406124026816,108.7263379900703
33.15491497689247,162.10254355252505
5.661537669283333,116.54786125024111
117.8716872697391,135.2643992918187
45.33751891182894,174.27560805422695
196.7796462992067,172.1747397834224
117.62268313789978,123.29846103661235
181.41626779433975,174.17789971674142
37.642909997223484,105.1915488860822
123.9196676245632,17.52177198515549
196.9390997705467,141.79300848897972
92.52747872902764,169.61125813123036
15.714818758512719,184.39843642577426
55.364697083085105,16.6762478737911
181.37944271425778,17.211055564510378
47.67190533474549,187.37193629106673
141.00165618176447,81.38829386028817
34.700323759743405,94.54917046965218
42.29434367094362,124.55537972213642
22.149478125276772,14.227380225549984
99.21506712555191,65.60198864966965
188.78105608898633,54.10808186227239
177.88578257988456,23.13156105039679
121.36185290764655,33.35072242353697
43.218989402091395,173.15610066303333
13.204926874700233,30.552763318457867
166.4050948386539,182.54173414877212
46.082688949762854,105.76868766015116
113.18176872181391,125.96018718325361
181.62345264206317,83.36933536348961
46.403891063386155,181.73402043748416
180.8550978305735,164.5636747993733
98.08316769206444,19.400279493258026
17.34563106048058,114.53106083132576
146.93679488019754,85.46281291339828
178.06799910477014,136.0600961881202
100.1643036969419,15.630402876289152
65.65366692397133,122.28735601091407
140.31703831417772,6.556329527406157
115.18368634495631,61.73244688045478
84.62754127001823,19.877990285268776
45.24967569894316,178.33795008800476
105.34576310717571,167.8749568422231
153.8191384887578,195.06918702424875
36.646587155052785,13.435899507918535
195.86132432055845,42.5397093709189
189.62770182244094,22.64998388633258
52.76950080627736,115.6001714917558
61.411786200694074,118.87919810390778
43.96500806648718,30.53973698831392
185.87172473255904,133.90433929438134
14.674861445297493,168.72486430346365
105.15641563556113,120.61803391763996
166.65811594972914,117.52714549610643
54.85841383078582,113.18290970106946
192.85699345541377,178.52352143082058
183.45971441629302,178.62500550752742
27.828557510958127,154.021250037303
161.05625518334307,72.12200117331292
164.12801684851274,137.67677810987348
174.86237649579428,138.1315296103402
10.836759532167065,136.98798349288234
100.59631543586482,163.10174776888368
187.71812072894306,55.11167992499094
157.90285213844916,7.813999418439129
77.61091184287291,62.118709238899065
105.62865122371593,48.44592893799874
13.974141821966494,124.83657737358146
189.23183185680963,107.9279070206983
27.2820859895315,186.7281875932228
24.9027779679934,39.20659230668008
68.48925306851625,39.16927020308334
65.40717839027171,110.84516239535235
182.94395138804833,174.79503515676032
117.13388318453735,7.694765731181081
188.61528290820453,32.58454153761354
17.137810072002125,94.17481596463458
158.56352805709386,179.5750980763888
170.53685182793615,192.91228172677307
167.1587671921524,40.8909217350029
163.36174282731926,100.75984933002641
173.63757809697316,56.880069884609526
10.153474661863441,9.231443988057114
59.503757097634335,96.6190154817368
135.80487868951906,15.697528654578392
72.51519306024952,173.83447744741264
93.09225569010252,5.7533509088700585
78.363723706056,49.814934634593456
52.8463367520895,163.3462756376601
88.91516416483124,50.68002529817987
65.62783276953476,7.399955312431441
37.22922714049024,46.985852176712434
35.35173141917705,184.3566393496401
21.69592232128101,153.4109341204086
130.69608718887827,24.761074247847795
165.03479918275883,104.70740859990869
30.846338578448144,5.504393322184022
6.115276690215531,46.715111707345244
114.3361832659218,16.759179622551436
82.15874863874518,93.75633629752204
108.34634903260621,156.427136143498
174.1051019849834,165.79799211578353
195.90136608782,24.021319556982935
142.43511295946695,65.93795095824194
50.563846470625556,7.21841114451899
37.35117329096194,147.48080884645165
59.038502121739334,39.26426349503308
54.09464395227545,195.38665641896802
169.1048156428435,111.66861340291138
70.95119858231831,35.48462796676121
33.27455143472028,139.27113956097523
182.1746110534496,106.67740472605017
49.60725963398071,183.128363937759
78.34736322916751,9.532595407714215
6.384147420440863,151.04495050757686
33.84381749736552,188.28067497963937
33.57861557877047,105.19636064317767
164.6844961184629,19.645813676613642
55.22900566739615,119.88965291431509
60.74865498042019,13.18762247169793
84.09180137624811,175.4564684750963
36.79247110742147,14.926883825840253
68.18101455837976,19.443085036829682
120.14475076901317,122.13477493060645
116.69119565381526,53.54660751883501
176.515623226509,135.49968030027262
107.29498968236237,26.77003075324155
165.53703176476813,26.379513215137063
104.3024016054532,64.27444508231108
136.01739373610633,60.39900662434062
195.19652911438948,53.749462635781136
117.64666373657604,175.5803412069228
185.5543211149459,10.686467321582397
136.4262442542672,8.292545803038307
152.1609433998038,109.92269213888713
105.32463766309115,165.70851146204768
167.07745642554198,179.28139272667224
114.35506370995643,138.3037044542338
196.80228090620642,142.1568854535244
93.00169522088689,136.55501934570486
95.26859430935218,45.427121656423346
56.47060795437342,143.65993675726045
160.89744637387585,95.96527596668237
27.788602337620205,98.51503016951925
43.824228126223474,133.8605270222241
16.513212653857856,163.57563561598784
118.14759124716585,52.60231276561835
37.46833025163799,184.7451415484239
10.789104616901364,57.5046458851591
111.24516014888482,139.81086266858316
44.03466596576846,144.78836515736583
144.42794916319667,191.7965915681051
114.71850872204526,10.997206448886951
17.958142919933877,16.351232753415495
159.32638497975054,141.58850474796927
170.13022691171156,46.13940556115396
112.12687135423684,11.680409584391583
8.996584421758511,122.80545226542012
11.674480761005004,110.69081282108222
155.54809421529043,6.775108522093259
183.86651189837247,149.87284365291865
143.50039002949907,73.26469506587391
181.9123630776066,72.7750734961873
186.13280326112883,67.45634337564053
185.74920416529181,121.44628485054085
170.33869171670526,55.94883194373974
97.40659348649837,66.95931489664474
11.057762529942929,44.29730300648063
176.1539276430746,45.34555422653488
192.93694615649162,127.06205236389782
105.72001187021458,59.9846589813778
80.72553882707957,28.965591070566617
117.52764150418078,164.84419226553536
80.86744847542602,61.67519684835858
34.308241448042104,136.8659571372465
177.24773345988854,150.64010561580523
189.43619469634265,65.39346259272547
40.09657597878657,119.37774702849572
15.375981469467547,21.06931291287897
196.13652601792882,93.36030725113783
132.21197370960232,30.696453642768127
57.302303565769726,91.59334263457178
112.19361897666865,116.17825053338015
57.24931715238582,130.773531167333
182.76947139888514,104.61371945282774
50.11843135821401,145.76654876374977
161.8011145308236,89.16283649052336
171.94324567640672,68.2290654365379
102.9282503121506,127.37439833427658
78.94722967233344,172.58451391689826
20.58814096035527,126.66125433565843
106.24191339311307,174.91582743586076
26.086704578429654,22.22096357117418
41.5994936284295,119.67072971521051
18.51781679555483,48.921720725935515
132.56636621270445,21.353538463198312
43.87624761428,179.4157364347465
191.46633229705438,113.70634380736
158.64306849068495,6.460468953690253
100.95040127493417,11.000948713787432
187.19739761980176,162.80498159586332
29.702022692939586,189.64636387693994
47.07570959330407,26.130103101779643
150.87587277703267,15.27426072188855
27.373295738787455,36.64357441788437
167.93731049628138,16.156885290456636
14.83661840725173,8.529304806438429
162.97667794428864,138.20008822883622
114.0345757413916,171.044451457749
193.7177264755571,101.00298251729487
117.71582387837346,68.1525604852578
161.44902479010548,92.16514343281942
186.3909986512017,123.98109287093375
87.77479957189963,24.35534975459255
159.74205329465985,9.0984214935236
186.95860329983924,50.376161613575306
195.0517187971988,43.49506748419553
190.98295934693695,54.233019750209266
182.25218533104925,154.88361084493485
97.43331339662075,57.49871615635342
5.992016761797723,17.178607762290255
180.3278680526932,25.765677097048222
117.98379313735283,138.5727606165438
180.82211917585246,191.5884889586949
141.76553083191016,118.90865513490756
162.01899082735616,102.86254880236365
21.626357784112912,117.42165484889912
49.02586136554543,98.77926275846522
116.98441982345363,70.22149279084174
185.04101025253445,107.9789975273589
17.696766990015448,142.57151253518393
149.89195137830848,5.716981513682369
189.78495721319848,116.59504849969984
41.866925431372486,113.9488492174808
55.39602490200089,192.743480092394
172.05147520172198,193.03489682469024
86.56141502196309,62.17555600213273
12.41515685866033,80.14308739787225
81.42613043463909,62.86574380414596
10.254638852860499,8.788252602859545
44.667198918730996,42.904761204934765
24.079896480878258,12.216847665306585
43.56726139663868,119.73158639132257
113.42242989120305,141.91147602902547
174.64565349283941,167.91744844956807
16.933991219714905,118.54549626214198
19.969452534057893,146.0942851305997
39.77947691089008,90.83018976231129
85.48092297513949,47.362723114014315
193.27663309080734,88.76834433211468
36.51519822974924,137.7280438679321
38.842778571434465,129.74514647574483
43.71194512164848,192.41833171018212
59.66867179266086,37.45855676029147
148.9331255360822,98.98460828604398
104.79021205287346,32.65455797210884
15.458236741367758,97.14871605416083
10.0,25.0
180.0,180.0