80.95122632665064,48.32007563340997
159.23067955108948,175.69019493865477
141.39876146893428,118.43244004009921
153.976318998949,136.58783691500565
161.98588432574397,190.32706228871064
30.926815450015095,119.58039065768415
91.69200721526089,126.40010849198283
45.279913152309,29.270834889615386
58.38668025268754,23.163248768703717
79.01261700562682,142.2582266157396
160.94703418577652,166.03517863532747
158.83252880469755,29.72824064813172
26.929061645112235,102.75918059543699
152.0436777389974,122.96005538348591
118.68329644096863,9.660981698471504
148.59742802648924,83.40678070222351
30.764447091065403,78.00302332771675
16.29174228193477,192.6120528390949
179.59140817620647,62.53566031865759
190.92574815910527,9.859694972040252
143.12571000175953,188.39792936295322
111.18247382062975,108.39973129799183
79.34436508460458,119.1158382360818
109.244496386144,30.953832402125336
59.475855553888856,51.83436808343804
92.70646636575735,99.15156840103745
86.91283613441426,189.18075317067698
27.760714071732238,33.29222987558512
95.93582954453235,135.55427818956176
118.08978637661043,129.97778869830725
179.59229458117096,5.493846325055048
99.53265222296668,91.53133866600324
188.8164418796738,10.1411926069243
5.989030847972198,58.920375362255406
146.00105883094528,80.76190810280839
12.052963752452817,83.00013330422307
147.1559390956335,65.39499211233465
171.81404305212462,14.589252288415874
80.54541620635096,44.29729266090203
196.33266254584336,28.345625885040096
144.82032562672836,165.43109115728552
14.365191334402398,37.49344921594222
89.57641288664941,18.326163554295125
53.724225741911845,99.19587523566422
45.85407214188379,57.54225616282888
86.01764912692691,158.14171283291975
34.65124629583368,103.80007908563756
95.55504607058403,164.63134314816662
5.4039263684088095,133.53068611089583
192.81040370033335,166.34030816344415
196.9606838487873,43.0068660525968
20.247605919628835,43.57048157997419
16.443021391523303,28.827045342453477
5.405631242065831,128.88928741815283
76.00840227515266,130.69146059808634
46.37470786034605,172.40108658234166
74.38187884001933,74.45226350548559
75.50393594337369,142.2566345052772
22.372970576962885,168.60386130133583
6.012068545218558,15.264634023260488
123.26203758720357,79.69119467811164
110.57379913975048,47.35885888741243
31.91590427620062,54.276163639749335
94.55940486201271,95.78843655362789
12.508209804737964,18.725649039187857
85.37699257792282,78.513967541602
194.9308807154543,28.001993449759173
49.3413055646538,72.48674698970723
142.5722375101322,8.330824884681272
41.262223533348426,48.19650815488801
89.95378278007524,129.84768140010905
26.601225520405983,131.91910537285668
183.20911305341454,26.356679852938754
31.955493890968555,157.52143575422076
166.60694673412496,56.75571950692207
181.83209169578183,8.92644223230064
11.764076646559868,158.38784576776345
16.146314251767077,131.6674677701293
31.15873274632726,159.6476970336849
27.512012393010313,163.0449120695093
121.97579400163227,150.52447057400357
145.58875955195887,9.612011690066385
154.17555436033308,33.55831251467379
18.554429167439814,142.2289507159431
50.09353541095285,105.05573869260333
165.0312179967505,137.67822890090216
174.94133409534794,34.12401840359543
52.392595010434185,11.32987525829161
85.8893733920196,189.93512695902484
119.96864416264042,96.5677598342062
93.26531284304592,115.16074675287456
21.757987561913446,104.05311081825994
58.10854836882029,192.94173246045395
16.042518699049474,190.89364290281495
23.039690940582386,72.70732503756234
83.93295737805177,105.32501341262059
114.82828691991499,80.0383371522129
6.445644471521696,9.158506600060575
12.684313027023,138.25417234515285
5.843231057324002,150.70111284319424
21.280553372457234,70.76005745256955
48.671106059772704,35.76664280333008
114.67016777351574,80.4252390238529
91.31161110222506,21.020063720217156
90.97082250107901,189.29150184646272
163.94497076563536,141.47072423830443
25.34165658661844,8.283799530062373
32.27299053949315,32.632913535734104
194.16167535273908,9.571951784410189
172.9859659084925,18.691152843531356
27.300654744449595,117.99214188512407
162.8933480257332,6.610091157693745
96.06664710499332,36.782068801579214
19.594584873084536,163.40914598951085
149.09221632980672,187.9247540151209
154.19448567704137,145.21780164107156
173.3338208653111,182.31742335669816
121.90728725378,27.5775411204986
142.9488976472486,24.80241398660201
41.79056436028369,100.03401755727054
172.32090966822258,30.2563704331493
44.53459444216547,166.58827010689464
171.4479246390901,167.7341330504031
14.631377226104972,162.29112336654921
82.42786019062697,21.622612764057074
192.1560685272963,55.649266888585885
30.482438888112764,74.59815237078575
100.62155365345228,38.57218251492727
188.60882544549884,63.676490912192364
76.00070130916916,10.933724624824857
11.035088928200723,139.82365904686648
97.99208046163675,100.59873680377436
116.11205185593867,92.31251333743548
122.02579246614089,189.80369080311124
119.28135853952915,137.68042923938464
175.0509238620375,183.71724448610573
14.99472215973411,180.9178926485889
168.3183410518044,163.6329907770466
161.1835921158286,136.31971117680385
41.75732127399846,24.608008760589502
75.52605397377526,78.43343397537907
58.63303075892978,107.25910167858015
15.588348517855566,26.71498905584709
59.52374956734478,8.490677247759493
156.5200019526912,59.59113001587833
6.412453356810766,34.21726800109518
181.07491581114104,163.6673217371088
180.79607807091452,140.23792376935032
141.00261231320587,32.45096306853557
114.8072944431739,30.335529972747644
99.8566295443351,85.71403375863093
21.796487199441373,46.07116264341357
90.18552076288432,103.5956626571266
181.43320847059655,12.7968365053979
60.25997114899658,30.78564752883678
186.90822864706854,137.98493909420213
47.23903570082878,159.21762792538507
41.4011260052476,29.616338444894247
179.74733576576585,61.33413500170467
99.25080993149567,169.75147154204586
188.54672121787553,169.76788197465422
186.9308157779357,53.36038619779477
13.353722852093819,138.52364153248746
48.02969412185385,113.51191589843779
143.9166471482557,39.09204241659189
20.99070539575192,125.32879502193985
106.66531332017288,23.63696551511838
20.083649151445364,76.12558940819481
56.446195250255414,23.91518887818281
194.34922931861777,123.51685379556918
187.4282875523919,85.9829264852966
35.837656792012766,22.8199038102773
155.47652067402052,64.3469066605885
40.56139872292661,169.67070271029493
156.58085770748522,161.20131524096453
163.64026779615827,124.21455321119308
161.2658075721757,136.91548428065147
145.30815645927683,78.47254588449195
104.18785293459463,55.45028852653641
7.154458687761986,67.55109207272343
93.06189578901395,148.29791061344972
34.91616066414301,133.90892641166917
168.84981704967186,62.88670575660741
11.085435385814751,111.57090168990379
190.296022169135,12.60150360821899
154.02917061389934,175.13430017309267
30.659828076277932,114.66035665433287
156.2587637436557,16.35132169149615
53.02235782444035,9.162738397502668
39.497160129735015,150.46105418866907
57.91177421265527,139.43304557601354
52.21578862359557,178.2188752608801
40.119449157264434,22.75936731823948
36.783204166466064,55.84472378183602
125.95195330357487,112.64584005873685
85.12182706612475,119.11427519401211
78.84157974132394,35.12885111331343
6.5643624744706885,133.66871701904907
184.081648110275,78.14680001469698
51.31835604316741,120.45971386197348
123.24700972014938,112.74543375422313
120.82154227544477,99.10761275768425
51.27921992625304,143.4265440712134
85.0534990084512,53.427492469728755
95.63682389089725,112.30671698599366
112.41406841445331,195.85535800204448
99.37562370819516,13.323869325676394
33.612307275373375,31.52876739894172
173.32933332249146,183.79321535894275
145.14418890985755,48.973215080216214
165.06421547393322,5.374902404734773
157.8765195721026,32.19269511869424
167.73751956369708,133.449031538592
24.344868248799507,22.157508689552877
56.03025227342441,196.60550339162356
181.26123119777264,85.72133985680972
170.52038497301635,14.949976186120017
81.04045369957096,104.66134279776173
41.92606201386278,72.94580379508054
114.02225889710883,39.48010378929554
14.966711965591516,108.02912592457844
88.89389518639317,42.73489120316543
101.11460454456375,50.78933486987243
49.79416864947166,186.9392230320346
190.84184805386064,101.6022414614284
114.29307429283271,165.89725940611154
112.57206237992966,26.151146692205153
76.46850287601646,141.68797317091634
142.21776638460963,121.99665893796518
119.97326332039754,13.764345475194656
48.47333105961549,46.01078954398847
103.23372488921372,168.65373479061324
13.014386514756463,135.08548842340753
29.15777049271491,141.2132338562045
50.57502661707276,164.15180797857582
154.085792132693,171.54688062915844
126.48631311506479,13.581364082860091
121.57086088874283,140.03778446087517
93.95180127195644,87.1267154161364
33.187590420133006,129.93047832681856
87.63245321868436,155.82246237617682
80.62380630864483,104.28075198060718
38.07873053032029,25.256928268822268
104.27297909312497,54.50709456554545
181.220008243331,105.476971618153
81.60279699218687,7.514505173407376
29.644782524608825,13.090808342823118
145.2154897350662,59.68730008092592
10.47479760740729,169.9455394026155
126.27394426280671,59.416233710612644
169.02210088792896,49.98207435537388
84.35818022778648,36.645713805063906
189.23344209184438,19.420547209111135
89.52969912164892,9.50933940981559
162.6244394804603,169.00220925801528
63.528221226497514,75.49973625706838
34.06926803817886,14.691928459016886
8.462582129897632,130.31472782715824
74.83146211988443,79.55992362243235
36.87583193803371,192.5282009200506
100.31383123125768,33.94539924308322
101.68016397696108,163.43621476388066
113.9471526518356,134.48873500825653
5.487893453033221,168.79990882683356
112.01697560713063,146.8373032705697
175.66649886676765,53.20987463773177
107.15476104603849,92.27178165665266
11.408562872027073,37.308611661075254
101.04104769085994,85.29329352693104
29.518419234211112,113.28700927609204
5.293614785042119,189.08612239838286
45.97940866152914,117.88077825580403
100.85790050127352,96.64216504765155
109.40115633318065,186.3440504913206
19.709670483920753,177.40952079370504
16.39058614974092,41.687766312263825
5.266270274301044,63.523502028712095
114.46918005365146,15.207030071993152
167.66191597558696,21.96244662594468
57.66478762591192,161.30728771890838
137.88274692655034,170.17355964246227
107.16441028050637,85.01385033015275
147.91708953172352,37.60537008300499
6.129283223463148,191.44928984982366
85.38718866189757,14.860457001914734
90.98524854531861,79.04882443833604
25.801868244803096,35.94748791838413
12.885895422381832,50.322772544192816
161.70832972607482,175.06776456883247
152.86900395819907,179.7615457197837
43.9811585812961,25.89208712905723
27.762150479536853,121.41758764073066
195.0895207204319,168.4736151646004
146.31959808352877,76.4301009033227
126.82908147101175,122.20755158113883
175.410293652654,122.71463889351001
173.32758884597067,36.97523968433293
189.13554086075231,104.3292220142074
7.562964367059528,106.15328705487214
96.96480575749722,102.12848385133212
147.32226479829598,26.063445887379665
42.93137940339815,134.29703521069948
117.98098413257448,46.92788844654371
95.71886209136792,188.71266434013074
82.96271680297266,26.787735951811243
24.289285775938218,155.27131769014238
60.22016554168941,53.44811633588421
143.69385081096587,140.9863047518986
97.50971327327389,36.91810854633924
97.97966008010015,29.308214064109137
154.58677950968814,48.72353416621838
80.6935202094184,136.4587600726718
190.37675840856727,115.29806627290043
76.14560018717431,150.86326239339817
28.79921011823409,71.37531237084067
6.085251629846496,159.50141010654716
168.61884662510764,95.0529093382177
142.79544928171111,117.22928581316908
114.97229802691221,18.997451443056548
195.61070379208442,10.01534950661511
25.693919414424883,71.61163989808726
147.17204827139628,59.51354528886079
15.369091322676098,139.44125887045908
174.27274433907618,66.02212416225677
24.075953268736114,74.52964663924676
19.638978731142828,136.53199112717888
183.52021152930354,59.83506620424089
94.77110889036878,119.46563770891166
25.896126976883863,187.32321338460687
192.553305937861,108.10356802363668
157.11109316459553,81.8390332360997
87.44398891240189,45.786549017222995
187.56396365969067,20.546061982388373
18.913650787715113,189.26367663124117
93.63573312831315,76.88220023146643
96.38344738096481,7.357832981184449
166.41170096299925,109.28743270805946
164.34244642048756,47.53692222148558
178.0769879360299,184.30497246641698
118.88456706681414,98.14761655073798
122.15236756993565,11.279240319599811
152.22399454245863,110.20187401514427
13.067876311533182,78.21374473062453
46.54286088042716,107.96618084258269
157.09462946780428,19.813417929218996
116.68085497924572,58.16216515154878
140.7460961909235,165.35694671000718
143.25822928423338,119.19767359150222
29.635314765801684,37.2212703451842
190.82830903828972,93.09936331779095
92.67317627295776,36.11799662180564
35.35100257489317,29.762002306994603
167.45811919840466,180.77569489463855
113.76004248047809,155.789146616053
108.74237743383735,147.16310276336287
190.28405467295934,185.78513039875676
32.4660628335743,16.07938518732839
165.0744712014922,183.69172618551073
83.54103181985005,162.38410480552866
193.25397011200602,120.24370927982973
165.34492561351533,34.24438891076554
195.5902941232995,118.18957109421541
29.992941902738405,134.04480933701043
186.87743002838394,177.13290440826643
56.686953909158,58.74341854735933
159.5150966600242,130.41173532340892
59.038549624663666,129.46242785533602
161.40752563773293,48.343098209072664
173.2150806310544,102.12800774400343
107.45655945184369,17.915588460918208
196.45629785838068,78.77169206260243
92.22900309089546,86.91368965195046
28.52243532913968,178.37539917338972
50.569678926402624,11.768622006958521
190.7625097018757,78.75507812475244
178.15057211359826,111.18039621651816
158.12799512810898,163.0192685837531
159.61593433521435,165.99615051219953
14.913508100173374,164.71136399077818
10.772843399210657,130.95012176303607
145.61786496704505,115.87711004073148
103.65714562052925,167.38390215782462
126.42095645924516,149.63738956348132
161.85318253316458,171.71511464800628
83.7007752626715,125.56027599282788
76.67746697261177,20.21367126590428
123.04054207645514,128.23824829582938
185.0692581889369,190.07378525349046
22.986535773698893,178.82201242890426
107.33270322856775,106.45491549986836
145.39120086554593,73.58304303427579
155.5897591906176,18.372942444504407
109.0118437157651,191.0850015936915
16.62825057842997,17.15064614836637
21.86160080792976,64.19069801053725
111.01460630265728,53.15664487497648
15.945705211235591,49.03683021253565
13.952851192580386,74.99382042831496
45.08102380841659,140.7875349985593
170.35294437873753,138.0801623823824
87.1818442534387,153.23732796516802
68.95963368307993,81.62535006138212
152.84782956480137,42.67358094695678
49.572201636652025,165.42392963901833
88.21779553776679,44.27581060933507
23.209131586576014,18.803090663060914
83.2993374172048,57.58564793636966
123.87933960848726,96.87439115946208
163.79870583252625,59.63611484924981
113.71270983009637,28.607386242708763
43.68295720874923,5.583166674543378
124.21402532247248,50.99581641447505
33.58322478244471,180.4494047893895
99.48884632341864,88.99607667326546
81.65768578727948,28.185494777304356
99.82202872415006,133.19609672761393
5.860093126039435,166.7588882829138
191.23748534940356,65.84043091397355
34.94837519642847,153.26364978627302
29.949843417435808,125.07712444643268
54.59093916428839,46.509273228408794
19.011846496573778,142.08481771122754
109.37879566942523,47.117154018680246
27.97423417381524,190.8040121731044
154.39652082630954,115.24032016667975
56.40387631324154,119.6770991580432
104.28617531170003,24.510521996183606
155.78467292080896,92.11975444623826
26.894011434963716,122.86721981727035
150.80415102660407,140.4628088437953
191.36299003516785,61.13912606249239
103.26239459306163,105.18506631819069
153.2799314210214,19.26813454503027
151.45471306026505,193.05576482871194
22.154065002038458,154.26738376294702
181.7625350099419,26.524399856064488
165.4374224598663,193.0869263567045
188.16433952705802,16.514908595034356
184.49490355067175,113.5300941245385
26.089163521085144,188.86350057751304
126.33939704530346,6.262955925855078
116.61717947277214,128.72763047597252
124.01495939693291,86.98890344512071
52.82603299809598,162.27908350634183
188.2872455951462,186.4169168796738
147.78656726731256,162.12082637154518
155.29422507374161,71.97430161089635
163.23103838640068,165.05725736347412
171.56050303389247,184.89516947886293
29.488658785016852,36.109704265681316
39.30569314300299,55.32133167604017
123.72929858294125,41.81019971793836
57.42833169904742,177.0227511492886
76.97691865768877,59.93816903321095
188.89084322865702,167.88755067844784
170.69822918782793,43.177661445511276
122.30640244676428,92.96859613617505
186.63727153332954,141.93274694779853
78.4332415684323,187.44212623934624
175.4468172508185,40.90752511815893
43.87228042250414,187.2152716839919
114.92422968081107,186.4565999350085
109.25406516357678,36.52026408594749
158.2486966017618,127.32967384580543
166.298014047838,50.15203509246719
17.73061814974374,140.46629142071492
162.89154273991403,32.02408601918623
54.747445523664815,118.10476135692188
105.55090792698304,27.632656863612617
118.17849367539635,190.4291623487168
173.54965957709263,40.79765993474005
169.2021912041392,122.01802279413023
141.03735636437156,122.4528528410268
192.03763374646923,72.79027177069129
123.9821840945947,111.17444348482144
92.94724342472233,92.04696061082164
6.295752981490091,64.68519465419422
51.254241597713836,121.56231275923031
41.37712631384888,100.30601516560452
167.6121271926005,133.35541605607452
122.69783094927594,132.30865016674406
52.24142255884225,27.12332783459155
142.44808555010903,85.88520371662123
100.31406758705778,125.95672474800882
42.4617118410216,74.1405015459409
142.38858340883166,87.46665040609308
187.3986589286535,75.12212154646802
38.02990570096562,175.86109052098962
87.99167950571483,117.92168487967221
81.58426555582572,47.21420543631219
43.36788946136563,48.295425222843846
59.011045885792306,47.30253136742991
123.07313613621007,76.70655877512739
101.01198218040085,92.11519462057494
153.40234991432055,23.843943369129065
104.48794056227025,79.9774306862661
122.10516974435363,80.97266435297878
194.43772322654675,106.71718748921388
196.80592831528102,42.81551103308101
103.80218391095066,98.04928664394163
10.851632515524765,159.6352843403788
107.27160942930975,58.197270567636515
46.040404327826984,141.38648566476223
21.154749798352874,126.41212407334542
193.92225844302067,96.1665566353242
122.91609067426594,184.49295381963577
187.5711551162529,45.80706445796192
94.26444530502438,27.15866994257721
14.446522952283908,112.46659479407161
60.77305067886917,29.00517008759708
10.824217586094012,35.88983666794159
48.057317116360636,107.37746282451126
168.2281547626052,115.51473987923947
155.24561596016713,82.28434586575241
24.41038669152824,80.97967688135273
173.315703768575,67.42790864180164
171.4593239537587,48.27601449676073
12.275910317754857,166.6564338304453
49.296144035466256,118.1499065291378
52.51697921316921,9.671416504727617
146.18171817784008,172.72827524429962
77.32047426875741,115.18489897727676
21.649625583753227,179.88806256722555
57.421834275414405,131.37648356436756
12.461088747827642,71.46855314626727
26.739809905543396,29.184033050721702
10.745493383175855,146.00954646711216
93.34243278335653,141.90453482800666
183.68622890973546,111.41191482938353
26.315590926208458,33.879574662761534
26.85510116042933,158.64574763415123
55.025379191798606,119.69111259872827
49.02095327502279,81.8857568550209
124.07999135337681,50.656490817997266
50.53790129857451,195.53964970881566
165.9021056911005,23.515846662927544
113.22206800470117,38.59356273375786
98.11461860761472,44.747485377738954
159.95032645744922,104.33190225478292
77.04722549469496,121.06103660593229
177.58613868133358,10.460133107705305
146.57507377958893,56.29858622417197
168.3301129054428,36.184671764750156
95.39977731663672,191.8286211967904
194.75754082334447,75.0821347665085
53.5313176669445,99.04814636948275
183.28063971545737,56.80937863238812
102.19799573411771,192.7608683880781
180.73079772538935,23.016041648497197
114.31103203059509,130.23825032418557
108.01741009999589,58.625469800477894
196.25981999837694,113.62257639480721
173.42922167612434,144.35783811577866
110.71833873505696,186.83027999009374
15.095847021553075,23.495349405798517
151.2000150343306,192.354133305296
122.28533621791485,168.71694000334435
61.437943869508025,75.97512966523226
148.85506161287393,118.6912190870526
110.7684703008741,150.23819317837078
169.84700260664133,185.17680767166962
91.83544637546588,50.79675749666073
49.592933759154555,110.96463410642009
33.766454874173974,26.41964508481206
115.18348953425372,185.60950562941233
162.10506608507322,64.23008943430617
182.97733332739094,6.730492546926182
49.92535548797022,156.27633720204528
150.46353706255024,108.56358537865839
186.1686108240963,195.66476413222375
87.31505162006513,40.277396701306444
184.9726637206035,93.2832814814345
53.58233561922195,51.3539953447359
85.57552333620305,193.2907680163017
33.85383865550697,48.00893396533144
125.50785307649858,7.988896615679871
55.76770879249561,73.87626461253257
124.01442354705297,184.18952792058704
79.14494609177433,37.66729943672448
118.10099160721711,81.67023788997173
18.723063976989952,6.338068329281791
55.03632478076928,13.709471596081594
16.729501537682356,12.694055553709399
84.94891210999353,13.203430254408566
54.58147679002168,125.47646479944568
162.31348263974073,161.22418172652462
21.95706659463538,33.1484865983585
94.16802310042657,134.89934911096015
80.16334640370236,141.32223467647827
185.4493408793578,52.86655369449658
184.27445668265554,191.45197307079184
115.28602137663167,118.62073796110622
166.63393098424282,139.66868118556346
18.937447458691842,62.99614331710784
98.70954629737199,160.90984851756923
75.10628748841958,142.1444707679701
60.70461380921915,166.8143378986364
48.700034558187234,163.44998772801102
92.4262290493837,93.79823617021253
178.86722886503765,140.183445534338
87.97760814110298,9.15942780898439
157.71692220794029,193.0404659805567
141.88497072504336,191.3770824107743
179.18031510459235,88.17662800531279
11.50019885305579,124.35422778074691
94.44745303752399,104.04956403140903
192.51045854856426,138.10678674265446
17.998910175549906,43.110772744698615
84.76651422299564,154.4559154376408
52.503516615166035,66.55757293312492
139.36723612552288,170.00512571311543
17.79374035591068,138.10244934870187
152.58699147233895,100.62034433159334
49.74167806238451,105.14272140456467
18.42068489284033,44.42616459092334
196.78282744326376,64.17717756450784
150.4999589260486,80.32932203657309
108.54620306159882,157.6517930386971
40.58820707814781,65.45957018501163
153.64127980503173,108.83023335492344
168.63790487127787,41.33246452324896
155.6910710334271,49.344348073914006
152.58595303507275,35.985550927040286
174.207529664347,145.4436217356306
34.44210653155353,70.83910347553422
107.3369313614796,193.78072433502186
48.56048128781788,127.81203351762115
13.1397185778871,140.62021261203694
35.81184648060924,195.75732266021961
168.26200644104358,73.32772872019517
188.13604459227318,60.33970591015479
119.49842434609205,52.55484375521854
173.88065001204896,23.704348839573544
142.6904739295033,84.59213788632543
119.69469836174541,79.5891229928966
109.70134439802779,40.5511950225678
143.01159858992278,39.25112964721213
152.34418145093508,87.05251137470906
32.753862519125974,164.8938283386653
59.83395789392543,12.474428969215271
34.859328430812056,64.3011910344825
17.790533116651417,24.847139587187307
29.40730462273617,109.65034726575635
99.25606271176181,45.7020291517162
75.17778534317975,94.49659944658374
86.70025932684625,18.737071978018285
15.98441666012849,158.06759789341183
192.2787346445271,94.92788837288222
15.887821913851557,158.1506709117306
161.70789504383845,141.09255153059894
106.49527972840487,148.40644106659232
52.15136188065171,113.47163525259792
91.53468917182266,89.77789338608329
13.589137892311214,100.85349764382416
122.33549737902368,111.0530622148626
5.700017292390108,150.40162574852312
7.998209002045574,102.7119201997828
177.12786569544747,76.71809043227773
96.08894692406176,135.78793804174055
49.2777037359858,179.36415543417004
112.00962103931447,43.326688706449445
159.33075175829288,104.433306836339
156.70316717934085,98.86917559436611
18.16821221035411,114.8223278426519
115.06901091314272,151.76375396654862
44.49309856368325,39.12097456426879
96.14258410311035,74.6156168823177
17.218200326701332,184.81112029699733
100.18259874422681,84.08159770210582
140.1599762421898,164.74442664005258
18.96244598079665,100.10857007705869
107.49287035318287,164.8638438755617
49.81514352183431,54.333215733136775
58.26573581935001,36.63935574321324
179.35908793429894,63.825436414956485
79.34754298687795,136.9439381155955
45.60709647496177,50.11094598429949
157.87710788223038,71.56815764733368
110.20607129439608,26.44481575915713
191.9979837773482,93.51594355923247
99.94292159713063,8.636107934966358
157.69351471040702,130.23659943721594
168.63653224025424,177.6795126991072
118.91605588046585,146.8604566385051
191.0684546387565,133.4496880877126
101.75478425766724,166.67285281656402
162.08068870272365,44.31425641380541
51.97897469783885,121.59032334869762
75.72697086963578,186.17135337109036
153.90821529218712,110.82840226836625
87.4731167683934,83.21965191582886
162.36895238450296,36.16066899961366
50.696096654218,63.361776510487076
102.52481180630258,35.078751961649544
51.7702988666257,166.8509024730051
164.85072214593242,108.10618216412863
187.4670016983669,8.827294480265124
86.89448631186318,31.594198086054533
91.3783056333023,148.92257085684085
21.587449142021146,24.574733262360397
106.49150554806748,90.32454833510648
103.48822020990015,45.02646019804186
35.52832245001501,144.21626466416518
82.46279738105115,132.8644163789023
105.04494465870928,59.69788987680849
145.20095670494516,109.68871745979514
172.46285365790118,40.33886836371522
174.51391720699758,128.4512842547772
18.481121999984484,72.61196417930586
120.46489601003648,58.64338114262864
34.701572651174715,100.1841346550168
110.03412751973826,155.85411204272168
83.84738127216512,104.79862820400896
87.61147149366224,102.28566497755169
76.69216457422152,112.31399936187229
126.76308081273484,154.4916885391207
83.15782272417249,89.4793686834007
27.58612895068689,138.65611626440634
110.38581147612804,148.61329960607085
166.50499588522962,13.843516249184187
7.896555429251682,80.66364729573138
56.19180690413566,136.02411526057196
57.8540814218881,128.34258884286493
113.96332682948572,14.582370621811432
75.76046686361593,140.88428355157922
49.314319260253825,185.2701267669721
157.8482963821969,82.03137961771894
56.768540502567575,192.57632688698374
60.608519533453965,48.61899818920727
120.9601271623452,91.4982638076914
161.94526324862412,102.37663545545429
155.57162193123065,72.94429768881425
32.10016953731969,168.49280371224114
96.47213823096429,192.0186921007918
43.061250778815854,98.8215586141515
191.2691910862189,77.76122922865798
51.84053470483188,102.38996031785507
117.79566622973896,103.18544544131615
118.06048544480518,188.36141695199632
42.667742322123516,178.55640013687676
19.673531949175455,15.277053968537537
158.85114155260393,194.67461591598018
188.97524207036668,182.76294790709002
155.3459622805874,99.11329312041725
119.98544418835789,8.401459417728681
156.18005338157013,138.93903838253277
191.94891675671008,114.67513798316492
191.39550853592286,92.2275802010948
51.94969261049835,50.69871668692682
59.233661640039,24.545573473712103
83.6332876384514,30.833897924842187
93.2986011289555,156.97997857385909
108.4705750094404,123.83790834693309
172.0212897530436,180.05260606144927
13.73190561882108,192.0971606673922
78.11871962672579,11.580348731850194
39.856983020085636,40.184764287729564
78.005923850721,75.03905850003048
183.2736749617736,56.309907879023015
162.2882494036669,107.23158617380513
22.34749396580595,146.32641477311404
152.44830657391847,190.50060001281526
191.05113275820034,178.0768077734252
161.46543856607008,21.064389612696317
46.08787287727769,154.31222702742372
168.0065766478958,52.36226357428845
99.34614266221895,154.6838925476846
107.92911567068715,154.40636365936422
41.75927465205255,55.97485513939242
126.95735967501203,34.402828337774274
166.2865012527062,73.3584222404205
186.42483497733022,39.09245051860056
46.42103028081675,54.11283588232071
52.818872027244225,164.78009887597065
29.30559979148314,73.17840723501523
171.63412676567472,87.44937990840037
175.6625330719631,6.587769042239006
55.96492733491981,193.04340349492122
114.57931644730327,10.076894806362436
38.269750485400074,41.109707669854174
38.38591196597493,121.0271649800006
15.357312675210803,181.7034229136201
81.90501525069358,40.12797930966097
189.9040504344986,100.07990392600102
8.833078224075566,36.33155233509253
84.36177060125515,132.91145685507755
95.34978917718853,77.532229164384
89.92272372851313,82.03406636648637
36.759868252169625,105.47837306972745
148.6444005586636,186.13702754945945
123.53260484335591,151.3958096780081
188.3351460565591,79.41634899162806
39.23564996681462,159.8849558603622
185.78302594114393,120.53153495656824
16.56698924029452,83.02237006731636
88.59657868250517,89.89820985134868
167.80375102268752,10.95708184793703
79.31890215118115,44.371820812250974
159.64731551201632,161.1863160919414
189.28258717692037,8.363451025488155
116.64858943210209,113.28394797108224
46.90103642382051,60.829598216590526
53.99534990381549,190.51342747829014
162.41885187209502,86.52533696605398
163.13897116957162,26.357817808873417
160.0426005708876,14.143033742548345
18.446737221910773,156.25950339773934
162.89540284362678,131.2214872065159
53.1164951720109,160.05108190491566
85.57614673504563,111.38577034980426
115.8509853469336,186.95950462492533
7.758700669347884,173.57535826862988
24.72868510543412,15.409359502190584
105.0922891603093,121.28924917519035
51.95309259209216,6.272937651694658
57.3600421538519,60.74631581173324
53.41958926120202,124.87745552506244
149.74892035690377,140.4465524268244
119.88900335671705,25.834197751674104
158.88664672278765,73.99778231399755
173.70366905281102,86.44736219566882
107.59294304844076,135.54793630053476
75.98204116588118,162.79589562299074
11.158836623995134,113.16701143972074
89.40270274841781,138.4678186070488
8.090124129538399,73.9865304298126
16.793180649851415,155.1910866500927
115.1490295060933,115.47055642131362
35.7175203531596,44.15742427971762
85.01297287884515,143.95927355233323
75.36896956588129,166.8638733475375
122.53233058996769,162.79412778635836
45.08068998451153,155.10804957440433
43.868510229548946,54.13990855122777
165.0709399759766,132.92911272380036
36.255099313038066,18.50360120124742
147.52630657604334,69.56758727724106
41.29199087067053,152.572765419308
107.32446239955297,159.45459562134377
143.6052651821445,124.44537685815396
157.20951595287812,65.78820146192584
38.50714123546096,181.3234749934072
102.09069100422245,77.88486008385384
75.12862792242902,141.2728044961548
118.91515178645895,94.82463928430771
58.2000287284381,181.96741758615582
191.4652555850516,29.157184050243416
26.584335687453198,140.27781264666987
176.53458366682833,90.89460283972322
34.104320698250106,6.860610026929787
7.5302803677799846,156.08579210567498
29.370674021163918,80.76973432505767
75.1954442105959,121.34482397810713
83.5387796532189,123.72268753629156
77.19492346708618,127.61452930668682
156.48038104778914,65.8950264857121
164.18256645901724,191.81652549368627
57.5885814995088,145.04143321306995
167.12618174473243,130.89661935015477
116.83553919196997,22.195881322710008
180.9473285926286,135.74876529326875
34.99731505531881,163.16310036957222
160.51775561339514,42.91505105472612
171.00907239778883,6.440471812462903
99.74586806734405,196.77634733060447
114.16482831685136,27.161876410020334
45.46442305092019,31.184484258285455
45.458169855903925,158.03184941126187
18.79886402796773,23.69633615348102
6.7365080965287785,28.929089861315518
178.1513560498459,35.54074122310306
30.21924879662234,162.51533055480934
177.34575083796568,165.33159653146626
13.496166156028874,67.52054267075434
108.719951373521,84.30444673408063
156.06426818979855,140.29211639695254
177.4559207185216,72.62813104824302
21.670392585224725,59.06495085839469
110.20329755529313,34.49223435024618
190.2154903798534,74.01493636318072
47.60360675198265,24.18149318418134
122.55574281581323,120.89574362561997
113.42882336563426,168.24610733240817
21.165127724314186,170.2543928030036
53.90432578443681,148.03441364439183
175.98183974021507,144.02600862478556
94.57328520047109,114.13432559079263
88.2974920049634,159.58647604741486
104.2092946975315,87.29884138426904
192.54858621109656,130.96290033838457
29.713452189539982,155.4370728226741
191.98348933972997,34.21025709117157
166.60871152678752,131.6054816947195
5.93500952194481,65.89529783085219
17.261670072761795,148.27785272562764
58.86752474598127,39.685182200842554
149.87783062679665,15.728817718357732
164.35457967640565,29.758547735255256
31.10970086971378,190.4555860077042
142.36428663842113,23.44727376273279
96.86440858226266,103.60052008320743
188.16517297418181,11.30412155022537
175.72850933444403,127.05969174342974
144.46810323469086,6.630217559271124
178.58358995831048,22.066431428587798
168.28521629126712,45.5596067876157
177.92171173453943,129.34227821321983
42.17742904886181,21.58645992953342
22.07150629100898,162.2744466680598
112.8085297048309,152.42133116728704
111.94290882331363,93.99599817995411
148.5511795508366,131.51884695420708
182.90700346150913,170.54688926960432
31.76321999611596,33.76503364049745
99.34976264187287,130.41866517337684
179.7043658379921,79.16248472113293
57.60427409736601,65.04090629332784
27.433558832984893,98.08314461606146
103.9318898971005,20.95639354540511
49.73609975251939,187.0998701252238
153.4561433378931,58.826363790233
18.58507731015943,119.62708370500415
166.88457407196967,23.630065657724565
19.74007078457225,141.08066508277184
158.1099621864723,70.7353844767894
155.0768244543575,125.98234343396479
9.864847918745623,63.477882816832285
113.85516924140599,22.188211257592908
111.72544952357538,118.95101437207681
188.045449311,54.13470551762388
76.97480869768353,130.58887336699212
86.38740871498597,163.61681945485793
44.8574861214592,121.40360334783745
154.84550007047605,42.48602933030648
54.77231436097493,177.38234218988472
99.10381466408704,35.75642727620059
10.051818061530968,73.85770893976441
50.62454359337303,104.29149205432964
121.12677042957004,139.9462967649708
119.5335257934604,23.88953308646619
79.94685750487021,11.551706065945714
78.686946925419,158.1532255182873
177.20901648949945,98.32490235791681
105.35399224223006,8.672441421741977
123.95757364595815,48.489164466443
47.92076563535925,161.6183093945443
126.25591418568854,144.5233418206637
111.55538113644135,133.84426674041742
100.44415410032691,33.667006784998094
119.5151082574455,55.66930098961362
40.504819796730324,77.8267988447093
194.3814038721804,174.36940188004522
43.23502986433594,65.39402612624681
168.93226568490195,22.598696879846894
157.66866792299615,122.04436073862487
32.16458458188873,50.40823005496894
30.51892471414418,35.14761141154379
188.8462655172711,89.90341194462154
51.80767907114033,130.6695716118387
165.41238255459095,184.3200994817587
120.34041614313531,120.24740703895417
185.33581615726547,103.18938936943184
22.446737161527142,21.147748795611097
85.73306335735847,95.10638631231164
94.43214717396084,12.296636103145701
71.75188970462584,77.16227677616607
72.49759007416272,83.99308367511927
141.31403269714406,36.45168256710602
56.429720235755966,72.17703922771106
36.62740858994927,48.83795873573903
12.5161337385036,22.11069368463836
109.65357404459564,168.94563955760856
143.2471973081165,164.78930458483288
125.50650656302945,123.03970076005186
100.92266909088274,86.66695209517738
21.78772252742096,15.891059944974101
47.17642053678334,36.515636777596164
117.82084315303887,15.32706386084725
85.78230204655371,75.54278660438942
185.04293436638076,70.6715996341871
125.73204530143362,116.88227744238868
41.98465657611508,30.000516829313966
118.49895375470848,9.08314063998493
10.996466009920344,37.97546762877987
190.32672336151168,39.749591890772074
46.31283090826195,183.76184441921689
146.39787048033506,34.754776874278996
5.60434226727807,56.436574133202996
148.09389013765642,45.13845810836698
54.64403252838032,44.11332767529596
175.84514407956587,21.70639986764051
60.44590119487142,160.34238659827642
5.063339678649369,162.4006955535056
148.04289162297005,60.893979971773504
92.64169419551958,144.76001311387665
160.5501873655938,144.0899099879962
192.4105404303563,122.38403445299053
171.19201884512321,29.853558293909234
103.79094402488776,86.13583843512684
64.0225396610015,75.08946114475107
33.05658817597986,107.89350360412124
182.2518515281324,16.47784947566227
106.20805097982625,128.85316790235566
182.9163656931191,46.590503386176024
163.56622923492128,118.01199228063916
187.59454710607324,40.758868602431825
150.2218709396608,49.89429416897037
192.9947146404674,79.7830227027452
47.90718505260065,149.09163894163564
31.38380519414302,121.67243078869748
192.49259423965782,29.8075135242116
40.42016059794403,102.04103398812083
174.25620079010486,123.44912424170992
49.616459846759795,63.637447814207626
53.77337073067933,8.427720728992792
16.87401305840417,147.59276754983526
30.49113344900348,173.20306816393682
41.3038157058108,159.19146266131634
80.80369191773485,126.57536198982993
23.82654096462348,59.314100535494376
58.10970978848326,128.2823124571355
79.13925927819886,53.519675598283676
98.44525724626654,129.8273959478161
175.4979988657454,70.49706890315608
106.03500558281296,87.32822303605307
114.12517430884196,16.768875937387282
58.14615171571134,179.97851941950321
125.01834578235449,193.31345009361223
21.882037979190393,51.54895654499936
115.5831302806636,83.69415390952226
58.469668176929915,69.59395849141798
17.308050485467334,35.3991409263189
30.393496166450838,113.34577310724201
33.08330189746665,83.3305055161213
48.179587124941655,194.91616779984795
25.467395566633456,118.40566142262352
110.97781015151062,36.272646952961956
190.63187421792028,106.13401841613467
106.61292079507083,85.85978547067575
173.01577110109048,162.9244955102324
52.45341340059711,128.16588386569478
173.74032946220515,8.529724199095085
52.24895491617259,141.26400238691392
42.758152970753386,49.352341806168596
169.90835069679582,134.76214418362034
19.111090415899973,69.16669159052353
21.453967176647332,167.85228380654112
54.66865322743124,187.98169836552358
155.41970112237792,62.234836183766966
43.767801980680154,81.15764494850919
54.07389487103158,61.435074201185536
82.22155723103953,27.841678959482863
75.55461309205039,134.95064317521053
160.56164949225064,170.38372962958746
40.56173910106458,74.97441701766542
29.180639475891454,46.332547426298945
7.024995378818687,176.65094707224966
19.996538165913893,57.16210386636893
75.81510376494813,147.63158284081075
7.034888277509715,69.96973577988875
120.49110731474313,33.112555949797915
117.15010447220732,113.98451206355229
100.53566966724648,145.91362567184783
40.736187474291896,46.80212352563318
14.322435722871793,118.35128358684204
18.322534519408926,164.0221843865678
9.617339553259935,192.23024702746613
142.7551549324052,97.02046853889064
83.07711851996781,20.035674306818773
169.51259722536895,130.95530673337868
87.03684906753286,26.423307409721623
19.93733757162619,129.34280787294364
163.79701984939138,54.61634616981467
121.79170569805382,160.70013449562342
187.82935336152588,103.12984879513333
148.52858259128794,36.30330638079283
52.31047895575005,29.338768714646285
6.047893935279892,143.85025872191449
108.02335722940144,142.52421003666143
11.554113279728675,154.96310644114408
171.12266797113668,119.20181083719264
107.24947792769288,42.013312057850406
177.3196371797375,169.181407763549
141.3387964971702,14.001493908698977
150.88916645193478,53.1178380913554
121.55345433550791,87.18715608759396
40.13162340165737,101.34985414816768
163.02992344572598,75.26229132977487
188.51575261147894,74.45189830461105
47.55647339656332,77.28328264908043
192.5652733891747,60.11609319183513
167.62769307263528,136.44301965832295
157.45291469764092,106.99205992587127
114.25643652968478,161.39373224958675
40.72616512752421,131.8251880949157
45.82992829067751,22.579704324302106
60.353555123607876,52.55156118163937
190.76267559004643,49.64147239697471
181.58053971955582,26.521061668335285
186.87059135144952,113.77480907156229
22.021137676666672,79.6227994568322
42.66645307767309,112.7028963925214
147.31194221271008,125.99199881616664
95.69976479283507,92.96143141081902
159.42681667017828,116.57833099871199
187.89228679972402,79.10738189846833
110.52685534869796,46.67024140195975
25.47623779918735,181.29393572205754
86.64427476808059,24.259156485719537
125.3571263516641,31.802896964736938
174.23854550355247,54.28740966863817
28.37132326247179,77.84111832856686
27.080307941500244,132.3413442215587
133.2377988076916,162.87857398258632
86.63189827387869,21.211670644747862
160.42117384163416,64.78088267712954
146.0848278766338,55.94080201396055
55.78071678897824,115.18317495041549
104.56731587712902,7.065092593178555
129.42050291601413,165.36537486025577
40.43861977748264,173.7324411733875
38.24937057767422,166.75659342139727
190.8095955458334,69.79477604932474
167.1777732959621,102.22615922268952
175.6977470233649,160.43648718400368
77.0507412987836,105.49895639030306
36.77982837113477,45.22552261646002
83.44516440105649,147.52511472743095
33.66248308764665,23.21694181599638
18.836211418103346,109.84675688143847
43.722697432132925,126.22113996577185
85.88113479429252,95.71274339292293
161.39661457538756,82.52760108570597
161.3905556607476,67.45497896551694
18.15462541736911,163.28606882279783
161.81700415447108,185.4581562541434
16.895625969827886,25.38391156042384
114.44758199352624,45.463015846198694
51.17630731235402,12.710241766411599
177.3569296156537,134.49046944726916
122.57540500947015,50.14853483324831
105.45309653912473,29.454805593940538
93.39507598908064,47.55750413447383
157.35352331967383,120.81729809388521
159.72798744266586,91.86866098889017
76.28701738332596,6.664426550903526
165.38513426379959,119.01561386287301
81.03968724819731,167.64963177733554
23.656676152226503,130.1264574762538
43.28846556041286,118.06458043722476
100.63896539127487,23.239607503397913
75.12192818410979,84.28101928832898
170.31293612125654,27.23734464837299
55.58780934395996,80.33601531990381
38.53416104617889,138.7775377273317
92.6358197781925,121.17806708397367
123.73124990325078,80.43350519612439
120.62485844397763,195.37804127472097
161.60745871032958,93.88380342697313
28.9857281962426,78.720465125122
54.494485967523175,53.98984203660826
122.33699902654855,152.42832773513734
38.23315893790186,139.3967960218507
58.76191562654615,196.48024747375044
176.30117223661324,14.20964433055524
186.2304266059999,193.60667397319784
51.848417188690995,141.84581014474378
155.7000147761497,185.81417821952473
96.4060237413348,104.08741320196704
92.76829349599095,23.73487231759536
35.88298410960921,16.718639869587484
83.42024484436224,135.40789015093932
18.97260096851965,50.32413578769582
40.74792859555447,139.4071187232719
77.94295116861355,19.89116877184548
43.88209515953698,103.18243096802819
184.5685538009481,69.1337938163186
56.753095609678006,155.88114703476157
160.12223536067023,122.19463632147132
110.35196568601371,31.30960335299634
90.5873228755526,21.388143811539262
152.2148900139185,112.52490360701321
116.68728062570912,162.107271733574
195.24012449578018,128.65452421471784
93.62465958888835,43.06476141646876
184.75970982182216,164.90743957743572
170.34309441248163,58.263349936930894
99.72214516233711,103.32753929239563
103.46667022330291,145.1550190082074
194.50600610695759,99.4338896647279
18.865397508244957,161.89238181946786
194.7368175155951,143.54237052410244
51.78151536507028,144.83405668722318
53.34636986521712,179.7012759429424
155.11609306751117,115.19793698959201
17.68429470114709,42.43736781838871
31.44516577388,61.12711329029639
193.53530013195473,32.808072293001175
21.351135924239898,182.9259011755764
180.3197934343063,137.66212878814284
42.84309987765611,67.79754461575882
107.54834040563291,82.51601857304891
49.3513194186162,185.77692038663525
50.610802802664104,181.88867367883694
142.3904793530534,114.93418173125508
189.4718942017132,180.57641393623214
12.832576913620157,182.64859387484262
110.10680517620347,55.03378172903408
147.02278594320805,75.24853335955412
50.45419357003097,138.11776836997015
143.8041663519674,138.70591743693757
56.65201414438347,19.18331632271355
163.6169731690909,194.15210402140005
167.0963688857437,78.2631834544277
185.728501958983,104.94810342968815
182.5922170224695,177.4927242383276
89.74134413450716,12.71283441404191
10.260018610351054,17.667634746555816
171.58747234492648,185.83616452217908
55.17538327198861,108.10852520984295
45.21913010857054,52.32567978335152
166.48237676564486,66.8283351564781
184.31667019308122,78.84986752881547
125.82742677290341,192.82823475181914
95.373478462025,129.2739805492283
117.76273533991302,190.68343570920172
118.63505604990223,131.1926215767364
88.15088681731112,47.87052790723605
125.67222667800516,59.18652131894678
116.10293613680962,16.501743855042466
23.270471312939563,108.91045741283303
82.38701479879994,160.9268958428256
106.65637523147288,48.13593027436563
177.84807957379513,40.39310202877965
182.47892876325986,38.088961832310765
53.137008696973055,56.568756891922874
77.44262373473511,167.37592582739114
192.3275431564278,163.42029169113556
37.02275274814739,108.952151452374
141.44633411812939,60.1330259265818
21.46591017559964,124.39502787051455
59.7781094813646,118.44090770670945
120.17035180085422,55.047307854546375
9.998098978978643,147.07645250260228
177.663684805861,67.74274036149058
125.98566736023768,83.7502289495436
192.3937559102198,66.72102004542421
91.66624390954856,101.69395494236373
185.74957480164548,185.87078388084979
46.637867178419725,61.21148474994735
13.216074794305765,167.30774981540924
192.39862178660638,75.54790339104561
148.83049599035326,144.5525388928741
10.270756157965195,102.3500905056475
15.477150989921387,139.46044178669325
77.65740565201197,56.35119435786817
30.25423023775873,35.66364581268026
196.03597395542678,38.14825760323619
75.33770382723874,157.07813510877875
155.88230267225362,189.8719949470967
7.540533688162253,125.3895221037264
44.44251683235858,104.57074045890016
6.6971414028704,31.824858271266415
127.14925825095806,158.26182598358145
37.885432734697275,35.46632775631246
75.00431428361674,196.82314399364634
21.531072325999197,98.61596959620978
5.899669368944206,114.92197067904308
78.44535874647315,166.96812658063584
107.38495731867847,95.45407883688823
162.9176647266252,115.65425466472101
172.2360406380473,89.46441978740815
119.38894308023906,118.12269814434411
89.97467537899884,117.00031532002048
157.1923727387054,186.86166919856413
177.31406551668894,70.54380288707759
146.40063358425473,116.18898086925505
142.78189503048782,11.233207551167146
38.46423802584875,151.44567912212966
91.29188249408406,126.3087538899923
186.67784692098166,88.92126589468592
155.92081014345672,112.74459580398953
163.39882373735873,47.46090491347419
85.61682014003593,99.40486908889798
105.05896140429194,118.53575438865262
21.755450393647447,150.26078125068864
169.75322199947715,108.20888806754131
18.192839617757343,109.53585476046851
155.65632307393415,51.042647452863974
50.6597866744537,104.41743464325266
165.5674516927089,26.849090596333994
144.22511196219162,47.35497499709405
8.011760797417251,47.5424759772199
182.49131406387815,127.09158233001862
121.11784314070661,7.028492875087355
178.92456001073776,39.30887800046459
118.56282164660152,119.12366446669648
141.48694270326334,121.8097453459548
164.53596387816478,113.70537217776727
83.54427979008037,42.30063654546284
75.28766147151717,5.411529818957213
176.49731387240757,23.228738662018575
89.41090434632162,115.6138553084337
156.9486353746635,78.61645423414528
110.40450064792013,96.03169339338353
177.78486836233745,127.80377487423048
100.09258468675739,109.52254612767295
113.64358864756606,11.560210589035995
21.998521820308426,9.957199597139407
87.89706344442084,135.5997387272729
164.31401252343068,181.35076238068518
49.7929663535864,34.14769879029762
98.12315745839196,56.65604173540036
195.56889970609228,135.54495374933174
52.43990401108854,60.26873008655042
8.036609705412355,116.43387286596304
192.98201264838832,113.16342546491248
112.30295788656503,157.15528462095534
76.63986901390469,36.75077724572927
96.56009990247874,76.19091451077807
99.68790608162381,17.778978441598365
168.89163141382562,59.84241076301492
90.67169011220587,26.797536746083555
54.16639656640012,80.01874451757041
93.14508170298397,162.96209590473504
186.64940689691852,136.44369507887168
174.66451919527145,11.688140479089054
186.91987579969845,106.99664973395883
10.490397687437422,60.47389919913821
183.51954721609548,72.80476135956752
174.59869622963438,162.5848944581032
20.35953494848867,184.51039493662998
55.13807687650514,49.113551977906454
91.92112561097855,163.64006342429806
112.50521794763701,54.145043676425196
167.7421542632308,110.89343814752924
167.17274530816732,179.55319464304128
103.66793778712241,120.83209407874355
97.63022678878389,117.87828599648671
50.881992881001786,171.6483220961463
79.43092051726644,165.4374448247339
185.97378206322398,34.11115868831833
33.47374161159231,67.15219387996589
120.00330808207671,132.9881597447485
59.248923758961766,20.500835382904814
150.48238334491666,125.84644426464935
155.5241213012333,174.80537239943408
27.362764845778216,107.61047775570488
178.9365773561125,10.052164099398684
190.3991526033333,101.43465496401582
38.321547212055584,108.38497900494757
188.57999891503465,185.23959169508413
195.44314594680392,120.31894660058937
6.39522163475408,37.739830097339215
193.64928903324082,83.90208494842355
178.22640988316826,140.99676645759152
78.10290203454016,139.5146072097689
6.969517528308538,135.45427265976846
75.9783577015322,142.45647217898093
104.2517188311121,153.50708244444843
142.59741659171408,60.988013097065775
38.615149326241045,118.20139032967123
165.91769201566453,33.151104124388866
142.91771328119,178.52975045423648
110.73965108916198,53.42887355747477
35.30218622309315,163.76159965631126
175.24529306848333,172.45159832675228
94.84420813172973,184.4918565096675
24.151561947821357,63.94353348456818
117.98402075810372,156.29623915052323
162.26490762308924,192.45054847196678
47.0460256669535,113.91322346556161
148.06722826940373,87.35909906881018
11.364843272797673,124.52493685532845
50.239664696043896,10.223724533814174
39.5187370793921,135.0655805528331
37.77474439671097,138.29024971006186
49.97638640342473,20.213882599478527
26.526648900169086,70.96873339927978
189.49908726029824,140.64337977067385
57.76355570876067,41.50077074558622
35.792679183371725,64.66532295867931
156.69525894790516,42.12290116074776
196.49824184116835,184.6489664314651
169.9721612694188,34.509117792953795
143.71169576725032,81.86626654186233
75.9380831170755,157.5563461128537
118.37411020442018,159.55918238012018
92.87639814648476,52.255294794337196
151.55658086773815,177.1789798214722
105.38433210457187,45.77911179150057
98.19417463207343,43.27237875988623
79.9889728578527,121.56872118640848
167.53043045728313,50.52897549495482
29.780946025586175,154.66893849517862
33.40732520785777,61.56633113818527
161.17270847798463,75.25138071062611
183.7469024518851,140.16688420885004
195.610459116527,85.08510118835457
125.06230934831423,169.79638815659266
37.52383822897974,157.61132071688522
25.66856305403567,102.88618484103395
54.15910580257321,98.50419866809288
177.62033714526837,92.33561714593989
157.2934921523207,140.496783484482
142.3254816726673,38.94448720950593
180.49505332508008,161.30078557875083
12.006570530080966,78.11026399873738
93.81230771531085,117.14130341682788
160.12242999282233,170.8337195441628
149.96505212175077,22.818484207417
161.2482822310016,108.31779384918535
172.93271439247906,167.56774387059406
27.507587169804538,5.856828226450802
20.849005274732644,98.21558102738736
55.97996499607604,15.894939498427297
165.62166164596974,179.67172481654947
122.1316721283178,76.85283832031718
92.87656601629439,35.135943295280654
106.45456957643938,136.62379112925996
83.74774340656573,91.00598815118619
85.80409637718111,113.32476052934663
164.1402150730149,32.87522366309265
80.09790068888007,81.48062582058088
170.22697209641552,160.05138363818497
116.24729879142023,22.389993931716
85.22439825687411,46.365002276977286
48.65363283982964,124.13043543518417
75.64076143444032,108.48614605354737
96.1369561831071,162.6033814006054
172.66857324141253,56.281903714260984
82.59411596723602,150.00129209013625
194.66395666591168,96.57378512088664
27.01743858206178,178.8830406324031
39.52801926193143,55.09488882370588
17.356333273260752,180.1514225718634
82.77373552177951,4.995493712433612
37.100231750519555,71.31354042503169
79.84206041195624,11.706180351024408
178.98138661505513,65.72630900305832
95.67767801921401,130.08924925115903
126.60869429365617,92.60930294447496
51.9909182089137,174.16192337794712
191.7815719217606,68.70187791875148
178.482978119882,186.2672147725309
189.18870021490832,10.414405673324342
182.00157941003724,40.80645288474867
53.652545125568544,57.92579507905058
178.5370430363994,71.85250554386259
23.2241825937174,181.11997156568754
196.3008693859453,119.33402169367035
39.49598030285797,35.09064959398629
25.87267804086252,60.237429185212534
98.49345994103959,112.22381905344804
60.25316409534849,67.40690240209426
67.9541926879013,78.28910498446356
185.90233228145328,162.19322500778992
145.93815216000428,122.66231677363527
13.411941719156848,68.2685815607869
40.3862507108537,123.29664180873556
62.628247854291025,82.35545746361028
21.599374602116193,110.8073412434723
123.55752139854658,139.30405228092602
18.765945420175676,131.0300697473403
98.65865855233528,23.244212696265095
115.53644631115739,7.724125706846509
157.33629329946336,111.99424960887019
161.31080260352928,44.677256392956174
169.1681792598528,166.251718250814
176.28859345201226,105.2771961374976
162.20674218471024,32.45797257581826
88.69771921429509,56.055822322052286
176.99791573374713,104.35945901873374
151.003863743215,44.225435688971004
34.886773789978925,149.5693139440471
38.96542507591461,10.541664134108014
54.101402052829776,48.05263692152221
117.2542962126885,26.976342526542055
19.1232147264798,60.11547238616723
10.318916844938467,74.2763096960195
25.908890393422478,109.46736760542623
55.4427957387153,134.63319659967325
83.35180361921736,30.360661335978435
174.3252956452754,28.647290665280853
168.47414706662113,105.63552352510456
105.83600341125423,153.79591278601677
142.99233003947518,145.8852118822656
150.41622075755228,58.1879311025622
148.41134670509408,193.09150882192966
149.00328948934433,160.4749896438293
173.78425499010297,195.50508677602517
14.194483877663066,115.1364981240443
195.36228973596238,33.55538915962779
196.49304109058176,14.839067765510308
188.60464041912834,121.11522874420231
113.6499546063079,139.0137367037491
19.08450874520659,113.64405988929704
114.40478419541402,36.91105871293578
7.44209925815768,12.167283686703628
24.20961257746271,175.46572645650198
155.96002753123372,76.66520180312892
24.097295308958206,147.25494100417458
40.2359116359594,20.707891748914786
176.93558316445922,173.9830734998977
44.45751066884086,147.95512402013412
41.83693548883432,61.126990417846
169.18432692473218,24.843945833132164
17.094063192521713,191.6266684590945
170.95525636052145,30.801652395867258
170.1323455507273,189.5843685979908
163.8733633573282,43.6899682883369
57.059721711856916,120.39690768789674
42.0418649825326,134.73521012613472
78.49535824993715,138.86379728559615
111.03627984017959,31.032092919941558
32.62635651510321,168.00859423197815
97.94704644048454,21.05363662923744
50.93064413662973,31.928759451385623
57.56517594230569,172.0119475990907
142.175810880123,86.94863425299633
16.14259373489638,119.0696514814239
20.04192159932061,43.495710732524955
33.793964229242206,82.36986252617972
22.67354236341662,194.20417311577552
123.90948042285221,33.127459224070044
6.939512171342215,167.43950198566202
18.049744430541885,56.95426923554924
184.93672166633775,67.18178872912763
23.845154762368118,54.33452493442176
107.71939949663222,143.4921893943475
113.78528535786897,74.26229267001685
50.78453906403014,65.15641852738132
175.65988915841166,103.47143746587426
86.26384361030176,35.140684323638936
25.149602657735073,126.30135019903797
58.983588595346305,58.73021085370845
175.3963064505695,100.00383740058089
144.15505708901,173.0178188108031
94.29881406308802,85.8603659077037
190.90973270901296,162.0612458872364
32.961977363537585,153.46229635964872
145.70361700921683,130.78449572973372
85.6966179452039,79.77326385778916
101.09016448342967,145.1923300030675
13.674157810866134,74.92124268976322
109.03515113955717,162.05605206595567
57.50761724731454,42.40808473227672
107.91962268196266,28.134629636292484
184.50521402497958,42.60300883988718
91.89983450310302,78.40704831868773
115.6288141654237,119.46422511831425
186.02039877842182,68.98040121196674
16.262556406969583,138.76143492478815
24.221117399562566,161.80535814202986
192.65871666350705,112.096833133436
194.55736334602483,186.73906100718477
161.3155091086943,85.77955537937035
91.60518373311116,125.06640928545092
174.31715448628063,114.89714171335169
146.205374482508,89.47788966909934
26.99417603831525,164.2502107929451
172.7890084720326,111.18615215030752
53.099602034510035,74.9514499696324
195.50138547237245,90.24453785328477
179.77634180298537,86.9382249225132
101.12010086442939,59.92819510144903
189.50452114206698,110.81273197029081
110.6903805237886,101.93494009877108
28.909347033246497,43.272902085806535
102.97164955447609,95.41604333454885
115.56059653261849,113.61791471522162
181.06932531098136,112.0278289708402
195.78624632615785,96.05552922016297
22.81793505167925,37.23766475322995
23.377410561908867,142.7343781420882
75.42924113845513,138.3924324499731
144.4592422197681,59.09785880170194
173.14081339341493,119.88753225186971
52.972215193875975,79.05538015597295
126.0831261674589,143.37741722058817
141.64270194990732,93.87564958684943
122.69334931520376,161.65069853837426
111.36843305390026,50.31967751001827
56.340849031147215,32.73137648631027
123.7087568009922,31.116899355939566
113.29159515475673,23.235314270716774
19.512043056420445,143.9885250115726
118.99841339618425,31.51678686320505
24.958581707795723,26.276528703491472
192.90243700258242,93.50164772167811
51.0080789142154,190.46192042587708
176.7781187399272,14.610406630210571
78.92129496389528,59.99463903099865
48.6902743334227,189.4164833108939
187.4356856793527,33.44520676878391
39.00331082610581,52.30158607647279
148.78635669580885,180.97055947313828
156.6929755624465,87.85505114233793
117.8237272065618,115.23499529051918
116.63833253232268,9.726774040004138
111.10769475206266,117.54343118519833
128.15227577121198,168.6093694086401
15.193315089117082,98.76856608124787
150.52474493061348,78.33075291488446
175.19840644318208,166.6692107682963
179.52779718600564,182.19373332755328
92.11933425239206,59.98177251248609
168.56188191146487,12.843489518478982
57.79744867314815,81.9324505996501
164.70599158085898,33.493874695529435
89.0515803187882,14.802042560031728
49.019622870050085,124.27883004541845
93.40196039155884,192.81770535056316
35.222638681956646,145.13371948923165
80.23916293125559,92.48204529450223
42.99059037194817,136.5383563362427
22.7515774399648,110.01138303112803
25.172487906412258,46.359406612397414
13.929906947148249,82.50888715825884
173.2757689385457,89.09273275860403
193.24191608571817,94.72173996416902
20.32834033243869,169.53705904537756
47.536033148867666,140.54498569620426
30.52935049447711,188.64470024073026
191.08637307345194,69.55786272840676
184.6056327857546,92.83033034016422
43.00308922996126,52.28715734434318
8.140746276850523,137.94203247625694
158.88935567879312,5.7187634005450665
18.509711601214356,165.96418456584064
16.501446511316786,109.28118726363097
75.73849302982228,114.8097787447346
43.78348633811642,42.939020121539926
79.9457091299965,19.82598928675315
170.50914358852543,111.12447011810606
106.6835970254572,139.4898258482369
157.18616960125667,162.88261585083154
18.207300585111646,27.008771597050213
9.197316035288097,190.38003247496482
91.67135108895252,184.52037380751509
85.98991419365919,120.89755480263102
93.93863359171061,132.98677448618201
24.589442014510123,37.75178355796591
175.32478590326426,54.77814699988338
8.853957146470917,114.76939654960024
181.35884052036732,120.1587497685065
166.22954100893762,72.14014712302045
35.22822829005953,154.47615999533863
150.97790519707115,90.43873694175471
51.80466540985362,195.98199456173703
94.84532765661085,29.211126489173125
51.24553850745265,136.3335521059199
80.69807596055763,31.523931173231528
25.346185589657736,59.249885335243626
190.45123836735257,166.6112462634323
105.43517401063936,115.12150795810862
86.4217363390702,139.33883354316006
177.46708262320166,169.26193777779832
103.54675522130947,125.48851484588658
97.6586207128728,26.277057867044622
156.30852453557216,195.6135247898747
164.7504749302803,106.1922151425318
5.540568917095711,28.205033369472567
193.2406726619297,6.6001363481729864
29.265209760289956,26.371262399866616
96.4013562472482,107.49292508466941
161.71701457482004,174.71009876907084
33.63431355980044,98.24121278667272
99.38319500265003,158.4120509664527
184.28424314771786,5.670304357138008
176.8578570507507,105.047748342218
194.02456054298713,27.993791170613946
106.70750664011851,192.559026125802
20.953781498163906,134.29596356674801
192.19567116847864,179.41280923117415
158.49262836669834,90.31004407969029
112.17032418749277,188.45427299673497
79.56128731281545,42.744045903135664
40.137074100882145,135.40145647555136
194.91980016308375,185.05486592423358
175.3607936500816,95.81690417207703
16.874710406745624,49.4758444326607
16.00017508504594,17.260780101178852
104.49904391868431,56.03411171217629
124.6933908181419,135.10223220878152
162.42588423601217,116.27297787308456
183.628520325554,76.15515179588498
151.5987747535676,43.12309688833415
39.569356756580845,116.43894917744302
114.41912084567278,130.4354544754496
156.1372729821628,129.77410081209624
158.36990149896445,74.73495918040909
68.27377184760375,74.1040688965191
46.51780771844472,37.626549997551095
167.37520688550157,174.00637743410954
94.24998929182394,44.379004944075334
152.16039848657212,96.53326367937154
81.02810097678224,35.9093889462731
114.62741370662515,82.74309754275028
54.41540647851711,126.2918172174766
24.89590796379123,26.162911512820703
41.16050105817065,150.78010701746143
141.62977670683844,68.64458790443928
50.152235170888325,99.06142830364676
101.0414428409984,133.35631093932378
84.46713215724265,133.33789155330112
94.53751780710913,116.45048873639357
59.451406559327616,113.84512850557192
57.36744688978782,168.2373261202979
186.6010951781746,117.73523607439124
80.16707006690412,159.1970872595262
107.07351605437567,58.45375051742462
57.537024859441736,81.49327698814105
171.7835954173811,96.12921606679959
40.483728715193934,148.36440168663384
121.31952063240907,142.13760057910537
117.29087381003417,26.62982176726758
83.60267874645136,118.4047508229779
13.39067272232786,150.8085318476777
171.13504878840504,9.74091951731311
173.2943896725541,196.30418289028444
155.85183040634826,49.77664387977612
143.26370948670893,63.27912381714243
179.91417004472913,35.271771980042416
19.44532543707494,159.14135220606104
156.1604939135529,175.6296600569875
113.995430981975,52.922134625871195
161.58256017298396,36.12227798601912
150.03591217661562,142.09929597748976
169.3142968929855,78.49342806877874
76.09597384443488,107.7010541216836
125.35487752543489,152.64441477575943
162.94089487717204,99.41091479606513
44.675471217021524,120.04829977564462
96.6816374668329,18.08067764709471
94.29235960709546,41.61332638149384
149.90756069378128,31.13456406109284
51.39696494807503,149.74582776487358
149.71942021197563,135.61149209255234
120.41701604271721,121.50776924988784
33.93471494450755,158.56008523509985
187.894096773069,144.18677794790264
155.36784612023408,136.71397752859917
85.681282761626,126.01655434678867
41.35921206708858,5.769597745966748
174.98177102598018,67.42731416068987
141.43975488293458,58.8992825836265
141.5198603941097,123.57013800661751
142.05356594296967,12.122862213545254
123.30216410996212,31.87980365615808
85.10705627101873,148.0262254515158
93.20403075685904,159.2279673901044
79.96235477535072,112.87399126409319
11.653980301397738,168.21167738092572
165.43666112919544,10.34607232608229
30.944018846724976,137.78799836511098
156.5724493053147,103.51035880440516
196.2576989040823,97.443536961635
43.47932767028947,49.29216170507284
133.08967287448425,167.03526138524538
58.21431514299524,13.915356353537323
99.95535174868176,31.784769167207262
119.04240997972579,141.47117853090506
103.50961491395546,23.461732700690447
119.7976168842225,28.217658144677102
90.66243689928349,110.11649730629264
177.73782399230964,62.504535290982915
25.974851505201507,80.40997780333541
75.83680367558402,53.74044823569594
42.275891553969856,66.77198927619428
124.94393949573136,145.74489958821096
49.21345687718394,72.8749568833138
21.231144667546257,53.4156424433014
56.77578758571845,62.06161935099316
91.03014755371522,133.27904872482225
106.62409722984953,140.7770051552424
154.1629092420215,104.5603774197382
109.34613936266703,51.65347278831929
124.18530180455096,121.32461394029666
143.00083276645168,122.57983324028517
159.735754519066,196.2031641835208
13.142466189048175,39.01378716117754
113.76415547397019,74.72982220919654
38.57442883998117,132.84981244080785
125.09638924561278,92.10687522344128
166.97285587304705,184.73653815156575
116.94374736230026,164.75800311549818
119.7941968719244,82.0848063611133
6.684134562105646,25.898592548342094
120.43038679215617,88.70945594617517
179.93091142583376,11.893916774212236
104.63704112078769,86.46631870756006
42.59773956055972,139.8108021101046
82.5187789024497,135.24624082889468
29.346323851471887,65.97369123319909
47.77590784484454,49.77059548480137
104.56926763438727,45.68751566554541
108.8565022200842,82.05976288054462
41.01760302603964,61.904767312510714
51.6459984687656,133.40943007715424
38.094648980828,189.2742919308649
124.27748904799265,54.69755032647249
117.25892264195102,102.83218607172098
31.66133638962274,54.007598862492344
182.903682337734,144.35148253948512
167.90783540741643,138.40529117917717
126.63893470460584,29.798492255973652
13.481117014769952,183.9034331198453
48.15226762668239,188.8423521964036
15.468023806551903,26.210363207022674
141.96769513382742,34.420453702776726
168.99114086939446,53.24903932728948
79.51455201450635,190.8181663621015
189.2343312556627,131.81893459269025
37.198230353637925,55.07205013961336
56.06400470969196,171.47235531351822
40.40925861684361,41.11428662235384
55.42027966624932,139.41858137181364
144.97374222180045,128.37807211044822
51.323490203716595,162.4130430680032
118.94168014510147,85.20718776934712
40.81919857478055,32.85954899482535
166.53584345890138,161.78741947441543
18.839548153884838,106.35182783206349
41.11248343134146,74.39582539823293
55.116409480840915,137.27819065126212
130.30457593374854,164.76101935448895
16.560536161500572,19.888715699586363
44.40811253103246,190.8949870388439
147.35546499139718,138.9888280968102
161.18215505453432,92.35984130251883
19.973293628709047,49.62159698844138
151.3944831700183,22.5038647811146
8.320887932659321,15.753114679342113
188.23413408507426,106.49703423654975
92.04152396636202,28.770989028397004
112.28779571138388,192.96218298098472
164.86928653731798,43.11251229573515
195.51295025009296,173.00669035915678
145.40404513711107,116.64542026732657
56.78516254034076,187.87296214853163
12.619254433021402,38.764171131670196
51.32311317741113,108.46866136842576
43.34481507198858,149.1395217210693
156.67122644897196,14.630460331912952
196.19223554110806,103.8477823196027
152.86685935187202,144.45120312869582
47.77053750250475,73.78606163889249
50.78897568355908,63.623123440975256
34.4903089791349,15.520128029094838
14.839135400821835,15.016413624174293
18.766425892017168,14.798142097031258
30.646555156144235,146.37399950370582
79.8869344671999,88.37721435422932
120.16389925723857,13.626941397288519
31.452680324477424,7.943456000396202
148.19355777464668,97.72471406822245
42.677602991947495,45.01964506444962
141.99086812630338,186.95284852174697
107.80737665376468,23.48637618007094
17.90682322830673,151.02610022040744
34.0287997616801,144.81917983437805
5.8083537214578005,140.25166940144004
87.348030395378,44.24552697916818
185.15113356677094,64.42339713137908
58.2928951124455,103.63545060239802
175.50015995169602,168.0183326473043
172.46516797844012,188.54351015972927
113.50090901346721,159.81912083069966
154.55473718257264,82.56486510513409
24.991111339648093,144.90856774722235
29.637643680639552,36.12310542097769
141.89252311423556,35.70327806748671
166.23463130036845,82.13113626648696
163.7700717884633,56.560749226295144
177.10680483907066,192.4250887796059
159.71825694456408,22.117133384241782
43.29790059470142,191.24174227613557
20.904838035530968,44.98852521881968
184.6034579998965,165.6445412826014
159.56985191651825,9.489220613448888
163.367996904192,61.56198529513999
101.81401603299017,87.0203198501471
76.56261827567589,192.85414145628252
116.15838624322457,160.66517623592816
28.573692232423944,120.13533220167498
38.958359685377374,31.958393535866566
44.58510429304804,158.81594376873034
102.14346084409425,12.248674065511981
107.69372988955459,27.582828903689226
111.0322175240523,149.52111025932155
75.5065548429177,42.36744872908993
120.72923925651914,9.610787464499392
175.1301268763065,162.40559575443172
151.34286774139298,94.87979918605143
26.21780369809564,70.31052502384738
116.05956787329352,18.21629720234125
174.3836306304294,132.3236891701189
176.32148340931346,74.74388869014987
45.91683892728986,189.65195222666074
91.98103435318303,51.32067787953394
21.907404171981934,172.9625942031885
180.44688408348378,9.761403749112274
91.77704348682869,149.60604229335863
194.84356144735062,195.4901594009853
8.109709566650809,195.43099096389366
176.75707144325352,18.036842454982832
122.91052657091961,43.195813872079135
88.97136385271476,50.216787077299514
144.250911540527,44.24520546105294
101.67895529555751,92.74218777172246
184.21815558014112,95.15464357898017
59.26109764219039,63.14238767124957
87.30454637662876,193.52729802703928
191.85448229873109,119.62501597247997
112.37715224045441,25.881781713012025
156.1454215083046,46.15920191607362
75.02833924214815,109.32755173905146
173.34327222077823,50.407155102190316
108.38984595922373,190.3990062127414
158.5077909708205,140.53049390174252
157.04433744823723,121.00338090405238
192.44792652647448,74.52594461829798
160.21231367754712,83.85066790207689
52.86063489071859,136.68835344247975
27.6769958756899,157.54789694250007
96.1896855333852,83.04376451927193
162.41224122398862,87.57398255421941
196.98179013562694,136.11690336218086
13.774707404054954,56.32453081370329
163.29759783488637,167.93906464686737
165.64383525309006,179.61080700905302
54.81068923890423,143.4764658085414
13.193449640346424,37.675479808760535
171.1728399502769,167.6860936662709
113.95150735619129,191.19288705127934
19.357495252680568,167.48374843902707
181.51551945922301,106.32827078777854
125.2944328151764,129.4538900135754
89.81164405517819,186.9377497231952
95.38588348183332,140.70016786011143
43.56898386328846,10.456091974929139
11.886063986972555,78.95908658809118
93.65151201760025,104.15484456250978
119.95155272331631,89.34046994225756
106.69843811048511,151.16808373939315
61.638211506498216,78.28895935362151
81.73311607137865,78.44194199731812
116.22535823196452,17.731725067344055
88.33723405652952,127.14758774485253
41.561047451000114,112.94137565410402
17.087870012273406,46.94102035169528
7.366002534480504,75.71635815523139
97.72347917711213,115.58829040619226
48.109485026164755,78.5516857035471
151.3325256424782,163.7352332375688
179.63062306866098,165.7464697112788
15.566203782163916,98.02099662449882
94.40135841591041,167.27802677920343
26.085108860384725,114.11148967032128
32.41551750056861,140.05168585223933
187.10771456945855,78.6484821068537
49.85593227541982,116.21354157889775
160.91868781894325,162.32071529527505
181.5838615521034,123.63158628719823
88.72427866013736,150.68670089307867
144.0637024987708,86.55798365142911
113.42495977521223,107.41774089928258
42.38900349765566,28.820361939383783
106.13548757799185,163.7676043496528
96.0914164974856,131.8794101987752
104.20442921519587,9.808036187715922
60.685376593654894,62.868930386933656
171.34099334181911,143.85852589773646
151.3690857838764,131.36350188863696
177.63741264520934,53.09750300451532
141.84700458232447,66.67682694694406
177.7933738062113,75.77066420169453
7.068843247449417,161.06045547650396
50.843778773520505,73.80017577038467
46.736649438225434,10.524343816696538
54.26095603475924,172.76603591471422
11.957464798918684,157.32675094513246
163.9397025008772,22.886953293564936
115.0988772180688,90.37381776974853
33.61768442574627,118.62746770464156
59.69400407018184,148.2630892337776
21.09974012386471,19.48515834775657
143.29352213968426,93.79326980373861
10.996790582079385,46.88955953513932
111.03882021747968,96.6101867514142
61.56854871416272,80.9160873604368
80.27244655431535,29.090799838203996
51.9828288445388,33.32218325191069
35.221655549235784,6.882470682973728
91.7461566135758,97.09006565998321
51.436515881299485,41.96663355720414
123.95278167276841,129.62062028796828
150.62267484708977,182.1438967729403
17.699375193893374,81.74616099219084
7.350058322835096,80.58120039191974
10.0,25.0
180.0,180.0