87.99151101442025,104.55351226129052
65.26942615844574,55.52049767068193
178.33926269422386,15.010797988858487
54.07223466966991,144.1309653569797
22.198218511982176,186.4097432477542
131.20240708086564,35.35432350834358
148.2652307566241,63.433065437380094
190.72517111484308,52.28683958755109
46.564447060421344,107.54446213978717
173.13676442002267,17.658056901176785
42.92354985987592,41.28143328686927
9.402647485536953,129.94680867794347
48.714357671112076,102.61850115811728
48.81504178703185,73.29142254283596
75.32212732953576,27.100236108601976
16.218130974609938,185.101106789913
65.08846731480256,84.0668458883444
22.627128051298687,46.62986000484836
50.117965701416246,68.89087312752682
196.86903523701108,8.197713631883541
192.24985926296873,32.29196723695203
30.310726623958757,192.90801051142748
14.370115816522917,16.662663490097366
8.92205465048004,193.87096167110283
54.32131321608244,187.0739642465561
121.61509052345428,42.27775704425861
23.226824751953917,19.617016226400303
8.789402104854048,177.17209083453648
30.484357177574836,190.71319804928498
58.80452402913175,5.120834576378783
120.03988808220588,37.113655037413174
46.085369315181495,146.041178474062
147.9051916146742,151.6800937894354
43.72114507317905,153.68974479432967
195.63709105172413,27.44477721159493
162.5015225742517,117.84986790218332
94.42403361091974,105.00110665209228
159.54564097439655,49.18618956737419
89.43929976234897,22.610844423485243
159.03739869549975,12.142359732906606
154.23379107829774,158.89858594707863
83.59856598812543,117.19598208805071
45.70538068422651,167.86149465527785
53.12499712363852,132.65006208865404
172.94321464735924,126.19629829770368
26.658222017019785,97.62477134168579
66.18336880396501,130.70426559167242
53.00844375329357,104.74428878953287
23.260375910721056,47.79344227405967
79.26892654098378,89.65728302334082
153.02410939594938,87.10372163408346
122.28776847647524,30.40627226687503
21.2849744061917,34.71219363905112
53.92554118064638,87.00247369026138
158.07703071968345,14.944765286854295
177.93027735942547,74.47398304701393
171.11166514781272,65.76815094583203
158.42729130172611,66.59693390146175
70.20377924499357,56.75596577638799
147.645181899895,14.344016199486756
160.66844922450827,196.5278575488307
7.569868164972278,111.07093362839943
17.345782627411477,87.44081470723876
158.22312322184274,154.12011845915552
75.54574607841363,77.02728227094786
53.62923593391903,41.05660002753128
132.25924871891783,63.12895804059898
46.91037568589124,146.51269958326094
82.71099660211897,155.65802466211736
163.03977524499635,90.87437431789
49.05463707488062,157.01292521985252
64.21509416527172,80.13848978818496
84.19507049768681,177.7399832899026
8.920811181666453,190.6338703718946
156.60638110626155,26.339516125156834
196.97794894049744,190.84685869754804
134.73474533715546,40.498754894702124
50.310516464344545,167.69231722675815
95.37697679168444,179.05818501340997
160.22472043875825,136.14123573702764
119.97726407908218,191.16927450696747
31.544686770526486,61.49336279343062
185.06381335400505,69.84372301960634
9.61864281145892,101.56831297532347
164.6173462001339,128.87011723793418
143.17096368248002,55.58293323036307
19.631887247914786,103.6058246912705
16.407626635057298,166.05731402951452
134.5897273520607,101.99824890450155
37.51566087809051,171.05522424759087
135.73575131437818,115.38591189604249
46.18878084253475,92.95050467394555
133.01314465496108,76.95779539140072
62.384968382700755,140.8193637547382
169.54379916854097,92.71351127224086
58.35363695555728,36.43266378353712
14.313416438068222,66.7170619979521
38.05288510736794,67.50971238290101
140.85501594237513,135.62724169210523
17.920464742167354,194.48816611303405
166.85817221678687,146.8222432915807
57.46235022011072,168.7527641770795
167.30035036962457,140.68946971984064
181.1106344208605,31.87266767171708
93.24903214274643,95.09275173885592
182.36726230400268,77.64609464335487
8.631846660505243,32.11321797161199
196.05546403415715,179.07295754032347
50.34289675392752,143.5664598102377
53.55650147396455,72.98651515775965
127.76831629087918,44.007846427360604
36.59818759773971,192.598893314296
194.9866008495374,13.380843518548103
134.0890663326277,75.84261907236528
79.67888152779592,148.52312875910323
42.38941031355759,73.35955774007637
171.0207095490292,75.25571886638333
77.52622475553753,126.69074893028727
111.12631504779276,39.71158190966138
90.82013686801571,41.87738416359492
95.35993788046241,140.55436022034695
44.18612974527635,14.569259100085413
187.0959448928217,46.554635876849424
154.83394091073,45.98218586964106
188.16891816893641,10.233393944829936
61.89472138617924,180.9898957153067
41.0740799430245,9.432432021823768
52.96245792385227,161.63269591156603
108.49066185121158,24.48439896375314
153.7043988557708,160.87625082510195
28.813472658885033,166.90666143170193
38.7797576691816,20.44189052112454
110.5226538960983,134.9225761490455
185.06229184701232,191.121693996965
7.3616734698307535,128.39157813825184
93.10095367462787,143.03265756725452
53.83023844939428,158.24223388793584
159.15414246503698,116.36790575001524
22.286360185050007,124.51571763967488
86.19512734157719,26.524643695349713
162.9036299051549,29.103425708828883
196.12270579314367,141.71354082039707
74.3010188539137,11.338467430326974
148.35328330997268,127.8578890126087
71.81257904002602,20.020880314794635
14.91463252924341,114.51132791788122
40.45729595037699,57.20724084792916
64.60117513237374,106.70227381293876
170.33216986229056,110.91817404047598
90.32161851153566,78.7314139303043
25.465263823797592,27.439863912551044
126.8798327291387,19.55956096194941
13.656237147393172,61.25745100479183
86.18082607615175,146.384690823598
76.73451374084824,26.974429065000635
150.62259446356492,41.1756671642524
34.82279873918117,24.758327155632816
42.30471424241715,81.52699500385403
56.90290007467842,82.69975625816835
53.97670200955643,168.4480696640331
133.52348123489367,152.8982076107499
92.19328626349906,102.58527205301756
94.02137967285614,186.67325353397135
137.02233992238803,131.00036800630335
153.07162010280993,162.99157854158187
144.60675406276715,136.04129493533952
140.42105503339943,131.3504923164945
20.365290712453206,34.228995789931425
158.4193174717057,97.99201746893489
65.14958821885104,106.44411822418917
76.74690730677835,144.8331026921577
175.6883263487384,75.86092237925017
139.66588578587283,40.21123759533955
135.57706630508324,50.33611148585192
13.818965148970712,162.90179982843455
191.37898351612012,74.36860672179063
139.13286752350743,96.61459584506645
183.7380926620239,29.473493370788525
162.38787510451922,116.05082840988632
101.35144325658577,48.98548324275213
192.50872680241537,76.72633482650222
52.8019411027737,28.921894780292483
28.377654997320406,157.67425765059812
8.345263510249112,191.59203038970068
89.86925583508537,79.56883624690376
96.94245632292507,112.66339372710185
76.60161020468357,149.66750235841982
101.46348784261245,7.521221745511637
195.11750111082242,21.498262706251953
100.12806977823473,89.8216446804232
179.5194578885371,93.78024084852525
57.31087354743064,24.27677187763331
118.34036079048937,31.550885794767165
179.35359319953574,84.286964703617
56.52426328173667,123.47138991800651
183.0802575712629,22.504259861579474
9.719335599907858,49.04221426891246
194.80876320774422,9.385539847507184
42.46642056022616,181.15490556447094
48.8707384429567,17.127424584036568
191.27592953062597,8.10106699892802
133.44075083013203,35.964612975715774
133.82717413668158,76.81029637670568
79.17501839737098,150.98783750316974
14.547227723611805,184.97480572914506
91.71884340163781,158.75027508996456
46.24146554839121,63.85992115741545
41.677967708980546,173.5207440731068
59.95362870742463,33.555732916432675
162.17315634069706,21.68785526620455
11.24044530528416,69.79510543141718
114.83410050450836,193.32452951832843
163.34201944177963,184.0901464037865
114.9962788477403,28.77670984012018
79.65603033112262,195.57700069320717
94.00430894588924,83.1976454055689
129.12298706228913,193.3539249851502
21.5715580194947,109.75623215404062
123.93459378241555,32.62051160523112
182.36986610572993,6.429773030808837
162.10134215885563,8.694837606240531
27.871952046724402,27.547282993567066
98.79299153827903,96.50441300093463
40.180180982232905,50.14996738249736
50.45852110466789,85.05326204146782
101.56732723029486,51.78619621190525
94.38877192196577,92.26367876967599
146.77392084267424,123.16045856820703
173.92742647735568,141.98800104626181
169.78293136510166,15.518202565677258
25.670797612716665,123.09430896900119
191.91131231683858,112.08751756961588
68.67010163607799,120.45014643521374
10.897413395960413,92.04896266825297
116.51584953719181,51.13086444929422
157.1782915528715,75.47382117595836
63.860579063920966,76.44000837866518
23.91765425459048,191.59959014656928
11.705697983843974,88.94296477774405
192.54377567396688,191.76897819462536
102.2744030447807,97.79825690036766
79.57883925943885,48.58959108988545
174.5836165545437,37.11806978790972
141.527511636426,115.56063392677223
108.55043210919389,190.58865012291614
185.88324717903453,48.430670743597226
142.21576520093242,65.4470889198127
162.27681358859843,75.10057979427259
179.38286859234654,76.8712702848973
45.21823362980794,11.396836616286159
15.920710036494137,84.24918635100231
170.6585624555767,39.41077543403126
184.93836545186136,185.65306520958512
195.3281062291297,42.952453017827494
18.51741903624074,78.11115518563726
105.9279658820798,116.18702048015986
156.89558586021914,14.482823719843331
107.00475018473867,154.2687983682077
58.0341626178047,160.25458750425238
132.12772842123874,74.44405125353185
62.61453837328196,34.3785192739595
151.86530023578064,16.23643100829553
50.77982849752173,102.11148256249355
196.89095393899848,111.87359705061176
163.38001454042734,92.6902873032459
101.94482537703179,10.565268547806522
24.778741530246556,101.38136982969306
136.50530178773286,15.346656013931174
158.91241141413013,153.30403306684536
56.318767496006934,35.38611464775627
132.98854892007108,74.4345762750578
38.077528809737736,158.8179920815393
144.3779617727116,162.54091124153567
95.8087925277938,82.90815347906512
59.70109668212913,51.50234351306058
92.38404864627336,138.0966396722117
180.09438595486125,82.59335223631889
99.23626869091234,47.515812945962594
119.82900688891192,9.857834812554387
105.43552613682232,85.75063348692196
54.787208453736774,139.88474014514782
12.575398571277505,97.22742552748895
72.13656173480886,37.728148408514514
84.78547184367906,150.16639785766674
109.09889406883411,5.063667462336821
48.88093841665099,106.6697371288658
9.700113376220079,129.84501048628496
61.08339581881508,152.39740616319705
66.64121276087856,34.4746386666787
58.46902711018326,144.91698166967853
146.56306375691804,22.723274725814765
24.17186724334975,9.541394156930627
113.39509381968733,93.43904187660084
38.12675738316711,186.72405186143416
98.59082406899846,20.028950449472315
52.271335791407196,65.703497694877
141.49021071085963,22.818238207343775
152.7246115710661,142.10335655337173
12.238470156619845,25.601656483711643
187.69563594405398,30.405296959999223
131.57953031522632,86.15900172097582
153.18362189371086,24.86981445216314
185.1234389026719,19.04617286999746
7.270722604019765,87.3489402007711
41.28578762394262,41.68118519875346
186.35606457632025,85.40608659545504
63.468655943310175,21.96884383224746
15.882993241923442,132.26467206906506
93.8015394605412,22.918569167455114
167.6655383486232,149.00178795608176
92.38334297095905,177.47186338788796
37.749646646494,58.049177491078524
56.554021378158026,176.11513699274727
78.68151261969588,26.66061024173834
136.85112849493257,79.51906217572459
24.191602791861563,28.844033343301746
99.80834052345544,77.88204018601928
192.44153079258643,113.69946545522045
86.07720988409741,132.92858062560714
61.21316715019621,65.5784884656669
169.6031985344219,43.78089340019314
141.64477446398723,70.20320651174946
104.03832382565331,112.95558508142585
194.12936815392717,180.18217813800692
42.592014655731276,144.53598900383477
112.7704060001416,32.5831526301891
39.77760141562563,13.237842949968146
89.03003052787514,126.79808584342621
79.00262575364651,105.93799219387854
111.88614016806348,86.97981413245921
180.55477164285992,95.05082751284712
146.2185817881059,104.25146020287474
195.40310807725803,156.58455778554563
20.81085700195618,44.90640789210032
64.16122645785714,49.52214156328228
96.79614906142064,52.33211301397463
89.07835262222372,180.5206117188817
77.4778150404854,105.9590199844875
38.81816951607547,181.69169214162474
140.75845799230285,51.59607229626149
22.249946738092056,24.887007703561743
98.92129858658419,189.1967523876158
41.032170030698616,24.438773823552538
62.048051323644074,140.29197125473988
124.36608879448247,6.820665854314414
146.80796196747113,147.39635080722226
159.65340576756734,8.850937845450492
105.17154580263438,194.53099335294652
75.15508702216269,104.54092973481136
168.49569720239168,79.98102535393289
81.32612371813093,87.54939952267512
62.0301799322606,167.5962645205592
143.21750994173945,13.792788715607507
132.30789247351882,50.92106756309153
140.9353914655384,137.8262248532816
153.89496181886173,30.685258483279142
62.488445333473045,188.3889759242029
125.13383651054967,48.86833331575217
18.77200349812676,83.77949258222452
81.86103375849926,118.32402751098653
114.48453388112424,77.12309268630703
150.86565007394432,87.44561832628055
100.13772492212904,177.7106618406082
161.25953010456922,139.491249213742
107.32292399828668,111.21417800498513
16.855888352081138,52.25553814765683
28.335935601113583,160.9106880045585
139.62654623009792,142.45433229596156
25.235912016021746,76.52949511404962
178.79366641487175,46.99947651255496
48.754034540373794,66.93458739308964
13.802734985739367,31.23512114447659
77.87619538222586,80.74357876574109
154.9181053687492,49.938254271509074
97.18667776878122,184.89609013402557
73.67037065272008,75.69925141466021
124.39868645868512,7.042090365734953
141.5654745516229,163.60593595507265
47.51637937953656,43.51837652543551
143.43027193212916,74.77767991606736
151.6871343476452,57.96160017107807
17.937766958170787,118.55561212836537
54.19243863417148,80.01795145833768
19.65095747391563,90.47277220739994
6.77193877347543,18.61320908983877
179.3319507276951,84.94730156418963
18.786845361254528,109.36229548297503
6.491235432791527,130.97671216070077
167.44459547129782,47.06510611339559
132.4610198699616,57.96437120829279
108.18030015384464,45.642459913307995
79.73209209955253,104.65946506870178
30.6407184576779,54.31676135607798
163.36212806457857,93.11464463920649
132.82056912724755,145.75807378301946
95.85815569191479,21.21995296820639
180.08410283959944,41.036075877562325
134.44498560113956,20.952352675672273
82.11683800483127,131.8746321157398
133.57191115519439,194.45564865970988
179.90884219203818,80.82572193837348
167.56171534219658,167.76077818884318
151.0420518916396,75.39520634304152
175.59133180689838,122.73366284902097
145.732676442012,26.500858315550573
92.52769741013587,32.61556916702807
29.907640499770753,45.81648983337158
43.00167765681975,5.5105232950685235
173.1487308214779,124.11992202134196
78.81422768436774,87.56497909810436
110.21446294450229,179.33199856468264
73.64799958341644,35.25493259150005
104.33520827910779,71.3218064137269
130.60952705189845,39.83591487085165
60.81555849956655,23.46147189170387
170.63957700890117,142.3177879630874
151.87302387390346,145.6941633637901
7.188905513939723,72.92911696182912
12.926664895988413,160.3114954626464
48.26728121573119,129.873016928539
53.86602339239801,76.46161404451503
137.38225441854158,189.56128144246475
63.935963915845214,92.14089191320565
17.47817160265175,154.3181471405889
41.17231743683907,55.63074023616904
30.535104837714947,6.503442757678849
69.87617978518864,18.48702201230249
45.91374368902269,181.5874596750164
139.40056853818373,193.6527993390397
9.526230930275398,111.28488162745668
46.74245411227862,87.58089981470266
139.2243639412032,28.734516266371525
47.36003486314976,61.1264910384417
70.39997184607563,144.2132156565895
100.09109701324347,152.3087109459759
186.0497773897128,53.69765281753249
128.06382590074554,33.56529821423395
15.09756499033855,168.94819219198735
45.51905838197294,56.635778384453616
181.39113966181205,75.17030058093499
66.51838479982769,50.47748148201968
48.008400118894045,36.359973282800475
14.611572861584742,164.6166695814349
18.770639241330276,67.99208745221074
102.10569222836921,118.33486435049707
112.45835824225175,96.20838277303137
167.04002007669826,164.2861159953862
71.49032939550517,35.15065320620703
169.63479355319578,69.71046164871518
167.83209586397683,128.75584939117806
59.95100815685358,162.05777609229392
25.737719001415876,8.787782382623318
55.82594597018525,20.554928531932063
138.78944835021997,130.67062140145677
55.217044960011414,188.43165852820792
142.82230735925867,41.94110348595992
48.229140810764974,103.84516221819098
194.97312364463855,107.56031635400642
155.79846938621284,196.32354806514581
67.68065650302142,169.132946022303
143.50437267455112,6.480993310789131
16.495344326525675,25.15025739153387
36.74357596630203,61.14781173090905
14.642192604246432,22.391187514776103
164.78620652574077,27.105587245283406
12.700810540921246,41.714147649026906
150.02967145428346,141.74541237031679
162.77744290990603,79.43055119107456
10.187353258177891,183.12262173912254
91.08112794536078,51.8848323792262
98.75372329588285,129.88579271936345
54.88125976370845,64.06840518270823
13.327774843758814,10.126289880619641
74.70690157576718,121.64803067395214
142.72601467893568,146.47260390919658
135.81965648433174,187.92293349482023
36.32897447939999,174.16391252210636
123.95633608928122,9.973685974949706
155.8200065082615,36.672097297063246
108.06922877983303,108.96367118156427
35.3636967410983,57.91034943621836
138.46090365681786,165.48509252292527
142.57086564930728,187.9468762299622
9.708699140810898,62.7162053938408
36.03554850297043,161.57630594568587
92.79174838987518,184.53260915904417
78.06215479121896,42.177672164461676
57.94216247563346,143.72250870219258
157.9041205556855,90.61190697619556
29.52770023923827,176.4301508259975
23.279032936126505,183.9280265293421
14.039193615359375,157.51774403676856
46.35773511273391,111.52400631915647
106.67326010445449,109.64989965372239
11.752981388535412,138.62032742905498
142.0189304915169,116.46671633674053
110.64090138702046,121.52556007434852
78.00791818938785,33.3418394398699
53.0488602627947,60.57395926776576
85.67841271781995,89.41992594541941
107.66412147006203,28.898567673237793
61.98185232019402,8.821664066664178
6.687537919044541,114.50263531721271
56.87201117108254,26.46083589549168
193.33101167308905,119.71491821149911
29.329224067441924,57.7383104833261
88.51774291030407,119.5553574306627
191.14200092099534,120.64635686547659
188.6171541932851,41.18469135804921
81.38811896079287,105.89334973163082
165.6669119629539,31.567591363002663
41.96199072047735,186.2670019000716
193.85571892185442,130.60523721807016
153.06578711128876,52.358256480741
100.92236673106513,146.00609192625086
63.06414726704631,90.12290099784185
43.288311503455596,119.51726457897779
152.7704172953565,160.20212230090317
83.71951604930702,41.405974748084944
66.91888759657198,194.25257283386205
69.48400218156293,87.82906587133223
18.743847691527964,40.687497548144485
71.58786561534822,72.14107870647564
161.8330632958672,64.22904352914256
101.07373737531843,189.45982775958032
147.7588925497077,121.66897766328573
32.53655547801675,26.08187777755287
138.61612737604335,52.68003116516406
86.70995096997974,48.5286430155774
29.56481241346413,62.852597940509746
13.186918649746813,126.10894957322384
193.3793929104529,23.02621359180557
187.47735937532264,24.67640464278861
20.795001253324465,165.03009239789503
97.6599657946611,53.48724087209921
74.41732711988101,12.590631589826442
62.61231428400932,84.3192169237952
70.76913511302476,53.620967116270734
25.175936969245235,109.93065620444806
76.57359823182624,195.62299035755868
27.522179104665053,160.37480538883918
36.06449693617343,165.25371289535104
168.0046019332743,87.97422153941842
91.08676183995958,133.01222219983245
194.80885519357057,78.12842153063848
157.17744239979186,157.12473041274717
173.12099169245897,140.59758460276913
93.76820927932644,128.88264546402633
64.33383939270354,187.7141618971228
16.90434718921923,129.2115627248075
108.63177995395544,148.64097765406083
99.66573477376103,11.579758870642051
24.161886192039745,161.34735636387978
20.895829896422544,188.82403137471456
128.287655538954,25.47730951809305
13.508780828168549,167.23093380035047
53.710723910731794,70.66494341808533
117.60294623605937,31.92475148197519
102.85274843448686,54.61368184292958
138.8697560202187,93.57518519185902
189.98883826079782,13.253050446304293
35.334738977643745,173.03057236269146
54.73144864017973,22.322178656219855
131.29329703605015,167.0524787776943
107.13356553982482,14.181508997140911
69.43018365504216,49.76787777055187
149.15214536690695,31.977524633416873
58.989960987860755,35.82628175402537
150.71263540478236,24.968861681454676
82.35258649511636,81.20401401736869
95.16643397023401,144.91583803589026
18.14317574118826,137.97125163180522
22.551850920575852,85.03130435008654
7.22438334895522,61.103248865530524
152.59468262053284,109.59603888454936
41.45083519560925,180.23633846749487
192.05862094568863,90.23617346389777
28.713324112131353,161.54962785382057
41.31312798676581,163.98183419667157
166.18724021039378,148.46249291341204
93.21716412578698,30.27430982051969
11.83742070806564,48.40025994297087
24.776052745801305,119.09191359046372
144.43773798021667,17.161393465508876
110.87567367134754,130.90464898518556
96.22126842294041,141.39307658465182
147.75082829449863,33.07302173928288
165.97805911594523,58.34115512643932
18.565322039884958,120.74298078498347
47.893117897929095,31.97171622533821
82.69628207268035,119.90894981170011
171.61474952862153,149.36978654837768
43.74578715280956,169.90639801479554
145.07707588662765,118.56306760349675
140.68219138033894,38.37014313666559
177.97891333987937,192.46519850782505
18.519542737573474,161.80727198800716
85.28751693601556,196.77407090012915
73.5619520897758,46.99228986306557
156.12853406734112,90.44079142289615
86.83903919935513,9.518363442946756
146.22075879910884,18.62905306554705
71.07209706463637,189.08383638494962
21.357985820714003,192.5900635637919
70.73164626872529,114.33419950439502
107.21486416808992,187.8863110715354
42.84272216526397,167.03456148172603
170.3601957447019,184.8237329803821
114.54912177936973,190.20244095174908
13.788949095946137,34.980130982011644
36.159494675097335,7.660107857083838
168.24346487168026,149.95535841949783
22.519307326021707,84.15936384896995
30.064716718522206,42.47694265698004
9.181621154540034,56.62850146935485
166.07029966817208,189.59718896180607
34.28775268066073,184.70708542592442
122.209986910044,11.265508748586921
71.39541874640003,93.80206306875304
63.39860762523587,166.7349881085823
156.99256593201042,132.43150905853162
102.60097173190283,36.66771705762581
183.67856410967983,63.08131592262063
8.830592306976168,93.67125061760575
95.61654370475497,14.03725207115083
65.02376084521114,65.17306601520383
64.37400106683252,66.96400152485053
6.808775396132813,90.98717474317887
155.0044708734152,83.87670508056867
19.41286178460388,44.46381252050142
12.42079956600981,172.63170452329285
142.94557398482593,152.5599732473043
26.054604479397078,117.09336298929551
17.411699187878455,135.78567930316666
37.39918650872052,44.6476577573504
18.625189443690164,92.82749161984745
75.47217622640659,124.90269225814626
145.1099344562683,95.14529794642523
116.68245353925123,10.796763043217958
6.708877938203762,98.98337980484303
146.010640270564,45.02477419740338
70.96900283416795,119.78432386498196
146.47623400843133,59.175874776582276
92.86844025601734,102.90338798238713
77.71655525613843,12.325704032072512
193.51249522214925,117.24960558457997
164.9816383446658,183.71544880146342
17.88343849442289,159.13788358342174
137.53469160996332,36.547245454976476
91.83300928915283,115.73022732785974
42.16495466987416,15.324286582433942
43.168540766327595,143.48987647432966
89.958873886776,156.6016535760722
84.06473303160486,89.55473843159383
43.03188325057794,58.154061725425535
150.97384793937778,13.761126436048377
139.47460561318877,128.13747521187966
178.13922771393433,88.74166154632337
53.134584258310035,149.75849672810543
142.61563703728896,110.37268869709351
25.847811816723656,43.33497870649859
157.17806926828322,121.54495836938288
12.122989453183367,176.76793542107325
99.89945645638633,195.64426401052063
36.223497549310544,186.55426493603824
90.6441193939848,192.31515027992958
180.0471076248562,28.92683501051136
84.208971609417,21.550076180777715
141.9761532789581,91.82924018795615
186.05445401637084,68.21758148289105
185.40057465444553,27.10559101879411
13.279179394009331,164.95056344948534
87.27640987828097,138.78815410859096
73.48396165297159,50.92535629716515
76.95968391224866,130.8674595973191
139.48590676547505,147.99822589912526
187.32179018629122,81.38958005211265
81.66394996252856,7.818763213071394
44.26647687191117,65.26390074666853
174.34728124078532,85.6317295868054
139.64648654574899,18.534701693217606
54.19922409405835,123.78624938783184
69.60968213234564,36.68793971711336
14.595461004628232,170.62590748270904
178.9202310705529,61.68646708809815
128.48877388043647,27.654716550540282
65.79781113875775,29.987730890664675
145.3413777553108,35.71655617389093
95.04728792429066,33.231719311693624
118.991315346292,21.997078078774813
5.650796164153161,168.76236384579425
27.688777809363128,185.0101657466245
148.1081348180762,132.43148685350144
171.64607728103326,105.4056903477554
149.52355609877594,46.71813398654699
77.4093497664606,98.64208639849171
63.936474127414456,176.79530616245412
154.01535668473764,189.76534054235742
49.79582946057786,23.026118908219367
171.63589662679917,47.79771857039502
71.32574394917373,142.1754259527568
50.37355772361819,108.02340202131622
131.0413720050428,24.76773935135773
173.77728105275838,188.44873850902394
149.91972603218596,187.55349706484932
62.221903889076536,14.160713831109168
64.72744296758012,46.957555614470415
182.37800895330633,50.870641618274945
87.0363356114453,143.30998490961017
167.00942418688678,147.58225981556285
172.6415406922394,188.68482109222873
127.17931850564682,186.094278720283
57.89354601275568,160.87693156611317
86.75196923341002,152.42914192803832
6.128756597984031,66.25619714826666
5.3470446759572585,46.041748038453306
152.09091662653606,146.69588434640357
91.07935774309989,184.67749716088431
75.12141920536314,142.78299697851722
193.58770223555712,75.00714079740342
135.6335634006872,26.859776558000643
18.05417818511875,166.1297840040375
94.23484258891385,8.768707369556639
43.0290223263695,49.27905336822638
68.57010022066476,109.02180806963037
111.92549180810674,87.28642445410968
5.2197780416595965,185.10403331041502
13.134986898716257,109.07776053484613
147.67702427943206,157.49527387310243
171.50889701167642,113.48691113416417
131.48962349518965,190.28677963476753
168.84002670462152,194.65204766897787
153.52424754916726,95.73967656963208
45.43529095413468,145.46531787788092
24.209697845390277,155.31941688513174
55.25354523819429,129.54431492524986
75.81149933183512,27.321243763737808
82.36721132877238,194.49912254823784
164.34254357322385,131.5603290191011
67.78772379263198,124.75497938472154
178.05769496112214,58.98954727196913
140.28431240202767,192.07612567730177
169.0979653971798,50.62169447844446
193.94021946270865,72.1481953521001
67.70372107929705,80.14311411237291
142.64163607521417,150.4186201553176
141.43546259123912,113.36874099610151
5.1983542262200535,45.281509844756734
58.83819869582244,11.871196932963876
143.54088867488335,53.4282777448315
60.1950063432201,57.7848066264127
56.9700855651157,160.48596609485958
142.65358657597469,98.3127021310831
52.434971291593655,134.40397519452813
121.69375314655571,16.758766053366877
150.48415597916878,5.61300664028867
136.6309910204371,59.74996657685392
132.18246309754716,160.1733609514854
146.84927025073083,187.5244526896444
74.63473501889432,149.63078395472542
194.3024826498009,66.25330490669226
165.17513182684783,60.7546891368363
168.4318476173992,105.07440754155945
150.90656886656745,142.28007492399453
34.211452704358415,190.76287465817646
165.51355192129668,90.56371347284207
111.1972018545852,83.89716004871389
110.90844771971071,176.74115154530048
116.11561956171823,188.39511257499402
25.797507239179865,85.7983139014678
36.22434997053512,42.385044876292184
113.72592994359698,6.998365840917922
140.34599408322768,141.34286332341094
9.58088936846612,40.34724314095059
60.24080800273454,68.39931280675215
194.6922068335181,127.03718093374229
21.676093766654475,136.96575627785353
164.65669230077918,6.161745841031168
141.27488216781683,20.633077889499056
87.91771667569404,27.526214334608916
190.5999281721486,67.42901158074345
168.14310449114745,130.971595260733
153.3196268614113,67.08325869974881
96.20492913914454,54.38453046972002
91.40540345449503,157.60965728945396
83.6419794221347,106.58908636816815
105.08827231354286,98.78234313668634
14.61134268758459,87.20418313600011
148.71998643490846,13.917712339514656
51.78273204419292,72.1058914584224
170.31622237851485,68.24400083388751
97.66132713557333,35.879630135001236
56.79217387893761,154.19749848439207
67.27235561469733,188.75682184239687
162.99990871821245,75.47957699312958
48.00538138074593,167.6873236739496
171.44294803345792,113.15649944538744
24.24172708543172,43.73857565704736
9.504079230754812,27.5847524668816
83.43914464844637,13.770161653725715
174.0404982983892,188.837945486842
101.1587458574114,86.23141380961977
87.66436215422497,138.38457509022427
57.78168190591133,169.34338373744873
169.03064020685343,139.96466245391224
101.64046616856868,192.03808921509335
26.89276189160606,69.33739721698421
89.86851773841158,122.43288296655345
136.59287672846102,129.22888635904087
66.9934586512453,115.28110161979055
162.00908117434372,164.34731134357625
83.63060901624443,20.936014721357267
25.02823965203342,66.38936394465574
30.622239072197257,27.52132518116966
185.53327795269772,12.509676114863947
127.82388680568842,53.69971539123264
24.29973192925379,123.4591025957985
180.81732507046254,55.56884640664013
81.07234232878515,127.77609148495546
90.17251431964154,42.575202505695316
43.80836902763913,78.66693258230647
127.44647633727344,41.064046086200484
63.5144692674675,137.96446549380798
77.48268007252284,54.30549454066324
53.87002731074584,7.951543247587558
79.62646360209604,48.47310173528008
43.01514206254787,120.85461610261912
57.1272059776102,59.735669308071365
70.13941164068963,189.10933686353596
14.152323076696451,96.11883803143562
157.45538914884008,41.26239035170536
76.56526133189976,102.01759578415246
81.81291640104884,10.793648426218404
75.15595221535736,42.53922882488382
146.72821806470444,167.86827057712108
16.961525863742512,45.55096988457392
73.77446123096229,97.58211619209236
84.80758682693342,178.18188076891425
113.74545579391392,10.309667284958488
135.761107453441,98.78020450094124
138.7494135677404,61.28786420847668
73.52546370233613,98.55036181008957
105.38813877879485,14.0059770760836
81.2651341624619,5.43709959823965
53.42935019906951,107.80509329509817
76.08893686146591,103.09166505208857
50.717236419525,18.594540223701152
44.46077797357858,91.50054481470167
37.09232471874712,22.839925194636116
77.46193539736845,79.2044616812752
88.97770164983905,19.694967569124884
8.655278976626747,87.84818309719974
68.50317105130306,131.18460577058397
154.57165835105408,193.3006149033617
9.067564759255253,20.969592814610742
169.72318029090005,167.13949134263802
23.251960451282635,65.4212096160108
189.30097123485857,63.25040451200687
91.38460351204442,186.27202401414797
29.571718169308642,172.13053443886585
17.533683084039364,9.055974144657926
156.7323353581426,194.53895410071482
85.37575618311945,90.1569211000566
144.21370671781676,163.0934547681092
9.99929906167363,108.83604263460573
194.4141309170551,84.71968157714363
194.6047747000989,127.59834302133223
163.59132155142316,40.30471600419524
93.88461397835965,175.22432368858023
141.10374602336356,137.95733308300368
170.86342040792164,104.26827859556441
46.111817651848696,24.768265362032306
133.61496445670033,49.47342804823419
131.99707200966319,104.70074388437847
196.0821256445152,85.78959783204793
47.73090852434902,92.12942732026178
71.45826419395154,52.71017324901372
193.46700379560255,117.33131104569978
43.04873878065171,132.5053909036076
9.581554905506302,163.38453064058683
152.87336842013133,94.61979981092458
8.45777524022688,157.17810068557182
55.08271068198414,59.264001796919
108.56036898270338,135.41759795751713
28.01934380046262,23.021516801052517
178.03670406099602,69.445256231248
22.00000720648735,87.22275618469499
131.3968624721662,58.80773344305792
167.49755553161657,44.139291251505945
164.68787704087867,189.77459739651871
130.24710008392321,10.194174097913171
118.9850295330665,23.77053340024772
107.71971600563215,79.89055213809249
134.30472579620675,152.84101142756953
173.76636217903672,163.5889540003949
142.18675582660214,135.67056879003752
103.39329877464131,22.974724952896324
93.2400598130462,77.21351337521634
22.90472025381931,160.6583505756256
140.97490885917276,125.47539804268509
27.374516692262496,160.06602490325335
43.33289369485567,79.87003961117756
22.138618343589528,44.3594384910151
22.151495101057886,45.98872012944489
114.13357208465584,42.44747700427131
89.90873776298237,188.16353543696843
87.99899231856085,48.444421963735344
174.39092027264343,64.49524912240095
79.34582165368762,129.08880166256623
16.224897372688442,49.700858955179164
94.10252655620855,132.1264792578303
123.10434576819019,36.27807905763361
35.27810491418522,62.584175309446195
37.30821409319655,55.078091779330045
62.963047285422824,51.22427081030146
93.89355652230142,141.51079006673078
40.869546456456845,65.54225136252492
148.83094824694354,125.69487260391637
168.00710922996396,45.08560720332611
195.2795883205983,45.86090716212843
27.81523919796883,179.0802161009922
90.0770986853699,182.75798317839698
106.72997722591688,152.15865948194474
19.737550073345638,62.37588467537298
147.26021946126264,7.059407984686846
72.80620463003714,121.12070543388369
8.348257591557806,92.0730678982577
38.05130138673049,154.40955279189765
149.72496039115853,10.37478828423747
152.98113151194414,23.859318354530135
9.443379726621577,67.29562869479642
190.2304334352381,85.88362096598405
13.658393974660477,122.19634939748343
43.82775851418451,190.70709031690035
92.7786331889253,194.92874843419315
138.53514759577723,129.8630348366891
161.74121838868015,23.287100211300164
68.43699359694585,31.25968955204143
104.63749104141236,54.624992407604026
23.781006170278005,195.90736927989332
35.809393686537824,195.6185982927453
108.36515393343696,92.71565479568882
82.1759091116358,107.19150312344667
66.87580865937453,60.153175776739914
138.56445730090857,8.160510085988106
32.34526977776722,192.84167053835748
175.21492078083793,36.84602301880918
164.9830081359122,67.64666203116242
133.38272871925668,35.32108167110332
48.756952537518444,186.91728959905168
55.37558694568744,188.9601717558792
25.665056453020394,49.587862046150256
145.8268971986149,160.18821050921855
16.513916780308506,96.18147597717822
66.23108459158631,114.78217819866373
40.86968835299121,65.55000002502669
15.316498816172151,107.9155415126437
19.187048947663815,61.04365207264961
26.7511726999864,179.41210391703456
160.68190293364486,39.180454898147374
95.59834303947154,152.9285018026572
56.233915623384256,87.79164358348572
92.43600895386523,8.973162100515886
35.09522889851996,53.05503328558044
106.63802755053273,158.79233331588054
82.95758738270115,94.04919706834978
113.22726578451501,84.08910147614623
144.0150573378503,138.71231322700154
144.48336186930302,98.5021011435779
72.51481876968359,28.627607142563456
81.31216877294861,41.54219051191101
23.861216604752826,159.76379186396667
119.22669421874271,191.3245328475567
64.0427250827863,120.93309944205274
167.3063230891071,97.44304990691967
133.98699512419648,53.56997466537051
152.84379834605156,119.86285758318856
64.0761196120474,77.94154517699056
131.68732308125414,25.98316274399952
166.02936326039344,192.58300132559597
22.5553420437204,7.366080586679832
136.69357174675577,165.05387800811826
138.0932194058643,60.954769462728116
89.2850350528891,116.18035479046418
149.77464261619357,87.85087266487638
196.1769920604736,70.42400388411798
105.97997160444422,192.12680118005002
12.960434507059118,103.13828252001615
129.8214469630923,31.318504219313766
41.88691685070442,71.14358384539338
20.34696405935235,13.429459727129549
186.54800118048104,32.69792121617508
25.388384661844245,104.43368139683072
169.10602004167308,28.72936233703733
194.78139013469522,68.65735524312505
22.841101203574066,177.52190148481836
98.14773203942133,148.41624994356252
182.82169270213387,61.17623715383738
148.46784392665128,167.72938010569925
139.23879209496778,39.415925787082635
147.7140725302129,11.63919552513282
97.39890193992795,13.27192831799552
94.27303742560842,53.479767847147706
27.675051734621466,165.18902522084488
10.062816956283914,54.55688410425911
162.09632766400424,139.73913803150145
139.59413190060954,48.12244395365954
190.26927619624163,79.44515878145991
177.46860127242263,192.86846153178845
60.64386084562392,118.49146917791485
163.47514445404423,72.15034314220465
86.3811073266698,183.2113148107044
29.792591016523104,41.45026683991212
71.13408242527919,188.41307199251102
164.1362082753725,78.93633533507548
145.5885825136387,43.018747419522974
50.41374232709512,138.7380624004164
169.54670639176402,60.16868823204875
152.95312949366394,90.52333101437702
45.84795450858116,168.68096075589534
81.15731468132297,149.70560405611965
159.8537638559827,155.8627421788715
68.34185408976023,69.07419103975599
147.0146379542263,93.29369461456749
67.7639191175833,7.682355998349526
101.51223790403748,153.38068665023118
92.89446609065328,36.0547407354301
135.63551794319704,141.42780935333613
67.37612528043633,150.72153079971173
111.73764217394661,99.79218290823434
161.02285326636715,119.82033588183995
76.08563401132075,21.01275579688513
146.5056976447488,70.58836031717125
62.14467992044046,81.08388251076208
52.474780430295404,80.65683574397568
104.02799158157498,109.6716299872451
19.729901710312937,29.962340771865836
27.15670025672602,13.74172851680187
141.68157916886855,56.89278470954271
95.20004193855885,73.68213695472122
104.38908655977465,73.93262832361332
191.18327448079475,150.70748988594823
64.20529246700922,125.13238983890615
125.51246567486847,36.10758666164716
78.16916805311334,22.363720498950777
68.19612326053414,121.73699726570271
73.64686079452262,72.41122072580646
133.31180485105702,162.05707383752937
170.02385494956425,75.82946951621166
111.40432844734603,53.21986839294389
149.11125736969223,149.10219346697124
67.72224692925441,66.44609709833232
190.12380702525738,15.99063321800731
142.55180799710993,26.040612716152044
13.759508361628027,161.81269042401507
111.9599587831501,70.44945196305031
46.75747783631836,125.29352442283034
91.76398980592145,95.26567234655532
48.51270888449318,19.314276261730463
64.10199554343644,27.293221938335734
130.87193427354583,41.12691396996588
51.60664124223818,156.94857473559333
102.49203704690093,189.4886505278778
18.94006088714068,79.45683034821715
142.930291006857,160.64038478319247
79.41488962002028,14.065182913254624
151.2331082525426,63.706839085108626
147.26774972267717,73.58734920722178
13.339607730622648,84.42916876831764
160.32243040578547,99.01818756736957
21.382812932560118,73.80482098087478
94.59800674682914,91.57443852344309
170.34434381687672,110.30155231367289
113.0907849140759,21.024553775477568
62.297478718054954,116.62505658187544
17.336231390120194,184.84471342451937
122.52489010092904,14.56703963592644
152.19539407653969,155.14055618898618
192.80073322044572,193.50529938100252
185.39750331018413,93.28503372588155
60.201280288430965,35.66654425094775
69.54161778869732,21.979241048047445
140.21461574354922,194.70216707242898
18.600745891184413,14.918561931201996
50.08390569256751,162.36163942172175
167.14729575613424,72.09649999894789
8.34743406519057,52.49019941074757
151.48512700112056,48.52669697160523
171.83262631035922,44.64153437682936
62.818495449391925,179.39381635828704
149.87345188888645,132.27033860269847
53.965446584455194,93.57762815441748
141.9972002176329,90.79206851175701
160.0420382499153,67.77601503699447
108.41372346995672,130.40230997494618
25.821671485210164,34.919485318968086
145.47602104647325,96.33543882504551
12.804746981305222,8.029267508813763
118.05110670768799,7.995322204572844
151.4765913443974,50.59022147496674
141.10762175447377,93.53765564751134
171.98881697279958,5.274232538623492
16.036260592302373,59.03262293841849
97.42790892751304,86.07195008565381
154.99961867586748,49.51605171260006
126.81508840956874,49.09377598909143
148.94602909078682,11.76955696328901
67.48673362234419,95.8881063225207
77.02069132482809,178.60257158571815
25.982931835468893,14.71365564184788
5.912386363113454,179.00194875377298
115.98601835727452,81.96865570045232
49.212732032059705,22.078576946484887
124.83204323810247,15.209610369014182
70.49423640750844,37.647715074566015
9.320719804155983,60.167652151422885
129.2158962746667,10.118886740601925
80.64764205057097,14.274566210960598
23.627358790672915,135.72188352922436
41.562320395018624,65.01344236837727
89.36058736131403,132.2306178031957
142.17835688200174,109.86072306130247
88.10689783534917,15.438437725466459
62.59297429312663,177.31664860433287
85.67456056660004,38.31909402659927
140.35996362581366,44.695067507878456
105.67411200656119,106.34742234729784
96.53124605127243,74.3641750078497
62.31972300513025,158.86869292971502
115.4513261934442,74.8082589060385
107.18156243986947,120.6086846959066
18.89372770369583,84.05633681888537
167.72274469565812,139.61587279708067
6.260198420546372,67.14072726307062
88.3252566979705,24.34707334598919
12.54530790734333,95.94451265431708
178.03818856586497,97.37256772668827
164.38932264855922,39.236098925275286
139.24234679124388,84.73124029123241
82.98821689766615,150.40490270675414
67.22324637291756,34.7072925546299
61.550848749115566,169.25667379394326
135.15321398871362,136.66730568698677
71.86689614233089,90.40869549056298
22.732295862102067,80.70536385127312
62.189273878500956,72.5666225501444
93.59233154340502,28.092227488677366
74.2824154185547,116.36858034971705
71.8577753817237,83.81711822142651
49.417239348141166,40.47390802107347
78.60154591953754,78.78873453909306
11.862337027882974,66.47282597704921
11.351844595244915,44.41733292360069
109.68375047806298,6.8775463762941
86.9524218127255,36.11718422314009
51.85509690531569,18.913783966763425
56.637453575000215,139.44367377198625
165.70655236884772,116.05013413296993
11.051343383917816,87.375109218353
178.13446949726927,80.13133664238147
155.21418178145353,39.906257963786686
41.04352587753898,13.115491462123293
170.42232024750817,101.59574863338518
39.08569904348136,181.9075156418963
114.67485520679782,39.39320156857005
115.08699850030368,50.66909583657336
89.71621385304456,97.44794931331718
194.80132008377421,174.60943968733852
138.3790762116087,148.93155091292894
77.96067207948428,7.590404861830044
98.76314317656812,78.42611499278026
21.666896885781213,127.94355897422437
97.36905385940737,36.48532055799765
155.71737516734066,7.101582565877671
14.077659672394994,134.43174767593666
95.72709970121394,124.31860393480765
11.340682136978355,186.02205955174344
135.89866194445472,142.1891017171344
95.9514739904869,189.42002458241723
95.79047864033886,90.00740287390383
12.388928977310158,49.24293265976668
161.60671753705415,11.990165384210854
129.87430449330705,190.71390857236995
18.47651020352989,73.10587211816028
77.68524546792993,93.77693280225915
185.8105110947034,52.60244560598338
81.14912849195548,105.74374172258452
8.18252068354251,69.54152453121121
192.9405754881499,115.38061838033872
132.43562492964696,139.4364486347932
132.05640016518927,105.59513089678613
166.55706937609864,13.931095279796253
43.86969642334819,13.782642053882231
131.5276609199029,83.2359422332285
170.57228330422748,123.36946289466678
26.186819925911017,22.593883659231498
28.353880762714528,61.907515294122106
12.033485680515108,44.20241875450531
192.04046331194263,17.13755241429421
109.59340754704976,20.69101120098243
122.01192220758657,35.609466483334636
87.67433820770918,37.41677843050245
194.27394043870902,120.16205860500556
108.5766522270057,114.76180099232327
192.18238796405555,184.52822068205398
182.37015639116797,194.4606385633791
117.22342611515204,186.98113341238187
18.374960882242878,40.47967518449294
62.87048368473486,170.99654942692683
190.70400484137687,53.40804979240123
191.34519154740775,173.10150888952361
185.07697283245852,80.63846683077266
126.22312255189118,19.011983952763497
165.34302990868196,117.71320792025472
93.61714342079252,152.1046338509042
153.2733180241305,134.56775614903373
193.75531835204643,76.79968942699679
55.45510024761032,14.956859376263724
91.79835412320591,123.97318210762859
163.43245344031217,83.60826313388218
164.70769407272803,5.959865638560992
49.16423867819325,94.3650378148825
137.68720217094415,47.94164103148739
71.4419060110108,188.64515015713948
132.93508995173073,164.72007196554603
30.666188902582686,17.1872183528167
192.80714107227698,117.52897451530784
157.0974170165357,100.61628453499033
107.62343943488794,27.907731949933837
15.561442013774505,90.50849312099942
16.00879797678558,122.23927209265364
185.62890076119177,88.57365073725914
130.94985661870865,190.17933994062196
47.60374346949867,94.79255604204793
51.40662323383727,94.08593153051842
165.0865083840954,193.44118696477784
159.06858204465976,92.9986454131656
172.48321830855016,145.99693088976943
55.10996228575898,186.38977941519303
51.080282064478325,23.307585787138617
105.44668389200534,142.64813389105285
163.29185613044018,123.35268798183432
163.26128434965167,9.366424369753942
103.22673076515078,139.8958932478342
141.36587966457998,90.54647185832955
8.899832089016746,44.55040598602025
76.66491999971741,189.36236511506482
162.81634207403062,183.12828835646687
19.899749778907108,182.79321207406707
135.39868047569942,157.18769915697592
58.567795863485756,5.653624326017126
44.27437827081789,169.30635882503427
17.93402043911634,121.41974834355626
173.00989476422856,87.41892105046473
110.11260017689705,120.94514283256996
108.38082263873005,117.50517659910221
131.74727853892256,71.86612981753446
174.84301490475076,103.03305026751076
177.1416556783344,34.334093349383906
101.71434041489438,43.6358791930909
9.959504838898551,29.16094511563952
50.959641486458366,169.54627648266802
56.628495798934814,72.23394410933273
181.9551697322756,9.199199823697658
57.23858196467811,36.84712922788842
49.832854576932796,107.13750062005712
170.25582838147776,18.65342647955499
135.14670700439248,94.87505697419574
134.35819177654915,135.60483317778406
113.04690073426607,91.42669782269324
122.81348627127927,18.953421544317816
67.81279987210533,53.9254652505446
168.2926692322685,97.08817184025797
79.74124604086349,81.47115473964124
11.3087254855174,80.67058957896157
86.15255083194633,81.93921044060345
80.04782393648719,179.41994239717866
119.06518634411196,16.554150019935584
12.877430889462557,93.183665761997
141.66083927638192,144.579019138452
147.5776917075698,13.940714688202402
150.39296958297896,23.409338996218125
92.95499369915122,24.16146803270956
63.2506379647829,176.14923710246708
59.14133690135089,63.312416084365466
62.71309072751,122.15109316395707
148.9547692286471,96.83195032316483
49.443442191874425,19.17575880229699
144.78937686074818,132.19562013983986
152.45148051993652,105.46771819945025
135.63862053763077,106.09335657305868
66.52924197341837,18.652016767890075
59.34522030176328,51.96506319951555
185.31297698599172,86.48288286934174
139.75626642470553,17.885039656637005
111.542966842894,6.56947663972214
39.71573621540145,27.25771530294944
64.54715327180774,188.42905921158476
94.8495297214205,106.430089914625
161.15448582710889,55.62309231906241
37.34312639690082,170.050674156981
119.22363516461672,33.59900384274137
139.18957637001932,100.76547422898376
110.96257281451629,18.61887749481961
5.882810650244083,41.62220777565085
134.97072341720445,82.70393774730589
27.362224724543267,156.4595440622889
43.585482230254044,94.96919657264935
16.321756650583513,10.0130688308307
41.915354671416296,6.455557552751033
55.88311027560669,133.51515136535087
140.63662152774157,103.15083737795987
9.990343300275663,38.89607033410747
8.13015397419299,54.33072771794465
22.902372111359117,102.2130651054678
58.889448763384316,104.50610738617902
46.85968920446102,153.68706906443578
139.37797263131455,155.3385184370609
10.136692758529811,132.308486291399
144.77807747761034,195.3449551620054
85.42201521763715,102.03277961387019
37.083033773775234,19.023249850083996
6.17798095012734,129.103722664822
29.782877561258882,164.50579626935343
47.898405338074994,65.59746931062848
21.441934707385165,77.43143131365953
177.25160726933143,186.45788226348876
35.40421476215181,6.296709958079338
54.671084958679735,38.31043297005628
137.73905657708536,107.41999719178015
102.99872617371636,78.30523806935362
59.33530681663456,183.51384343785435
29.465879643833564,177.16741784258764
140.36392756743098,141.52991937126635
191.83204918819578,65.10210262804593
117.8312055024768,10.46550698752069
86.82708771950774,5.883831215815964
110.22931407248487,103.71072114769112
22.822142524179064,110.8909707531162
186.0152954300414,46.97890109168523
163.41434314666506,76.20964417283237
156.10726202434554,188.30378761199677
37.181713322902574,184.01276720917642
76.22743144826458,52.113320609962564
166.02633538859746,122.02025939471972
45.5007636269487,82.59577648418473
89.77319726640764,148.9503646564064
181.78102421718344,26.722571060126693
143.77537217738333,105.71812560057518
29.34905559916575,61.3769284806652
8.38044806619299,16.51608655135509
91.57089810754195,7.72051139128803
54.98993280873142,195.98742948631025
85.57135039835913,185.84041899429005
190.20100951042104,44.416778327127005
181.43350890066304,5.27824072120979
56.62191891599178,150.96035706367766
58.80907120964761,111.77856614646555
45.858180456828336,101.37868663242718
118.47697209243694,24.626598051239437
67.76709340025984,6.028434569204707
47.71949378480993,124.86219811608734
120.83772635601682,38.995745773440966
142.84529554180028,152.8452842496359
149.67019025329992,158.38970272211014
19.30809189171329,30.218880205317596
80.11799068502503,178.68213034912162
89.81856522884532,185.5504771838142
92.17854692205806,181.77835828979082
172.57184956673996,47.8256604239979
175.3065173660161,22.634095316386954
188.1741986342952,66.99425797353034
163.1848903502785,49.482430792552535
70.57711024087587,157.52850230177592
191.73430821100928,117.15834208528051
42.40895654472674,92.4213180956915
71.31783884552182,75.46591020886378
100.49177202996749,29.71438540204612
110.6944707778335,156.86643839738005
45.92856927274309,77.85782469406986
49.95695223927946,20.689837234843814
45.04480814603256,104.02045487185428
70.33513879296122,163.9025153234574
185.76579477052957,66.93925030197444
64.44687685100355,177.2890906999986
117.17496972979254,10.401626954098527
21.03873721007364,126.20086505102998
166.01764980840096,150.05526752191832
88.67030078202409,149.74517258492068
24.598451526098906,130.04308403762394
69.88249868546461,57.435527178442925
76.70743334564506,87.03804512287455
138.46141878400118,16.248987539219083
52.715217943225795,87.87739869430429
194.36716404241741,14.158735457488437
47.977740342527014,67.37876012704277
165.7887484242137,84.9920771430168
15.925949134336761,134.97773720764752
60.009541653342616,177.49132602907645
77.80177739837373,110.12570571457847
160.77383860043042,142.85280312494285
44.000750231917024,38.748228270069404
78.01696832692642,84.08624935625727
85.67302594141422,130.10423833314917
90.6689586319477,24.174156649355755
42.201694261889884,70.79965035153118
163.55979264076208,145.98284062513588
109.24015586982034,177.3559190051522
59.828898842829204,59.55251260662941
24.32514810197294,34.25500858585924
42.99827498246578,30.711040619311568
28.99248287539628,161.07479962118884
80.94890229487454,85.12580075666772
174.97877864736944,11.98337500357155
138.0304848622218,54.71214510186685
23.894635010110708,104.6628054641354
79.94432121806045,41.86343213313279
38.75873467678863,175.62735782443403
38.488062563942854,7.540205020318226
84.1608948686063,184.6106414735296
161.60352865411895,149.40221597837743
45.026539734181206,193.68175284515416
141.77521762592036,125.3752149317488
21.60246693426655,168.9326831046278
132.05326678564018,106.7234225789839
74.0074168714303,145.43925477274038
8.012534964985853,24.934277875283467
36.498682637940995,176.0692380143307
191.14120700768788,76.57681076742692
179.04783439442232,27.753700197716245
89.47659247232762,177.35181059185814
110.75644048244357,193.37022296628035
178.69735879828752,78.98637137747843
20.752739303575467,72.25984217149868
78.47803196184383,81.34600699780312
16.523278300443877,166.3614451721321
183.3286131590438,5.249565693158501
147.66282471943947,146.9909836997863
142.960873811338,81.2200864020541
78.1971704387167,20.96771378364295
52.36410821853576,103.33958783173232
120.54093581524339,191.2657834238691
135.44928097340338,118.97833098800803
25.65369308409317,112.72170845891235
153.2878928254502,123.65640759079794
137.94908354362758,17.978662427001208
72.89408818469406,183.87652936764587
52.74447584262488,150.83037711243375
22.001492090852434,24.29999877642587
196.78297299602346,20.523606285763083
7.511431457713793,169.2550686536077
154.7548342600935,158.62110232292596
78.3233052716565,109.13944101603909
109.26123476398683,44.59771923221056
174.72936720327792,138.00380450543383
78.63185666833796,83.30058723849149
162.1642744221883,53.18821562596877
188.5795610258282,33.91240813880097
8.442949373006517,55.826932694754795
81.67280533505831,184.6783460079979
132.61841621875223,111.46881249791736
45.76023828631678,143.018465950636
69.51119634873743,190.08928850032453
93.82007926555984,85.93381830761113
64.40442845489402,85.81990803346497
145.98006023111765,160.8357479290099
84.5427591924165,93.53284067396604
66.6817310440156,111.84200350449072
86.81388800114622,119.5908500326521
23.12630554975705,177.01893447705666
180.3401505224322,43.77262055196536
15.22361493029037,79.06203306326636
148.3839766611968,136.00879168403983
61.776488131919635,147.21929193040046
54.40631955804424,184.70422393469048
86.55127530880989,29.26062394131287
85.6139552303425,113.84311520823584
182.75070737770378,28.002091379143998
104.76457005676868,22.409549692770113
83.56325121707047,76.45418019645173
75.16328368251827,7.38317023713924
15.898580752170533,196.5130185573558
80.67084441636881,102.09027029049528
146.2100556915478,138.4690386072637
89.30106141156523,89.22843644449426
181.33817438789865,191.07839145740203
108.02103363321278,82.39205916432161
44.41127237636336,71.27383799149176
173.49654852863375,183.2638629093426
141.44214853114295,130.62027407828077
48.708161044671186,90.23838136828918
193.40712158470555,38.62707164204064
5.456480225481159,35.92087590652118
131.62703807007745,152.0053002545693
92.2447092619864,108.03921347015637
86.73348787433767,30.372295109826265
36.19577656302762,49.34961064851321
83.6422176593196,108.16073996984765
43.23363512549544,147.9497924202728
165.9819632496052,115.05068531472337
79.9573498321969,35.56826804146081
92.33807976314253,79.96100557830684
133.49971969823588,7.093944682465064
108.43766310357763,188.47409793087976
31.959970886435755,192.26126027786748
14.002951329506645,187.453785695569
160.07056453553335,21.384366161790293
45.8862180591652,14.810122480714638
151.52003310978498,186.95582827849458
175.57051752314723,164.8025911741958
69.70849924938497,74.52491600954686
8.375180644663079,62.59353006160261
103.15772462680196,126.20124775231082
31.506474581726483,50.943744649873494
78.90863180376184,141.7621416648971
194.39902105255476,61.05035069398067
73.97366094807388,118.25912174258582
95.61587137302024,82.92379089513936
54.473242435461174,188.30041632719315
68.12976041904324,128.0443911398865
181.43308511456948,38.93219153866154
50.95129979261707,25.180652985857034
49.223885752494105,147.282113869574
63.63412290498069,169.2413191148125
156.22692815839014,70.49539792405275
79.01973394617644,89.44721902442161
194.40839258555417,91.65586753681234
80.53361247458463,44.395529866700315
86.22379339634134,142.69287957679552
136.42288218647266,191.80632070890607
110.48750558940415,21.619137850553024
46.403303489710304,5.226310756531032
66.79207163795611,115.90250194008999
90.8114197136516,84.8701703343798
80.5879189453984,52.557307626742265
177.43282668538095,189.72874817728913
161.90712317211955,47.73956865220288
97.64367352567533,156.61728495925803
143.61701566649344,17.78874819919554
98.00059582802238,128.23221280634593
181.4914144073644,55.97238726995354
118.98336759586864,53.306252101347695
55.487308662665704,104.52761749850823
108.74439910840081,16.912750237007216
88.26291110641102,192.9654793842112
8.835211165889222,104.85076180262601
167.514820571111,66.78016864030204
138.24792561296582,55.01951467491988
78.0435427280807,16.44666726046008
195.20191611677168,89.33909746950492
139.7195246032865,60.888721718853105
106.1215758238819,151.36425452474168
107.00600893953063,153.9429937289732
144.39708700910847,58.1009210285138
180.92947982084894,38.75816498746609
44.50151677306894,61.35004731089564
88.09841429233136,70.12375394543166
177.28385776205175,44.278983266968005
124.34708452313836,13.515110240543079
147.09304884105492,78.0384893951463
53.66149158778675,6.1672518786714186
151.13664522928227,52.360342443733394
64.40143111995063,173.29871352639708
48.425872009584594,71.06638630514337
16.127928477745307,87.43828262484449
135.84288108879514,56.715573194167966
65.17428902767085,161.7985456710535
13.986575068787323,76.57692860498835
46.37346073941138,129.56864716843864
42.6623310676767,187.71745392019395
87.69177364627163,34.48046892937122
190.37614396636425,93.45796035786081
105.28433544295976,124.30430720373505
114.63313126570405,193.2241475499047
75.87743165680341,83.81425132151321
6.021171236402297,121.76562918992514
174.99343608741242,6.687631027298182
59.38591020151525,75.11342766944914
180.27185868780768,46.33657779963807
58.131937752205914,163.69963387444227
65.2985283209714,38.67321073742035
116.53820881820293,188.72743845791996
133.2254838437332,187.85248084259368
109.19235892884974,92.39841973491873
63.08997505375746,141.60126180747386
22.683429505059358,10.772881528506565
60.084469849726354,74.10792857379114
150.75668349587204,117.35121956696207
57.68861539762773,61.57130274844568
62.79184407221939,61.08529546051961
144.70199502590935,21.805365368885653
10.76736950057228,114.0969860859221
59.093929721284155,105.71035483115168
49.737540028846304,51.92518670730403
92.22409790530786,150.60938753369194
116.84985613622791,193.73856395946936
166.91138035188698,123.66177572052963
46.405580355655246,151.82308555409136
68.03984601688649,157.5440595238684
142.36637436067042,40.250372543113336
168.34453662754905,131.15520635900376
123.33469522631955,28.001797259369756
130.99984793988878,8.754620569861007
86.87487595520263,99.84684809933904
102.61961384818702,181.77436057968427
137.83912035915867,38.738219149164145
163.89951705076453,126.39033339292158
104.90190642630282,99.12928617692135
36.19259269072911,40.19488018273319
157.80122009607535,55.54584649026384
191.1786207693474,148.18603088277706
164.61382476783552,49.123201716764825
80.53104262104712,157.9205689408366
158.4087023564864,75.68030163943703
150.8579461733427,149.27375398670569
39.39711624312296,24.629593168323353
26.130920006132442,188.39120337248022
144.67434038495446,190.19132800445982
89.79056604492798,143.18015928155202
29.557327865492248,165.71084256025128
104.54229866318082,130.05152654795495
172.1232087813413,10.151837078887151
152.14462118205304,97.3350995741121
154.7141933856782,48.75368341007361
22.09181378476822,57.115430166816374
75.01865781931977,131.87178786893983
17.597176954276023,115.49897173144534
160.3655710696356,130.47815632074347
146.58895646206884,58.42153488045931
92.97489980055195,126.21013902299151
171.35270469920795,20.953210063437183
87.75454031729126,184.33438911973417
83.86221041001127,134.0820847302001
164.80467929503806,23.89519752006324
67.10761805146215,103.77977184755402
47.15175757774411,187.22867821649086
157.8353839761827,121.17483820674812
23.967205628902125,37.94563659800895
16.110565693137417,26.015964384085287
81.44884129324187,157.0622880092872
149.9040773241685,76.6295968979734
149.58621110907268,37.09640173886588
21.708513782018297,136.96012668688172
50.9342059952759,20.431663213509005
179.32173388960754,14.442334062453074
168.62641107647678,87.99518154176315
109.05452191098038,82.07262871155532
133.46655944310973,12.643306725912463
165.00069655282786,188.0757330405164
63.60378869917306,75.22304161961046
148.7539044839039,160.23062832725333
131.10799634016146,65.14899476920858
66.78412096214977,195.96739987834795
65.21320299936077,114.90667253504638
166.99957209051942,128.76631565999517
10.984093594994503,89.36613370801885
13.824664726364801,71.61785087610237
146.93597698745606,43.528170888674985
74.60094756251583,190.46140241324946
112.83852960484475,36.86160250185367
78.46490937429334,180.64328538071746
130.2028208920877,191.99008396631586
135.16852869847168,38.69776860109226
65.06555173461791,77.91220379928387
115.90417113928373,25.49764512101418
150.04359278898954,49.884738357048924
165.79081591906774,148.27518028425837
113.30860084197737,32.00026848499453
126.92597401993139,27.67408777368671
130.44349453370717,43.300012361982226
42.58486868768273,134.4307811137323
60.75522761927482,13.075428048513572
45.288669807182494,111.8287442750136
154.43011613132882,167.67975773971122
10.393797469059246,155.932192642489
50.004180616145405,27.080694491236574
159.82013874448145,156.22151872521962
74.46285925649498,34.5199443178362
185.71531363317308,80.20882091433465
174.41864796243956,146.64959060301163
68.95175423455575,153.25543680722961
9.091222443584334,136.6103431756219
95.5489547224074,181.32803707583426
57.3346469082087,195.14827780576917
186.1989018078595,5.371044803794034
6.693964755119171,11.418811462296668
179.99174253225857,192.00685530568143
159.8771282073431,54.01584390226074
68.2662135793211,181.71573285347753
131.61504764350457,84.44078436183857
191.32403300982966,135.8258427769736
29.822247716077612,192.52937178030587
72.72514717678415,131.85932214848418
165.01222808521564,42.23453086469476
72.00762990509438,112.37621974062937
135.13292088363525,26.3942228267998
72.74469033477142,79.8796382446125
186.86892601271268,5.597200969698367
150.27691953683393,94.6391606469762
169.18382390360156,15.35965159076771
88.63705614372178,108.13018315927023
56.990824166026876,11.305885450439009
36.58706125904738,196.97702639428138
26.070639892727073,189.63473118348193
43.606590591010054,14.90116479079767
96.06364969024098,95.58052345479683
187.28518715270982,88.57931679825252
118.10416659124243,186.75479726360732
194.52150981249403,112.67110095106042
74.72342817056688,149.80598266296707
19.25738155989497,82.98278354169244
57.83693301949976,162.52884922722342
171.37513621756986,27.37502244581716
196.20351131428234,194.63781687501583
158.64088244359925,155.90277024127136
86.42835778822305,136.93040988864936
170.6246656091072,115.85134144925335
157.60807817810505,138.15885311442628
144.88231721539915,93.15506640551212
141.58335665220233,140.65876472176373
147.51938901387462,184.08889238231373
189.54532427913662,21.940845288515373
171.2881901227533,154.15481768281592
83.42017729586796,128.22769644173835
139.57515682536905,87.94733248991906
161.4265991210468,53.546329029288515
142.71071094768672,62.03792323010453
81.91357718406233,120.90061061090407
21.67191558891045,41.24998510937533
73.44619530547294,70.78481873253264
90.36693693329543,121.28410378448412
136.43529411120585,151.46175814592488
76.6020559250988,183.88516686700137
44.11476604380518,61.75581978879339
196.92159214745277,74.13182267801658
181.0811258611417,30.26538922439497
188.96978660244594,64.53142953384433
46.88207768241106,71.97778689300328
90.01764821122593,109.23729132320396
32.609235956993075,170.62813956796967
155.90092699916184,23.612000676996487
79.24704132136917,43.67379381974642
157.6165476925755,59.68792852042081
168.99471499411416,110.64335567118657
8.68265966875316,6.376653200136754
98.78447457378003,22.75627682940279
172.2922166428146,97.22205438476261
45.346925813975595,9.904377811694129
163.12506349528317,138.49200269063545
81.0933166168893,92.22121150443067
196.5362835768907,92.8467310918881
156.37493609612193,191.2486696451316
46.58678731268293,65.65572131134668
59.891491471446905,191.03737654027637
69.7469682500049,68.91446885740639
61.87212976975925,150.8560159879583
68.8883637939256,28.376676048050815
41.10014397772092,196.95425326282913
65.36854485047257,177.38677944012588
129.93696512086348,23.686214806785298
140.71139183153244,24.17117623752869
146.83563783972608,85.65621515473354
133.9077457125899,104.724069284425
108.72396472651472,15.625545618735982
102.05268739936317,145.51935522861285
168.25992333964092,121.78820844107764
154.5804054348312,161.04200124618583
24.16637137851962,84.70882980688289
120.24743821178546,44.89723497610736
65.07920114229901,20.21667736523097
106.79713253815551,187.9181392258319
5.55547098814577,158.98572008891017
146.28922985587457,57.97250620830999
59.98211547536446,139.3600462342625
93.64653535557014,71.1358509529022
38.967541344948685,29.84462048530274
132.39216258928747,188.43354360177986
105.87946219811259,123.65987617856942
80.25041144279258,106.1859177803269
193.11396354282869,38.418411001919054
27.040361935697987,23.05199275330966
166.29237762696079,150.88095752147174
147.21470232874057,49.34909565955699
139.34638026196305,57.20956064895428
134.53145717805924,91.02356620263576
64.24948291698657,183.90364795114522
69.82423992504779,180.43902860702488
39.527703535199436,69.44069107867638
70.23279038378703,78.00184509657268
71.29118080556232,126.10619361377299
143.74580434082495,28.461997601967745
88.17923804234587,177.99381687916815
26.89008360376499,136.95946811681657
6.460532050383403,104.52170335694473
112.56155572411369,188.91461175084103
195.78191815346563,195.04508767933564
133.9157599430662,96.64527359677416
78.72178419661753,107.5049455210385
148.81035405188038,17.202901938993953
64.79888085969829,89.5239565290351
76.50272449251057,115.78182403075033
164.90279251395182,55.370454605064566
25.78912060801559,17.681299650836742
69.75251498362638,125.93707853409926
10.911315549102572,137.9686916303838
151.59994210006982,148.60360311575005
71.34349845170165,178.93874305573294
89.7807086207631,178.7375493922314
26.187886358496062,65.4704029063474
146.0022264292046,53.40953062229929
185.85765615868576,25.46107408702329
57.221200104392615,178.80990957183562
89.00973415335237,38.65581390735001
12.51923169744769,80.14609138458866
30.338501211900322,171.71404237916013
150.0895693978681,98.10014142297062
73.72685679286243,93.13042032555197
196.06482351913843,12.116564167210536
106.44983451126211,175.24516056682486
34.83409581778161,14.226139095383246
106.05924503543702,37.99733644791726
57.58334671453772,42.457018751920444
173.82438769818503,6.716872012115197
53.577776244082095,134.87756701791562
99.94160675264975,117.88731298448079
25.345092735439557,117.09017472331317
160.2105614767267,31.355958151420662
165.43382403257547,38.359702794193815
12.708065025647102,38.66501966747738
160.2161705894685,40.116657573444414
94.36223039211399,128.7859005800264
172.16021923090875,107.09469923336289
167.46404820930007,165.59832685264567
148.94224107049828,10.357369214775828
96.26626852497398,150.68229287404498
42.567555160138284,23.420163305747757
43.53075555988924,49.62843885783635
152.5160904428313,160.74965364875942
59.78536719568241,104.07531694196487
77.19405016475689,194.2570194853533
191.15994491251166,156.61252265356597
94.31205756932636,74.16233040573648
138.12433327832542,87.32086381572384
163.02711111724332,64.1138944646421
82.86904335790705,176.6196710076849
58.94743258091458,81.63311547485179
42.059827462677504,36.17923092523812
44.33653950109238,39.30545864020362
112.4304113470423,193.43898242268872
163.59101409980286,158.06872186884746
91.58410149530374,193.8686423585362
101.02391211965124,89.58329573871534
49.20564379543047,53.689983818332685
81.10090922019123,159.20481199212563
92.32925174017495,176.11378915196048
106.40263551591151,125.72515801265128
101.58565606699112,93.5847530382108
143.8476887017551,99.25982838513919
173.0210732936665,15.024829330239525
182.78592926960295,54.31437933206271
184.44293963569731,67.01843406025353
57.49899125687049,147.682095744177
186.35634083633678,19.27449524465032
175.71425818720132,72.47675715754124
47.1119926367701,175.2090845812028
21.691568636491446,35.76152995716513
43.570966041991504,47.41852312208052
176.91357638790302,84.58677583084882
122.87181837790736,11.93236131608833
101.78687170172175,19.176336987803698
78.2252910116589,75.57043730963659
101.64327208047867,9.36851260313146
99.4303531516048,26.350737571014136
172.59746068154917,122.40010534215881
141.43089257446687,148.8713865474152
132.02844076323032,154.85290831771604
17.53024346002424,163.31907037020744
160.50451520924707,10.931071636877629
87.40112616312624,122.12078189424031
193.66923285188028,38.78623907822923
15.677555664892036,182.74273924039733
85.38547201885784,33.99413859392107
13.478712149447277,176.24993330387096
12.919105371979859,55.4995339982183
132.85650231005576,149.69001151644116
83.6994578229663,178.3374433173209
53.83053769105829,194.9985278861641
64.55989814859021,26.619208253413202
167.7132260148843,9.329710811121641
162.5856122176245,24.274334415835977
11.523148327441742,122.02499570099637
15.804160284891662,172.51735080371674
85.3453008144155,75.79344141658927
181.77760918737374,57.0300571618372
146.16547392757252,110.06405085953062
72.16170634358375,29.34034714083401
108.32889928955453,159.7677094529269
68.50460904137988,100.17631264904306
47.54761158499311,82.36192471429568
177.25951821478847,94.80240472576179
89.26605827133088,113.3718380247416
101.7552714429928,89.38776392744107
164.00307732624887,42.26614752443381
58.75532680556823,175.66379616233246
6.538851786958769,84.84478963952222
172.85692475425162,155.82685565243435
16.90454250220292,50.09770948979629
10.22951879956846,26.021561234823622
92.08262933784827,97.51175281773973
142.61164515636423,62.35816871089901
183.82472319850032,196.65903181933683
145.2136945191333,114.20333701337783
181.60486587741156,17.14015758074288
27.15087117349512,194.21539741872198
49.29742879981996,12.750974880641722
48.799645558032644,17.43650027429494
139.27647392972574,84.30139308036128
46.39637539088272,174.7447341432198
60.5774574857107,67.3125126592545
147.00626536952714,44.07699608833963
17.639236917915767,166.8035181097019
72.17525897241357,46.14357900775688
137.96581892717757,117.89567486641816
16.648256914728467,181.2033996365009
192.89445078729003,181.74660355939514
112.5818946633215,190.3584396544735
135.41027414357788,67.25213049501193
94.40852884427582,88.27837565830411
7.542603924406614,116.46164520586241
27.373206133177703,53.306366546466066
53.30313195016044,20.027077603542434
149.6619417638926,95.35974038827435
68.0058497998186,142.50950976599108
25.407186577109485,5.6073810219316105
29.25841566790156,185.70477966564818
162.14026320328742,19.33032926119613
172.90632121174804,67.59768835647468
52.79462403697458,30.687415909849562
195.40436796448353,110.950301507842
178.6251683056134,46.437018253080005
42.207834003465635,173.3065226569384
73.46115807230623,77.65602726853903
149.55316373430406,91.45312416891102
19.760366851765873,195.6441470189933
81.08617884839428,190.78636732770437
184.73115102449057,33.90609287515554
184.59481358720262,75.93900167601258
147.74333431839793,145.15256805436817
169.1161456603843,10.066565428477517
105.28603732274257,149.7053792852288
114.12450816163053,192.70888433746595
30.059955512597618,177.74468554044296
141.5010753121757,77.76226209617111
88.79388702865039,131.13875330961966
71.42549183699877,87.31530851372774
138.25815447542607,99.608040932116
43.2018094240648,132.8408185593353
142.71098591892232,143.6754296078102
67.84660526858273,44.142052812956145
91.26868784368861,97.0296679097239
134.39192108313333,190.77664272856603
147.12787907065598,190.5605572874457
94.7700891447369,143.1293805742243
148.25591273055528,38.43903326967272
111.89590020803644,48.55856959503554
8.429423293577177,17.905596335968472
36.69036147760597,51.6033391330852
122.09577053066864,190.88482862623295
112.01597628160924,99.86532448904714
100.92918677043589,124.26485893493619
37.219064977926514,55.40222803141619
150.18770774345518,195.40862755906403
47.31691471174923,13.867448186533633
155.88686170932513,75.11297091543321
152.1756629791857,40.4780322936646
128.37835573056446,19.16267498353512
144.361845737938,146.14637233591412
157.81930562502973,102.41993050345373
16.189684948589626,88.09415323258615
24.12387016758241,97.50058863530646
66.86495238185142,9.998022243916733
149.05058074323,85.98750818934484
98.50992692179156,40.4990563279919
66.7410444366648,41.28390911364061
132.76011713882767,195.9227880485393
31.41488052322591,157.32500652544883
69.5761687488241,107.26278005795017
52.0191601507793,133.64434943947722
12.1378123892204,7.240201142726604
14.930888508076016,24.254374275206928
36.738914552922466,186.73806323346932
89.83794747131277,8.007658750810617
158.2193955909408,46.65973041289103
49.02335124041983,32.49946150148962
99.05973073466413,26.626546483664118
52.21874450575834,190.83738573587345
24.578515980571552,42.706465476786484
129.74449259815327,193.6244250731278
23.538707322917304,117.5942735522462
62.18903922496091,166.7635801660335
90.4589503658232,21.005145055570544
10.0,25.0
180.0,180.0