46.962073488503385,95.47877649034888
137.6906693819383,177.2446577246463
31.494394458985763,14.365210231946572
175.1102787328864,8.656903370881018
145.84459772037155,175.17066958923644
158.17829222158747,28.773147126764464
173.54045737348673,36.30698331251703
16.122585657357043,46.74920437410494
92.86233759573543,169.999913764172
173.72453146082475,196.62734413846994
77.90765621330965,185.01598134555314
168.16765482177644,43.340305987952945
117.17110645315732,65.47762671300826
90.54084160888524,146.28682347742097
188.12526612421064,67.78276954581209
115.20359156651493,195.84420294816277
86.67079185569554,20.54683977826761
104.26675473253509,96.44720743444287
193.10039116573438,188.08267295357533
169.58752466145268,5.12217127031421
99.21391283011359,31.313322680827444
85.97735342916073,181.2803645994883
134.20079023847566,67.92685589380292
118.16232631524385,34.58843546530555
124.95188071911888,173.3011672017604
69.88398116737152,183.09024083999944
68.44712381162269,82.56881968315965
17.401261710172772,133.0921837469592
115.26667415145057,61.94283904426446
92.80784150126793,143.79418070556318
31.53700201779743,38.844907960508664
55.35048874704395,84.11130304398776
151.28922473297314,72.2018341582263
116.63188519404824,85.01965673440829
164.6536016328781,41.57496533228214
21.752410733085167,73.61293818921534
102.06143832035521,46.71481411583144
7.80824249558429,29.47574101118419
170.16748141354577,194.27436838213947
154.2185907617582,94.14671963211215
114.547241533661,185.60062061358244
75.13562230967246,139.86260263009885
115.29983661949527,173.58744564962416
97.34437662009,8.000134089682996
93.16953643282757,184.08324394625183
106.86617175057225,17.765397845032908
131.1778459470133,74.5078607123007
175.9827575705063,35.756930751305575
135.61176580552612,7.55862315629968
78.7650014294624,42.08352815166148
60.558491552496484,137.01940907694822
170.7961496358741,165.67455067923584
14.966713883590398,81.4153051206713
13.35229833898055,138.70808177154177
108.0940507979797,18.632796815687886
22.312085276092226,61.597781872603576
22.607478500588325,186.3673499700601
17.132987405152562,82.61474342588062
84.97173144962774,127.55431787840591
11.519003032423434,167.7574637600931
57.74021166232338,18.64891657282421
165.2985442167728,18.412451054794147
43.5502781366145,145.26148318990323
120.58054127798856,9.061093909354527
85.82344151037401,18.924191070350076
6.629372155700913,66.82810044632855
43.72969843650186,167.73041011305352
22.058187479557418,32.23813824857518
192.17298133914713,168.2507688012271
42.12779782963547,174.78327946027596
81.7140342701811,181.1500648794899
72.21058321286104,123.34145398682426
123.197522508651,87.4437802157806
143.90431036269464,168.89797488175208
54.52827879743308,170.89436835521047
50.97573446884666,10.381452998734511
117.37081549612569,176.85792199952596
57.40990642609035,130.96414544192123
100.17363139061153,187.55815743905598
183.12949487307037,9.639406691106704
189.3794506681957,150.30975589584747
151.98567677876218,15.352445621110872
100.70452210718368,189.13502029637237
38.81898894476075,17.848812743080167
6.899307111166445,129.92148872360843
19.79292427162547,136.18927274958756
145.75668341157333,175.64887988806095
157.20744895909516,30.580007639179165
126.68815335736225,97.15840829784496
26.837392507307886,187.7908831775309
181.11561774418703,155.56374429997555
74.92086660148365,42.20640527902786
33.3459465503305,11.907850155360187
16.5371029209505,68.61391707906321
190.9104480308726,181.71957083053533
84.20053486996886,31.120674416995882
189.98450427160904,196.5147125015629
114.7316781488828,96.19287131540688
95.36709742749393,160.8613983466676
116.16053642079152,168.40671950443206
189.11828916249374,183.11660291616758
190.23527418789502,134.607645927551
81.75302463590427,20.198318596443933
130.37337715995875,166.4050148537844
91.7632931815139,135.85867072654938
117.91862342061792,182.6797822512782
111.66452317358409,129.9473581400707
158.659314465668,115.54816987589928
28.791903585540805,37.33838447650709
99.27129768031219,77.02591125659202
13.561575130255648,26.665274772616822
83.95585282370251,14.97499764343776
44.04332207200879,183.64478628878166
91.8920369806192,25.265091987566812
90.73491727131987,130.45249008019871
80.43637096614587,175.95161396243765
143.38942868009477,163.7555876335927
81.85545432054742,81.55921834877702
93.67397707000369,85.9963574695501
153.01823276338996,33.82081604532374
126.70897030865599,30.075149978001427
159.12229680248896,128.7513923603848
94.24802431518766,156.45641748884856
21.23958346267478,192.67551666208047
76.94994079942384,158.5709124099234
33.71705747081246,31.132394880729716
98.2063532530751,13.596540953333138
54.112506712138774,139.74824883391813
143.98149228417157,94.89786911571488
151.37341211648243,23.105992709483647
73.60534231727559,171.10964980040066
128.01513342091403,27.536890594547213
75.16947776203271,186.56369127585532
106.59666363529935,83.28891613382557
116.27499517672314,194.89281210678584
164.32958172188805,151.6996649681685
106.70037328158172,62.14060238785893
118.49670102600871,16.192561514783176
149.0027162637122,167.61075965458244
183.94286170879056,181.9590361082191
138.8641792976107,44.54846538398067
53.27635453409488,132.0181677437879
116.019651362112,86.62187867663647
42.06164982688411,83.18673356677812
94.81325510354729,148.9527389086262
119.3322374553404,187.0597807394184
17.040901690696188,48.82861421299865
164.58595791235257,43.90846464737503
35.41141911814605,48.685994144841175
171.4347155361538,19.368017086994058
100.09620287786328,55.69707615405175
183.89372722083712,163.89502523519207
64.17547760562042,185.81889557373205
20.07713299491671,140.31285596047587
122.61702542038435,185.24061241501445
134.03290485167918,15.758077440377237
43.943993285412596,10.849414801716076
83.13974660827783,95.20812563049714
31.29420298983048,134.5007294318077
100.24820223675009,181.09236698000677
116.09922576336284,13.60397324108805
96.90127222216003,102.58533295828484
84.57648824725814,194.50901500534758
156.36121219153782,28.015714362926758
65.09281526187233,188.02489095381105
32.180849899662626,180.79243827396647
196.85257118952387,185.11057870385298
81.50585515648876,129.18273059427108
178.22257353632958,32.06159969646812
46.531693406789245,104.95834053900064
81.35400021012268,141.99724168890728
86.70371739647472,196.78125083583006
61.362403729499476,20.5852826360127
128.06472457684083,72.46930374577785
114.30195991501438,120.27095572962328
20.460493918506216,13.068091379236694
113.76731728573398,38.605828226889216
20.643007937903402,180.08258813088224
52.73720791590038,35.402115627680054
35.83968138406641,168.93241853316806
133.08280616712352,109.5371327058978
44.62236224889883,90.1076955347411
125.10613707043942,45.00878428812144
78.37752758012336,31.3352622579654
65.36529110172823,110.26054006665638
156.36374697776702,96.00654575118793
180.691810773708,17.189085894252337
191.02496738192937,34.87045720887849
135.47397454091958,10.605965768584511
170.6214749245915,161.12441557927806
96.48856206859016,115.00395162431224
163.68714592744462,109.87217680459906
38.649504895824805,11.166850285520718
158.034394026874,104.38450808818509
163.35963519420326,24.32721898858404
33.20987271991838,86.80619705235742
30.574049673513553,168.55099247929127
95.35488026071836,168.50226404492597
153.64619481084716,5.471117080968502
56.87867789249115,185.82436355253753
48.0900405712912,9.626609729400194
168.05619649845113,192.62734688614566
37.57696705067068,97.54271251849995
18.271463381999784,195.66368468217055
46.176426330833095,131.83704647664774
14.199005198973458,65.95762996983896
126.31900095396725,86.1253200823073
31.432336415588853,191.75024169601528
58.58050536151269,187.81785044621282
162.21109720677543,78.81315209062659
115.99832581442303,123.18503319251033
190.4926038156265,131.80876857688938
4.99994134727948,55.375584304358455
167.026721994335,171.69639169135812
29.78755734089795,186.19059791786697
149.4320418558293,83.88507253081642
94.91287479254873,115.60423563394035
117.14000728933962,190.84070075522362
108.5143435625396,122.47314145670427
50.383554204210036,171.76936626149427
185.10725985768946,7.904154898906958
47.70659570222097,15.179082406423618
49.044341210404745,126.6339868988399
24.960583636335983,35.26762542995886
143.3019114410627,188.8448923057
187.61607045184348,25.57469131049327
144.49685125338237,17.12705800438527
193.50160685875028,136.830227733811
80.90405438404008,110.52286341732045
28.324829409277584,39.36342854522875
151.53953569250288,176.5228004670717
98.81971048399701,51.43145785351964
191.7769840841573,161.81700708518602
116.68621135790302,164.8106963034173
95.33749599494217,11.913747368203172
83.12447367501126,148.2962881204842
161.2085982088835,106.42284840671928
196.63965850755156,35.90318842141593
42.389706437261474,119.52911078366556
196.1221849807397,141.669489005387
119.21182675665368,63.84080289854034
172.57580142508903,171.45138559348734
49.10106295863234,96.00126106560725
97.18454001334379,133.8499126313718
48.39919770411514,175.3463966462997
81.21858142555926,183.54703230147422
65.28780602829472,6.961614609792349
123.62730002171378,182.30947021804982
110.75386123673137,53.4563717828345
104.20684012653592,11.31808379171102
84.58557122941458,15.438594775732772
33.571938555111174,11.620807800835422
171.4063105150303,22.360315110957867
82.74557778963153,142.28349962186118
86.22088412135065,118.65762244314885
15.775790198380466,8.174275734456721
118.17355017117752,45.25825352738866
77.52480088636558,185.94388780840094
42.449057683083446,196.47960112659064
12.673122349888507,5.120908753186822
162.2704149219183,13.937252649260582
154.39842298771714,178.14372336851696
109.5374062489666,178.11927476490223
114.8311298076576,87.97930448746625
48.517507250292624,23.006057848606744
174.84038738009158,185.55786093284698
24.694290153239123,26.121351695243614
127.7522148245043,90.17271379827982
190.20050031980833,180.28505942343133
155.50739479798682,189.60137178389394
93.17787481500604,120.26345322565426
74.69754832506534,18.31539111018673
79.481054982001,151.60703434359
100.65136651631018,104.04295226759339
35.4711320314849,20.639714510435272
103.43674772485862,46.3347811264014
20.163735554373286,188.40806210308838
114.16480633922468,185.01075424064788
92.0854168219767,110.42863891655027
70.01945029978245,7.467406587115669
153.74597379318453,105.90692137986669
96.65533435073682,42.630229987718415
58.79279423715462,127.80713019610853
67.59640866034876,82.05346603268563
184.13259186174122,160.4164354077527
126.69976942640359,5.3572468680627745
128.38738431913117,108.252875166166
160.25006115938422,80.64333883900358
163.65842520086045,67.87479828382446
102.25593260249792,64.66318714272609
96.60481423635987,125.26419333937068
40.29724247073034,137.7581348599628
124.2292001233612,25.294367342719596
93.37355963678671,125.14430119838691
82.65859956025506,164.00660787189284
176.34038825001056,160.00971858689283
155.74335671254593,189.28610870223338
192.4153811548242,141.0098520895982
195.91978432545298,119.6744996388987
91.31399569355028,164.4810670149528
107.41740742263889,125.32262022934486
59.52427822552495,166.7675885949009
8.005455853415219,132.01294026107553
40.65884389073051,108.96403647163969
6.68917804393576,12.059561653967993
9.735067346111022,22.169954413162575
119.3735621137301,117.84410672298466
99.4108685082096,16.163198373468244
196.60790120172533,136.530483950419
17.709586266873895,32.83016098681794
6.498733571944513,128.4525473086259
75.6129630076835,37.1988820579911
182.94290898802507,187.17098926873328
40.533047832659044,129.51192845303717
162.89718663088138,87.38237040480557
47.2348056103903,188.0568311715089
182.2061490095799,66.75145655431135
139.16956855950755,69.37368862372246
111.99727607037234,20.206067159244117
98.88045476627718,57.82860260771723
135.81921419598544,32.024047668148405
176.0193682864215,161.32467370497318
100.00790988355406,86.62681905554611
190.20435693349688,141.42591654661103
109.73551293580728,8.3503297502101
102.91120161857785,7.691305143791419
42.308491070592744,184.27412230576428
112.61821301890993,188.58054040982708
193.0719638101446,168.39146252448506
18.420559564878868,59.38613169089537
184.7964417299457,14.166397871982669
152.09528838733146,179.57642615298903
28.92613311266871,25.703810219419623
99.37360679309182,64.27216399873467
131.32585661192115,106.44763915985574
126.43711872037011,80.17547184261163
178.0259250963376,19.588909008404343
32.94336840105256,41.37980117811138
163.90980040306462,15.80842926530715
71.16425209665213,126.52723982731978
33.93640786187965,46.66861356431432
36.491077634438746,10.98006398200145
101.73759894936191,72.70705286961461
177.0362982322462,15.711718736248235
156.55789482386066,166.31991104909955
40.77069213238621,183.47860462809444
131.87052546098596,97.91444316614825
57.18258334707361,119.06507273070089
112.5345740858327,170.40734420233053
45.78225132088871,28.22387045752629
162.78640250502602,149.33748274561495
116.5643397240272,27.93677805275422
126.356825005433,108.74974822036395
145.68954375429652,174.14405812007942
193.83472566612136,28.16616508236285
163.48631382787335,15.410971305470785
128.67025010568742,21.71539310395924
105.25612502580441,98.45157503632875
170.56129933928682,185.29741479365984
173.4930935868801,5.039967701418993
190.90665685005052,169.86892665091995
100.92474830973498,86.2766890530701
10.611377636355583,11.815375496462737
179.98025133326135,14.53930791506572
159.02405656201822,138.562175309916
182.67597356418608,154.24771006605155
72.26227535243115,173.41540639201452
131.5401389004859,34.836502346353384
52.62683573132942,142.54562276374
117.6759609781393,54.82695694142447
50.79251083496199,29.870048482096095
120.01609217350139,35.612853778570326
144.07140896043921,168.59383602362885
73.51032280394342,182.31546322804797
16.08837841259323,46.74204856558772
24.46155762697417,50.076298951438034
110.1782082340502,82.93462211428249
143.90215238608076,73.51305100480674
20.145532066805057,74.53799835816095
160.876616249941,159.35063476024678
45.45920329746981,20.10378777824449
53.524820818908104,11.007577074129467
31.541761840191,188.9173884970032
53.46646292338482,188.12440721658146
134.41304243697155,173.37432851353208
77.94396463962781,165.56734442377729
169.74003598948335,8.745052045665952
60.48337567465906,101.81547872990004
178.09336550356366,148.85233780617807
140.0389239255416,25.336942558960615
179.54376508781772,150.20921901254954
158.6984555204623,121.21392713378295
55.441806922172674,139.4624719623285
168.61630784228763,171.01580958262227
70.24320931639689,79.20882255994127
54.912511274348624,185.91394493167715
12.609484421700442,61.49270774335282
81.91624368976613,99.34605090124806
59.08265707180381,107.04378451009083
104.87341554710659,67.22510416642274
97.97549818167909,125.22492792115804
160.857936057893,118.69561286580965
110.11879732357833,180.4312704196325
179.55799142698322,161.70755036962703
131.24537822018343,17.76280486113799
164.38618883898567,168.58293582111656
126.76343928941992,44.10004518865379
21.693549976938556,131.1102759059608
108.08436223355618,110.14007803393147
100.89328315751249,94.98395372972433
56.81730000798995,74.40737653522662
183.16537744925276,35.790297812314975
127.32085157509593,167.03844279396748
149.27331033784944,99.8320609810593
18.21116835544695,60.17203637030454
77.91336225897233,191.92155019531455
165.3505603405075,41.22479488437587
19.121309924871092,27.8146475674677
157.27182540253546,157.12670145527133
13.514438148669948,167.4411615251558
107.58589812115989,23.41982399841109
148.66022045104722,86.48372256445579
95.34741132417525,100.42704028862826
181.7606621907357,45.54275046142181
99.70009798332727,13.689931674886125
46.20184282406313,18.21963625327305
79.84595095803711,102.66197468059202
158.86271767562596,173.03259415736275
15.249699553885765,142.8656969813792
118.21438192292118,55.34650003301018
166.1725689130979,8.267786289067198
72.85346921166541,84.76864400556157
54.30278910993357,84.92119055324054
93.11677473963799,124.75775429695491
55.32461214798414,33.159546005341674
37.18822566670235,193.2228640868292
75.08430185047776,175.57765776984573
177.20109573506886,181.8635493751665
31.533919746882397,195.59755806798353
118.546089384611,6.435357275034562
168.0128669231578,115.51707347732905
184.76329897720575,187.38666191990043
182.9504396047937,152.09820952861503
93.41432808884423,88.79234969218703
37.354794690722564,20.164653227299347
163.0831403462427,101.79575842924054
82.64315336354183,32.61998073003947
88.76497981614519,97.64815483179083
62.982429859769795,143.13712237304117
41.18883223591035,111.8704192115101
25.548360413921692,140.75136357782173
26.775001281272335,36.313089286859345
166.55537412816292,9.631343044038703
22.11568321895747,58.25825137361243
60.27013160744264,143.53744057259047
90.30500234545303,32.614998369237526
145.28572500156122,181.84746197549993
41.67742429049548,6.347597836991963
64.74727742139173,125.57163141186477
175.76628351409028,194.3601868634517
123.15128887369151,183.0609308670837
18.725901381320256,195.760703507436
100.13987315371052,41.16506141773906
14.677380134968859,26.48079707436229
82.47865360785717,24.644414074873968
126.1533569651692,95.49957334810294
190.3170577127449,27.449791996546537
89.24687317786955,29.7815752727027
192.93348010305147,18.007993058500997
94.56093291068258,83.72362402757776
157.9718757777057,169.919281125824
107.06528068933078,115.86002219463977
145.47507961335086,93.88083145648605
19.763162181215385,196.23085857961686
92.08299284823278,170.3066800582349
156.19896483405068,124.78801673699407
101.18674077599643,163.73920186786683
106.14081074540427,72.92522555882927
87.7788814701889,85.73180665253426
173.8222527672216,165.71747110579292
151.40525812884022,88.7661319023164
109.81013137194725,93.4925187716883
32.698123383522635,11.761251182587332
79.19497856529905,92.10183967211864
105.76006795185387,68.21800694583003
93.50413928016758,20.343010330825535
126.17370671876473,28.47091020731713
51.13784105753058,102.02175179370613
33.912744595963986,193.625946883143
100.98417592552266,18.989992836962493
111.6261903564688,102.84253125075794
132.87519241904502,178.58736286363776
100.63995004233364,129.35409828271145
29.820677620264345,179.54630680781275
118.51693250743578,73.67795576610813
22.393248844535936,182.89584311153237
38.88568058375505,14.861215381929396
78.33809595136988,95.23684071914714
143.75490026816396,6.621447243199065
116.52634755936832,114.20871555802877
43.126139244592686,85.46697128496535
106.54604534347044,47.299263916608695
47.45814583074273,172.44612057676113
113.13791975293269,20.23039338248644
169.20005969958385,148.6529973389948
192.19704114469445,18.258869274409243
21.849249510298808,172.5737523919458
173.33903497956996,192.25481446514786
183.11809552749483,148.38489632230412
60.06393955979454,82.73941015377122
182.64568681783354,162.6589279924997
70.16499488619695,120.4811487776504
193.03269988948236,171.94681032777632
117.27526114462924,36.484982731447275
89.46786973736045,12.604811193068876
153.1313569302261,93.56386520417283
122.31475866394626,108.09210620390621
110.66266627661015,190.31304215143606
16.98875756710381,168.9439061640744
146.44595630266156,179.48163534664783
107.00181762816555,183.83543751767218
63.55874059991339,172.81321985312317
82.7806661736807,154.3631350607839
193.57457180844315,20.235255211804986
6.503469540805111,42.58257738668203
64.2175073874206,105.05397280563446
184.23887367936626,42.94164343563823
144.74535580004047,76.30016691385792
34.45077774699543,132.0180460829646
179.7810128968303,161.70916169606892
179.71551565832237,152.80809575350068
156.62188202204388,140.25053623077073
63.6884992643552,26.214324263695495
116.66702295923585,36.86274193387261
178.1760849033405,192.89611862385635
35.26573792903898,82.65510838736567
110.69526855920498,36.559522050873355
153.2901126106972,68.4499630734776
62.900610931898726,145.04457892153488
108.2275337472422,73.71260160333632
88.34823406713939,8.419446970438873
64.21238189924007,144.33815077271404
139.33396438942165,100.19846929085622
10.743630150756978,31.718823391810837
165.93698320619174,157.5354616284605
140.6322445221774,76.05888518857985
106.0763944242099,55.741658165395606
131.11590684701918,183.74231239851437
104.10827137663493,24.56509729847109
164.50721753617324,19.726828773823158
12.210238850052415,194.78675543918646
60.65923569127023,104.94485888285467
168.35910128213143,12.033611255091094
69.18877758585418,39.67020702932389
165.71254666932748,195.62145515905303
63.14376657703257,117.60105105220084
114.97337441714386,95.98188252125802
72.32499232970531,81.92331571219258
57.48660437278848,108.81127289444576
193.2845398336827,128.85834047130095
110.55442324420373,84.27776485328965
95.63598800469332,37.59357832445837
90.14305889547569,189.66119204950468
69.24111231853914,127.0794281805038
9.923119512267098,33.73178564664074
61.41668461021716,170.6454135377069
163.79051009808938,36.41526928749671
49.027927280725514,138.59999078658657
171.5799513317842,148.76137038631035
100.41871984834358,88.30766383847269
18.595475699667354,48.183250068945455
194.99780393579195,36.84335392164279
50.68106147702262,179.95272561602974
42.13616245806654,128.45269958166284
10.147118572254083,48.312101893466995
112.10330574564041,191.0874425638106
144.27991875042588,170.24195733258412
24.930665175855733,21.791113701462823
144.86431741111718,104.52982777478906
65.32381391090834,139.5622784949103
51.69826556678437,111.56578194537931
71.62348511611316,98.424441823871
67.69703117238714,99.25627210433441
188.81988892017412,179.5144100066595
31.98225489405994,6.069108318887323
108.38881507749446,188.67611802484035
126.41444558485799,27.929210439713575
40.494390062636434,125.83215041993454
31.972971620466517,82.069526573255
118.53988694049212,6.3548401149825535
80.87915208576459,28.157221213572942
64.73010462346187,90.32712472196094
102.24016372938307,115.04460580384266
195.53840653053632,23.227081439151437
108.41825188050196,51.58155347126805
193.223468243428,20.03120619725509
127.57176552637368,81.67384889457853
194.8916060141608,15.651100898014722
183.82804432232956,157.4356418930239
99.6680483511355,14.915888442002004
135.30838751635642,92.7811329015305
68.78195092902476,113.9978269223743
73.26446001175105,103.61947206568051
19.904547219068032,34.35031407174034
192.80626547416443,180.44582114798558
77.02539766852298,130.6162499901273
89.39824231984599,90.11527481323702
188.05275839394787,116.93595849448488
126.14722213500272,22.647856914322603
36.3946157430522,185.6601023787368
55.16727050130203,91.15946507921659
90.54601652298423,5.911509159414227
35.011694106533376,138.29508845631
7.99176961497445,20.236145308210247
71.43782699921378,39.996572557664905
117.78069584971186,28.130245142071765
165.74583080315628,109.88347547103861
43.08399270046471,91.20093266097044
149.9811256790875,19.241793858769572
59.892310098794184,87.35099881872257
44.119182059785224,93.5425609270114
99.42282355249922,44.33087217171494
175.55157502412155,161.1138340956124
174.23018333408547,28.570564760251287
46.20465941441265,141.58110332045706
99.89481780247894,93.21200598164754
56.48456526041443,101.93817501661705
43.14799745412692,90.03616276889382
181.27567815857302,37.50929745337707
170.02104617126776,6.16237642802626
91.47227424703678,145.045630515006
11.83030230543251,61.75500584633863
73.58850863806623,129.29153848932788
141.07367490554884,186.0599916043326
194.94956972449114,182.3456343241686
179.61329257882474,178.60079552982972
25.704979711635826,48.90612317716709
111.95077162039105,6.663154256297488
40.236930951991404,30.421677401895547
95.29537952161496,163.8929412252404
120.02692434638013,92.33340953298465
68.5016689753887,105.57093728915183
92.57910052504953,15.569259188967147
33.0030395089326,34.92697602072518
43.27047859883056,138.5024969660822
30.13328337102762,172.05272175605248
48.6718150590363,17.91969824068494
35.04584370203141,167.18216350377273
175.84546398908586,18.096103485562445
89.07357350074099,150.85003859702127
183.06025156962338,115.04809677804117
140.238419633664,29.472916948452998
17.556760389961514,183.9194389275361
77.73204284429168,150.87480528500734
56.89161379636251,131.22324891022157
158.21634705272209,172.91560878982708
160.98422056711547,90.3095225715795
38.15368264297733,18.180674225545552
120.34109795608832,121.66743720483971
99.65336073698818,10.106285926815042
183.61831812372387,31.906303989390555
69.77790759256416,124.04419579727708
81.2686454669617,152.07652276421095
92.27750550683871,152.66884963974263
94.91561043328129,138.20693592086013
135.5775014098851,178.73615639669143
89.87599603926705,11.25554043753416
166.1284065012813,11.65952845973274
37.1278357302914,173.3402365408128
70.21749832595354,138.35682454025357
108.01440233377296,24.955961179383504
192.99145063582154,152.93245418828528
153.66633635856954,43.61344454080427
98.5421913936732,37.61829208097922
40.06622999781998,15.607125134332188
178.40308116404748,43.13464798440622
140.33353543622383,6.93686754204081
66.89996386060095,187.23971342445222
54.47876128830031,141.9803889659363
189.2228348090714,154.26223011153476
143.15208534885593,21.50313192118012
25.462431521584755,81.38604963169271
92.8590528055397,153.04400849279676
88.77735707275343,129.13030309664452
142.32879162144994,10.982041616709072
180.9996368684506,28.875255084722625
110.20750995862745,19.262489758128567
5.166885279297061,100.01191235937881
159.3574414149361,98.87300788773585
46.8508634521275,23.017121354253348
111.19820308167871,110.45855630543959
164.9208821719076,43.26338756266238
59.63156704579578,184.04464889598725
72.00868713976746,102.25137247111768
181.470068024544,181.92228311815373
189.95119076862136,120.31250116527491
189.55110149523478,173.54043635562118
191.6912427388593,4.995235946692445
113.91121889731365,75.00586308558549
129.47795090375496,164.3035849535367
171.79430348971425,188.12267360452373
150.41988850111812,20.596023252946587
63.51663917560168,7.22653483656971
56.833876865600324,132.7296897095297
58.23668721674794,17.985181748324287
17.609081794612525,82.80374190938113
158.32347065285225,26.842239297955192
49.92187819195259,28.245551078764198
159.79237781262978,42.08961129875183
141.5868054105927,22.398052866037514
91.31331958615988,97.4747299620892
101.52837545174114,100.83785826941445
76.7602282081484,196.09815976551795
156.87063881714116,15.444213962303646
172.07444537897618,16.50265088326439
146.6963220302031,67.3801511062255
122.04085968330965,97.79245493943927
97.70908122797019,180.23223124501112
40.10326443670507,21.69297386585092
187.56331941398975,28.384166561920505
7.062707443564126,22.772821190421094
76.46572325396521,163.30332493345884
97.6361377101445,191.6517177388299
31.871460362611813,45.72447236882154
11.030529240895692,38.49372956971216
51.54827467719322,24.464180579181793
112.11358549465973,34.71591798841491
74.5653518337104,165.67216658539448
100.75484825055942,178.22034293217584
196.1340438580208,142.0604919521787
93.90645415465143,183.9758975527193
183.54351153842745,44.069755237423784
117.79299527964882,47.60014171293689
90.77902137968412,115.30605110562387
9.669422818357651,68.22171260298664
30.631898666529253,7.08629682598564
38.00288481019838,17.793915028535395
59.540896995659146,107.76344624730709
63.3928796607823,7.497654177147192
78.91102025396428,111.48367730140568
104.68015930341238,32.01807960175169
17.25423948172131,50.33096238828158
29.880030241691536,143.1400266427982
170.3950940195103,186.2942510332286
72.63556237528019,138.0893428234319
63.04936250413776,86.39167651580892
12.13278419188255,35.15327605456159
131.47986479554007,70.97495152756261
35.08352124739817,49.98868987374292
98.37542329991987,192.27846061206628
162.55944288664685,35.52307807533025
138.78757523415396,89.68101025501136
96.77959152403622,134.63396814026171
110.72449545432488,127.96257171371136
24.97579097409241,140.02907850782384
29.28599200138427,169.94055661022566
79.07300189344713,33.68426344388275
77.20245910262332,160.30685778492833
87.28769669947388,129.43706767046208
143.56422679150796,8.329253043704991
163.39951614073289,170.5512097529343
187.73856769344445,5.3161694134121475
125.25540933718244,181.82510857494987
79.07112507722803,149.90144307232202
192.80751422169396,140.17651180447913
162.9159606518027,93.59398403876777
158.58905285903128,166.68681137604722
94.49955798562719,41.73737806352662
6.620468685650279,138.3216474732058
191.13928394023335,7.5779395458102226
31.76853589605094,171.75687291649862
109.63292156647769,180.1514701041742
30.999897302351073,169.71639403878555
22.27311954513932,195.63198770711838
186.49114339142872,44.89937278347521
106.8706309246288,123.29375221604182
148.05288233970109,180.8883614418195
64.04323975539197,76.33830588102569
7.996754274078011,86.8607162380957
89.82274914252469,100.69921877977153
69.76686761168375,189.98469511890858
145.1335995393553,109.42486106605564
97.03849799357546,169.16362486738856
5.943598358328794,104.51924782130665
53.54025063500817,81.5331873602829
126.70303841245577,26.372922947477736
74.6724815673466,79.27889055617446
150.2485829827706,163.41739605996898
101.99327950090635,41.09408592780888
65.39829254900152,131.95377295851395
145.92349528373862,68.94263911327121
43.996994176301556,8.971227394995166
10.179667950786556,19.640866372979293
25.164076842854886,186.68886238514534
42.30155089039294,144.56646002822603
114.771249598358,170.012264352826
106.71640839129574,10.049286223464474
191.948926148179,24.45995917564912
162.68375831372853,193.85665078694882
76.70488574212713,21.01704565946385
88.52594962058302,25.581664434239208
73.90509869367642,191.18856012647106
12.528564332941556,180.54001375732824
196.84430380069858,157.30744067029707
192.29646319939764,44.80954054799603
124.6643255168318,181.9146052491954
151.91827776154375,180.6119548021995
72.53763265188256,132.78954752543552
179.46680307736474,6.7843116603936
64.01373126843085,90.39969060358743
163.60660012382866,191.64026005646838
147.86740074572234,94.81167984578235
15.355887675817323,19.776244297478993
38.28923532164611,132.68591224622656
108.95238059819489,193.0897084950825
15.025006966142927,195.89343773810293
71.35456077217682,138.629430827486
66.47029968466552,110.65769553167003
164.12863660409917,162.2239968875122
137.67928716123964,90.33392880996222
85.96728936950362,114.12393435999476
59.26842972758759,26.509638467044013
133.1358353339369,11.863493012495823
154.95422815677995,31.12796349245587
88.33667870989508,195.07262030374181
116.44668979736444,66.8260377098933
80.51032774750053,94.8107696948272
191.81321017923267,177.41048692598176
98.65268503615465,164.51965440125684
62.071559486168454,189.3504585754887
196.75228334211712,186.44261946693686
89.45598450730819,29.000756301804284
103.79372982139176,89.39677623229073
13.206236829703471,67.29952912212534
186.20356190424894,187.69515175921654
153.40364397360602,43.595076903318116
20.20819964684769,64.21787173483942
12.8392127466198,16.390676911597243
74.23841830957375,141.8288602258979
13.33342802332336,80.35363623246869
5.072056618822904,112.57378033197391
118.6774067619986,25.118232134245297
54.15640042548341,113.56877350484123
67.6243420092944,93.3060375231239
46.37362355827094,86.27701474009247
195.11704088296227,116.89599965220002
5.706740643383443,196.88059999052902
152.35308109644637,94.39214569369041
125.35732899619319,84.78977540678403
80.50007312223842,180.06026716623782
128.09554669370078,21.310280452429648
94.74601448830325,166.31084711064807
137.15809174762282,179.82775773970354
15.845925022605886,84.03812132016796
87.25627413331912,115.47002685480356
9.641367512538718,167.27487093946743
66.27527296427672,98.03743426207835
80.81162582463433,40.03275173157399
194.154181426223,165.1799622406614
76.00099981139057,146.54695411963388
186.57538236134687,169.85894810323572
8.583409198902373,171.90668955813982
54.960011966344325,174.2223747200098
15.147533522624613,36.351278620503784
190.97108479221683,168.43001029610647
125.5419927946701,98.84925178945164
187.32898199784714,185.40153840851997
105.28478145755,86.86870083184678
130.21944769420392,178.01954297332492
118.55926873834369,105.22318757350213
27.24365638923638,9.11622663925878
52.16188277006837,195.1646970698502
191.40622867894567,162.6030406720003
78.61047772793837,196.21277632735604
115.36370483114456,189.37573977549224
113.1039566331977,77.6383235479744
48.36811900579572,140.88277380161048
137.3100510192883,166.18538920534968
154.1875562233437,175.73201678805302
9.438355539099714,49.181892383349336
86.35624302307272,34.79778641830962
9.5717430535618,183.02786458027802
105.00569558405053,57.01836002459393
38.97193030405382,176.3092739624305
111.67295447312031,37.19762947112948
170.27780141391779,8.809722347671906
171.80854739630965,153.32422106814073
82.14321543213026,31.327829244088132
129.1573641271777,195.21934518621023
157.5062514632427,184.15038874242464
156.31398315377584,126.83060520815374
132.2256133229617,165.9477906720157
169.52492254870631,43.60404073895478
155.49979047283725,123.14503977577864
182.76204501138875,8.459006462124622
88.18315270181066,22.136592790565928
110.60680113071548,100.90038521256395
126.92055501396541,86.19774017892563
80.63324235747116,156.61256701117708
82.62408311928986,95.47366516108768
102.85359160326561,163.7318115576686
140.6794132813221,34.568596738902464
25.045007328637272,136.40775724396659
58.950922556832516,168.37492562015333
15.020005997380352,55.387303237283966
72.7171635223633,185.82122012067214
177.72591244089102,149.98353517314686
162.13619820154813,77.75118398443274
14.715915428988314,49.22076098152596
37.901187478909634,143.87243568904856
100.24773331124068,96.64527460341606
111.70101515428776,120.94726546224021
66.80607612022263,104.46644702818729
129.50455723331217,102.1661744956203
13.757766105809967,33.401792590346325
93.30466597303312,173.6907851378666
184.26342138122777,14.406102448070737
159.3878578480179,155.8154147196719
39.55806261763388,93.79680518068614
26.259253379977938,40.07446286055805
194.3783310394651,155.4553947441053
9.785918048712807,31.25812588748259
94.12140803077826,47.224979519438676
165.44673523572044,174.9392556340444
60.792136733607535,29.19667667259373
179.27094841787138,172.36773393243365
153.15980570709664,108.3074203049167
80.24430813340935,185.4439518885868
118.83269547122586,195.35064493934374
38.37536803906825,168.10847288163626
55.30849791613311,167.86354699219922
171.26849209906248,169.34969729750503
61.06485858090281,94.88563359425596
138.6003050423805,38.31480618457963
94.55669778791757,93.91527449008744
166.39844439217939,188.49544603732483
21.301816999061664,132.6097666582293
80.5169424471588,134.7918751036864
91.00029218812398,124.20556090855538
79.33027560624954,164.4900375108258
81.27183711363071,170.5928707039214
95.91020309868433,129.84221860374265
91.2811870765316,17.906261074684792
64.59587016567068,123.60402746315049
18.6043297074148,144.21358812650732
77.70151699859704,180.7564346980347
104.50640862937873,46.8834071203559
88.00670762874717,112.05203762454616
196.0965917034927,162.1025318762672
185.65559777343728,150.25987087315048
151.94162308094397,88.8967848486021
141.56383321156162,10.28580833198119
55.60166050464084,9.365016278571321
68.83472992442691,88.48346393123789
129.31314681021607,171.37570102187834
82.70317253794077,173.25228669230682
81.67736672822622,86.60826111250175
105.7555874413545,40.89573869893101
74.72783949092825,173.75748805648723
130.59461899191854,72.03912646945466
60.368027747420214,128.38707842454207
148.22537659571807,36.98738468784466
185.80374453996083,151.666235093528
92.30711199806821,100.45532336504158
146.07833539977818,16.463988060952268
11.165444579584848,145.19268610489075
21.704373017610713,70.728910474799
112.62922032620486,163.75728276089512
129.44792129362844,170.13420944501613
122.05832722489127,10.560563960967535
134.26822745586438,85.20134700800135
132.40725980121096,36.21134814702284
88.02632042998239,157.05977536757365
43.71125478941201,120.25518771510909
140.225116183382,77.05961158888663
7.860698384303969,73.97548312615122
151.48161155209377,191.92833234074538
22.375656839758534,63.42741825554978
140.73178829206697,184.93703531393402
144.6007064747011,96.54594644440564
171.16782717285085,189.93747873542196
8.616367079199174,181.8390849826154
34.57202481807774,23.78719910448701
196.652403352405,73.2015299735787
83.14800943778911,105.49295789264042
29.083790797252195,11.255036917664452
163.20837679011075,14.521457395562791
62.04981673948917,95.1164161727865
51.870964766563084,21.015503526275936
42.12165558951718,31.339540821148137
147.73177446236963,177.43261494008613
187.13990230408416,173.45308680049328
75.01354070454441,191.561414688756
182.0476873149236,5.122063779142672
122.94580600717747,54.32463013653903
14.036727419820869,137.2937256601993
140.58403677990492,85.91836238721052
121.16795673451605,30.835657177832836
172.11792398133332,25.67183871947043
90.99369376740758,20.62681356411571
147.75273612417087,105.30049945105809
139.69237737947307,190.46748395032583
142.59027099669285,84.33973128622166
25.64160903773527,30.055645387830097
173.718843357032,30.99156857727649
169.21093211648554,162.88651363606184
139.15552817942125,106.31540757768218
103.99796924483839,22.742208136684553
99.46729638839963,97.71941969869756
92.0897159960203,93.33352730562032
22.460678476851964,85.0034201574212
60.31141919261095,109.63890372551948
105.83343456994571,81.01440451788883
122.72341385700402,11.246293205321484
126.2571985830441,66.02705287080023
162.3492853989943,193.88346292532813
165.6526270123391,21.63617752098689
190.60146042554254,113.63083774014603
82.78151461995165,98.19729123001362
49.178722862120594,87.81967715444598
38.105883529964466,173.92396176454537
104.13404387561805,182.67987577403764
23.488475555230675,32.2868366639595
16.25264761233088,191.8235643063684
101.18291924654525,85.54994010630661
123.90046017784076,9.455061231896797
46.65838588115874,7.467911974699595
29.31981881107141,24.249780934280654
175.78274021360966,44.331715944114336
93.35499648809845,130.35199934973082
88.85616694164314,20.47202829614765
26.197643190778162,187.97910158380702
90.86661549130764,147.49930101521417
162.23592344742642,18.036595950590478
38.961158295957105,177.26232211415123
147.6721927420308,181.74029214119142
87.05517291607258,10.584207986132924
58.2484414223298,76.99327511375202
81.96634817046798,94.36002793152568
86.03152770101094,111.8164702997384
59.02533849939746,141.2871921761799
151.7874050745762,38.79748417864922
170.3058407048367,10.24146000143109
127.08978742680645,37.16084800372125
192.38514138603247,123.46871948044162
24.895519799095112,131.39052854241487
179.11449064807357,21.375320637996477
60.15836267891273,188.90265787262427
133.16591781934582,37.79747622062979
129.15209099711734,31.37122328187487
110.51478884067804,20.901486151941132
190.6402965962158,150.0627685158947
51.04228044143313,92.60587414021103
43.53248916917055,139.34870226139626
108.43325749213558,182.30082889707364
109.44454449791905,64.12579537969455
27.785885619571694,177.9684302154492
87.48372394620179,90.38550029727759
72.73207012757476,33.34845886262638
163.97413356522497,158.1763315338274
102.12954618930762,181.7263432872854
134.51629897134615,19.223634216438178
161.93464807774822,90.79571240757683
104.00330197392852,23.300359625313284
45.92625677978985,125.34506640732033
109.6940582359554,85.9413313595411
119.59906388661122,71.9095621367992
130.3077829663604,102.95173318156633
159.72041709929687,158.81663713653373
93.42399327842004,163.39144172741578
70.79514077091504,33.15176498767102
23.651298090881525,32.5183809900637
109.32192591354791,98.5891334313751
116.56572644751351,76.6779676226938
136.86504631767374,187.6194364798604
149.4578579319518,182.81442364947173
169.0349546665467,13.133376753830627
157.69024730071064,126.63598776570336
81.4013977416078,83.71398456700203
159.40691274271856,163.7982722302145
56.679197211213534,100.62352243566272
167.865148001995,30.470504804221775
78.80455542209313,11.247123548690833
193.9320978307377,172.23361570567525
50.132909881427125,114.0468913111752
85.78580805598095,10.016441697198061
5.511224982175562,115.74035080650407
99.00185360708592,181.30747402776808
123.73808592694044,63.881041604062624
90.78315297082942,120.44449588687581
72.94629849489772,184.5466295681891
169.04675225152968,22.645059960510405
62.75811649713895,80.4157917643354
187.15630585068348,170.64480941755764
150.94614104798003,73.74461442519625
167.70734286326373,185.38532242283497
144.0106088258754,27.012627278304745
135.57990703750565,40.693698321101095
168.90171901877596,110.1849631671794
68.39855588096357,82.62903652741623
30.359478979467866,183.76714298322128
72.68021923104776,110.60444463946877
114.086580603898,9.416077387871939
62.93393186650359,108.90199941349354
82.43539595471508,146.59877677197437
54.0451532936688,77.8892409572611
117.1165083851104,82.86872986172192
35.279168559426815,16.59798344878359
114.34552839274244,49.40799773814975
179.85031700908837,42.3445397639734
75.92983644504488,102.10108591434472
49.66783515787806,177.81738558816585
144.8311564859167,26.737018790799382
173.07968816685835,175.02286422221115
117.28660934200025,16.008356786653568
42.94278499237712,92.48367874855133
104.3234247301102,59.08468154049781
111.26132684522904,122.9824234803788
72.21181053478972,22.096400847239288
70.85833194318452,81.39088876956981
38.34104849839982,10.220831601358707
74.94939301394062,133.19052283881518
8.499723523530685,13.23757730562588
16.66223872255962,176.97490635118015
127.20292458779497,92.17540842006711
85.9113541858683,195.57718524759366
195.7906077233744,156.19350677988703
168.49264283749315,115.4646013654279
25.298918866125593,8.813675945187429
166.5561168092114,191.90039590329772
163.6480411076217,191.58328911384353
139.7231009581716,176.99979333194273
48.971776752352525,6.277243335644132
81.08448544832599,154.40170632728476
80.83232142037708,32.71035109252099
72.59567039658677,195.9261439833823
114.96605892423729,163.98354203509246
6.324163918101469,66.24010133495209
17.68435553728876,60.252061129865744
102.6816278859953,109.67985524607076
72.35351535232735,108.84975280270682
68.50685231813452,186.8187975222855
78.78625878231276,131.38135462551318
103.3160122361097,184.27685001723765
115.37047084186324,47.13938477858742
81.10213581193113,84.49634874311633
174.53643840921129,117.21193362097843
46.18464408878446,83.11607895934189
80.6391193778404,143.33287644185782
34.84632487033379,41.346714643262246
5.010691364658085,138.66590647851407
78.38764034750075,97.21407626697342
74.65105986951679,27.050215931295323
114.36438344177174,179.09468798254682
121.6718490502795,175.9166759749038
16.98844796828556,138.0400847198412
76.50424783768807,136.1485457297466
101.1384088531172,43.92328285459534
18.97245193009362,53.718745649027056
154.67630115336218,6.832750808090623
155.05934986274752,127.85572364763267
15.2597547905913,141.56363793425177
116.98218881880653,55.0930886196561
183.83916470378702,117.27911876867238
140.566270228317,13.615401256401526
183.9046573805871,192.785482421904
29.159502177118096,11.366855045454633
106.48724506152801,83.83550852605221
104.5430767417704,65.63149363033432
38.96822911357175,193.10443585684607
7.526149146175165,34.629302441717314
118.1908299338418,8.206289777745695
125.07200273962496,39.63730111184694
143.10029614125395,28.2817708895133
9.944875184677649,85.73864541011523
45.3419498098379,190.56886290989897
174.0945154924709,44.43118467323835
164.09846711235085,28.08422775353908
160.13443935337864,189.35342378821724
147.20284888828147,188.56870750684223
46.842152670074505,102.33411137119394
147.57835930508458,111.26805658913148
120.27006673142566,13.431483724719582
166.32133212792823,17.672754220115902
118.82199870433111,165.40039634759938
146.51181051111737,185.23789232283505
120.04546832602789,9.398112537960602
121.0263305788687,168.24058140378136
104.93668119928526,186.66633587994428
7.583009681371473,74.56904857253114
40.73590066260102,140.68526580482546
75.3008490578632,27.856576911527576
110.11464820784124,83.13911095586207
161.35596476947163,146.8188446921199
35.95829803049325,12.093933729300996
79.67383100422927,142.84157341543616
92.0703784012262,171.12183006835497
117.74875240332494,14.126926349149842
79.64549469327383,108.21733511728428
44.847382729196084,125.78701308131107
48.37350202711648,19.61964535486938
76.34629922929734,90.01799754627883
141.52003560022777,173.90178120441675
142.98160279868827,90.7653440529193
179.74369447953234,30.002577512815616
22.561661914504313,136.02549603797036
167.2954048548736,18.574380548202033
31.776875543103678,25.76358554189938
22.19984838269119,14.978292720420617
145.58946736094802,181.1343317764316
69.17222647593198,91.64750936318474
82.1875720529608,101.80716576729496
191.4682670426476,184.99744013714297
21.109457140427484,56.65666724269115
193.74941414024102,174.73451271941704
123.2534172871201,26.25617346683068
26.58097261033625,27.57486990937024
62.61898544219914,137.59539823417467
132.64299176922748,69.34872913221908
39.73811630199337,131.98345227923951
177.2431964139666,66.07896932367787
134.94223687555296,182.33066734694134
184.37089411812613,20.73354513301482
88.60100512540546,149.03392174708705
144.25937543493168,110.11508171137729
108.00406782911666,14.664905318721555
127.75733369340495,166.40651735834837
107.95722709654086,176.42530720495208
91.31242163493182,131.27573861262522
181.6212166715252,192.34917589577017
108.94935070350215,108.70606578334657
195.79539845040554,12.69441007765339
39.591428231127516,85.66627344366175
170.92755138853371,159.9086972360789
151.46587719375808,177.65436155701022
143.1795094997839,182.06694902945978
121.88071738784366,35.962922278266326
104.98472452080789,54.81350504186308
44.357228442400874,32.76810064978384
95.36115373150614,35.16772833220879
53.318747390770746,128.63934180814712
20.54039539942521,77.7637551136684
196.85596129527343,138.67574056207124
96.09092882677736,90.63002143903744
178.54960588028936,22.558618430012622
160.31940136656652,195.73617411084652
111.76831308534499,94.34451452976299
49.83494750978237,105.56341642478576
72.05496614950289,8.569548471140576
102.18295049893666,95.57907976301875
120.7959380561877,173.62266065470817
30.744454019159473,25.908046027434956
147.01145292351237,106.54521022192452
109.17190589571506,48.16018957317034
88.42380246951066,194.49781310796806
128.96841055479464,184.54416570259266
107.76697896080296,58.95117087912076
90.53819778586056,80.11685318842235
98.57356457488356,174.91401385563162
6.488440087396858,135.21668519470668
97.13874316879794,184.5107026421663
18.656659296390497,46.22451185549138
138.5081947884804,99.7554715209521
15.965108702500372,5.047583915886848
96.73861270806913,15.244883666699172
17.06651870374471,167.64251426692985
16.481635074562806,74.4865909251288
75.56390603402794,163.947384943728
8.854992219821405,87.15247397264272
42.526455501000314,176.97786477630146
86.01772766389409,47.76815198776978
75.07105463292484,21.19616911570098
17.586563034158736,196.60522956289503
54.53057450753597,135.0271391199822
41.725515765052776,142.32279331034377
37.83301204468789,185.0580194959635
17.45339970582319,140.37883278711593
65.75141416555144,38.38613665651329
168.66789165415324,26.6920772990738
63.93730556101749,23.740895113281482
130.5101375873612,10.037675569483769
136.26970784287516,111.04006782437419
189.74602194496808,38.671508503132614
61.88064091876104,192.00298990856083
64.48299896116283,141.19078585231526
108.18864163984689,82.10403106295527
151.7454336642214,67.79821417415857
131.95363534904814,84.8009679701098
158.36338905816024,12.650716277926408
149.86486020863373,193.19943047718886
161.79989183560204,155.9347003057527
136.3018758766048,7.37686696371148
78.52554818314198,83.55241503213534
120.76433203180432,190.56831687180718
103.27805156608942,42.31122115174474
49.9518277194235,172.9695879719477
82.9326361758514,36.67366697304534
114.84676923354077,7.582731495543794
109.64038330459194,23.228177143285144
143.53829504671438,162.3065171682048
156.80869036319072,119.72333230547754
25.990951343775475,173.68075429134393
30.309267100929098,166.29904873961928
195.62962857061942,157.44642093456775
84.03197009302319,146.53998531534654
53.59338476282693,124.86198728547905
112.13499839726632,87.24746794369449
19.583846549430852,144.25169144307327
35.469627850238325,86.78428495676941
5.793014217840804,173.341039738402
94.95388943350778,139.70458873129928
19.635819223286465,144.71415445314224
156.78671630806397,89.29591249189326
154.70467964298345,163.78517862252312
68.5004763193259,25.230069291421174
45.45363114256635,88.54701586490079
39.37169941854517,23.763452573649403
128.38173162847306,170.38958382173078
146.04552909092206,169.39829433997443
137.9715316951558,42.04030638272333
80.81713675456888,91.46839810008518
48.81844926027803,26.931772949258974
65.30889311384179,91.4561253691575
159.0941007526034,182.8026581422151
100.1932761373669,53.48426674325026
96.55485083564729,193.68644081791987
118.91848221617539,39.56449923441792
43.10225747733911,103.68032120396745
155.20187899348264,145.7511457905894
93.95914538889376,13.040052113498632
99.37901130660612,183.03354488802088
148.1235543864291,79.3325485898083
186.69927870661004,168.21000086608865
132.76684287446193,8.115297102436081
122.91849851884425,87.37856739402552
175.2814578227622,170.66366871544108
192.61699457338773,9.677757538790825
75.28214647016749,113.47918807146677
81.15932421470335,108.43688298510638
75.08682304785141,134.304585723829
67.95714545054767,113.3563986796815
116.50287579592329,17.647319717640784
168.7182874114881,160.83912860655394
59.917282809944055,174.02367751051813
46.78014644384196,170.94470211054335
139.3992484277732,40.99836115011222
9.849012875699609,187.63658725629227
72.94713929977614,25.774873850943667
102.20935557317186,31.475477870991273
181.8805955203794,157.4766159196342
141.70480242126914,170.69747286528371
54.45661035934704,103.50523165904336
21.28014467105579,29.320579450130985
153.5685141718645,82.47041474914725
132.1654617158045,45.61699155129259
113.2771980029646,61.00867942011735
96.64491343873006,94.45750231318064
24.09637194445082,192.09346588287127
23.181976864272062,168.03624634726646
122.12796838355726,44.8857562555317
87.89398457503859,31.3379962204193
55.45425916163036,195.40401724071486
43.49830892908815,141.69423516403396
116.51199967170933,82.35435401869033
38.68684794786788,140.32668890524806
53.42905554670372,168.2396585532031
123.45262977813623,76.12541778972304
133.51561339623237,70.49412603947209
136.4521202747407,34.96709660788484
155.00183144862393,181.40468403040666
109.12650594627269,57.979817769846726
178.56117565114508,26.295231837127936
156.46775364067665,139.35726614655235
80.44190886556139,36.728277928363
45.0270347179272,173.4713316205457
6.329146857708213,42.51417022821562
35.195739240188004,82.23435794018673
98.11725875978226,96.18717336012722
17.50259169686676,24.26487710414261
120.1858005172493,15.59971994377907
22.691296111899682,186.6003013373723
169.58119944821516,5.523957023422264
116.30188686441174,39.72330609347488
19.565929074900414,131.88474437140465
69.89143667748831,178.33690940392145
73.37415941440611,141.3781141484896
179.77305588312808,153.67273639668412
90.79525626103023,121.43982073621726
45.757996828602536,9.524204055144533
160.38333816197985,87.6346714724463
153.7990034744587,101.93750609203893
121.9062575597672,37.562089288648586
34.3490352149247,50.34568112251986
121.4642828319106,84.12414992442551
66.86267334172233,77.2025359963206
191.77725128288807,148.72569255478982
115.35973779463993,20.32195721193255
142.0876036858375,98.22732306138587
128.98948053919946,70.97738937293259
55.18012917209705,81.71206134145548
124.36049986313432,37.82760024012031
195.75854338352207,172.3402499305409
80.39940495532059,34.91752763486951
54.56447063855604,82.08838929864322
102.07476967915595,53.33733659493163
54.04369210205264,185.8464942704938
157.97375732283587,111.36204024896708
43.61068696971573,17.864348239293864
126.96698102221546,92.25800093905943
7.7521736209732826,16.868413638390166
102.03580635980175,184.3209528470225
52.69865313580753,100.30781454749166
17.74526817421244,61.2527176625609
177.43325917483753,67.11085235259652
167.97502050627847,113.32739333009884
148.21244067268796,27.167362192604422
43.92244032684547,124.69136777640982
9.763693778428877,133.60782333401465
59.698021027378516,79.3434487183492
59.936990618432475,138.09658548595172
152.89082988052496,195.8090157254965
117.87275713330247,117.70335029846915
81.31835898904441,168.97121083251625
174.85806597070444,43.39738588664661
21.83793508718081,47.96218211910469
178.66100274359653,44.52418111835906
176.39462643519707,170.75278107623242
70.18759536954504,190.67407288023426
172.9328852426699,19.207398829590684
106.7507549578901,196.13835361660912
152.01188038435677,42.9539689470365
131.0193561323013,9.797180184147626
157.88665782849316,115.42551977510932
9.018748727091104,56.18144935521543
69.23703523744365,116.19464826510514
193.93304383325807,179.5695266372829
20.86863309520361,11.826079486588782
97.58291527098982,173.5539590322114
156.87231500313993,147.53802323831542
97.78729771678844,121.11844656611888
170.11124555408648,29.54995122755089
129.1560823444979,193.24581065975036
158.80341872500247,111.5708594843233
148.5972854784818,92.06777711714406
71.15163907843923,84.46553619338442
8.439248562489206,23.096318269380767
92.36277089200601,102.60464442239824
119.42396539746422,52.87341703583764
182.11724521596128,159.8522085542686
39.27978163746889,6.953365456571054
139.52951032793013,39.82434094178665
7.872652225001298,32.697267768458445
132.0393021154232,81.16089961614082
65.36077926462195,124.37501578614244
23.023236734213697,139.6863741039983
24.38432779735939,52.212262146591684
160.55802381753912,43.287480843294794
98.77702813826744,177.8761608436286
50.53504225509571,193.43987652003722
84.64245491727007,183.70428279337696
83.89349668312173,23.925794286876847
91.42521572205926,97.64209243530598
88.48823180006286,196.85659900711272
28.34616292217029,13.102005399380172
72.1014779849942,116.65020275974652
79.34053579020055,114.33596666807327
117.45632516470727,44.072365620609006
55.248947794683495,123.32842674043863
160.7898644263765,187.15770700330089
106.3517461866576,47.81331963708788
109.75452156046846,110.53510603654283
141.86254171920518,186.55260034117092
133.63659292012795,166.10090599097032
176.50763789723032,11.278123049151588
41.60702551611334,89.97914264729391
71.61225016525508,179.76797748143304
144.49690148159604,67.58067359061637
33.765826306081,173.74035186137016
97.69725345576461,43.59111435657882
107.86378407925886,112.66766575167028
137.55254653376758,20.84927513813537
84.4600323219251,134.30234527997743
153.55396757546583,170.97254924718453
28.423320773988525,19.42126159994825
193.40056310967293,162.7294737902053
29.63422076334801,143.2945590931517
190.22932842960063,36.44836446696486
132.95601344021753,189.1060544619093
115.61282156731411,43.48270865197918
43.472810298378754,194.29782154715866
65.08844030946815,29.173044104859578
81.59462382244891,106.61742711640174
124.33684559379844,169.49254333288923
67.3347788333477,89.5010607149152
53.5665475971,90.01430697272565
6.622668741408399,38.094825382637694
91.08366618272602,45.93256378774688
178.38573258940025,40.20309005242353
99.26845006044115,84.0388644019937
121.27237095694132,97.36526327421188
73.84273596062485,137.35405264684456
154.15102471818741,85.25176699655346
40.64563283469076,103.82496094503648
171.91616656376283,160.02543682113532
173.5070539503092,156.6936077871179
184.27612628847754,153.63055084572608
177.79660590027345,5.353264367737475
156.92729004271348,71.3488747343346
91.18213506270747,105.70850701582069
152.4219967812332,99.31963925118329
131.07421997991446,28.27379813033735
90.3618192122209,84.7014886145368
116.61223903370428,7.313317073378699
136.59645243563446,16.873590654114572
161.20569075746923,97.58839172587422
68.52278534779641,20.66098515990372
141.18830460244087,5.304266719932795
80.53340877191326,165.9422168329166
192.43221537998733,141.0307494216132
86.76313338519627,139.44709848982473
41.47849394804098,139.63303827154127
63.890068252425245,135.95559530658562
139.6080095022871,187.3615887134277
129.4929249557827,70.03795415572475
133.2693845075565,182.48148753317673
173.3915083322568,20.223940619878647
94.17645376520915,43.36732152900208
152.50517463808896,99.06289757234174
20.873761356461145,12.849221158691456
192.97678114431386,21.359269331331994
32.94477916998936,16.86029626292798
28.541715106355984,85.5443285629526
196.3566221916162,120.32533146472569
33.09176096664887,142.14273695764302
117.18297881191522,6.410339395207332
32.32863622752825,14.820550866058932
113.24221177010033,191.892514704954
182.71400546742044,185.69034731555666
145.6882005915516,187.10491380995055
131.9398633700656,107.8643560256873
9.224834353588571,81.99028976840042
67.18957560847959,131.1479290393776
83.12256434082789,21.187325393858412
160.50273385039043,86.41841872792875
28.84401484966792,169.20564306843943
74.57185206043897,28.140267657459113
159.18941752610468,139.3347507584559
87.85072593949492,134.43061066292566
14.16896053725922,28.608651577007368
104.30852250269524,12.102120114770555
169.38971867917695,189.34599296665502
75.91828763645313,194.2603408586744
30.59104862455855,18.77144599169294
169.23048329253905,183.47517774135918
63.07708687806171,175.40465480488177
133.64582174724094,185.63453186783562
104.23864117301272,129.1474318523063
190.5301790148851,158.54902748288362
169.55861116859194,171.46055495082814
53.83652391272506,121.75361290058866
59.18709296740319,94.26704315433511
11.140494223164092,137.65830005643883
196.67384663248274,19.059752221452595
64.27749569842359,190.8297176288444
157.79135885864545,98.6782754735614
65.2769632115423,125.26061288963714
45.78685028607332,95.32730174958753
193.5573716005086,38.61300340239486
53.19409351427964,108.06722223877082
133.53958269686365,70.69779538720614
15.447411231528758,82.93146733125943
36.823448515215254,195.84821214760797
76.80671952032648,169.34759465315742
130.64770251177285,91.46760335012382
79.44248352349902,100.88761721874373
87.04536466458376,145.47219117680316
189.47132444148016,14.91731988261298
73.77004386416586,28.393679070064056
80.15035465374338,157.01568860076256
52.02042844467673,108.66303810576285
187.73219195329753,117.45650378173738
60.83842328224738,196.61230775839712
17.969964543937238,181.7794752134723
54.33775188792358,88.65747343301018
196.74063632654796,154.1705262362462
171.65969643716787,148.418786125239
73.49881726217092,172.10609203975525
149.42584042819598,176.74863802284185
92.279487534687,105.47465254696203
31.368925222353006,24.192492429858024
111.72781506762868,38.580990982815464
161.29324559109293,66.64835161973642
128.22150069140176,111.17808881704923
178.5324686610817,153.1361676595674
176.38375180845446,190.36399452588537
74.42952068188427,29.889528102052157
101.8688174033973,59.78624503223958
11.91328539188045,175.1234818810023
113.9400681654447,132.96516463901477
125.59683341901014,81.36914312578831
157.66014106148774,138.83302788639153
154.34273982445401,96.53155227998491
79.82952038798028,42.71340068574796
110.79992910603458,115.81705880054687
76.12735916422285,139.6606994518794
110.8812564216148,167.37247921127994
44.89186253702491,91.34405197711527
136.6090817133923,105.8373846904984
97.54443625560197,180.90047295532636
58.08139030924775,137.45557761289965
115.0827134552638,61.43377063445424
44.20848528969712,108.48348938138999
32.29405753126047,11.009892694972814
51.611439721045464,105.39525635524895
50.21622754297496,138.42785760343824
182.77748208797195,18.621534589685712
13.740616686605645,45.94494878541113
189.72674758487977,32.757210131988
13.968357563341655,141.85394917066284
79.73291051698702,119.98936982666513
50.96869202059727,114.41062265170704
63.76469153901562,195.72832041561418
73.03251094693246,106.46270533238828
106.73502391934859,102.4096705632612
145.9074947728844,43.44078845363059
33.34829399733995,37.48037594272737
171.03649743295153,67.87068046228846
144.68261207834834,97.56982394148706
119.83462209713528,187.4579444736543
111.37284067960739,66.85216109766822
196.65689718383203,149.54976996750952
49.710237664082705,85.76040570330866
127.23904996376385,69.72326356330882
157.2712350257758,148.7317914585059
89.34082893187245,179.8101918188217
104.32909537190034,164.0680760933895
5.73998532371947,171.7223345639934
119.95828004993118,13.841410142473965
70.6102445755844,138.60410360187876
45.05021166542065,10.646950369626031
99.11508382370978,81.82669379803342
87.10304673008575,115.20986009587082
100.75068407470518,23.63428786900958
57.40778522535196,76.6602049036964
111.74819758293421,30.369945763019423
35.52222908169523,29.900954146376733
95.43441961780789,114.63234309516406
9.23822974919555,54.72391878961039
62.49892184119664,103.96883203889571
74.15242372125184,17.185248712084565
168.4874255852545,185.41652694727742
33.85599181804479,188.57678028645861
101.21023486206148,37.74181598034504
99.94772749014521,15.745948322550966
142.43062338904974,180.54625798072766
153.11147887985504,192.42218387612346
113.82252054616946,170.52298830318765
178.37941549901737,42.75408332916122
172.0634485695439,155.08314850132945
173.62939658352863,110.54876017903399
13.808596285991731,57.33467532571282
82.45649201647666,110.62528021156686
129.10552384784222,23.740311557687445
9.020384596733896,75.1023100759005
151.07528172284592,195.99837352068403
70.86600088831884,170.595135392946
119.47847130439276,48.19421036641415
5.681909340038349,176.63848317505133
68.49882233193695,96.8637212237342
123.40799145954169,92.49518531320845
7.760344055087616,140.76763213351356
21.728386526727896,67.45484332433684
155.64447185089634,147.4147068413076
88.38658020631783,165.0208996928631
115.7657496880356,99.14591993558132
135.63070754715045,12.387322143321757
177.85274173016447,154.78775841499967
57.472830090882184,6.788126690555956
114.55432364849933,49.520843444151055
81.41646974051898,125.12967650964204
115.23879124464621,180.40433124021732
44.62705249839049,136.72623593156243
129.28315551892283,88.2737669329585
67.3185669556512,106.66272781153603
92.5457994366574,6.205725441980405
162.37819586052524,99.67770132258957
78.39559820724944,24.5622970133709
137.88032732590779,95.79816154917279
29.66162340218566,18.02564455167251
182.01542411844926,179.43310863357723
132.46642924994342,178.099052896223
54.701506634676385,85.51111689619546
30.687797516570733,196.78551816172302
41.45903733911395,146.00779591671466
50.117744442571265,129.03791861795168
64.6581832868513,108.12953585353691
50.176422372886236,30.978053364502095
191.25151084832618,16.795880316979186
118.21066443981141,86.26821979718933
90.6776955872699,139.53513354219135
80.03446173911348,165.3668909163743
32.231042429184846,8.913851872670485
161.4143535586488,43.424366042031096
90.71948012003404,147.71439321140144
122.54432168459188,69.93962557000806
61.26273846777076,111.38613401933283
156.01037239557687,100.16671896485205
164.93006547431628,170.05913681249118
114.81051313697499,5.54440313800612
174.46139038180266,162.33039644791444
136.7167010962431,70.18716132181918
125.64258558519174,74.8329026617492
169.7048826521409,175.88283168108575
41.66456912954976,91.34792581450661
71.40940784073217,166.72024161519138
68.327107058763,93.83138759831861
57.85982725661732,194.61753832422232
87.56324867730984,94.76922171119642
102.71910135196633,39.59498331194227
89.29426376431017,128.97111034859387
176.1029570472207,162.38578885171933
82.95982397880371,102.6880201613177
92.55653455296246,22.740337860733167
11.806706486746979,63.802007527161784
88.43396177278429,185.14681292362937
150.3594107573066,167.21548523390058
95.07912546455687,107.3428554052923
57.89654386915269,17.126304085940525
45.07597518883211,104.59325977860371
164.12060078648207,153.5025143546179
193.8654822516811,117.11926307332799
70.92599559183554,18.608207709766916
59.396831891865304,179.53346032740174
71.14612484167459,93.23759170349308
67.39464869145755,135.50023125316642
186.8259882081657,36.50558367517916
32.41173663641301,13.101505709064668
104.45021348332078,69.75365447766609
145.57385091319958,177.9032925190252
142.79139159627462,81.93809538455096
89.89636610244325,126.08351110813601
192.4142470993797,138.55944249402762
29.543659572791633,17.12142587055593
68.83122273262117,138.24628832992136
75.11715714621162,172.1085832728457
134.94809172414398,5.386407627252231
142.90797034172797,23.321251031233192
33.323808497480904,83.51675943443065
157.84223711468863,6.089804183597052
182.95545104501346,114.28233335388269
30.078982931516386,174.25924287363972
52.47867913743201,11.749497922613404
184.38198544028265,188.00816713437456
185.37941036887133,194.5541256579881
87.58256177341622,22.203762516483874
91.06370266873323,105.9960031202449
73.62987688093109,20.293073516784585
163.06665432446786,91.42136420970647
146.1079023070936,184.5393208825985
158.50256520994515,145.43701124174578
196.35472528183593,177.36138676126257
124.2005792029216,93.92781973042891
113.00757591961289,94.03477894288433
125.9315275148535,70.4950506552991
104.97343982792292,114.66075149746345
142.27280858552572,166.15755993674856
82.19718129635935,30.24170271631201
27.634953027370354,142.2553475335697
22.413490992883084,14.575280655552968
88.31482326963379,16.143313664869353
164.4638978867954,165.68279318702815
82.301374806027,161.7294454935595
67.06423171766762,83.34000218836606
196.89550751696544,74.39885021968878
8.287498653753866,32.95829084773341
133.71203318917307,27.390961311921043
116.19346934016812,77.3593789943759
90.10900094727961,114.62414070895866
77.19741101941209,99.5041626112568
171.45630470526316,39.84451410014526
16.44131931611686,23.779224417649516
157.789862245176,78.8937308947389
98.17989170297463,64.87830147327556
47.43618353014978,126.23158307052651
177.37371828190277,151.05429528904583
92.81089168795909,101.25393524337365
102.01721141860186,67.4567188162574
122.0155021699969,77.24648242778699
41.48993095506187,104.38207150674856
34.833501511958794,7.962706048317076
107.5060196252056,60.308188825132106
82.15655382223238,155.20832887677486
85.34800300837362,134.19202712650468
194.6744109696149,152.4371193356385
96.63946036823633,182.25661136720024
68.54520795760847,117.87364543271237
80.87837903250038,80.5023612848671
53.99689786158281,196.02548467593022
119.89426356755614,106.91160775647451
66.25917448398268,179.66389993722174
185.11784552978486,153.22762238071692
67.19560526564891,92.89146617267666
62.16938172601452,27.5191923128678
132.70752982749914,195.68656661109478
161.65812925795697,117.79633869720574
90.31845840938595,25.925240751195606
146.6751607588097,43.68848963831981
41.10173257987354,113.84460328703538
13.636417961545622,187.1790615925396
148.25834746580998,110.8420482329722
180.68230170662235,8.762843065413364
130.86376846775508,7.778661745711737
158.16314988459348,23.55624129863831
80.14512877957966,186.34580430242423
137.3044169064692,93.89554420256131
150.2745051108387,7.3204948031105275
162.96051215005946,6.865900418111
154.38071148584459,68.67228921532224
51.96237360272431,11.91105185865216
125.66975280835625,12.530849705972395
130.86448084994552,196.5320878212811
76.64982043579265,169.70116347173996
88.48394301639662,120.07358117675237
129.17176901927166,77.71049541412106
60.38223989865468,138.11974315018904
67.28709359337434,7.351261760138028
45.768054243610436,126.84551330545901
157.64558885725398,153.78541437120822
99.21916203113554,192.3714100791817
120.20768499154867,82.01719689761337
50.02241976443453,196.06937422028585
103.36973965993036,101.61785727186923
94.69855909425476,165.54663256589396
158.0215939543069,124.03461192297266
68.65745162548419,177.15741268268235
5.736187645202552,98.23989166261775
29.45685244892627,17.117557624293365
29.81865526614308,34.69431163357572
192.64102399055207,194.7209935733012
107.62776220637427,53.981156482545046
43.72674256261369,121.60730683493108
117.02331009501111,8.198876555958904
33.58940936208971,38.265142585261955
42.53176050247272,168.23888891237064
82.07621030903297,184.41369567272775
97.78734088867732,128.29595437173435
56.764008215605635,141.139171934988
101.62090093051121,56.738301527154505
19.478085027707913,59.64558797800268
46.77110037573334,114.95445101752811
8.439090620364563,78.1686884032828
121.1779538522051,11.706033884858343
40.580947921512994,126.08824905665143
160.45042664321798,106.83784712222047
24.612850512289544,40.76919547253648
46.1522247936173,15.604270268535691
84.65135058157597,146.3536140655915
139.70229250394135,194.86142497423964
191.36519060280054,192.99290122221456
20.194968661210506,31.2857497970775
102.84870135774118,42.7801444668582
166.97361211651167,6.595170164904049
69.98330924126239,173.0420836974479
120.3679421931771,22.60248179480148
169.68856360109473,162.39862131727375
6.933755453721497,51.987234412867465
158.48069347259383,142.50477931847888
45.916449753232385,90.13862140459116
123.98180910159586,178.43261297196537
91.09902383022589,145.82101372457083
61.749583741733176,168.05145342617328
114.49668861539631,122.51793896636917
171.6446175925206,67.04762813607763
8.390573195412761,62.37751031590801
159.22980998298652,100.34710372573241
60.86628463578266,181.97936276202975
132.31750072504616,93.62183742266491
105.73273876222564,101.18412594450237
129.63038189983837,192.09747270601025
182.75760627070483,42.75659638254286
120.01801110942783,86.02576658394256
50.082768309131005,134.67665121642946
33.25151802738639,48.74397243505989
50.13934916921766,134.77554172540346
122.32489591041471,14.599655934991052
9.476932949135461,52.08048612776984
146.06773933254775,101.64617024632501
134.8186242907973,73.19836965243188
14.035677597199241,132.0843917060135
89.37029993365869,106.61341506709373
154.49140791351064,18.23157886167681
138.26760073028026,6.698993149720537
27.766494284442715,86.35817640688803
9.07440557035708,46.63830604207977
17.630297835260908,34.595154885235104
137.73950369856286,98.75216754921144
161.12537458165113,172.39303362782863
27.06457216754321,43.615228476315444
67.06175413426178,8.241737438288581
53.411388374730734,18.87049600956463
172.39676017333775,188.03240835389602
107.68537698850541,170.91940882155075
180.4495642892372,13.849061960354069
104.13959583376105,189.77713479770628
148.2353834920079,89.69238372916105
126.10633462422372,18.08709325696732
95.63684233302696,113.90719312791883
160.6416180318721,67.6697718342154
171.03311470284478,151.02510513913134
72.76731582973989,7.428708469854959
157.38871859003143,183.15782942165686
180.910296991009,189.44137408978338
120.3395108262626,117.20307516636372
179.71277645435285,163.4829098187646
44.00822893886224,191.28764913500783
129.20795667378246,186.48687817450121
120.43038998513616,39.75002509224716
49.348683686082275,20.409760146417153
187.09494731510873,40.95078259841052
157.40496010642164,97.33827766728254
84.9029918149331,144.93624387730847
124.5678321198903,20.34935736426226
53.62398285427171,8.90297960333353
159.38974467526972,10.96807133324586
92.98382610008528,110.73811989293837
47.54758851087074,108.04124728505747
168.89456974286156,191.31263693979528
170.3565083253275,179.73203179238058
92.87667243257292,48.607987384022934
143.75471426846485,109.84218569752119
189.24029006353095,9.786378018515597
119.34186868499107,187.66822785657473
92.7511827541178,194.6630733566912
191.0527660625894,119.62112719590803
133.7463337537591,105.01092600669311
162.89542559775228,66.97294470334384
58.51499517185452,168.1913698027587
187.8027545365114,148.82856672217991
115.67951259822516,5.270223917640083
135.52858402550285,109.8811305981443
149.7245359905093,95.06371842344254
23.34159865304383,20.397693203732178
130.58587697141664,18.306341669104633
183.9261455946699,39.47697287885778
108.64162370268161,105.66511036344033
44.11213230154361,175.3723819712299
97.08332460474651,40.275073919751
150.71918295547061,187.66277809313607
85.95044512651832,35.67274773482523
18.68470315973692,17.923058709199687
95.69882810642461,112.40436699885366
106.84511893410377,105.88098031545607
133.2191372226731,91.80094039322702
175.34410213039223,186.0681520276667
112.55485135296044,15.132321279446963
13.439130157838894,169.0384305570656
146.58198818409315,35.033262183947485
185.76742097809748,34.5079818118691
74.22495872251719,188.50145371394714
73.24903654959981,82.82214811658935
157.1809168533133,118.67805548506242
30.898214384173897,44.028747964694354
178.0770785562348,9.18270544901042
194.56228137924742,75.38204954291284
5.142171993789205,48.72611041629264
176.03588970534776,166.5111849019025
115.0295689872776,183.92140466224225
147.56862014343653,171.94204433726398
103.96787527354923,66.44706040257014
150.0939672582701,99.22337050357815
185.1662953485928,174.9317217798259
139.66969050293073,43.82039338417267
148.20538625910592,34.33913997711729
29.94177032453144,173.33939731294728
6.290598550690179,84.46843392144552
181.35537154543877,148.6550497626119
134.3054950867361,74.41232975476258
155.8637157069464,135.59541738466396
150.9749616656596,79.13405171382337
107.54045964342467,66.5115744248138
87.7619326998006,32.085103381836134
131.38272376630746,181.7911081201115
183.69484018321594,181.40274206884675
92.03800904758378,150.431843606955
95.5094205698469,137.3593192086041
105.6394578428848,70.963366117554
142.5873219514491,102.2788234748873
100.63236705818373,7.796357442445677
39.56462506747513,193.50786298562528
161.22778783983657,156.94934508339315
185.410324122388,33.53908723296797
92.12880116649157,126.29560844352255
46.112353889815694,106.77460375253995
85.12233928484717,131.00753396557766
79.64658429942757,88.79481258738208
182.71032578819643,178.64945437888878
136.66418142421543,183.93362577578336
145.64275989950588,108.31308918601017
172.40973113351177,192.50715883128615
101.66611666286535,44.75898339798582
108.10807089581257,192.55841349439703
10.0,25.0
180.0,180.0