25.005129988874366,7.816460273490039
11.67356901627504,49.652176155750546
189.366961571261,71.54931011478973
137.20695055707438,38.78515597093321
100.03790819903612,86.14247299055629
196.57976079498667,71.20789352700369
89.4589158073341,44.40752506093443
184.72463700700857,38.08752175262658
195.95137190096878,24.483598468740638
29.721717942992196,33.07131541804914
97.05990088255373,65.03897544950266
11.280014446028154,58.2459631397126
10.85272269288578,20.75937534132475
105.86162240450834,196.3560824952076
110.99343738280156,119.83436890690967
97.93997301366704,162.85278972337505
16.756996586096783,94.48366079474228
30.377338116901374,160.35884021379675
89.52844472788568,76.88623687711643
35.16938624855188,168.39737431399055
165.3333816850163,71.61501133680233
100.93588572006168,141.68678969751315
109.30751104078124,58.567588133033766
27.24976470928789,13.859059735376654
86.73232515070045,58.18285148002969
195.27956843804915,54.73033448832533
190.33818138320086,114.50147601942054
27.998084274961315,32.8747905829526
191.4653689571828,195.82755497194276
103.43043150477232,76.86716218938416
99.42554324281299,193.03885936139685
105.09217017363656,85.9709828248981
6.279285983322666,76.93590190459896
37.041176179640246,137.46288027874886
115.0623716825106,120.41445074683153
101.06338570936254,77.34218716680769
10.200089534333953,38.414351802040606
27.70016720182434,52.454286474702606
16.098504862055435,179.17580335645937
119.52806286796576,185.89404696874013
134.62216037463233,39.063203171207526
15.414753785530733,100.739256602673
109.74182416311645,142.56256264609704
114.90299370457647,144.05917457811154
60.48802211372116,143.62392611567603
118.2377979793537,193.2109304711386
37.4989373811588,190.7401458310632
20.17840407140313,97.89364293060348
25.7583614559492,189.19467068626884
108.27535583110968,80.10950569037423
171.6740904770788,5.323508852880457
23.736758567903205,59.01359531165955
39.70445913493607,66.48476870902024
10.431666678327558,47.926992674001184
99.29607077343509,6.9769088929069785
178.11493094298385,70.61491241252214
22.844744694911014,189.06316201980712
82.72575064629515,85.23048644673331
177.36374815869195,29.99016108095243
184.54593492540215,91.50590402153455
25.67196138748815,121.17037335886333
23.66906818447273,167.61755398405276
23.36913940037965,53.21125179369665
106.17107243307797,164.56476460264628
5.138060062824534,143.98813348120578
79.9970780418461,139.2206963814277
19.59735948682379,184.75968385532707
103.06162916925591,47.03005687025014
171.34653003570003,136.10915359210074
106.0735842398624,138.8550009986766
19.78274588820456,96.70590097192857
16.58817692909986,56.114985509088136
139.85337635827392,37.89016507235859
22.97780798802486,38.4297959216639
28.160932924466568,182.47928913635573
114.58608972204641,47.271355452285206
12.523719315285792,188.92435232295423
193.23410877815172,125.61983817521981
115.44720900498913,160.36626286396682
118.90368762478676,59.555572537946496
184.19935939046653,175.03685364539592
96.20646869643326,9.56603260241069
118.7514649306062,90.93461004229894
192.71992440793568,155.4259480734779
111.3710258454347,49.170756372657166
81.35504282759972,117.38785063551205
167.97177402196942,25.710034275086205
185.01663210363245,35.94511235942154
113.10018937111772,125.83854799487582
86.4903551051123,136.9284892540966
86.88192756918097,25.86888718003603
34.233514153058344,107.2169313589313
191.70077872145282,119.09950039354119
5.263475487452456,181.2582681096056
112.24100990871212,6.586194456541502
174.20866901532997,70.1444335756097
63.95814309645668,147.33031615458987
184.07657736782534,184.92333852821827
10.165715539285655,8.795836171128114
9.521253161767602,126.48819665531224
195.93065699551693,110.34846801002071
20.42808238363088,159.5782014265862
117.72585352508295,147.9133850193648
167.52695146614272,145.32323855751247
98.18813549447974,176.81204393954337
106.70768690897978,143.88808190869773
90.39905672178772,30.355881568576276
166.92836065745072,121.3419192781796
195.531218778081,55.94106633851308
23.89465006131143,21.841709845851728
186.39855239374623,164.71301274061963
161.37607650974905,65.81068568174891
187.8934123348442,64.14730012625351
15.916094310491275,113.76467736005024
98.33261833775347,193.92633377300265
17.32236057828758,6.413988409249901
113.02686469938222,184.32011324943255
37.27713532559692,101.78037081347689
89.35580424639294,53.209439193223446
168.89798830616832,177.24431652140342
18.74508554790845,83.77049836636708
162.31954092032402,123.42910683763971
86.07535015232739,66.21526351085342
94.7174542992095,50.12619427990224
97.25075796181096,43.062340163250376
25.144631993014873,16.478164580613942
35.921221808377595,90.96813791323926
97.4274920731836,62.440477522799235
111.341615970839,65.08942046435733
34.908213004472586,92.43698582470978
183.1458973061437,130.14617031660154
162.12031692253592,162.45843251569988
33.12033998280377,42.79383317706794
97.89700541291403,77.2784109019127
102.83017042348662,42.237878145575735
26.60477624314869,80.16547324884188
178.9989427039255,148.99440416267012
19.502570661831733,111.42245364831432
115.6554185975097,134.17293197169946
25.554881998681577,9.452057836711244
127.73643937030666,31.1319526670484
24.267118102212176,67.13947428344017
182.14819312087172,8.916883647128945
95.44903166378919,194.81192267184073
35.08781897637862,86.33699650020874
29.590793786906346,49.855646281588264
179.7402572760026,73.67429773883941
103.96568900235471,88.6401061520024
81.82635893475558,16.70238159246365
108.03291939714583,184.91384506801833
101.45375669296739,53.16364835358834
99.48985675320294,163.54731149690173
29.024078697130626,188.67974656377797
27.32960645201602,92.85792609491885
173.33439524178627,196.78749885951393
12.66609695856177,127.10127025844459
15.827943330363611,168.1795575060358
21.941720240971172,67.8401700103657
20.369464980734314,6.991992791999828
195.0992068618221,113.48677417048141
186.41061626692684,106.67735719466377
101.39701149982828,190.6525401085606
172.30850039982133,152.38267416563605
191.65311311421124,126.81770065053165
194.70471071381465,136.09789402408055
83.25507917453639,49.115577856085956
193.27755542169257,60.762221043162334
40.198365066665986,47.12691461513786
28.435997364449594,8.079356487269864
116.16848595485547,58.59746617803605
192.7415658666957,12.51920323785336
173.56637925819763,173.12372079313175
24.07921176846552,55.32172461978111
8.98584633562408,120.05623651773635
189.29945168319375,32.19310875735333
94.46112435389482,152.97975000494583
174.0731140767818,130.99916936641296
179.8701902402966,138.0342677816389
190.67265856447773,121.42611586473522
119.79373320280189,73.5618728921939
9.49945036349612,191.77800162941725
194.70062407653657,105.76534569725119
190.4725162058017,131.87731312705134
166.4291366774554,25.033550570860974
80.99154150304288,131.6742056006009
37.70123575067329,170.24819409633693
39.60651225775564,165.83981548426812
86.53825817173674,51.014603789075075
193.54588593549983,29.555235600305185
195.88290279325489,63.49509719329974
119.98254639460389,46.989456326004934
164.3683332529882,175.632796619206
23.423643423644606,180.56622345751992
95.1770761133239,193.59474478679041
82.18440980346492,63.78508307966445
188.21803223525177,105.10796193311793
187.0756806874115,132.15138196804406
31.735765175657317,89.12862525288973
6.431727194770379,87.68722047010036
107.38743292004608,64.23554320669245
174.33346978840632,78.89206912251792
108.91680442562678,141.8364074093114
169.7618200120906,124.0130855310745
32.38461701224069,127.09258452546176
30.21411699449736,58.939563711072765
186.35657776793528,173.90614945468494
86.79558695241239,25.290915572289084
92.8516824400949,125.5234418885652
25.34320698289255,113.4940750802496
100.170811572752,9.51286555107104
162.4820940385575,143.3869490239946
100.24219142741538,130.27855980932094
119.5241007565803,145.8634007740749
81.15469138934816,113.80007555401492
187.4058737503975,9.596703854149913
174.488030285492,122.49137151270102
175.5852713768695,19.317549047490395
94.85876139168306,74.65209814805911
56.043365898630974,146.5161879640882
21.102060189397186,176.40166567856434
188.49103068070968,75.1569118383026
196.22300379770422,12.233388192642593
194.93537409810318,29.89810478544826
34.97757250754405,47.194828332919414
13.722710481142904,50.471270549176104
167.4843985417419,147.78530713172765
19.69181140203676,36.74360367725571
117.91073162711193,85.86486774052122
20.22811846738552,166.2345824233246
8.176899380348239,79.15225833052139
114.69937924759559,7.358923424710585
115.28441312625952,194.51378956960497
118.03095171817375,173.0583947347732
169.07694488457363,81.37361194580015
30.036458669796648,45.79153288003826
188.34130942914229,15.707596991710576
131.2293549349672,34.69989546065302
191.88822317649198,11.294305179388306
85.1021138474794,24.997396420088755
102.99348125145991,168.99716178091774
183.50777708713866,138.10192052057914
32.1462642405237,83.62546871985883
17.757292163054004,5.367740093868862
5.886612515929399,95.48755685472027
192.1133965276805,175.87241474689657
103.83941007251846,150.7848498848257
88.07859565545579,38.80910576532663
97.54649608564839,71.92564854561645
190.73509019316865,174.01121657416402
35.07312522741465,46.179224881597655
91.86248552039757,33.34691142151238
89.20327252942701,179.85629217216473
14.906490143433256,94.31087676267552
26.628764822505108,159.44341819006533
28.738118465100605,175.26716101840503
179.2088661715224,66.14130752836195
22.643710069002292,113.31038958027709
6.674717612548196,179.924613648096
117.44528758070177,137.61914684597576
98.27048598010393,148.69737216289124
190.96976523456865,130.4395330594826
38.99080251536852,122.50394611992114
188.32693815654207,103.19993784421465
185.3202967587467,146.3967721670928
81.431924387898,56.32354079077713
92.5719257013006,125.17585525254522
112.68668748995837,41.63588513995338
95.49294109433617,82.70428909803077
87.2647601283975,52.795039108805845
190.83242919999557,127.43947492417244
190.36863278516512,26.344461706769184
179.64862686100741,158.6816625619681
16.841931139935824,41.527934938915394
35.59187876662537,86.52408674320353
150.10356853167113,33.484689901309565
187.56921672757878,169.20262376110114
162.97964394008446,14.492771676886028
82.95879783012296,29.893087305129733
116.95378192260866,89.79856817597349
162.0629029509639,135.87378428561357
82.50373390304426,50.87786875323663
18.06286060107636,74.39034572138809
11.216275891724138,124.9000743670072
171.52604488629862,182.06803764806705
88.57874174612249,41.54863329835854
29.384280224450887,43.624275148142374
186.24499235516043,12.816819183189292
17.862500651699424,46.71800856424645
190.481100232458,129.7445079913003
167.82041825619345,78.41699892617412
14.350149286677809,98.39540454704606
178.15674972191238,10.162039833053521
26.823538748568104,196.59783779899507
184.4182134431809,154.65292696730668
108.38801490137276,140.9167865464049
114.64027314493407,133.529814643698
182.38799604192505,24.998903524702612
34.57220857089243,87.81831563986633
112.18783601520461,193.72584572115304
178.8200311653411,128.9540667580036
185.187044347453,167.1686396982181
77.17330933070599,141.3500652567235
5.905641573893173,156.22824256944705
84.35400907089806,23.872745685934845
97.89936409242338,57.53921968385782
47.77449329976969,144.7726696304783
37.413584820296606,86.39949752924633
6.375708422899855,78.66034749733114
165.73361416375425,5.473413512674781
37.19579744217998,36.22510144070217
11.511229386404569,117.41730735845628
95.27462755848573,188.0587644866466
26.560184615781036,49.77422521361753
169.1874110834123,21.126841532697277
178.09797633403957,165.57539598402275
13.305346525502895,49.81795868348915
5.936587822294657,47.12345354320582
180.93251411233538,71.90584350993025
26.8101135342797,127.4013619552956
38.59241191950698,52.14054001996205
120.70243441111589,50.14593157827946
22.12377143857718,11.9750013156341
115.97118578428784,83.59910580504352
19.557194025357944,98.94059167103755
31.982815445073797,20.325073361660383
84.38292281766378,57.741928399671345
115.37680782144731,168.28751117673542
31.896261720187486,101.9351460385617
25.653440540831596,79.1294744920359
195.5770140502187,8.510730660295659
114.71569318230301,109.61827722912737
182.12277199646704,87.37526054388486
186.47381160456692,92.88106636041611
24.984916105260965,94.03347875503128
192.6210866599309,166.2033118934598
20.833414427290982,63.07729383270721
93.36633673740577,27.458347264172566
185.1486972706615,88.80645676313166
18.906365845549544,110.83454495528139
116.44321090346158,144.87290243644156
109.83994481953337,52.39909577035005
7.486141688925397,180.2501038606722
186.36437241414993,191.22531619090256
31.46849304360738,109.82505684767825
182.26123150715375,150.02404705950997
106.23464621046648,164.05756923647814
101.75154794292214,194.51651477250027
82.71060248000309,72.26814432710205
120.90604783069988,110.86383178798174
96.0341700127452,140.01903036187323
9.706509973828043,109.04570898245257
9.492237857157406,5.635610240733714
83.25730716703964,41.31508065003215
170.09802747842156,160.82217672092924
185.66524378007514,131.53968189660728
116.6201191631076,53.8365263071826
171.64526469854133,67.90132848948433
111.93540670990207,169.18804315278223
196.22284843148168,42.578682643390685
175.1405682120956,83.44020804747069
164.84592359827485,79.55544017166935
99.49848474245188,134.0312389724302
28.44091882839179,64.68206177865777
87.25194033058592,65.0036588426793
161.2774992745163,139.20298885707066
191.13833400878332,23.196413334381177
37.15475479948427,39.686673748083685
191.93545355693965,137.95818519312687
26.624048477083587,80.90425767641882
191.53168682934424,163.98666594480935
190.665686498531,154.48847262249845
30.1534487003234,66.64722262250986
145.50956879842676,32.68705334059066
103.77863014353395,123.2821405283693
20.925904189060542,5.524446575599201
79.17689185088297,141.6046376243721
38.51584953235452,104.79383955910589
12.661260925542733,37.43140714674529
162.24680559525936,29.383888687432822
183.58619425633643,47.992391037404396
177.05910815939413,131.19416785254978
119.16983426233642,85.47509855933578
36.972187026690875,163.40419817771044
113.27734062853432,136.60439716322458
34.36816544137222,60.009361706933504
172.20549798501466,13.291820637976663
106.20554085897653,139.3313082484706
38.343294482371626,124.37311255321767
193.0951186529991,174.11396743076656
163.11555628181517,121.351512304934
6.752236087576795,51.92234994117384
98.43221346931155,167.9376060837138
96.70868571361824,5.46585293794903
185.8621208780611,187.71427359734116
14.476515704093439,42.430385578427675
85.63851300027788,193.57312829466173
173.90541577387734,144.79095976739217
99.67379199701769,138.65735834390745
128.53096011374979,40.22915123466738
26.590914252852432,17.33024006785975
110.51838369350223,184.2942691738628
32.88735970053373,64.77395701616332
164.2336283650164,122.30143236246222
108.3923829911902,145.0116905988032
100.5231113745756,9.482240068706636
195.38489564138666,158.3031924457385
33.47800317990561,102.83669606774883
114.21815257616935,63.45921056412689
114.5176541807131,159.00577701042147
18.22326061015958,9.63734393401489
188.17297991149775,166.6650150791543
16.8517785904304,118.06283005869325
196.17626301301578,120.51711476644027
173.48667739832456,195.0040390560488
28.18016547498201,84.95142537416005
185.22961280639092,72.98738115260365
105.29542173183465,82.60798283897898
108.62769559170901,162.01375034799892
32.355799891418,35.04510607657922
190.0569072485042,157.24604166503318
26.288749788588447,88.2344512694769
21.00760727653125,58.903111096634674
167.9837741992717,139.29976823729163
32.94078135409077,6.5294537597260405
179.8453670566742,15.390449550761879
118.59294650746234,190.09932353764913
117.96251815498366,169.21639742134786
102.67601947729837,60.259155309044914
116.9311332148798,59.56402365031418
112.53230568849648,101.98848747615833
6.416262030464351,68.84478244633226
83.34811647726629,120.67816707225421
83.52102539228395,20.47227024532682
102.4426112681922,44.159061930628035
97.36062037066787,78.56768303933463
6.037250409176174,60.77110848058279
61.28710757417432,144.42737785751456
109.26686153534708,166.7963805808959
100.47026820267996,55.89767840362686
98.99381761942898,158.4887618482139
180.91763117206222,66.75229111516315
190.86591352597853,31.56851911655254
10.894315810926198,174.2485702063251
100.83607531770957,179.9949734267352
81.99368568909479,80.61856873637666
113.15602344426988,140.71815832930503
25.68030618431315,46.46258531065391
29.452583837456974,89.08669846563726
117.73857091012266,68.10163445006192
83.43109601982763,51.14359061085138
10.975595570177392,75.34001233063543
193.74681425173068,14.713326678906816
90.7150653751038,179.2836591777372
89.51997799316675,119.56212959452215
13.499343485754851,159.4331066476944
102.54953904090597,119.98943747514532
186.84073296214424,111.95378835041623
196.0196231793188,91.60189530431003
196.1643614029226,57.03064554140314
196.6906776666874,103.21169495781749
89.54529123857968,193.95793570931636
91.18763671624951,73.41922763281062
161.26215372170861,74.74102746055084
9.48004704064605,23.141217352812138
26.179453551227535,39.25125181407161
95.59538370208526,181.44989280393503
23.302500424214987,49.607776860774315
15.109124912397698,48.92000534443325
20.75741698562014,41.37329794920683
14.364712129770172,94.09279338652257
34.898217138108066,88.50963116492576
33.50026255255631,74.90179522961583
185.4347714265093,68.9020281331421
119.05737658095302,155.80402409167797
188.8018179066076,75.00495980933589
38.171670396028944,164.31463523730596
15.321271335050735,29.298606203296806
196.24636336222457,91.98426009676302
101.07436264919372,128.09767781552836
40.294819992949975,104.16076000295814
181.02253864380614,177.19268663436796
86.28062942022281,61.91054571919142
94.25658743967593,181.2689215736114
112.4092635056249,150.77930565097316
171.49736199368652,145.8641768157411
161.28848098840265,86.2764462651179
39.602699612822136,105.0081644145232
185.45641159883334,23.36514460806834
181.32940067587617,5.534578103993879
81.66071377642395,18.378089403170886
163.43735652169173,7.118808448322305
103.95461595187014,76.66736876979137
5.7708197295277905,149.92076840744858
170.06605511487496,164.657347236055
85.51751273148042,78.72754040086042
31.92580217940663,120.11809975988561
40.36274339124115,142.324338870799
115.39525429016388,49.83491062584844
172.05256436039448,158.69553497958174
35.90544901877489,90.06537229237932
108.93299657691122,166.76558972151426
106.38940019372575,157.3907152708038
190.9986620931443,167.08582609779424
40.351287219247595,93.26075292401448
34.71152306122273,173.29260221874105
63.87321358171279,140.08106078568355
87.8489295036093,12.656143464689288
85.02526968130273,125.56465213324476
186.9346807874262,195.5479278870286
162.23619742210826,85.41958657739511
184.30150090334033,14.263958189582866
172.65360718574794,167.40841688670824
170.76261103994236,157.66833421429354
192.2550262597247,192.4027999946771
128.52612272868274,36.84597315126041
191.36574377797803,71.50452143726034
190.4676613461492,135.30881175237423
113.98011188041534,82.12392242911578
137.7532882283827,35.52781300627066
164.0957137654245,27.681330767976466
84.72041691749988,47.26337561698321
176.69331705293442,169.83328081986087
192.7392439059974,41.06358506253893
115.69259690111087,68.09766680737658
115.4012636509762,53.93815709696449
84.56872166141774,135.5997000500253
5.915756402893699,79.10536662998844
112.00860733319651,84.5570086369529
98.88806695127157,65.57132207532445
97.94781145740774,127.67260419495938
107.3290282149116,187.8659044425674
6.438704974956732,21.12224585366165
10.666755642058046,63.49349439184235
92.11998004312666,49.30791428999486
39.22165477880516,157.3708175490906
12.691095513339192,14.62796187068049
6.603367830562009,32.61955280411777
22.843359762970994,14.476691832315716
120.34467558243236,77.61314276281395
27.1055528851898,110.50930870634369
95.10824586134943,37.90368145274738
180.54444847626866,71.47843624032046
82.81759582397453,37.13316653126215
195.52924207333342,171.54835481836977
196.02110420656928,134.10452562620083
181.65604206947808,153.523232174884
187.43074431480534,111.95766580627641
185.12305703994667,69.72459408590971
36.88167465252345,47.07984275544242
13.903527508959467,43.23195976558351
196.03606327008237,172.29625944532512
38.61166877903964,86.93313423479665
8.70391305729654,122.85783159590969
171.14406473563244,156.09213591513634
24.356497430155365,80.32303739944584
31.957951912550616,182.48340052080724
120.73499105182033,6.220813473657558
7.17603100072268,129.66791444061965
18.944488133239375,96.46899229861627
121.65800497948884,41.640981658348565
182.94552634095075,196.70157301956667
116.19921220949924,141.41883285505375
185.1908121616345,50.701622782829304
93.26833291622094,169.6601446434724
196.93656717143358,15.566115125391743
85.15031461348947,35.948347841275556
49.589722731025844,149.06692525562147
195.80523738693702,142.8838092951407
166.4538205204383,187.50713472450911
187.04753831493466,31.23619709115168
40.175916845838415,176.57631701524718
191.69451078268764,31.687051978675445
8.361131432003917,31.296541737580615
20.141509477649578,120.45799794095527
174.79929681901916,27.739710616657575
184.38239765770666,76.94461186073923
7.6780111755431495,26.276507167277856
25.908718017724564,160.89314224130416
97.57135383057964,181.7591243317606
116.8898496338871,110.5154808437588
178.91846755377796,74.79161201734307
102.10288371095423,142.66092894934903
26.81790484642465,55.53373183496508
162.2189200545674,9.982454197060846
195.70364473847008,105.6990049772031
37.13928107806379,97.65149825296487
192.85089420433292,29.66609809514193
17.45644319136525,5.199937434513187
20.350013258691902,175.1090756927318
8.3153452500027,168.09309854805082
85.43243551460974,75.5579461969972
105.61741510018636,80.44089657659933
10.170665963818175,127.19402284268247
83.88910719300303,45.832607223374815
163.80184938967813,163.8366011127289
101.9600189510393,9.425075858143575
173.91416806463297,85.22878683420728
24.940051112426932,81.94531209217784
167.93183633329133,15.689295813011709
108.82348652727745,71.7354287081542
87.39812962975165,180.50830791054483
91.36760856102855,128.02862833927313
167.2975038169988,176.50933032295944
81.19124051072644,92.92495017669248
116.69998685178136,52.48747932881089
113.56855013809877,7.204985293880434
120.96762761687268,118.86273218169013
171.6064198203819,7.145981995780409
118.40890577047858,164.78339386218167
13.396828582051798,122.67143277496027
25.0641621708834,72.4928361506438
179.89180964290713,132.76708356017977
25.94290547387833,171.97185346071396
109.47943202533698,74.13721369319204
180.92289184751095,77.33520283857855
189.08120089847128,44.0734728479904
190.75878605682638,47.15600788551214
12.367896315764492,170.81469603295787
83.97620199873862,24.105483075303127
84.04250608336096,65.14877716487099
98.34852608863494,60.23733604706411
196.46517248076162,90.73858703798446
161.2233908434227,151.86418365719294
35.80439401841037,127.5850965105797
185.56445189213656,46.63716695139391
161.34708084895647,73.45859989689431
173.01360224322593,77.45451798884459
194.75329415453436,30.20950129464714
88.46845273675147,9.509495869705367
15.207951410947391,195.23253347552688
174.25565875576922,188.45962967833776
168.66345869231617,62.66444598656768
88.38446162654701,52.8654644892473
9.966379594451654,188.79359590305913
168.0304554612571,62.85281229164803
163.46946718324222,139.09698020382868
20.451670989227054,79.62952648595672
109.04045210638213,155.22650207311983
29.43661462758021,173.58819974115403
87.59228582447483,88.37635497896567
29.992133520840746,104.34765864133168
113.49271716580171,65.86557253416025
185.5645107981823,97.99907538632759
183.02640054700106,159.29289008628652
91.04636842679189,34.202782072669315
5.404019009730101,53.74753061408417
5.291919024964674,19.72591879963868
33.94158702301975,172.0513886521519
190.82029817063912,66.60395384924541
92.21824946856323,43.11828037181945
177.96120318020218,133.26288942823717
11.831414711161685,88.7336083978049
33.2294946424656,165.38401316750236
37.1360663107065,111.6235791891127
13.213356128315086,64.0010389196035
189.92282868421398,169.78106581043772
194.28529894384818,61.63481178568741
92.16513811398865,27.836047083239272
101.64143353992701,143.0122827675079
193.65255772930465,22.902159604604066
186.542493361857,33.9397629445045
34.53064523094177,22.279040052837264
12.663236253229654,107.64841792755621
7.718281663455685,186.2101587089446
115.10930008519618,85.93847847549233
105.60665933395822,83.01079012070566
117.00495875556247,61.3575629867518
88.98182291017288,130.1159079889201
182.12629688621752,21.565523204170425
115.16342714056357,127.60091079675762
97.12966457472473,135.0012329830141
14.541721474885438,14.070599273523065
101.35076064760551,187.15281700406572
193.3181130155088,160.8072345083833
24.46562323749184,195.06935398507434
98.59665325906853,67.00354465731427
5.262268128579324,72.71869898594942
38.817028766090736,80.02253291012273
162.52270450145684,75.46853672396628
30.688069989034307,170.39057908465333
181.45863912011808,107.048079293952
107.06979561759803,133.71641981277807
116.01158416056306,156.67711797886827
106.63552198107345,61.6742356957459
25.27633204272327,184.30246809218696
33.971626295685176,189.87821479120853
25.557640161554563,196.02838048659416
14.399415971261616,127.93972495744764
118.64825106794483,97.34523974654007
8.172915828561226,97.95999355069394
183.6732672240499,82.85484506507812
7.868400296234736,64.69494275093913
189.40979558106045,152.70804176770184
191.47055338437826,53.02108435688277
109.46845744079137,196.7796103558052
174.37372913733125,179.7161424680416
15.049841805876177,175.81914062970466
10.067691200130307,56.59322128948303
135.27957955943188,36.38152690420016
88.06461492496813,64.23946978750477
184.854736616342,132.11384343115654
167.07185948458329,158.38491874072827
99.83496248130996,73.97363766351417
166.29358372196305,179.3380512224516
116.45546822464112,75.40784715864835
182.79296612057848,176.26309217693063
187.80684016039166,13.022709509683757
29.819213045805427,105.38978809735482
8.088527155429393,71.43291604667057
163.60999357519034,82.58488978335757
120.81048578635927,174.604548041535
11.640495776756556,190.81014551727404
92.17225192402904,66.86056398779704
98.80398105449679,83.82161650895115
27.586160986884924,38.84473236747349
27.088848802079184,76.89667342407763
176.27737756552094,170.44306482870158
7.115955796986314,128.43225656873685
178.63621199868615,191.77322051615636
119.2784700715469,141.52269015479044
34.25920076806837,18.484918157232798
178.00487592081288,186.10890492887674
112.96542640187332,78.10351413907065
31.420545051015132,179.25794815884512
82.72791723744702,30.339684946282894
186.29487309622823,54.56550336763143
195.17378285584695,152.3308836848694
34.26081665458765,76.76758416369418
188.5749017642458,126.37560644774119
98.43899221598308,9.0099809913068
36.01822837030724,38.22853650492118
8.661330426115642,119.10025096505282
123.34262654483254,41.19779157872327
115.32296856868818,169.03159805766637
95.09682019048878,56.741432045805205
23.96806653620273,80.05918613407039
11.094034963415872,107.3958750006015
114.79603797398092,100.71511471944578
108.22435177069758,161.49972282628514
91.98558669787452,119.26452810952561
99.30413517590262,126.2175067300206
99.01334769598301,155.47799503702555
165.93692879309833,21.318156548293487
85.31613287177326,185.9650118225238
187.8156268254941,185.79057899227178
32.09882984183506,60.32302055757346
7.25732993081107,78.55570462647424
98.26194149684294,166.93642420246732
111.65981161544394,177.2327191390848
192.79972826854518,180.98993028338816
33.78944394024636,55.33082810581991
16.229862618318343,31.1555479788534
91.64720348946601,55.01628881813653
93.53129669777616,52.99435111739873
20.405315150298026,170.73259393871206
94.83803406926525,25.65860801560295
36.32049518564512,67.44307068107493
94.87146135073613,121.60694132436197
88.76559185312266,181.28207616449632
20.204240824448515,13.072327145777301
116.89689055796383,68.53436386735235
90.65999277276862,192.52012718858225
52.609235804199386,148.5724320688602
8.6048007632813,31.509685463263985
108.05583170245453,156.4535060029266
99.2680138420063,60.69072114223933
148.6509957542249,32.40396261472599
184.56074031730688,92.48857344842207
97.81387318349086,189.06424476956997
109.66935711181327,194.11756596162508
32.365651843368326,73.6644358082247
11.898784794434166,39.18155636903267
16.552508533340145,41.44262863056379
161.9726200805344,148.40116654621121
93.5853066629896,62.15943572534585
178.30214603583585,15.739978561947144
195.40813340183357,77.97542232995366
106.86040796898227,60.68108249612506
99.74246971812877,173.1023173323233
31.247774814044877,189.5077358644093
116.43220816154782,101.14469022842636
96.99254255662507,177.6479051973457
37.70153220025177,170.3426826494855
118.68536231918519,142.63068891200342
38.686969520744505,125.56370602876547
34.89061504317948,119.1931492285941
132.72606571512807,36.91751653418856
183.88266611081505,188.6382437319263
7.160875975842696,163.73063533200298
117.90816351638291,65.70994550174423
170.73267986168366,183.74701813614206
194.34429218461233,30.697721745307973
191.4023814911044,48.16711227703586
90.74482227462664,25.35066617131346
103.94239257179274,54.72925263094355
101.95459490838175,192.99596025595724
83.44975231051696,194.90458837004743
23.835419097480756,35.39832701583324
190.86852770165925,175.5367614853225
190.0426944836513,155.45287477953303
5.602458149333039,153.11818676525385
137.6225512793434,39.14975405514046
99.44851940309559,6.660310460755662
105.29895221915706,174.3694378156155
15.190198265712308,93.72210033540556
185.9768343221115,64.58208802813954
81.92487999101779,173.22025265409485
185.2245254300782,20.28577713410304
12.133019288077852,56.69034128058902
110.81237325364114,63.38514542058808
5.279653675667818,155.29142982257932
178.19324171687393,77.59383908748804
195.4059071662324,167.20297077282746
92.44635915791241,74.74356082146844
54.06736581627149,147.15156608599597
37.95237185943251,128.118500647537
189.67024616204176,144.50108244340518
9.512101763418865,5.6526908409418235
103.08068381767347,68.47517311879902
93.36716610807615,42.87548421887924
92.89992344535662,36.23641974624366
118.7414097814446,105.76076287887119
185.55058349348207,83.10612159485552
98.45386616182829,149.4371928545268
170.3387816376681,119.98979876853721
110.27441420993318,186.69799641085567
166.56744433844864,78.47560709905552
83.48653246416303,71.11475145418876
169.62420647087865,18.479457341319044
90.28057905622828,40.60001056269858
34.62376497811769,120.51328915839656
191.99221990969372,87.97654200653393
175.6298506589018,70.75575688006964
170.63840313125667,70.63967184374005
196.93961552197848,62.82372234449715
95.29386974705677,125.99749903562129
36.02339306357405,193.63401878107138
93.89621393065882,75.79904880292209
16.374682894325225,177.0543927683967
96.65443458476672,140.72457525985573
36.793873373004274,88.2791764809955
111.51723094619194,6.4490471966922165
10.81595022989261,110.17740470477125
23.16295545390822,87.92810178472347
21.149636382374705,66.46920276633871
183.22772369705274,132.0749581880382
167.60291245627957,151.43293291286076
8.482078829358965,88.71252174211853
163.88016168591545,170.59515903644768
86.46605708153969,70.58303704909784
98.209502954968,65.8890631076095
195.8983426680786,65.95146623422504
15.202436270423796,164.93422170109028
93.73403920278288,33.4684990223491
57.0678469164924,147.89074485060107
38.186663703674725,189.1627696589972
177.16144083266957,12.634729447493141
185.4869736546393,14.16061285990185
175.85235081376075,29.80724250238731
172.5902165784,129.87412427310437
179.14786571654983,172.040733498653
38.87485922682484,157.9348695051714
188.11247158544967,135.12110369514974
19.11940477615725,12.002441946358374
140.15131445286042,32.53829501242439
40.83276349347266,112.38930515407992
163.6161327393506,163.51191926538166
105.38384040953542,65.16562215140218
167.45796149142652,166.6754565192844
115.20995540934018,88.81968632449352
166.83581451169326,73.69632047672444
36.989425121056584,77.6530035332143
179.99998577881624,159.61752840775966
165.4649552091146,20.497727712824208
16.86663704507612,112.46959598443078
171.6378036032609,85.07700084233196
111.33622356434087,77.68139932668815
166.73862418227324,156.9250687628228
195.39777857465998,159.96860773775884
191.46300924499783,178.70566126324778
194.22351113026647,15.001922836137854
91.81495235046515,85.08305916837165
14.52139169259589,193.522519786631
86.00513562583424,15.801565358195512
164.78590891404934,159.55934456717395
27.57863193800295,57.25722815607748
23.587698704439124,112.66765978963201
145.9399252536685,33.81309893162179
192.39268109285723,121.81964019753603
167.8288492853934,29.04248369993742
196.06111628682967,43.688426760232964
8.204629707745532,43.01266172841266
35.791824114236285,123.49450484303635
177.55586030471449,148.4899063039489
92.48280366439484,68.02588799524936
171.95277288978815,31.29855966933434
180.4815925599483,144.56326617684707
112.47587436713711,138.7781636760569
161.92427734394172,142.75052306515968
177.46408760524335,141.6449303586315
88.79937941183061,22.649635626261162
32.913316051270975,194.53561281965202
173.05925723431398,21.044557269845047
120.87900866420642,124.35296301855391
114.02234879026804,134.6066383027081
31.733468909918322,81.2994371206632
40.823555859624115,13.77471012659179
118.6341396945429,87.77162090372317
175.57742845011856,141.9901936576551
37.187890675268186,155.4788725839801
15.456301273281298,113.11233082515739
176.33846763664351,21.834970963200675
7.060511992549381,39.38810270828747
27.81654230015875,43.21156149196065
112.70596382825275,150.9198907735328
98.66789334061549,120.13879626606668
105.40032091763126,170.17107108551394
40.08856386888395,7.122436470073755
185.26973472432186,66.34793497107421
195.60739145740004,144.68043930034085
190.9690452224444,94.85963072852151
195.92210772303835,158.7619838253161
103.18625902164524,155.82024754456268
171.2038284961593,156.0318505044234
162.9906483225785,152.58194541751828
8.108236914308488,6.7661215015167
90.80924644810695,40.95295567784777
44.153348670919414,142.1786944596274
27.309796527164593,108.56949302749736
82.099376932509,175.50910714093777
87.95277681616834,10.409372364813006
162.52050998843714,31.744264221858476
24.235458151659234,159.364773177875
58.28641300640689,148.78001430265542
163.4460294052019,127.83404375998236
184.46348209289047,90.70357692549992
105.02369237134491,157.60073507196546
95.1504031169914,144.86502294858406
189.20205665927722,185.02148822857527
94.65655761788446,167.53110359715438
14.742816891065152,84.95015878742836
86.15579654072229,188.34288072735816
119.2670892162131,136.07808772840747
106.36234662691093,178.56207599636585
37.519729989263645,54.6957814359365
169.58289811130973,73.32395076261886
186.3880069521229,192.54354805862397
190.61463924538484,125.48596405221865
95.51454909536922,63.342588248141276
96.18438955372342,21.471845001726226
196.20620775463527,119.7940369903445
188.55833917850788,76.74074476575841
82.90348974858134,22.446651179365375
189.77116873214567,18.518198939579136
193.10202146548272,86.36392753892027
13.089005218159892,194.81347516670004
188.777210419946,153.82985565980402
17.7687616951474,169.52851117482942
171.36561316469871,151.79720729504677
161.65809382077865,11.053034202444287
88.59706243389631,131.27924356019506
189.89292952128554,94.83529882389733
81.99480619066647,183.9498699869782
183.87125223280535,160.39497691254968
30.286167276201688,52.152232014038674
187.70302537491293,10.015388672627617
20.76915162779278,19.112973309919788
27.990036655776162,114.48028876280961
176.43578984761857,68.4827144819286
37.276106078827944,19.030320108455367
39.54013614782074,106.80967802646686
108.7677070350035,60.1902264994887
48.76521652349469,147.01458382151864
181.69887011641717,123.81591494888748
12.19320435387793,84.31318884777
115.68674020541374,79.25384160156068
180.30717529671531,78.10969289382273
190.1012686465552,82.91155497331194
27.991516706103273,118.36876823622157
172.8765961435358,143.7865048538917
12.912218769024072,86.90891391924768
180.02508291351688,163.88795354258832
17.217260221276334,55.922769368884474
40.516850768023346,74.81720717191706
182.52790525136444,5.136137051165674
20.52443830931498,59.95273742684195
39.58430605041033,161.82178367795032
168.90718921721555,190.97994110562158
29.34551465436218,47.61469685479489
50.2605155553689,142.45366268326498
21.601250777511822,88.78730296261378
166.3356476539562,127.93199803083886
27.319823802883075,50.79093792221175
33.06384112897414,75.87769181436288
185.84292585451362,152.88380342651516
25.939546159236116,23.82651119293043
7.633432252726065,27.61199899935536
188.18795135932703,126.348386002312
165.90143860826186,165.3087221561599
190.87540139450917,137.44968929593105
173.2554296674609,192.38227391113625
186.34763284514645,153.24134298993826
192.8050944859459,91.58657350161982
178.89851998905868,144.11570444962274
91.8481154564014,62.299770039399625
104.46012883169595,52.222019368494166
8.695207800515748,65.26109380573935
15.6479974700834,195.84695063313148
196.33708887090836,32.84678802377429
184.3374522415369,27.67372791014126
194.32377877967122,178.60546333685684
116.00609216335666,145.18720907166502
82.37659728724843,118.25908123662265
19.492787452445803,36.01647684972312
33.84570163535626,168.45380349922547
167.49169667959558,173.29790737727367
188.84198859891043,62.66106457400944
31.62062556413602,95.0690786262917
23.68817580097283,47.21737127854272
190.80968246616666,191.61389812448908
179.17075492632978,157.8941386127269
177.5549108603845,173.26618344069936
181.1158310007642,95.49803414509157
104.42473773232366,150.71715236568681
15.464804951934811,78.1825234137467
196.51429219428164,138.09724313809974
106.98833116994076,73.02287674213741
8.01868485571311,18.894466498684903
87.13715134622937,63.34444919413144
31.666955123721202,45.44805716970144
35.67582137081183,83.234201055436
91.02568246790779,14.085420635835902
100.6591159565851,52.05345325963087
39.73460433214228,169.68836875980162
22.328012644023158,78.06070767802696
188.42373656065047,38.55867787315888
104.49628879603426,69.02407614791566
166.0065153869329,74.27949212700923
12.717574077718112,94.98898724243266
188.99900206476585,183.2594322972306
176.13879400434138,171.90705814803817
105.88776232540837,125.99213141297427
23.477382637124226,57.00677175927239
196.51977075394885,192.04568595072143
168.83794747909366,146.15344972008617
10.026862958650993,117.64316467934954
95.9079865752544,12.411808933128148
187.86127367793708,151.48770181850193
118.98583110471938,97.72688136037446
98.4712035771224,65.80233464667124
167.62578519416638,126.28173631897197
9.435132379698484,17.62608058860278
194.30400895535178,135.45655260983
89.09892214045135,6.59837243404886
195.7148490200317,69.96108330030933
8.777651221649295,127.95530535293652
95.1689058279027,13.092579930003886
15.828510425119639,41.915776098948214
189.19521986552635,122.9802646637061
8.828649773024818,109.80839585421197
16.292859914445284,75.24307167485513
22.81212173623781,111.29499552543984
167.34973107031382,76.5985528381964
187.5356616919214,57.64240709417257
9.658915446331523,78.25308880308499
84.2375168617649,46.32809502510834
104.84756207384022,168.89446197780538
10.390309661480945,51.98153106484356
190.9232202677439,45.23320610054783
108.72094986817453,149.34799726037895
107.17189190990281,65.55237176424797
89.68012888992565,174.41062757719436
18.771261178013113,91.22450281881538
29.361318925108154,57.90352441700866
106.45215137248366,187.72305793784355
189.275458050718,141.35805493719258
12.198914955174736,159.0866305810773
20.41708698007897,68.06786759911364
82.94142774781307,52.39065591947868
10.579742979048572,78.29931111089813
92.06005538480001,36.99531724035756
104.71926265242192,174.96769310437986
93.27303097204631,174.2241854243136
19.636468548258478,161.2063586754866
38.559110698300316,68.65967012150661
176.0259230391808,68.9898988574533
31.938216093544565,195.75612561123302
71.35729684733325,141.2424765764575
169.4852856385948,177.11586752983132
100.02032651360712,148.50021691652765
195.47653306318935,94.59117889949817
83.0358693822952,87.29698790590497
34.14628668982832,88.39736297846363
19.649742908050616,69.72734563028696
9.302028546311735,79.84519912803857
113.91361741888878,103.8024153104535
23.82199547910177,108.10083157718562
195.8491751526976,168.33077873440055
36.92231689739203,5.706472585273047
92.47028055101349,192.3593637412468
81.09179605086001,123.84398429285591
196.2004673780587,32.89610761596659
171.34351918573333,80.74966824687964
15.963932662060289,88.57743635701752
12.36675992116287,196.41172874843906
6.437435152103046,177.4168625717611
39.28039997613157,187.17885583173188
113.73805881101273,65.22960294896147
13.628511289210612,61.52764714003587
38.566854076255744,143.59435253154123
196.98989375365403,91.40282880758211
184.75664693601308,74.103146903271
112.93457154362774,115.94210717811842
96.44527427618513,12.905390403973257
62.966415268342516,145.6354663587807
31.86960480812317,172.16659186584974
9.66022161290682,161.66324222945147
113.90733999746655,60.07460240925184
179.49025757787177,15.093940856754545
86.67928715778639,191.00106107885748
110.34380383290649,194.9673147501298
174.86864792976462,24.69815222388856
179.5965280204333,75.85515097115024
183.02692256055792,28.15520717371865
136.184218026714,40.18490699427615
85.86785224803857,82.60202970637643
186.29000973417592,73.88950885024823
113.3901132358976,46.54438311876422
54.4515342982225,149.89475853879074
26.573349772843912,41.81718587373863
176.42421279869265,81.0830784437681
23.60387901585946,13.278833633884371
112.19273079652307,103.42305846439217
167.31840503659703,169.76297567302643
38.067020973415204,23.08976048102126
9.117188626916839,115.05314683427943
17.384041897030457,29.532055562726775
13.88425165491383,122.95029612527824
18.819930229868834,45.08107028681344
110.36212642696567,83.0748073407379
113.70766226609459,106.19220430713955
194.6521345517022,96.82304385813704
22.183346604744514,77.1713546463456
183.3834532079921,128.40108414678406
12.140841723518928,189.89109591670064
191.625655171794,32.55209926546018
5.211231575555434,195.02071364071378
179.43974108887727,64.68851120165834
94.247682296442,11.551764968486001
105.11515941195296,145.86416301851708
92.21270299949644,51.061822481816215
99.2753937425418,137.5342431354343
173.35625322464662,157.241928834386
113.74619798351986,137.31617862018547
88.35440589447909,77.77032387622828
89.7803683851025,126.18234579130491
183.625624093462,114.6698307548687
196.51082244565603,83.64214043965441
14.179120545547445,60.7919529784631
183.0050131239959,25.735492865729565
35.245463702978725,98.15009119293221
35.3304961407778,58.33074945855247
184.25527736892408,22.666617813746345
104.95292871762462,50.2124724366817
176.4418026968212,80.09481439864841
81.1878342762146,92.71285518876387
103.89890323537838,81.68732582674572
108.2100310383785,192.28423709177903
36.05517955169735,68.35662142035314
118.04251870306949,188.6805423317467
82.99173081840692,28.75804118702696
30.521268690253578,89.7443766605303
100.79575536198632,195.35255660958333
12.173852170775525,84.74834220316879
12.066067525658465,189.9494180183509
8.222206296628572,41.84388699909262
31.359729129957003,107.38911781859348
120.55871348726482,87.35667309556138
188.5886923020631,57.09222601813245
111.25812466715995,140.7283112696526
28.207178221121453,7.608651966503578
195.83065000196552,173.0041037508588
6.370496893117294,147.54797938134786
28.130809915533316,95.99761998041333
84.20068753829462,31.645732726275888
178.61215306161296,121.11778639710224
196.67753475023824,163.17920254838234
120.69803926770679,120.17165216657395
33.84065471892524,52.46760330869993
190.00436239505964,182.27746421154828
26.034053146678563,173.5503247897719
82.50524246739332,89.11245473082708
37.48985169720601,29.496507183236044
87.14127362728759,126.23421790860888
102.87281333287532,182.4538960697762
116.87043598503594,58.697501554573144
117.69261356583098,90.87739333304917
165.8726369854079,87.05637068387506
102.3845091421704,178.65982792169945
163.33231520930022,187.75333056076252
38.66801189420565,69.8383237438774
192.41743819539823,30.71047660823166
36.97117758157102,48.550981492326926
189.01882818023026,196.64949848445607
98.7609973922541,136.79057441618133
117.23751608424733,196.60873450225162
189.268836351371,114.90924528677594
13.427391408578195,103.12139509814915
165.89730090220402,24.081720608046687
181.61971452750913,6.040025941429592
38.41406469747561,89.65584576512757
62.74562973507686,147.3188685293376
94.91640104377497,189.65798016831937
181.97354112671692,146.71291571241048
165.1775264499878,176.6223138283755
104.11964342389989,138.40558000573319
96.14869623677694,85.49769907926361
191.45509097992039,152.43758582363975
102.31236275485227,58.17233462473504
20.36540216043259,32.442559432746755
92.58674128678771,84.7128264739692
88.90467929825547,120.58469323499132
191.56179022510838,151.77973248258294
163.39549909202145,74.2505241740339
36.4546356010679,170.8947100665987
30.465836873410215,76.04349123162878
113.47337563647466,43.593631299705216
88.17607038089643,136.69980041190962
115.28453348650051,180.46257929172737
176.6125328022111,168.69807364844104
94.39297544065015,40.58337625825409
102.257158540108,58.06152136480881
107.9220412851248,125.70245605553266
189.06184285807896,43.8557586526824
85.96794683477273,196.80547842601192
172.8388607590376,136.1381820012022
18.435604548569508,176.05460414765122
188.98145929250947,64.36505256793271
23.38887670543245,92.78392617941674
11.184195064618901,70.86084845097405
11.231711507460075,36.45988109010379
191.88998982595766,181.9797137027638
62.94154827608163,145.214595005199
40.785858505968754,60.114642206808384
121.01622975848531,97.56602298243305
177.91266569926353,192.13501270287503
28.734774637524428,190.62156575946221
111.636808219584,143.93384555854217
37.9528735886518,68.2010116359148
9.68045356802772,186.07194910027366
82.63716566627971,25.01539741132635
167.66707278986198,141.90839923442562
24.724129634550305,17.869027568424656
8.111213431497811,156.24300922710142
90.897502224025,64.43885901671841
36.40368834377524,117.30809680402194
87.72214752291795,7.311818131711462
163.36756631084515,174.96260903793782
29.65149712340773,41.80033060579074
18.467165945739026,73.53677374453085
105.11284442791843,77.4676378565759
70.67292278685461,141.742451852951
38.30212309778046,130.90926706728504
36.76474845580234,35.78348432555974
98.35844956808522,151.56868461708206
91.83933043320839,195.57304393340326
163.09600587625997,193.57900808726043
184.33098612286165,108.434007577934
19.446505815149813,80.86897715864524
92.50853727537607,192.11792239473476
186.55241781192942,76.72441288329446
119.83422452596463,47.2834084586353
91.25858512903552,61.79709066338894
102.56186073080104,156.1548019397434
25.433467913349872,38.86773762786277
113.08000675437476,43.138738101621094
166.45845686874677,191.42777514126578
161.64003595321026,128.74764151989515
23.555517907636023,16.94282029419993
110.81106247134117,171.88794963994212
114.42698304832992,156.03632530692687
94.5533463984735,46.00906152624449
6.903372246726352,67.89912314985772
114.48859451246088,109.24081479028042
89.12278301053206,186.76822794463772
162.54761201711585,70.71617477304693
176.24504361324003,6.922329659228347
16.277559732433396,194.9034960294364
24.999233207606235,115.27348929378113
18.137437882468536,186.34211969037622
19.608841007627305,187.24065973825677
17.7012999347175,73.81764339796193
196.13084585320675,145.54271134021891
27.812784081461853,120.65207866542542
193.28482291852066,167.67791784486565
111.8774419450555,145.0125095204211
81.83765551230653,34.80940984544163
179.8997376508913,130.4610518640523
26.32024913113399,42.89397099288573
12.32076281264061,171.84195547262706
182.92453974610996,74.98660315502863
40.744620474824075,72.91241215412136
174.84805587235945,70.55957189408029
195.66293397317278,177.52118957912282
177.22036078126843,128.27699672504627
27.57672287995503,93.08409637835858
129.3410071282105,35.41799029055685
24.45165198597239,79.91414906700314
101.39827882905358,44.95243180138276
95.66537642194349,59.88113103943835
188.0720129612212,16.53658226048202
9.338408725314409,46.10312627660434
116.3909075025928,125.81281712985434
170.654540198232,146.43917421106778
173.5526319939165,62.66857611197695
165.43360301204726,168.5729212938417
161.85506439795594,170.04767980493816
101.84366123929776,54.4206123817722
26.438135842926474,194.93090391903274
27.943744201899932,170.8465149953378
55.812199215715424,142.69943010519506
118.24227221604974,96.89556594524112
82.86526492776359,24.501148454964245
15.226213445847586,106.25540828709732
25.863622521441545,163.8632097227638
191.7302547581488,155.18504983514734
87.89810021837893,68.48637023847571
195.11410282864153,80.45601454340307
109.30940323696403,158.51670332403165
60.57462802931118,143.45573595382314
19.603615917461735,96.63428859031184
193.62884065787807,120.03175989830163
185.44719249762318,74.85434228014687
40.405478424936945,74.51897216478743
86.32357426209569,86.01778881979702
20.752861593903233,25.232052899712258
40.08175448617475,7.005305060586931
94.119499489465,46.09723607329872
185.91581823879443,158.14908783737494
161.97663162269455,62.55835707183293
22.623359979478963,93.2073562972292
24.70292972430283,191.7085529390928
95.45746010144069,46.25349946661103
194.75889893288868,65.70126134112606
183.7145501827042,188.50546123865996
194.7896547423647,46.1381707551513
116.75601935380529,113.29932791854273
174.29583819744386,120.16146903211308
45.43127043572813,139.99348501933093
183.37100476865086,125.84794739888542
35.28506726503647,108.1484019858188
91.86565614293679,119.51147453727094
97.73437702050144,138.77016934803737
171.12954487753368,79.26325335128722
175.52223411317203,131.29180752503558
116.00836240082437,179.78968038132317
187.48057958062853,154.50476809921037
106.57750053901043,190.08989545861849
26.405049726339865,67.29050618891542
139.78731504754867,39.30897832580659
109.18096099779976,9.586089440616638
174.6102117331969,76.02848997850825
7.840628868536875,67.98248103547797
81.48460963225106,120.93506560704304
103.42010661657227,168.53372408693053
40.58382821997257,28.672745613945118
184.34778085678917,118.18658932462682
109.45004456854339,193.5742359195807
120.05172018874664,164.94782395768306
101.85852743244135,63.62511998448827
91.8347575016674,189.01267918481648
164.2786055875463,67.04522745213018
35.310912232439044,68.92576278349074
195.2258703444636,74.86214798303692
196.54190074456426,96.4784501488134
168.7045738358866,183.63234337184267
35.20092606537626,190.40112328528517
12.557336280166329,55.06111885485534
82.14865743845161,9.925887102468106
110.8018627257628,60.96396613724764
13.227746871301477,41.865745245695514
91.60195603219151,140.66655263851945
195.88416049237603,32.494967254311824
5.295191600325505,29.248488621038227
40.71207315867408,191.54016026542172
29.64282762809819,23.715677293172316
30.509963229665424,178.29507692752293
50.9009032735866,141.67200257540563
183.08324569152836,46.330345447889066
22.74347862600903,70.75227246453147
38.86655640449313,99.30572163707664
101.57248643019189,169.03184262411196
83.35201771142962,174.27304359402703
162.83147909668304,127.92274659594064
9.753549974167596,62.689619562978244
104.18021309145537,83.85086824691564
8.511211650967597,36.6203509022698
30.671753190158764,46.4181576075903
16.72215863588256,195.7891409066705
102.41491618998947,189.73566977456304
19.465968593742552,21.954905526896514
9.760959474843457,81.35719273424297
11.762008874863724,93.68724962982789
190.7127625402311,193.42053540597587
188.53959118967825,26.56547767055559
110.72364676807308,131.91187174846723
104.78888226755541,174.8336372359073
6.881293756121816,145.41846800971675
194.33357159002438,21.33256947587271
87.23133215265237,87.53252395824319
38.13385665906243,62.90720123030737
161.62560940772997,156.40781945027172
190.22828953783835,62.464616923924446
114.90970460829304,59.10762127670241
118.5836076354691,110.64592110944746
15.382087254592564,8.422841565850433
92.86483978597818,39.83588388014575
186.51724743168242,12.138258270506817
110.89010924058977,184.24914829508643
89.3328362404736,41.5033873228942
88.11674589399456,125.72403443328888
195.23110011810704,63.57861749918025
187.77014408793244,121.29301034473244
16.152515180176664,57.53564023261441
20.418237616634425,163.27980012904874
95.04833934717195,73.62049009492051
172.24111290706006,170.94210188825772
112.39521685014721,124.93150939616689
19.83314685743756,42.199904651480274
29.077737024758356,158.95918942138408
92.48922316572774,181.20076340858452
22.93301359936026,20.159465190555576
108.17880052349255,184.16399197396908
95.16246463494367,154.52767413473177
184.50434265798066,10.848889559595182
16.749064946803013,73.74942053381706
23.331376572313577,8.985784120693499
32.09074406047589,86.44537655126673
87.60630560076828,10.294840227071845
97.3781336076994,87.93687714197519
192.6928694520598,169.30574107876302
166.3629213609874,137.16845052671638
22.797772064576673,72.89831763650228
111.20294047178146,179.20636196959322
39.061150098776736,117.56735966776252
166.9300838029873,89.25896776033413
19.498461873878487,34.02017686780247
24.449903746684836,112.49880543480708
172.34277356365203,132.27483952932977
187.577569993729,22.338177497727308
91.88924977826848,72.57836893220964
167.60494773989922,150.51514958599887
22.328512441913404,163.766348524449
87.02047993929185,196.90851932442348
110.87839573655997,71.58065323544052
19.895952352108424,106.9598137747971
103.21135166575513,69.08019945402192
133.03664334448686,32.58934606654325
195.52151126031146,122.68743096394532
22.996738770155055,102.91049157107695
87.52884946056106,123.50157377826005
23.23055748214944,41.370677153281434
12.896691880053266,116.49810566102715
17.056293107647154,110.35646083335547
186.5102951466534,91.12213778337136
188.1610788253473,44.07942918896978
106.2726152567683,153.87720398046855
112.07036236743161,142.84154439935668
120.71856341606974,160.86520439851907
15.669286232317994,37.79475324401146
112.360993992586,112.69985073090848
5.193353097296777,119.2371988473847
162.18811098489076,89.53769631202806
21.807707936790838,177.7133132882804
179.5198537209635,164.50719396781372
181.24846702098804,24.412032106925757
173.38058838618852,161.1153330255106
94.7685168776737,18.013653341581865
34.74112557226318,63.291010432662425
14.633899867475785,180.30992550910543
11.749304027552476,158.51193795311983
140.06834409142888,36.93852700134361
164.73867292675908,66.70804244518479
109.43856639901816,147.43120652899202
14.512170253290288,11.061428443233943
26.050729708989813,92.86086715897667
177.70310621946712,160.68777674584632
109.03394199090141,131.36220422163916
90.16608817633417,193.78143573120428
195.88214259880039,92.04262882206372
19.412010236094464,25.695015900232583
184.45468689880656,161.64726053869052
184.1286253816145,168.9302356780983
15.594044976807252,57.33838816129712
115.37954415000286,56.06640128728081
95.85471968108644,42.4259236006519
170.1078851808994,151.81100486625348
88.88304516668705,10.303943697317205
105.17535958947455,42.63303956283539
5.617643552552275,106.33825458140451
113.1322999342953,65.4847420010712
25.735473013173305,180.36919608408303
38.662668425087325,188.0242030482065
11.289323924425595,158.3667960233272
191.43033114676925,60.80249728932925
184.3548446774005,82.6861017881599
173.1794450618107,141.6505978526091
33.34053610922155,175.46830340433365
33.735990504083325,166.7334545061814
95.94891427054831,177.09756058495907
98.29161690522294,124.8281337149595
38.33486237878457,164.8634892262301
113.97221597232299,72.57797042622684
112.3678653023864,138.2110211411346
84.02261276288291,35.28963041241542
187.6667752200942,15.88998102766486
6.456265545370068,76.3198441751641
175.8169840020761,26.603861618387054
23.139009071679116,196.7263239425314
115.80522970686425,44.46123853832995
117.29580654211058,139.06052761254344
166.07992736947543,25.15803532413236
184.3498933066493,90.21617705227355
183.40799338776546,85.28501398385703
36.025355925443776,86.66705866294267
17.853836128551826,189.53125393071912
30.991219952508537,50.71203833689618
36.95351248242536,185.01323241824602
104.9885577100078,78.44083519129198
113.89009859825526,169.8673738979397
24.206337473559067,96.83168671651136
117.7756987407048,173.25652611706727
102.7505204788416,172.66353864937884
88.95444390002307,24.233628451281234
190.76427693458973,116.6377483031473
87.09577795625893,133.09633427057423
103.44094202268195,152.55644513885693
28.470533071378213,36.570808141061896
12.38517391326987,23.913543429380073
5.127686095793355,138.48424605422707
110.94108414311958,171.38333787711545
191.36831987188197,163.46090182461793
93.74767049123274,120.53149786968551
170.0838242592147,181.22939699433738
113.28218006560806,64.42555125035064
39.14156503538283,186.88832864180313
95.99656381995351,54.32252797930681
119.7193070005067,116.73205754085508
189.592109211439,112.48369535419317
32.92249441724187,13.51280336992884
116.6692815804621,173.96811679405397
19.376951820973215,25.776752461475375
26.761871429743675,190.05707608560283
89.39467825461726,18.98040572971714
112.52420751168668,182.01822729336234
23.121170992688974,74.43093763350203
175.16722911246046,149.0512058930234
188.1123556989165,95.04434192717189
185.20501765901668,32.101050642628586
57.83451712273534,149.73055426682035
187.8512101369974,64.81549318425135
118.82913971256924,181.54352806316808
189.30709073503928,12.306697346793117
165.54926502714028,138.69742954767676
103.12460493502024,62.86900804016256
175.68817027155794,77.48745762365644
22.96523326962447,41.944191139777935
14.114642822877649,125.25721130145786
172.3746228275364,79.93720026670113
190.16907362499015,164.4288412611703
104.12939363137544,51.65911155853861
17.044906168869055,162.48553007505805
35.55877701284992,83.96866372070048
183.997658992672,105.65989517164031
40.99042255324202,184.2330181565734
102.20283009894088,137.95527498247856
90.96537197353473,183.57064136613482
7.191165730602742,26.929263765679195
194.68161411429503,65.73014608065871
37.04921668745533,119.64726120807737
11.835035051176,186.60642208746805
21.725361175716863,108.08616852239993
33.414082430671655,47.50748013681522
13.444425914294039,51.664167008701114
30.233133387494934,56.42774363014168
29.645591216139216,104.02693852545185
117.4029381920114,118.5854263775336
83.20748764402616,29.905883160389894
120.31124090120613,114.11487064666454
176.80411907359962,126.74851614925387
7.416741061126597,37.734746192151675
113.97394877642256,167.02369475766517
162.73656161042965,147.18259205051868
85.96814533603175,134.28748351335105
194.32560532221257,172.37873863043887
11.565517395235986,174.5755073131683
173.00057399547353,120.97636922897405
178.79029923470785,142.18009618626496
117.88106842216358,162.83988812832504
40.062749261120736,105.80088602604583
17.228983225444473,39.624685775379795
11.694058817654405,185.88501489846297
175.481859274466,17.8778090279541
22.792197188837022,35.199310745899226
86.43097853622076,73.32993034087028
174.54048398528454,74.82309906479608
83.2230312809037,17.419747819084048
39.77490341931178,65.47727555847572
36.755181292508816,74.05252168931422
82.35097837722485,75.98755933288416
87.35949575828133,174.5017762209582
83.89713254000714,13.672176499432014
167.70028834762633,123.57756251724922
106.28603795734956,69.98848769497837
186.74972185975759,159.26212323446813
6.801493278356386,61.100198782110844
25.57773923817652,66.03948541374692
58.1731676736338,148.50593254975544
36.05667303644704,104.66664022298102
184.56429825802454,56.674921155544276
25.494774567254268,68.88498257034031
21.953782075155967,187.91793507759485
7.76566009046781,47.26787842018055
89.57605514587257,40.54678855782493
190.4592219505325,131.78319558324011
92.93963551642295,120.80233622656476
91.99571715128742,23.347377576045453
13.953815133355373,159.52279895746736
100.81816376250485,164.7089711625975
192.23607629842078,21.313578423568732
36.88543730918126,66.37122019863938
188.0116104730191,147.7799803063959
12.753362352607207,30.158342404801346
94.39508909456723,79.13714567894962
184.69007692649646,36.467161236984566
28.172063797341487,193.58815158803102
94.09601784563559,195.01403701377617
177.80842324506688,161.70739044792217
172.7363135972576,86.95316611242448
15.549244551405794,182.42519373840472
6.149886037591034,32.946724044903654
81.07404305182483,86.48599372765396
186.80967758855434,151.42356997474695
24.753911366622777,188.97923919810447
92.30128382221118,183.12531775889
186.0900787622296,91.49761469736686
110.27789195463275,77.88222557043996
40.0567822712416,111.29340572894868
184.86245649041211,77.28463464850226
183.4463834535029,195.00389762488862
91.24923463814854,127.03608330209372
12.850296787503602,96.12924785127078
99.37696550743867,49.550897809662715
99.6668153848729,177.37253504368394
24.08789472934215,68.13716675477235
115.59759555912103,150.558221071085
31.701316320959698,32.904991139173504
164.6611562269406,187.40974140988834
185.85814222743568,74.657728414084
101.45379973674775,78.94669495217593
29.522528233906943,165.69969702667564
117.203117856753,49.19515563970468
25.87947560463381,81.79579203992927
164.1666971062365,192.72892873613463
169.3916420276885,88.76036002018687
32.23424351943386,195.43830691768252
173.9875114213426,81.60443342354205
180.75106714376466,181.12382786756115
32.17137902249446,174.50834990744357
167.16694531683075,74.0868351362726
19.509128174019168,98.67122384121078
187.8166702104546,144.96874303312788
20.13936492676545,86.30887531869432
116.8913082251765,70.0284649144496
170.735093713234,190.2298928813731
82.26466401799358,177.17918507562626
108.02654283679342,83.44326342214782
120.83611930954315,154.41689477676113
182.04428300400113,106.53278146062003
21.119427406356824,10.228239802847236
25.978864512238424,57.4560973868164
97.57409872524715,58.7032686498087
36.6331499828363,65.0985490962572
19.47208263826171,69.57075940687037
33.843374919103034,25.015033430652903
113.2829292135117,185.3645261359236
164.13175039153916,88.52488948891187
85.51146852893108,187.59108998034486
81.09898001900014,90.65587150031115
17.483102535298823,31.49273994681707
8.683092464924782,57.72158923309564
119.77087681577854,154.83105978996178
115.52724969971013,44.02309029252481
162.96660437616225,71.65659822626705
13.317309196646764,12.27459875889889
173.10297550147092,69.78092508399845
36.324914328657435,98.53323444423216
6.184516316721478,115.56485673257572
111.39495807215361,10.355889471231198
113.63336331671114,117.78864612630659
104.8744904261002,51.65950523470254
116.00290833525845,176.85490669234525
38.97510319175384,19.366767920202854
167.96847525617352,173.29837008197651
175.90734509108177,174.59408201866017
170.86288848330162,140.78848307133757
112.55701962149338,120.17380069304687
190.9232785257586,100.56423916056966
196.69170318969364,108.67038220692571
172.9847494221333,176.9648816368559
23.93171867350054,105.60427468652414
186.4992440759365,136.85663409154108
32.551649919926895,182.0576818249107
40.73156109917353,166.9577954300727
94.75971660823944,38.40225546057266
83.74753053821172,73.10370232677309
36.359275946272184,107.11360128443435
23.025967739491477,40.55816177524423
36.54794740074537,74.00246513127264
175.52153452727916,72.70344059880449
7.101982123875358,187.6152148390467
185.02690847175938,93.05079437616628
186.12572105995503,47.57957964527177
101.28742401673735,70.21284480530775
184.04148516871302,16.88036191510957
113.92684832386576,99.85713736931764
193.64111508434092,171.45225650762586
39.718713960900345,175.37975734968944
86.97896315902923,74.28022884727694
13.877724731217185,18.221920044907222
119.37952548733537,193.6036592887378
108.72734439489601,79.38448152887591
191.992751743347,28.81209598072198
178.93004467838242,154.81283743136197
152.6686145457385,35.78943406184819
193.20931925768807,56.0479208879857
84.22471922427997,9.460156117933732
8.919732816966839,19.84048936874649
97.31844731255079,146.10721953183491
19.722036612050523,54.02578975567461
172.33466510913306,189.25115950606875
168.50840570855667,14.654055743859724
177.65709495479388,85.57813781674749
115.42758445131359,55.497561305852805
100.94882846268266,80.68877804976573
5.905553251136052,30.428592183488473
116.91154463761792,157.7508778411466
29.7663200386758,42.35715393932237
103.37653316181613,157.65960439290575
24.762003990638902,163.6540461527114
96.75879237373657,157.74440115823194
194.69326917202085,61.340723936839275
106.23785248408299,190.70221557292683
105.62680210093616,181.3992943271809
160.1919103809783,31.496527635191136
112.23957111912905,127.28491100658202
29.38161865762469,24.66498168733068
191.47940853290274,185.45209907295512
192.21309974797964,189.5069588326207
147.65941531508165,34.803707720965654
37.98681481436134,157.26109064583684
183.04226706959744,110.11580365981551
8.418676429354424,120.8199921290059
105.65100080605312,134.5772138661678
15.724606228830334,121.88735652504256
162.3459612399866,173.63462408925503
98.42047619130244,61.770939171105745
128.6550180022184,31.346633631061273
180.1760050770889,6.209332576068433
32.68117153825202,9.130462557009626
9.813029417819484,50.00329136080592
13.137997989319246,67.91571216511463
166.8180448084705,148.14269058142023
164.8197635243731,6.8583114435386925
191.06968876601297,144.9414194521254
8.933672804753616,109.65110717542139
10.088206294795274,124.86571712056049
89.89992669300301,49.47257138952933
189.76665463481362,147.07365116006295
28.417212947405616,70.48928004981599
94.7622499983486,127.36450583022281
72.39920387868501,142.00801646624777
195.55210771462183,39.01269177190156
193.30147337870267,78.04251378420682
19.850411550775476,107.45836289106724
184.73067957966705,38.89033664235489
188.348691842398,111.79341851517957
98.95977165062342,85.2248340749551
7.167818460070548,64.55353155297952
100.04640846069987,64.938148114082
37.2905921285502,107.19004417868092
31.000899269108352,33.061800390079824
36.925293115252366,97.79315412954224
12.94174987357853,173.87662806402037
34.33084268709496,106.8061816718138
170.8983504474629,74.52351747357785
25.849359481781534,107.36332020848036
24.458120388691736,20.082950172897416
114.65837318968688,61.494746422456004
28.488829560548016,39.87427479785288
166.92950879001162,13.87689855135735
182.4952828530319,189.3822864438463
179.63549138483356,142.06935644713357
164.5829387417296,139.14606270024166
192.51913471114386,140.2007319592046
128.27729915075426,40.50649611868631
111.7313443662022,181.46806183938702
14.016678056599796,13.825936690350892
182.43196239591276,17.61386204095138
177.31614703841635,124.9185884243446
84.41360434343912,39.72889947487661
25.440674120354103,41.60866777865801
88.47706110634778,194.66769856956319
117.60533871499413,110.15480040605206
96.00129766600307,189.11129812493556
169.39801713180967,82.82440303836935
116.17847197618978,167.81577734114578
84.63799112858125,6.028265624596138
113.70268758278948,163.85920008678377
177.87986315581273,139.37785388762015
9.228772150043186,7.660068596108336
101.51421508154627,53.2767122224537
30.33770908099497,102.46144399335574
36.98857591678427,115.84918782213998
184.31460294882794,44.06911249597145
7.496853347829127,84.58496440521401
50.20154344719098,144.51997719760368
196.57586684006688,105.91415992678452
171.6294043589796,135.09637896907176
97.38583484267562,127.06878802386605
110.92469912526037,58.354464465216
187.03029500524485,112.89071501647138
189.29451945713416,47.602733770877336
24.663195574696303,11.315681106909228
80.41967387770757,138.825860310807
31.814261075167558,87.18131410025238
38.93397263173954,161.9926279063651
194.51091274580088,145.00825431258994
82.40618985482057,20.05010717313992
10.438453775416065,57.57598243482715
23.462160581177915,33.8778135972378
30.78336807340623,122.54456865766376
90.08681043161995,68.18400306242006
110.75126880983744,193.71384160478678
9.748804246983116,184.87194689401858
187.37017306351933,195.6446104821066
114.19971313350702,122.42731310251824
107.83301541261842,180.8534818308488
99.60548156166332,72.1730007074126
114.767227810639,173.4913941772065
31.19167746370867,123.26314720865892
95.4668059326703,139.91958482674343
6.118312040522278,80.77027878904097
119.96657511924809,173.53275805698019
170.06972663977675,30.939759543160072
26.69179072907636,166.67802438141825
98.20723087570211,52.471023118314555
171.4257024595062,132.68511261311667
19.687897250131666,177.22541017669744
8.163443710749654,85.20839406021459
173.53213907530983,175.80499194479867
15.135793123526266,91.59866558631269
94.04753604323044,52.6632362384571
163.34883329732497,183.78143411624083
66.97748762382787,140.7610620515394
22.329830301455118,106.60876559197057
32.68317613436422,8.213596048454097
127.84787774407934,36.75196096525937
173.6222424912856,136.82096802030506
39.144292451067344,153.7529100054945
185.1422404640283,58.39172459339377
120.52404698189119,47.34800093826361
115.71818370892372,104.0418860986955
13.506746160369996,105.07827250076159
112.15855000650292,145.75984929025196
7.744576304431637,184.69643433675495
6.314695757947438,71.14169502762486
161.60824288733173,184.44578816521746
196.9255657236721,73.10216128800518
33.635848961039706,81.74951155456715
170.49185765484307,149.83069890404602
118.04587104104114,120.63324907510308
180.15180122090592,133.417302337332
191.94927829363385,180.26556855512567
193.10249388334023,45.731621415175034
95.77466495190187,71.60460990799457
97.21782634716772,50.59073371401617
183.8288095880192,139.87293194959275
196.35352410926848,72.00936844637542
186.5411653223581,33.60978940094388
86.25530391858705,70.18306830659567
192.4583742568305,107.47267545729532
54.240760758643134,143.80710592914843
83.4834731934347,36.225588152378585
28.9069602531968,30.60370741204272
161.42370272829154,18.54985325791445
103.87875436082243,155.01493805481695
87.58694332805696,136.66073275777435
33.04147672516351,5.041972841898092
38.05000364043435,126.58673906213947
172.0955665831771,138.91639745044597
59.0135122568066,142.81715806743944
28.32286462539739,26.242074609957303
115.27567586164876,86.33597576784688
25.961309523037265,52.25665670089603
190.12205638794373,55.66779600415798
172.4091555449593,131.11768199331786
35.09405493857301,75.78001215585704
117.70658220737496,72.36654824180707
85.94458240657413,35.88106634372934
166.18039024090083,20.97840497501838
81.95807422315212,180.8225759433575
38.20112343677472,18.970604652244695
13.643964438462262,32.21551092109553
190.12036461509703,36.71529136654603
24.898453315023676,98.48833305016332
89.38511191104256,58.34116987342306
19.38332066730182,29.83657364020849
84.8231558197795,42.616624592370606
108.8166549543939,160.55519546150305
8.590557233749486,189.53063044253375
9.002791930298546,80.25231591894924
117.2126946815572,105.23171282230095
178.92515537545833,125.52346179612738
86.22385211693081,174.07623106745126
177.30769291167738,196.20849791664628
176.3419003508159,144.94397915112594
125.76461258016346,40.80629466263284
183.10624817424642,121.83520967501995
93.18298027802129,19.460301169568293
100.62454986014237,169.572883034035
31.220711626547356,57.35747418869318
190.82884656182725,14.260946308709688
112.24092146940234,74.49513142604653
28.350113621836883,178.5761619995738
18.073643290625462,72.14104233061656
15.930142021959835,28.761255678423957
192.88447080430453,131.40292803443975
196.89234256477744,132.13467466791624
31.994300898665877,25.155556086272284
177.95645921443577,90.23241202568909
5.01822890448246,139.75539304646688
168.241972957525,162.66690125186713
12.751806900175238,113.00159411059603
193.26885083962443,120.10351132650187
84.184317259983,118.29704910072965
30.263740087855084,91.18254953388457
7.517161522505257,10.014524332317219
38.71824298490478,57.186592811119894
192.65749306576984,82.56813724659347
193.695131464926,108.4688496966916
27.84681182996809,102.46935877965596
165.012191194249,21.986036203225073
23.66106936520676,190.149040028601
173.09038015698513,9.357682573952042
184.46729442110407,59.42739403125478
6.816497432880707,194.11536043549026
116.42410642391108,45.96868305053808
10.781577364471524,39.89087204673486
83.10304521496437,129.12448994235297
196.81305166074233,43.41836052392098
30.468010993494758,71.98872652423188
31.316044791951573,49.569745112574005
178.70358908020026,174.21029669289595
188.60332224179254,159.34428032432683
96.82513462416779,170.58377990067328
37.66485865849701,124.99279447415371
178.86587770317982,90.55110489053988
191.10234879658623,54.89720723592722
166.9794899800422,12.663079121634876
26.660518698029772,19.375214809602188
13.196054392531504,191.57058114385075
85.2866491342398,17.791211042391087
99.76649350357692,49.12732975863298
119.19247404531127,185.9025222184423
13.445775835383293,127.26444511074739
82.04514108601465,48.21647470348109
94.29933056848051,19.633934334964813
175.37868500637035,192.60114498960718
96.27436897394986,80.48767162128725
15.757694452334661,47.49429549278687
26.887273152920802,174.7747674834846
25.138542616505372,195.17745337584563
33.52677423381415,12.06102871764
10.469396326952115,37.98496887785561
179.05443137610513,183.77977267301588
162.90403309391255,21.504396515240522
27.64891764595774,86.93181476943529
179.0315580719758,185.83822375627884
29.040515579650343,71.45197323948312
38.7447119315089,78.77569370775946
177.49445219778062,160.6881278020518
190.35452075675607,28.60329503501206
168.78010950642258,170.40423824163435
100.57077957143355,192.19990612088793
108.68943438292517,82.91686239965479
195.18814055168687,97.05192131663546
38.83612554441201,165.0831537355187
63.90454224930875,145.5298343150993
89.3116442751137,127.5469164990052
21.350696763827493,19.238457838216853
10.0,25.0
180.0,180.0