167.24917838130102,167.6837095696694
30.955143225807095,157.10849499332366
6.99953807463517,117.74365365046503
21.25454129281273,7.121396562606957
40.86134112564234,48.88961529385026
189.5116190117279,133.46336588006426
23.6197338127081,84.68897906042648
163.03843687144146,166.18067342799415
155.98756998323995,42.26144183557626
95.57778146419376,103.28362626542807
24.751529236333468,7.870792785619681
26.692627901943936,81.15479784423418
114.08617401132018,45.21797204423307
36.54763997613313,144.75070918827961
36.071521428519404,110.89091836277622
21.56172841688505,188.7022227424059
189.05951062798155,146.67706059087752
118.91127523702687,104.29125710209992
126.44447893266549,47.79305491633213
25.054630166155356,62.116711712593464
184.52341542765353,184.03188671713374
16.1549365354313,113.4810551881951
109.61675436190552,5.217392775016421
193.99102758953214,36.97912333373186
97.36034757081435,181.80474500438186
40.919854523049196,86.6262361895616
181.94938680120313,125.03691663763657
186.48786485829396,49.156749932499125
98.722848235386,132.42473224006955
9.623988678213738,68.01976841745247
190.5151459342472,103.1921844340057
10.359379948835098,79.94592665126788
195.41740715946275,117.47401157713301
96.65776328365952,189.0781020220997
134.3106565989478,51.759118807905374
166.18840234530538,71.25739095266907
119.60869690902666,23.203020361318984
5.106120994771315,191.85673303789122
165.09084457067547,104.0559720926009
32.001387022553814,36.16870720788495
33.42805272762021,188.57617478794515
190.9359674585761,18.43454538688834
39.97405524193539,150.2457630735743
17.277328233117085,57.36900740461904
25.71703131438723,166.49536805875155
192.09682978726323,120.30771319560269
83.29002937947385,108.49528184050817
22.116825486319737,177.31935992573702
114.20190229809728,124.54799629014845
7.144372317464674,191.88971619111726
101.94174006401877,113.02038088761431
196.72992073072106,145.74308072696772
7.350103708384677,64.31464777429895
41.80971157087064,175.18088400758558
32.9774777908104,195.51999132320387
194.2956602232076,134.40072566350204
119.12781036136923,152.04907541817
39.30223001191809,142.41910482522968
171.03834184061802,83.83267604165896
87.62027631098059,32.77115702182533
192.30992812435107,130.13112872806488
84.5568224630184,186.6803776785542
21.144122437176634,132.35687178763257
20.648617667579334,99.12496954790544
85.51499081735255,155.73456174386524
182.32948621987978,48.38897329523442
22.11060873959037,29.82940120724253
104.2400215927892,194.63023804927948
195.01140570873642,29.8684590448405
11.512528869790858,90.31836330207902
193.20250467994103,164.87130451300982
116.56397680935873,40.37654950265608
13.565172115691341,111.09497109190555
81.04750355741454,67.03232028352268
20.724903652075717,102.12566366043463
178.66902843400965,126.05269819801694
83.4363837677376,102.5303406079026
126.55627094823292,51.67309269910577
103.90943065153954,124.32587724700026
35.53448001532523,193.19374770828938
36.72267442966433,176.70910222772022
24.716910536485628,20.85938035424375
117.2862189060495,90.98646041141441
12.614212748195273,107.66265406175032
68.5488413637076,176.4296105111669
95.07862673099012,29.442416699012092
179.56508149326683,56.76770852356006
98.89056361952566,166.91504028230673
115.22327202002768,50.31313467075063
182.68306992138739,61.19296791654416
175.24347330619182,67.91581673578963
113.3412036178135,52.93923548489722
97.93208421729906,148.4927459462888
169.72421613359174,82.18347070171225
46.8444461747053,175.09043328601936
166.87512398123053,192.9906155804352
36.93389440854025,106.3676142541759
88.92702047069594,186.09734711054384
34.46858207656243,46.6974103514727
12.692474118074015,89.50203974347328
30.689741346967843,177.52025657414106
166.19904592550162,151.22442955189575
10.180899410007113,23.795736861095143
101.66978257290636,114.50831387555138
35.38835136283221,109.15302786124239
39.89160974175885,112.17880548464717
119.44687383696764,180.18156782623433
178.63165312625173,9.362249908832787
102.04502829609459,106.41947425246467
100.63527184193391,6.756683238973303
89.16960620792096,172.1687369623388
104.28127126151671,15.085897593070241
18.388303386718206,25.46374519728206
118.70864782603549,109.92027049648794
186.8929532553477,194.81192205078227
169.30800807687075,178.78263137907078
32.84673271685229,36.428417911064116
15.70519993992908,103.45929676734251
187.55924411282533,16.165191494926706
169.84016594316859,100.203771112355
29.641354454512847,139.44384983999646
193.78450995672713,155.8628019295229
101.93113234205033,5.784540433380777
165.5953226696988,131.26383444124818
105.54896422531935,176.57682591612075
195.64963508469742,44.67824334010362
171.48411912721082,98.6795406856689
169.8514703168966,135.1126955772538
103.37817264810799,122.30675027859448
192.7397290259329,91.45567077221953
100.15990830851709,72.71782667207609
192.98847116485578,157.00532516105793
25.515594510851525,29.975174588323206
97.40708480663022,84.19515866217462
194.41325599430436,128.24766841981722
26.77487805934786,36.15349151658119
184.5029232569228,59.47493404738665
112.3126559584592,147.61689193866903
174.29374335201058,126.57747922228506
90.52660388801591,60.75842191596327
190.32858842111483,99.5462517746924
185.7368219640771,172.84561193907481
93.09694293681478,25.139544594269893
8.183470828771275,21.085984046905775
175.66524989987988,68.42937943986486
30.90928261049278,87.04698635569319
17.715192401064485,81.05276524185652
16.25080423755179,74.71679316709537
187.11838532501477,28.62379636242229
107.95074538832078,137.6081424442023
97.209975857321,5.353722673722249
114.55443942973882,56.547998167174704
164.7452020774648,143.72704951443606
161.051716567581,94.96468518170037
184.40263503149478,131.47438731484357
35.29487438594545,169.38096021900225
116.43447496797633,108.8603364836023
192.94221550777573,188.12849942306025
39.93406794666138,107.75130841426929
167.09360251050202,150.35545540952887
189.99255784052022,26.803094720246307
37.29446924582484,65.41663973435747
42.466846288998205,180.033099422339
165.76635956074966,158.951607409197
31.76175236625954,76.24255029721658
39.27965132582084,96.99791223894913
11.921085925174289,81.27952592978113
186.15530108314593,154.36550400014585
189.44322032104094,119.11555348982196
86.61414183340861,102.05538768314172
92.11416336353207,11.309790659151197
37.68740531580944,53.78957395304739
190.2262370922497,59.81008287768906
36.019903240652695,183.9310896893972
184.41229266924358,157.5050350201994
192.37610640252134,29.09048454583225
116.65407787095938,64.02138782606036
165.59140131627254,124.71293586163527
14.746272575886511,75.83725168281184
114.20056895104274,195.83912408525705
11.045121914201301,195.28524040939556
94.29538777834438,29.61517944670302
90.64906974648555,45.77289790303192
101.6302012906704,98.54867909537917
103.75926356819346,85.25102983930236
89.10206050382332,145.3572301965796
32.729020426457474,130.96757388003562
196.53091844464765,67.58567136578787
104.53071720065331,92.4611549490203
113.34198360580362,91.72816573965129
9.169102925728817,107.82620060645816
174.69238122577826,63.48152885970148
138.76035308445142,44.844895625730416
116.0795974073031,178.74209037514208
118.98579892924822,40.108415474149034
85.62777644081191,150.6762977042086
39.704489649442095,101.30829617279946
120.02117071898758,50.71453604293353
176.5781277407742,66.78402808521531
101.12748401034784,86.82019530368507
106.67567187721784,56.8051916559024
28.778266565366586,16.524891225206183
88.60916750477466,97.75283835136145
70.55123567723385,176.18851889921555
81.46922923409244,32.09715274299328
177.71495819177076,156.1140874452061
33.96018840286207,174.72259485955453
116.75941982289885,5.614148280502872
120.6073911794822,64.41621305279392
167.1780158099886,158.69677839359744
166.97480155600752,82.86498272591378
107.91172799231637,84.62426357152961
120.37342916476334,153.03605213361487
7.670680340120676,193.04260224380215
32.03923440412694,133.18524930643582
186.43126874305455,180.0431493205733
117.22270989358397,47.04754746944833
188.92215167841303,113.28338581420381
189.33697797738452,89.96012547807555
195.53883984731277,94.047511277325
167.88094653128454,154.57346090989273
26.742984092334467,75.09789822203959
193.14166334774657,40.645198743801544
98.8804087229302,59.22715014270646
176.1265153348604,165.4339302866673
84.4584402272851,92.3832977164721
100.42348240012346,16.945420228417195
37.321419392507046,168.54955958114522
100.15828119922162,48.31558159885607
170.53311043276636,5.150797733545814
86.99716121643316,106.18419442895771
99.82014513264956,35.758214061511794
86.01330376964276,164.1351833522899
99.02173165820813,72.9411755492806
10.698665148332141,38.01564206007265
98.40418679180394,19.332137105428767
175.2058914500946,52.19394000480594
87.31700168161585,151.86279545714046
23.388734120379574,175.9694008570803
109.41167302689308,45.01679752217267
113.9398332505329,31.046231455715155
6.128593702966903,124.36623984762134
18.388148069375998,147.07063734074805
189.49425225724877,168.85245919110787
165.37899429786674,67.76142391213132
164.42802474915703,104.42383964965418
39.29281425607608,162.68749517694766
171.17083377988382,108.74282788958341
108.37209332749144,190.0084517748382
32.899117008655296,105.06538820327248
7.0180888756616415,21.418065283867165
6.912523065441924,96.42144502290678
11.577528682259782,185.87048495062
111.10138324504312,192.56687689925323
26.01896669791016,16.27744321359578
178.42335633524743,119.5591433234836
83.72333216864544,65.21347530703922
174.11447058444455,172.97379264649672
36.12812920648828,75.1404087293096
104.41764258589275,19.42131376140373
169.39095483414263,64.84353795531935
139.7159301152561,43.11414434114624
18.410179819096015,152.68358501290052
182.34410491399382,5.37690192183224
115.54787476138469,188.1435259027845
40.936718273871506,50.79981408136591
178.70603524979427,7.038762409207738
6.348893019211689,61.60414040277823
7.213599055864173,18.764743979931154
175.35573733681574,66.41082164462483
109.85019281940728,122.12792901482626
10.686162137340421,183.95672524977462
190.91407985150357,74.17002077054643
38.058122551171586,191.8005963458191
84.52877003159688,23.362191079147323
162.79469688433505,54.96876629774578
6.095798994666117,121.44138778704448
94.64587575961765,195.6504759463099
31.580801454993903,103.41827963072457
192.911106290053,55.41141710160441
108.91342647552409,138.4473570238992
119.81171711022186,89.25662397725566
22.436170815868124,99.43088892503927
83.77021316621077,34.46840793056446
40.3536791348328,35.67444858272082
177.72113502961696,77.68876550909043
90.65460515495815,166.5106485872329
95.60102236531185,76.86113562489777
183.01309673449163,74.18426015813235
38.44787639344588,122.88111782508543
193.78625315995515,56.11164948001512
96.38079099252272,110.39787652707936
40.93495071193483,12.400666958089655
29.039349875581372,133.9862760657241
168.2606076095934,75.40735274134474
33.57759307050473,93.1484128249598
82.3598857521022,56.41912666912603
16.31968704640082,189.422148947857
113.0095660313528,77.11040841257865
27.850075910238044,73.83364016925773
84.8019796417924,10.481526874223032
28.808581004658677,31.066870716833037
98.03516386476797,191.0310737369855
10.155139539256648,124.22631412344448
103.67531364691516,98.72657374321025
85.84105967098617,72.37881919251976
88.33913733249936,8.172228311463996
195.4546499517821,25.304294896517746
87.16473201901168,43.04405172813494
178.18635049573192,78.30805048504713
116.33333483365988,66.33371589730638
92.52768712029777,7.970469129744262
104.54876930792041,63.21572502546302
194.64214126931054,53.41298209865564
189.62451765713286,139.4021950633538
119.18488117099184,45.25877173726276
137.26926255054823,47.69387911711809
19.391728366870666,194.6678847094777
116.6035459835777,190.11485051314213
17.377977526899816,63.57296090620342
19.20340929169548,15.481903911256735
166.09036987150785,88.49930239915757
97.87777259182651,48.21433096900769
37.84287055846303,74.00408784209542
104.46605464846614,159.70792712644
186.18085831674853,24.12151474713854
188.00618205594824,42.52704196790186
81.50756437715357,164.50687685443796
29.342678920109556,94.56779669790686
10.665365557802282,86.62218325098313
120.58852129167201,119.93242477796299
31.120352622753398,183.9792718643731
24.658643555515674,194.54802556712474
194.0125043066405,130.06438277635965
117.2459674103194,21.61914617786359
168.334442886853,112.63133466235593
30.384815019679955,128.08681539292
97.9081611171904,145.7993177180655
99.16450773114471,62.712142918541836
15.963237709909633,88.5093620845377
105.82721214068752,178.11868778354608
164.55407897235403,166.07835613236136
116.82822254706596,15.69791104052638
96.1351633057662,48.18966251062894
186.55100311257257,54.272655692019626
108.0324441812307,168.027940590852
108.95811097574544,190.7384777232448
8.831533375917834,123.23017099364888
175.42545196099985,9.33979507750394
196.45992089794356,47.94068774779478
190.02328274885298,11.3999960774454
37.63730559270089,149.80363378766327
187.3471090932918,103.10832919906274
29.216043242805434,170.06650515680133
82.55369339032437,152.32806984378726
84.84513337524737,151.5423085492863
111.47452455926224,108.62641652160575
182.67093547951345,100.21858032154805
17.513000011993384,15.451659150929459
28.131999995355855,94.5976366405442
195.31227581758895,98.84257560070095
85.30722081765619,148.66019581246067
110.77371197701817,46.825975050953375
107.18104621941644,70.35890925712276
35.02158446389063,186.07331955566474
143.2285161861849,45.11051049940674
21.25345964467398,43.98206446931152
9.12221007688138,5.4074922980298865
181.58273602075747,177.87488277992398
8.798746817356232,75.21287805627617
97.75976360559388,67.12297603221441
177.9724743764553,74.80652146489854
181.91431333452064,179.14112424360096
103.1824299919732,74.76834530001794
171.84533119017203,105.34129345736127
110.25095832892285,145.3761985387712
185.10990087107203,113.24207241962519
166.3779166797612,139.7922028046784
33.21950445934428,42.08330097681206
33.11935361074045,92.89055286559862
104.1572197152168,25.226812965059402
19.71681266990975,173.3381820876804
53.17613253630114,178.2289452617139
106.52511940726184,51.86439691279713
172.94275760727845,194.81957890780495
193.2447645137664,176.7610429176817
167.8491330089475,143.33062375613744
7.16214442628281,77.73942885329367
30.877493101511035,183.21718560525244
11.88134924210083,40.06991353639064
162.800969793267,96.46329270289544
196.62624562933058,173.19327565062602
190.28254459605841,20.800304279562116
116.91018691959104,107.61060278953718
116.44340377592822,140.81013784579824
15.67787433362833,186.34047001113245
88.55918585324679,14.156781962714858
92.90288190947868,192.58882422829745
22.029798199247043,143.52350535485658
102.1432687431958,41.11047808283861
5.470133018712599,118.24762634724284
38.36787686353756,115.41011341192002
75.84183028784652,182.45451827139408
6.4649086218907375,38.11017660217869
37.300969132878656,43.139121587545155
55.13827940830852,176.91477287085533
187.56622956070757,152.26065925490607
5.9197015688486845,23.307651870188828
92.51933305567569,9.12094960491773
23.698820676919997,81.38333654054395
84.34096204987586,78.12124161467662
104.00475481509791,157.57978623912086
194.40371068688663,116.04430298177277
192.3767014523355,92.47732957190512
171.41066532620601,176.06425610019062
162.46295375125214,119.49802113167682
116.77559825358694,7.3663008293886545
120.30393858901604,13.583437838072328
35.08589154409732,128.14617863112525
13.219234797705248,55.1169182993807
113.94220601413245,32.72619157811433
172.66741502697755,140.39609204296826
186.77159870106084,105.1009418991058
162.94587371629427,182.73783683139186
191.18199176277054,111.21715138896427
105.19938257487438,70.48312451188501
40.03776838105283,52.55527653752785
118.71241070666512,137.27452710119994
38.344439857759255,37.989808536714285
120.04983791092178,65.38032022512482
189.33594365555817,117.58121839250713
183.5975594214565,95.9565747400423
28.87710341139254,127.53266470714941
110.91276412323253,162.26762518273918
106.65547758813294,25.940638692124974
186.74576209410904,126.43902587833844
162.85680365930705,5.325757542141566
167.09454375621067,158.99938756016434
95.65178524548104,148.1949441793609
85.589486033737,36.03442637787571
92.33021776669061,63.74372682387663
98.24595003176196,104.45624210695613
172.01093634449776,139.3461048090443
179.11363371197208,97.12541121056556
94.57730415976249,113.21220976291738
166.1813609437829,186.72489098136447
164.72020943370038,9.142440965653584
184.94887574309487,7.520567355718472
186.59353659787638,164.8326549751511
190.52908657391183,173.24916457639466
30.722183469165977,90.26728833423849
16.41967859127476,74.40714233906189
28.17522666643574,180.42335778504727
183.02489711216967,99.77988901271604
16.395485503228542,188.50646975790897
115.86542910605687,85.76986157114139
182.08851776900275,48.16566308373173
89.0302540927732,33.40370220821767
25.254346375076484,45.15562846379174
171.59476064656175,144.88526679725032
120.00012761366732,194.3966873114441
172.61333374093766,132.60984636598963
147.0617817637791,46.148930794672054
82.90643817481094,150.43326844767913
107.46380019830279,164.5124752175064
12.789586785538715,12.02206655341524
183.61691821810217,153.64567327114162
166.44612486265402,139.46269294517904
23.998168281732077,129.26585564538632
21.70331563198083,141.19929202506498
186.19158006571325,111.93973831642526
14.86386712760276,39.50303839582584
85.72895591829207,46.358734577355605
97.22658518806222,89.72994461675908
81.5437844813751,52.454627125123594
95.75823791536425,57.835551714258735
188.28441864667795,49.854679888320916
91.74871831512924,84.13032355531536
167.44888292743272,113.75302490724954
108.84952823570889,97.96968891042711
114.05194843688241,151.25012175007427
86.09538467765073,63.190406061981285
187.73753191615168,67.86767488798604
190.27566042604957,110.17718629788381
103.52600947738317,182.40992415475344
184.99464831723378,50.53230041875129
173.45083129831963,180.14032914023238
105.27086939300204,98.5065653056154
111.12280189963896,95.6662348597825
188.93570178946956,125.5343950273577
109.4084422215952,12.510822425989739
172.70624381627155,163.66791258857094
170.64229287248241,177.80612632107824
119.24537031739386,179.59810988700616
162.29002547576525,168.38829786290958
164.15393079434165,68.97770364483894
175.49851638167547,53.732932380537996
188.0089358071232,76.47523734253629
163.82938313115434,112.36674895335436
191.39349066332932,5.976536855480195
105.86493645908503,41.03569045127044
116.45449424339718,129.5238901630224
115.40834849855445,173.6672929768419
7.790705428058636,105.0784228822809
40.199917069040154,114.12424166361289
192.80710419378923,147.77918797805188
184.668770877787,151.35419662836716
116.42724559874097,15.50906175559185
20.258275999839142,183.27526579917657
18.352209626453153,15.028076586922657
173.81310893693475,119.42676422456411
167.58899029738538,58.305284848220246
29.291820584768224,118.81475076695199
190.83502220475253,48.23748856486354
35.43216362435592,83.19690203320114
91.67606553512866,28.381390070421705
96.13129350470889,84.967300162992
72.63517799447447,180.8880328249898
13.872913505587503,44.773470346408246
32.03773746129378,80.78619853074292
7.538595317219542,111.10003675981889
24.14188306913617,44.616418870758935
16.913227582658664,88.13845637112239
30.389969570794566,85.36418211057135
82.56103840762033,42.20580477617088
195.46023424903444,164.66948965805202
97.02231074588657,73.91196816509468
31.552817597402477,75.83403427225318
112.66638055962616,43.94489251710111
24.70714639338839,17.784540279957906
102.69436280779422,80.96742328853533
102.12457497331368,31.84443072809141
114.18186681519502,81.00302968271741
114.73079997410414,104.28323573028982
193.97580286188614,51.9060084666671
194.69061915093528,117.10676483846257
163.53841537348757,81.19015087752175
12.49988319287938,58.22740325755073
195.93009881327603,71.48135912624957
90.70916040422898,37.352378200380564
15.37086076653523,28.202979742103757
186.0406694402808,117.14979240629718
24.500491663646475,157.30221507396868
186.66764550382612,158.14658994703518
27.570706899432253,63.13686624672257
26.697144819328376,24.459013342205644
184.1009693581551,120.58228630878259
114.78127620897806,83.37761835623694
180.27006683137805,6.880546071566438
88.69883652967677,194.59384376872623
23.62711636893555,184.20626128901984
103.49972082192035,98.02936422827281
103.03964155147678,187.35158596891824
21.469314540654143,127.01252802780621
40.19591169088709,77.63747810442706
172.19282070098149,154.30860530185197
189.76620990174476,27.77092399576009
102.50040666633753,163.13557080594404
81.89445515021433,148.53078696609626
114.32611384411655,129.85476448751152
81.7083085417579,184.5666956187212
196.70941543620873,25.995021434280048
101.26415776908972,135.70752009156848
82.16920712474159,113.94816322030314
30.420500668365424,57.581561884430876
110.56237926163426,168.11418126001422
113.76629373208901,147.86188797329078
112.71523060574138,181.6704935498188
161.95867151058664,132.8300073750446
17.21648253097292,87.96881557471625
111.06682607054377,86.53947694269173
101.24928780932318,89.33822027758998
27.53168492964725,101.51966716369408
37.971941571880286,102.20456067024625
31.073364422033748,59.82388133470017
118.62038300802286,24.876155066003072
98.95338481104028,63.03643278055749
104.38720011968002,184.63956851582225
82.62660992923085,100.85203529981273
52.39833781863194,175.52386749321036
189.71712902121507,92.29878361533456
27.579050213370827,144.7126020169256
101.30585281792304,176.72951274238085
166.1282165902862,133.68478215429718
115.04091992704426,191.22113211444213
84.33839530758372,166.17893631067068
176.83241585861657,116.515919494941
166.12531082984012,45.25948898550182
34.17118760397628,42.77852337199313
119.35447696710253,163.06342965759254
81.90912223379539,88.48865344922994
10.848841590448837,71.27843992824673
34.13962872589037,77.38464338101484
105.41025619690035,121.85947984641552
111.67630514969761,11.262170835138717
175.0541505483159,5.3982437121831675
120.10603034208353,23.46817056819328
185.42818762147178,9.196843448936137
168.39876539493844,196.9767013718412
169.05378081822218,157.2199219873047
7.918423537486219,76.28761416622882
170.13582946967307,92.21331894127663
173.97816377130138,170.57589527230905
122.66331002737407,47.345299108959594
91.60535742921316,97.96392834714196
33.38114757267186,189.97225391962425
18.21112606210834,186.57785206096426
107.91011458795938,183.74202034275976
178.57407849515525,54.66165416546776
164.30125350427278,142.62921733328204
89.42451775656032,30.6717465563986
20.24601221680541,64.47332878987156
175.86335406047542,117.76728654325971
164.95346846098806,129.54353613020513
29.197379003343908,46.21746562151048
84.30655101450851,49.04809144269342
112.75735945960969,29.722779489853707
36.57637246364142,24.963042075693068
113.91288136395796,21.19181082270521
83.66938006067558,6.053663338251469
196.5983315133751,20.951373988143118
169.6772539908947,119.31987737554452
166.32867615694587,115.18986690338512
165.12644738403344,54.05770460820938
26.03037046608356,148.29349467757973
36.01567300935944,166.82114706415825
122.24518007108576,42.20020904982695
184.62130719037376,185.60753548795745
187.63278065745158,17.14735463521225
18.082270444580416,110.38067036984354
29.37553001849888,179.51668300328762
91.08626365789502,105.93019890943732
81.78261715514184,11.641505255460839
6.503809569001172,96.43007153821036
26.914977755467188,113.47352587784825
118.44547567264779,103.3991668137167
164.63040883361708,158.73103702162294
89.16888160908493,64.77964991936119
170.179480817828,10.03295655421198
193.98725408622974,14.286057362016322
36.90693569174646,40.92521285090778
92.85254128495008,107.71900502977071
92.29869453981796,9.814418809152912
177.4369037586233,175.11102614517657
101.83535901635625,151.49291160550925
165.54006971009932,85.51952174929232
85.0754148200985,109.27022652320585
119.31976913752884,193.17995796689837
180.91186694682554,132.95629121900956
111.12291642342562,91.84024086093339
171.48105468265825,186.56214963596733
112.94222733057762,81.26436506931208
120.03880103439465,27.20269178191384
164.9715010913742,162.17434227304074
26.914831643561975,175.77335040413746
18.16123075774468,146.29618038846596
31.738394247934995,91.20452292826275
39.37116638423297,16.038361025172225
118.85574744821591,195.66452078873172
189.37935162170888,182.066427163442
38.45743253335967,8.382749419624586
191.4673337966286,12.598826861639484
179.32332775674564,183.43723757553335
104.55174397009881,14.76858928826029
110.52193360569018,140.55991999959184
175.39555308366363,140.57052362886458
184.59964071013255,185.32711458590035
93.19652110856839,111.84244374458476
26.303853100576355,72.32673075309509
181.11699299629663,71.45058377032248
121.68591913143692,40.45170770613625
101.59088145339905,122.1130132426033
100.98305534098601,108.08116785632836
180.5177139675719,56.33397935072199
89.87688577211281,22.87197438684753
17.662882398294595,87.0130839225186
166.94926396110182,66.43380763251064
99.9703747269013,90.15131263442399
178.10864084358147,136.611143683116
179.98113926071076,192.29226025341177
170.94517549140105,141.9824010045761
35.577866889221205,91.20270504950152
95.35819370761885,99.5344840533098
33.5431832359631,76.35828832356049
182.99136702378473,52.259240856043775
190.72339990711959,125.37126870548958
183.382328248471,167.59163083871508
91.15844501342812,165.05450400989986
37.88379376424925,15.600484304520082
87.17990699203588,63.14928685244656
10.863413856904819,45.541630243353424
194.23899716264097,105.942012535931
117.49972988494109,76.87573205635157
117.75617117389137,55.422301151486934
112.85503365226917,143.37290329060613
96.36464396251361,74.64651761273427
92.09511072546499,107.33930416696518
12.834877941277298,93.12366857043965
92.92811126458733,107.40287617755232
194.5634662074765,71.92507686802631
40.34840925074794,10.73290249800825
11.82378504595147,34.68188916254289
190.582276613125,147.36007535694665
107.34432428194123,17.88599074384492
114.84465235532446,105.24418088690318
104.7245906857407,58.69220510089598
106.52351555896749,10.167522053660786
168.77733313974787,144.312476865037
108.00835469117526,49.940528093664184
184.4489727385929,46.93281124471773
172.52999696392013,70.2076593725107
174.88325484450098,117.57110729962265
34.22486497814598,100.73091884865663
19.47413588965606,62.62571782409051
97.96479333284745,91.51463587757954
177.51333894120074,158.8261999431421
86.72769110785289,20.783381866498264
157.1845482061887,50.4570810214663
104.80110503990198,189.9507791636337
170.4008121067027,150.24181158314994
169.0669130669059,60.882131308663354
17.67829400645454,8.390870846407621
172.89317056297946,78.41627698141664
188.5555309746763,190.25845433766855
167.322840280891,156.73340545293706
190.7099923055529,88.71425258322081
24.31726896665002,19.68639309614099
54.899187533875775,177.471410257457
168.05691351879318,90.68303376443468
40.540409234358265,164.51248100268225
82.18926333879392,49.16882095116655
84.2413393649199,111.01743010432678
16.35960627318098,22.006945591200417
179.67507393366768,44.67215679008189
90.15754058596809,47.26278076562628
186.93737960585796,24.829086879828594
178.69403367860258,44.75940307691235
39.62187371785041,14.506024010446891
168.18166918983678,151.64063617533725
104.2367635939185,112.95252780706016
33.188958027530894,139.633874587333
27.627019217659335,15.840419481096893
166.04626240162872,43.07286622445357
121.43764515230957,42.9137051470743
177.23325025900758,165.9056505333244
31.164681241783896,148.2119247761283
101.69074592079211,160.44708747905491
116.17970705354043,81.14034698399688
163.4739214309428,70.67500595478438
24.725785902729307,112.95963726095167
170.943725562311,147.95632667796247
129.80491610585048,51.94014802512954
20.283455777323983,164.93029260572266
96.52451170159325,73.54050372209018
6.547557644577681,46.548266484167804
20.968598206382786,144.44507117187763
11.677009286237583,26.44578138892761
111.4460360166436,90.96118695020648
30.440143413101907,47.018345964078186
13.560283505564916,25.277118273091762
38.05084692123661,19.89056828048892
137.25331922351478,48.96327758783673
185.85569636438962,97.07302763459454
26.293373966662635,20.289082503646153
75.920304617291,177.83608804641997
104.7840354436923,29.65503537947
193.99798904170484,105.49096073266882
170.4623193420673,110.03939786517036
162.63675252094555,68.97010070885261
30.54927064267264,187.56030852730402
103.72085461305818,76.50153192016599
175.2877630694593,132.11376726742256
180.72508771714865,93.38817290395026
115.69543610458165,18.67320828366359
173.3515798338191,46.12815793925387
33.135522596769356,167.969084815512
9.002446416142021,11.572292481221844
190.5630709797796,31.042031005367097
112.98486468027306,143.80326424930172
110.14903587903979,24.646651183470482
108.38353700453087,80.63316058707224
94.51383788513365,107.13941562558634
37.36619915806187,42.52771020438155
180.9101526259043,174.83202988026346
84.50595317843685,159.0152150751209
12.259870891817766,131.71440360393785
15.825731925632397,44.485692630875384
115.73304735869405,106.47319307434361
34.98346494770141,133.9013459249625
177.72271664335705,152.51299910666472
104.90869448993612,152.4352587762177
30.330960142347724,99.43983589777045
163.76499100694946,111.1225280879297
185.29794265843344,149.48892669127565
182.50161228111122,96.16721027926675
24.314729169647123,39.205100417370694
87.23303983212107,151.17363285037575
97.58885149600441,131.28048694993547
6.328079893475124,80.59776723395603
94.07471604359866,107.17663782115012
103.3444227261666,21.953559268757044
109.05608506273492,183.5259785383764
112.12280239063746,26.147127168179384
16.798403321385713,74.39062036006645
168.78434664883426,6.944144943798882
19.669738921526417,166.1188286054362
29.216675421284226,12.321934292716298
120.97434796526774,167.18408068919283
114.00132363707502,143.1309562778043
21.334335468807083,88.49951854323328
12.834435458935689,27.688652289188216
167.734026398879,71.9822674078546
40.62845515781948,120.54653489520682
192.3143268998285,82.83698245633956
174.78712871467545,178.39049725190725
26.58489274864718,38.083208186066734
18.287343838409225,60.0508283273771
186.89123968930264,31.783168285591852
188.94144300704693,159.7074941264953
168.10483998645591,166.51560094006823
115.53759065169571,147.91597414357025
164.0589686950982,61.39104377129555
91.74543509664228,57.13021447070466
104.37532047937943,138.50168452169575
95.05341044317947,29.198986925063444
120.37528029375335,47.63120656911714
15.141129146584634,27.467630244917792
105.82940698643358,118.47471570699483
24.791468937400587,64.56814904688883
181.65133775718698,112.38397817940178
22.319500540287567,40.77027181985148
191.93916569816903,39.94947940142075
180.0371474243207,123.71701857517232
168.50826645481334,106.1871899493771
83.7761787137774,188.23642719962288
193.9266182965658,10.982808740083806
30.282785309722428,143.41282430677668
191.72110438572028,90.41325383960502
114.5898896379251,17.16595338700011
12.233599839443059,184.8313075730563
105.53068511057526,106.97601423711781
165.4644973327985,151.2870913309105
20.440320684897287,98.59371843801715
177.63604207924445,156.67137603347157
171.5281802558354,169.5343242475355
84.56667232826017,114.35251568045592
119.44105977793966,45.666983523878535
109.14835173779461,91.51521821062249
116.72244949242035,82.45275786684037
34.44467279344206,122.05462960556324
81.94306930112933,182.3820583229891
99.43682123769527,35.73228959579173
165.20704780338326,161.998262304326
162.3985198613858,66.57795675655602
176.5625824119504,5.059083482607717
180.323849105729,142.80739488739297
82.9913807144133,70.02992165337017
87.65181426122456,193.93135148065247
110.41820412093824,151.70225397698243
196.3869713619495,8.144091656896961
174.29504936822002,185.35798088641843
112.6475952919825,88.12641315734572
169.3912081644536,57.0861896462338
24.433376547311006,58.15825622613305
182.49958302327153,162.18042601975844
161.47422555907173,117.4751666778021
5.465321430246666,61.28083193675698
113.64593901933227,118.53285739693564
115.09381606310154,30.327061512679443
88.91674451517065,6.618637395417681
35.07614722490558,57.167314263165736
93.64932973933371,17.979107093530008
18.49005913348251,54.46475830265816
25.068751157350174,48.94792494192538
105.90636903703242,116.5325809211621
17.680049292418797,20.67166366969004
105.26753048943212,27.704216473873284
93.47550943595915,32.08684321380791
21.00332459898081,58.41031911450397
10.4047113031095,62.37556416913216
184.10907785839086,51.28840827499906
52.47994158903507,178.4751281851466
89.57983456261913,165.1808693100989
18.51111138662121,81.25576125275167
88.39998739737607,75.56221413580084
27.67310394599057,93.43120605319572
119.30580332448811,47.24873448326415
187.22836592148929,119.48240424869135
112.38681991426793,151.0182587430665
99.06467963714707,138.50937672660865
102.19368011359768,63.99870625127669
95.39608211277647,86.53389348279973
111.22080547027501,117.62638098519965
24.914174877217306,189.56907174939178
31.655765513907998,39.17944492411632
28.611418291078692,36.510215203298166
195.16907333319256,19.768401744560087
194.8573098913961,47.22570080477565
19.252984666807105,56.83171957343146
193.08865540634216,173.15309890195493
99.25181586554243,192.64781164703533
176.74782379638881,176.70085723378503
83.14729661844763,158.64175897258326
35.890376320992715,182.5043940651596
112.41369345273279,122.52982540701412
24.397478437472877,77.01624744707372
15.545399385970834,73.29885651080328
9.632831328198604,187.46566898403455
120.09375581890265,86.30480571108818
36.67936423408316,35.057684950440304
25.404729539573626,89.37784654789971
14.336081044061212,25.922105758429897
11.210215827002461,55.4698940391088
178.10169660432015,103.84604787048585
81.28675711744414,86.82915017450962
183.74529151455707,126.60366983485957
18.45243656242995,139.3619151677261
21.567827411459387,151.972147834281
169.74468258886384,187.61359553692992
19.509040766515977,50.23628448797689
188.75905986981394,67.69664761404839
117.75963896158834,168.3526029099106
168.50599634134127,181.25023841718308
91.01836622902988,41.073444626867506
105.30108248187135,83.92355711799233
180.93085374618926,99.36055884671856
24.909653878572044,163.40091157167345
38.8214380795364,156.47267287712646
39.208499916153116,64.67095100693189
119.63398061316416,174.6827759514369
117.6247050930227,37.24424603305845
185.3650873694594,176.47289411145374
120.71105206499554,15.629209968130407
89.37374114192696,69.3143838585333
94.42869694994678,155.8738573677847
84.57499770410064,42.29910257068343
170.81142846527825,91.2367671124398
90.80838907857245,12.246537482027595
137.55973290143137,45.131330770203455
13.169713798296577,103.21059166356686
115.94511217284456,65.5319428776422
92.30982110891563,16.387268476034087
28.28207407378413,55.49185548998464
28.6161304472383,70.98555711828129
28.52072000595568,63.94880029290207
189.2244315875572,32.4730161803075
114.82413059946317,9.756212810243175
162.23280234250495,185.44893155380018
5.0749607174697715,99.97666784100751
119.70640425732157,123.77260888774998
91.7022696480245,169.5058855557693
110.57195306370858,13.518558887763424
32.22505788796376,49.33002489583032
164.11801348823568,142.41704840316743
15.679412264462858,164.73977593733608
32.064463369259066,190.41317557996385
136.65886205456601,45.61111180541045
101.54146667128587,95.32517722155356
187.1850848016334,146.0742954216345
109.09747344678654,74.0439070700107
32.1453723361036,154.5152468872784
16.024387787798126,180.1908352719778
184.9605960168795,122.12250172377927
42.43901628037624,186.05069783779254
183.17491765399393,97.23055652241715
89.89964304186992,25.06546094040158
110.36985596252629,63.114374692352875
10.198826866784572,112.29475539951129
110.51470130409838,96.7631122065339
14.61410732692095,115.91429855906907
166.36353493611696,182.9934552678553
10.96551519309104,21.960752077884848
9.886393895120769,101.8854212013635
22.402165381170278,182.8228133176324
26.467392317598243,22.632835930463255
29.3592130504276,195.79247595663435
18.99688397015197,90.38709846511907
89.42694394716956,5.426909081879033
172.88895181526198,68.89808337310582
97.62003831650905,32.900564002216605
16.53509860928685,114.37086717915857
26.069265471396854,15.01184809266693
23.203661157776732,155.78373793782427
107.6315059911005,98.2354783209416
97.0405078025416,130.3625309023131
191.64522842717548,56.23961218367004
87.92201871669214,168.32609635093598
12.083041466389446,178.21085512123705
40.696508393870694,45.888372052141975
112.29892968667797,193.5032420351862
38.026611688013034,56.65860458987615
163.23433767025975,179.54127397178758
116.78967336516654,17.801884562987716
100.41638010202068,54.081938371806984
36.074546830558944,37.937179307833134
16.57923905069847,181.4217111759994
162.85806318901697,112.54147667054185
165.45263980532326,74.56500334367432
186.28808519393363,52.16982353843488
27.50994149213151,119.84366995695505
185.56026936101932,58.27119656775828
92.69917662818676,191.3670611141161
10.284950042316996,117.70221686126253
11.511250393695073,188.61205409839673
101.20395683216553,28.377043218388046
9.984150648097097,181.99297827244757
98.48442185519227,26.036856075709004
112.55045376114857,61.15172916181267
195.50486699703504,110.43789167952131
186.73790769364805,20.150357869247532
162.83774354796665,184.45768659668457
95.59134725286654,82.44387196721657
84.57959638910232,19.001380304979378
191.2731210447465,5.572463780904808
29.497113897359945,75.85852116088545
106.36923799088154,144.92512314271303
162.90428833286765,162.39353704032368
87.01810068294816,45.517039796639
104.98349025091625,79.69753744097409
124.22538116700838,50.542768008697195
113.51346197768193,122.59004215332916
195.1806093200088,108.73171141753373
29.80146656358712,14.862214528659019
122.18587867347756,40.57360353093728
90.54097123602016,39.92277239000657
21.16455353688839,37.9594052948634
16.439761357149745,117.06390310682006
180.90014848666945,73.42501547140793
102.00521323297816,167.2222105409767
19.571593496494547,72.57927598169434
112.94993230172102,141.55322961220796
107.51763492017719,87.8617496794835
165.0440028744468,143.916422513191
90.83481383278689,34.786108281783314
174.48759506920808,156.95883675537615
19.07637883445517,133.33545966984002
37.66608752617337,47.77034814077912
32.60429829779543,23.072829851575197
23.229257036357918,89.69381500836212
83.66328338958334,193.46476253985892
174.1742531936011,143.52894887771188
162.371279683328,63.488050734673976
94.89096786958714,38.37763068464857
36.94184872161243,104.80382910895281
38.198509150133376,64.8236628987502
7.485096273300089,56.99229089078254
23.74472452385732,100.90379458190468
109.0064359140605,57.98867158222718
194.98008692708058,77.33270839082707
81.74401431870179,177.33029210188613
9.259062311675315,10.862555347046792
32.901406691228054,124.02203428984639
30.852922894122056,37.78133363644016
185.62078506594264,159.68109218568407
109.50602471138802,170.37254693347666
123.79574417590003,44.15827726772134
130.40365534334327,45.562805212640875
87.19781439502304,39.145227068499345
165.7267779253883,8.984966050130858
167.54297077141584,159.35735092023708
13.462529353502138,184.80601896978266
32.76241756305241,168.38024172617932
82.41432972289351,175.35521118402698
107.01781373153872,171.70306576951717
95.59239290601127,113.31670828229826
30.006168272105526,158.5200850954541
27.083660258338472,76.1052071874005
35.474407282334404,41.29007725883625
110.75045109428459,97.25401425442762
192.975838857991,162.02835758138897
90.09957254599307,97.26339501686307
30.083803166729904,119.57831951101987
12.767508540124012,165.26584264483006
34.35648754762669,26.97539048459059
22.790457850785497,93.25349216538874
161.9458663361572,130.86973215293204
100.01600456233696,186.33527938253442
111.45503440929653,8.91870230877746
31.532796565639455,57.80922149067679
43.740774510835884,182.9034565132123
97.72126867040787,69.83612286420737
167.249068483927,71.82655661186682
36.77018755330143,103.77496047203132
192.93638095009635,175.84514461005764
168.40811152608495,115.94780635172283
190.05475485131964,13.117365115491905
169.53892765375872,178.78018593808028
108.88462234451512,149.13739635348287
83.85907190203417,29.809352537921836
182.08412008270935,170.35538283497988
196.50158662103567,191.34990771038377
31.535155553227526,145.81162576186526
89.65159230517497,91.15628650893836
186.64973151326342,131.23078420461107
99.0554181927898,47.86841621766909
181.81433863689068,94.41899758236183
9.979468407416194,47.04613903138709
108.1562595545053,164.22671738289654
96.11112844750515,177.39302149600786
103.46977771209214,148.84670215245245
92.85854130365762,191.22354034993634
186.660406633758,69.8076540592224
112.68253102770586,32.51586089140592
10.409151743450744,66.67120561100784
177.02148640561944,143.13404072891504
6.7509758288012955,101.50295586676742
193.42334802031345,175.51373390584027
23.248395868622662,61.53237627977442
138.90912839547954,45.646892420308944
196.38330698081757,59.38591062908949
100.03483079828314,74.12984898864626
115.4451036539937,131.7499886543258
173.28625249589228,111.57023668688785
179.49639309820049,126.94029703670597
162.41886131458008,178.0449490887185
116.4116448572836,169.97331461416968
187.14340442180082,172.0549692029406
114.81838566419111,53.89101685839604
187.58207278022044,164.9999587277694
8.155021340412775,34.09293825761763
111.22126906059009,106.83963162404878
174.50672522677502,104.51163492755391
27.834606610261307,152.78717690508773
104.04877734402196,109.3154883234681
113.24571914730723,13.861090057138995
80.56375206383619,182.48244672526414
100.60972387111033,30.617418675284444
194.7329520406747,99.33989056722534
34.938757818139486,60.16425069380341
173.3243606386441,128.1643635866811
19.53275486447391,103.05221603993867
93.92390819594513,85.98223029914716
119.17691327494866,42.0685739164289
117.83058278404515,122.67099955625719
102.9301316481664,189.92778733313818
179.6924457011697,181.63733975343317
119.94816049678228,114.84905546036975
12.895897632927769,40.46266100286099
180.8534777416326,85.24874666433166
195.8440811572468,170.51119129788648
94.87498305953572,170.6668099099818
190.05486102652793,158.9974341302008
99.33799121764501,103.8342357883038
102.09681076217028,176.45356740325943
193.34607078365826,133.67912698149155
100.35648446270794,168.46492481181494
97.06729040020812,81.9832856073123
30.160524997759545,64.20622548036211
8.080540647551638,96.92467458084549
117.35925119299642,45.871169230085385
113.39455980389639,196.9833519779276
115.0717434392525,7.027730386775151
109.68531304516912,114.83403258451737
109.46738105199208,190.51916013673303
6.012087197693351,96.09645498323373
38.94639598109281,72.22931897033537
34.00856351063333,132.0530264159629
92.30089505703025,114.83943762818983
6.106184933535373,126.2410687349589
33.97555888413926,16.973886456102885
93.4398306134579,46.45891822133242
111.50668365960051,82.28325273272395
83.93478310921559,194.4872619090294
103.30337944048931,85.5729449798245
165.52421095436165,118.27022063488756
23.4779798876414,6.644095866194174
24.827395482509754,71.48871453953294
93.91240928980888,194.25787418485348
193.6997249216109,65.36886445975826
18.834422559705498,62.498473153493165
177.93064233603144,188.41523973815464
185.7090901257457,124.9930461017097
192.77552470385024,188.57997582282897
113.15157959144518,157.2075564784947
85.94273921834406,34.40258493368372
40.37509717143242,50.190622653939116
186.7457001587525,23.92576053897671
87.46941479578862,25.649751536096293
117.71658169335011,193.57325318977138
97.24549502382905,188.41416987476924
173.46935430864932,147.33599188028788
191.08881322019406,81.71907515570334
116.52123655445543,96.84057053724557
38.377340114368025,28.905297778316264
10.321095914155805,44.56546739287782
185.80861988508903,55.533796574466535
189.21691050389666,132.65966869733688
33.777349223257694,126.50340568696592
33.890156145335084,71.11483041648712
179.6448105397627,181.82433000526666
188.15805365741252,105.20172115428787
32.018802274759096,115.2044003825578
26.12592271183073,193.54880541418856
17.834527748871775,20.632071512910297
185.2837975646969,129.0396221584535
81.61568724871199,42.17926744134639
115.34490304145523,185.44100846535915
188.23595000599138,51.44381890550709
189.2850142106571,176.00313015627538
9.288760161465405,55.945856924861765
110.83081090911303,146.1058249996564
191.97475151506694,122.15351421020604
8.731458907958725,77.16791882056046
32.934119445749914,46.91786480889801
87.26439293428636,191.75476273007627
5.628604018650905,166.17198719810102
51.02239517079238,175.0293833150068
81.31398396209498,9.146234231567398
165.95764424105943,132.71351189580406
97.75685444849213,12.655826733007903
112.6115635675628,14.557345857198335
130.3989139411486,49.09777372281973
81.50157518264912,11.773698757088072
37.688013438011225,48.41889427959665
127.65947460587327,46.91272271825988
175.85983454895117,107.67978757147684
113.7220848126972,57.798665527961106
20.168868126598802,11.14873750362427
14.296118930530142,68.90556053083341
23.00953120817785,100.69934049331658
111.14291278022128,79.21334086136949
194.43737101323444,110.65370925435117
90.42497191470402,77.57122456933082
90.69188259647544,109.89889712833063
186.566657272815,58.496547603968324
84.120217786583,18.386718715878636
19.87674161597772,56.922434094173745
184.58180698240608,68.56536530303293
24.49866399451966,163.75486646160923
97.56328835358711,42.80803167545998
101.48042370988992,64.50975917954403
106.24891512032364,191.28540020567965
28.917043313595133,125.33500924839679
12.679678517182673,173.13207491048544
191.85772102095422,116.81614994296882
40.53466968238085,165.73338418238433
192.93073363354577,55.853470175395366
82.77733316763472,78.30745314295382
26.861983038283803,6.7596540727179235
6.10893818927263,15.44137367270259
128.44176337217579,43.44579942645278
35.53481235684831,97.15710142176786
23.48302116366338,139.1667683884455
196.85384851131465,177.25343021695994
118.04048165949881,64.80784810375152
89.45266422085507,85.20773004414599
104.43717113448459,108.40766524943265
106.74754816378373,78.01278182719578
188.51691457528247,73.6094290992079
114.17701416052103,146.8110680321596
165.52554245154212,127.67209138192361
83.15687521339203,51.818505107324846
98.78289014018904,10.478148576590872
177.95307332171654,88.05413370640989
37.32036057633831,177.80237937673786
117.11424877060863,20.017414621952508
167.70879317591326,101.14724679392715
171.78366232742576,108.91414745339023
91.42840493347013,87.99618237998493
19.342885549381045,108.3643209916631
95.12498679871443,64.04125053897528
98.7465228561826,12.225419693564152
11.136614151827679,182.6976226060997
21.17182505916619,46.10650047580877
114.04131266406537,27.740384806863762
111.85121124332673,133.77758746310195
86.37144276138626,150.55485304274788
39.91104662378002,146.76108894764803
106.66595348242431,59.86958693759035
144.39342394984772,48.52273937774331
169.89361956850826,69.04113176886786
161.01261341315129,192.28609540877525
13.70857178513684,75.52126628160734
98.43262809182308,123.55863876494567
14.383038567906857,39.16087086710124
22.80228787157443,178.40962389133205
86.13122103884551,176.3976697120572
110.47340370256296,110.28867239455153
7.783091567976777,79.19793516450406
190.70297750968288,170.29076289775713
102.11871189685377,146.82369048945813
85.9439104550762,71.18151700269458
170.20413658296388,91.20486730610091
105.95582133854433,81.22791782414804
26.337936798021495,121.28586719813482
81.06893569637332,72.94049873226372
116.0641400803774,54.31866951030442
104.27484064664142,85.1528177087632
98.0605997166538,110.7377221583998
112.70841422446722,113.10926216689235
163.19961920195243,88.12172213408351
22.244645910698168,138.8904608827136
188.24513603935483,89.32954863599939
33.57585663321633,66.83809958930334
25.15772283777251,94.14147168776721
89.5681806142554,185.57750822808393
8.975609479360708,58.441188500473466
175.38719138782264,130.5704819175295
23.671739286485654,78.96010286567147
25.245513422397753,55.462848820007764
164.66177846438572,171.58958149399635
183.50302677997945,101.79688311893807
33.408022470242464,76.1515664759568
101.61938272135475,99.3071370940348
32.066239867899256,128.59733358794912
177.08902918702177,133.15949726249826
29.153305309158252,127.77814700814675
97.98405525796761,6.297394870458993
28.1600350821037,152.68009284156855
6.547449527596447,91.49058716173408
91.01321218431985,153.74417931299243
193.40871579841829,130.5614510943022
117.84977280681902,165.6548616213116
168.66276015205452,123.7959944880928
17.691760665232366,129.7103178185813
13.621088454106852,51.53876155392459
6.586503231760461,41.62617740359016
165.42628224161354,52.04652716369064
82.12874254169131,113.03161750721392
192.52740555763688,175.28537649626557
92.66725270202181,74.52388701463543
115.80193253812209,14.447336101808313
103.56925724921079,137.6785714452477
182.25682237797992,143.74836581717315
82.77202830524041,70.53510629259586
13.078269402883784,81.81099932805924
29.2381607978113,85.4204740588817
83.12993247482935,61.512926558497654
168.92124215559656,135.89522620920542
184.2523534536292,110.69445530273906
88.35028445154722,149.65254812330866
167.37885042634474,195.57912751186603
34.96586618142691,46.401382885273414
26.72899345154283,126.79422732092986
187.38141138479304,151.53499562607297
192.77809210591585,24.684625234740487
110.35434460414992,112.22947016048778
190.1327915669303,103.22178846387129
13.077965919261093,114.42341919748978
28.66280095690959,43.49634306584298
106.98060127562401,120.09629292050732
39.996185378223686,49.07025858205983
184.83527103315097,63.9460266872681
108.45858401736751,25.09301557140734
59.18185559497038,177.70267725361842
167.71313801604546,50.474746889117654
173.18424475878354,119.35315320250271
17.448904575404892,101.38233665183118
26.83677270487083,181.17939905607153
192.34930871852228,24.360162042750392
194.81897127653983,116.44744122794037
183.6251667914231,99.91708082224581
34.96369672429237,47.770580132088774
99.72532480210451,73.64153622296298
160.23839677295922,42.99932977806574
40.034203802714956,139.79959688436145
40.03694233426413,23.936489866557224
180.40137970239655,126.54890046754745
110.35575715240344,169.74156883521644
83.63270582722264,98.2399463998878
193.2143383012921,148.83105464834065
112.87008047823373,33.86426342724695
106.39170795943325,52.65856095124696
5.343845690041738,18.989787871906614
9.50350922310759,48.96433118442364
105.62203097932402,194.68802944666206
110.32599658889893,46.95713170530247
172.05984299466724,161.80360158922412
19.836777910846532,23.87310424980216
70.97231630831698,180.99237809091943
133.02068610272698,44.52086441749433
25.021060262949366,69.49042888574779
168.59842373291949,44.32578121436182
125.11504690590549,48.959855436459875
37.79505801864081,70.14581331974439
6.613524965810602,7.104184283619001
176.4668136247788,53.44146521979779
24.135054750214547,164.33409736752586
116.42689934522163,39.03381554770019
182.5081273098207,44.503383621601174
32.12337240755989,14.484437561541512
29.24745680698333,193.5003547631825
183.00461797486233,89.17083331403903
167.42260284144254,147.11363890868213
101.65083648357088,84.03849566798726
179.72570922174532,126.54307234104883
174.8330785206422,88.5328748178256
111.89723122089157,61.78590565028558
6.205465037409333,75.97654187900152
183.45599630634518,166.08250197271158
12.852115073047202,166.69600738211756
102.79048474159323,132.43347495113764
35.451400077220974,102.89180633004514
13.445523980794167,115.04618226132975
34.69531813148949,158.62774814449108
165.86827352426397,174.04618874277799
194.41005883067598,57.73991455176565
84.15705741899846,156.3202760840282
114.17501927173646,116.816858398533
103.0628220040397,95.59782584118766
117.1026630045394,45.774475619268685
124.55815203383969,47.02817489186479
166.62360957803335,61.56091208428884
27.500723472009092,54.64565559585732
112.56430685910533,117.47932381240436
98.97109075153776,60.68413726060677
171.81193148174765,43.09805439432024
169.04558240676636,96.35414873431712
166.78001004794504,43.445016983685164
188.33596100079725,108.47864493094212
187.96455372059708,73.66306161524962
105.90368816990286,192.56119654842544
25.552136447071224,11.094727813469385
192.70988575191245,122.23293390822504
39.75806204033768,171.72621414747283
92.40685287277839,190.96668668470102
165.28699555488006,185.67698284294246
99.80332256805984,122.85720534168105
185.77893595896128,111.39148744511034
41.77325707227457,173.24842108357984
28.964414420077247,93.34604755768272
13.249474811564337,89.24959971329221
18.48926635038465,182.71395176895382
13.310977177965944,81.71855111305526
106.10339830101927,110.95438193307238
36.43649251724867,162.21156047038545
104.9852598732626,112.78788637402239
101.65907700699012,26.30348022748159
172.96898405201574,88.43418866529923
30.94824108188861,36.46804869517851
111.72145748971973,118.54796153211838
97.0234298451233,113.7754177317963
107.36220203638008,139.59063161798167
101.65945499374392,29.02031107550514
82.22488920179379,87.11706178811286
183.7609648603618,12.87260282350729
96.05172406194114,48.824417891076166
101.51823061604011,171.74625454119752
89.75315655692492,158.5964084959683
38.85710989364608,82.92883997278354
123.51800622885648,47.81029013444259
35.2404938368513,10.16754338787192
107.987270280167,186.33823134268096
15.770440903052714,181.6387133929147
189.3218267827665,37.368685489625705
193.34187601885472,27.210640387434808
96.24447997086658,126.48175939949718
86.85922392693544,24.28847801666006
108.12896503932754,191.3954596393908
32.47645299877989,88.40811964885246
111.95488621833756,115.51137246998505
183.9527333920972,56.12673537652433
28.218118876938185,140.69416620012348
97.2622178309041,176.81826884818932
173.55644027256182,128.556508814157
86.17438860365513,105.84616615807046
96.53020267809796,11.810712092818736
182.97501082998176,62.72784646789924
185.72370434885292,89.59686677922595
38.74286068020879,36.34482083624463
190.08661493890668,171.1003577887894
106.36772447739845,96.31547375991003
92.66006167776898,171.64667781102045
123.32441523636648,41.94199668618543
24.422592686736863,61.20233324643497
110.78618786927093,103.08178525322164
96.66586626829307,168.39324179680585
193.2518541258184,69.54030078664552
89.796055638151,71.47681757042155
116.4813933595219,17.56536709910404
111.40290865759992,111.10320784010013
184.59672021507788,61.94281942847695
25.619616147399285,155.17148249084286
177.28115500282965,103.65164676121897
101.19096049968937,11.61796954386377
168.64842946692065,111.18373538927148
171.8238899210953,124.46998092170406
94.68919587856121,174.08435617912195
90.73322865721259,25.07171428835762
187.25693883788637,149.08697408708133
110.78506945266584,80.59751418230759
35.596740712879395,168.3613920478619
25.770628877451024,169.57498782581422
22.02344684608849,50.352944973386286
115.3879233984968,182.8577530517361
165.620200628419,109.97457016396098
112.89159046685843,69.14687350947382
183.31477562606483,85.14030026480273
164.85068562299392,90.3946305576911
193.4912091255448,62.03566029401344
167.45563745750664,109.16661878276575
37.512353604569874,182.1389645717638
11.689919090467724,80.1526489979339
92.61120199423766,165.70290511012988
185.60237869947701,40.598351349881135
185.8058805706883,76.26570306542813
13.441294334938346,88.0045717796475
19.57751339010818,117.63706714755108
5.425144547378233,35.340752039667116
94.76635898728249,189.48867846031357
170.39232435293678,151.34143535963403
187.22793609554935,11.226059673804448
21.486975131260124,174.57750458818273
182.94982730866104,131.27122856156763
93.42955978862776,162.12192387401822
26.919043296740984,13.484382268821765
141.18739411471282,42.96757797166068
15.544576847980492,10.1427426263967
118.69242932749995,109.24423940126587
119.12693177877931,192.00450086111343
115.34547095715617,6.311229035871472
109.14606481835669,85.13855822016292
6.668143249138275,87.20375524216277
174.99630763535222,179.56073318728593
181.15307056019012,195.38801786508122
191.9691363242307,181.06697840848537
102.65524669204628,18.77811518270667
195.56524355626084,83.75282668984967
173.60713487864024,162.15783636107028
164.77226754068744,98.83626067665807
35.918864250745,185.3738100598692
14.689358652135528,80.95250987890985
176.35984980237046,145.08466521555417
164.6817081818123,118.90350347010857
47.69207043995047,175.4915013510097
26.27632117992763,159.25623410581076
19.402571103419824,121.86153326828793
7.025078820083238,79.66489076157016
95.00162387793988,8.217447034371098
18.0786261639232,36.21218525164838
30.63366644848032,42.37715385159852
90.56089987362527,145.26633316492274
196.20740109837357,173.18694134976613
13.96262208436078,101.07824934615235
185.53666196740573,92.58414715166654
113.31905767479999,17.493728275361644
103.51067159163182,140.58684795521813
151.57339655309102,49.760426992554585
44.80837447654659,180.59720295533185
188.77081673033433,152.48671757965073
20.548187031230004,95.66902661367395
180.996739147559,93.85894162134817
187.08985953010475,181.7459125193967
30.560004390209347,101.54471851783491
89.22583992525502,158.47818560177328
6.389798961709202,89.54231059982021
92.85443303797143,17.536872891565267
29.606455800891297,80.64171801450539
14.579311072790816,186.02626091479593
172.56637422094195,127.29664049427647
83.89379766686669,42.47582593340112
187.32858666791802,156.10145440588184
185.11628475031466,119.22481621194584
18.74962084104829,6.436075512914002
110.98881135224048,23.809821986201847
30.919940783815537,170.53214760948006
91.40888821673119,45.59686468493352
84.41849365149972,38.528442283586784
120.4715440362095,195.10548781034345
71.28190626828386,176.058463523539
173.90759824264063,136.6806915243263
172.7224914578516,72.0269695161359
91.64461334862344,34.50027612820354
31.917547501961238,64.79404369713214
39.31304340556574,140.37688122146605
95.74724348109079,16.696204274698992
89.8893482599361,83.3064457661021
86.87569263820707,55.715609827062565
164.8799916013,95.95598361614834
175.37693635937524,90.82201150041784
89.08719132368951,177.2476437814444
33.357131274390106,159.86893351064944
40.80596075215005,52.669629922695044
114.87828264308196,51.63532765097174
23.06485098216398,94.99852608566864
28.668083134126324,26.508695646855454
27.436143207548206,61.33901393363316
107.63435001282222,174.0461108203028
23.884242019364308,55.47180157407807
15.065280661237773,31.30228662978696
181.95235994291278,118.88125640772542
195.67010250399187,73.44298586640802
111.7661211529718,99.73237435659496
174.7099034143549,177.9983706811494
88.79348837972434,78.33379776323275
110.31557466413338,13.118943341991875
169.72456407528122,127.84522420007039
11.606925626606106,77.9453925147239
39.31270035667074,166.46615539461666
184.8588118013274,91.93230295628545
180.98404510813302,110.33214657225234
31.797872723023243,139.36142870054937
16.735109405747668,48.84864026068713
87.37289052781298,42.79385018373919
29.001003092589904,37.70343873348833
164.56060038446057,149.58150991634
94.13971462940115,153.09781324578273
19.098049067044755,18.668510802657945
115.47709502490821,154.33751689512732
116.47018262812098,123.29439448514627
162.91027079872538,138.65486943398844
24.06273288201241,139.022003894254
28.331503111662297,179.41720476393124
36.84312747896182,136.00980630516312
194.363901095455,85.40546029001501
176.49163668694442,174.859290323268
10.88827099071618,109.02294115090072
9.896900112675402,85.10359279089477
94.02466919247838,65.21136110357247
12.503313278790404,170.95910450186975
35.61686835056232,17.372721667375533
15.097587219758063,84.28460806085621
33.52095734000667,54.65035337028423
32.12500846212266,139.01865178669934
93.88857640571382,195.2755034268995
166.70576766427976,117.1647586156013
82.78495207686295,172.1456941206329
87.03015078473749,62.71818997120279
169.73196183666536,99.43169291041009
101.22714751712344,112.73291923206327
22.378484996455143,18.096129781517938
26.558571784186327,184.02177893554568
183.8985960287014,148.01216406892433
38.676661966274445,66.57000922945389
26.983396472441772,64.48889950404293
119.0508219810377,89.19112550353198
86.97420605905889,35.077707838265
189.03151878468128,45.44075475594593
40.08475818868124,173.55017843069126
88.66678727106357,53.21278928256076
167.79557955279182,163.43394583938522
112.40496234612255,117.49695611690389
109.48050136708062,43.82515948396816
108.92823820026598,27.88709759490836
186.89398176121261,72.78505527089139
186.8827382166748,156.65024520775157
81.77798256545593,168.24112882014097
30.56828363959241,66.26217663537204
117.51604865577308,113.21416133933856
91.90410766084197,154.4417556396045
179.56015091995064,110.0874521064103
139.94556397042132,43.55404363703017
27.105929031332895,70.68963365964886
84.8949285476432,152.95114556250547
114.37731227345894,156.37550702760976
29.65426058069086,64.58040980247355
176.61560993505384,8.987856087284081
81.24151393956846,27.59943071876953
183.21626628820346,46.81337108473015
24.17067088554985,84.68160436832176
96.76695087413819,52.77603989294177
160.1667264333799,43.573844668711615
35.50917912865518,85.509611376468
103.58017981787611,63.159507576824616
117.09804999660892,145.48765318539463
111.75469795766793,152.14504290473135
11.910106906439427,111.0805337620224
111.60026610342955,196.86009094026662
161.4017254389907,77.68421533983765
30.976336756813463,138.0385984041382
110.04661089903236,37.31112338230557
91.7568164841507,65.37562775156975
92.61717899820877,82.23436278329052
185.84680134857288,50.46777245836617
163.24170465392882,8.911731716983567
22.552708075651328,123.41791396985477
26.519694798600696,32.191874022476284
23.026858658743198,24.505430702792346
37.69004497517767,87.18728370159889
179.67721289235826,51.04613507045401
106.18320229420117,106.89286065520861
192.32378797822764,32.8756651812343
24.161605314618985,150.9118332560112
95.00374858849503,174.3530127652221
96.95855583239123,71.2379664678544
118.44706528598238,54.28084841798597
18.969477277213432,129.14899217276906
161.0778988143623,131.6035567354709
39.22699967866949,186.52538976043573
98.97350464912321,141.8697058496826
169.74714899544867,75.88792358207314
93.09449245563734,72.34572013063813
89.44762323457775,100.61965221911726
185.45304252101877,184.91586691034456
190.15737496218335,61.50584126794249
89.87949982474278,54.81318251545468
196.56299064320896,29.725908325269245
37.28261483352131,193.6070959257211
194.35605918379008,31.120342729357592
148.32422935134414,45.3662721218952
85.10056991892945,13.547217156114545
96.15111803442517,183.42340281994652
190.26478898585165,84.46538444311376
108.43496581490773,98.91937276967911
181.1199337961618,105.44007104919373
34.14952195185284,38.29918034407886
116.36845767053522,113.96417451409717
148.8876952558053,45.25834096204703
24.974525898847006,61.64622960934591
141.44107616879307,48.8101473409057
41.892604157040104,186.6693289333632
112.26541173993161,41.31383272448731
39.311822275853785,195.9594785947195
19.897026892622467,33.175151447216905
20.139078892227435,176.99210875844756
105.42197493281591,48.22587214628392
90.2981382057587,145.44246507317771
195.8420139820864,40.37935213557857
187.72624702684672,138.4488388014711
167.76265916244432,171.62741848809003
116.56632143826863,126.87240256341921
174.26641406439788,153.93763815674677
41.247714796245106,180.51087083439666
122.35670123858236,43.48491289951605
25.46368318440009,87.35167017944197
186.04361585523716,28.1626290405243
175.78437684368518,76.97364969352701
29.60656029973194,18.159875056392945
111.18875535808164,29.53286670149719
16.55421601846487,175.9408946185826
196.24775612548382,124.56674616842702
86.67319969281911,183.81264186226448
37.20335766068541,178.82221865104304
5.974824667804205,172.66392305910415
182.25321571356946,116.86418358334053
177.46906675038653,167.35754629579014
179.06549007395364,64.31154478723397
16.059478774250934,27.22686776539119
11.434335315588159,176.9393059797937
169.79662457421418,12.242952779772528
36.169288024433335,114.11275867055242
18.695473188579832,45.21393469974925
187.31352013168717,143.65361367572268
164.4390860508419,107.89839088421985
180.76143150438253,103.1920907075255
15.449361166165946,51.93858514221996
81.31795593195662,71.47957014795487
93.82926064671913,101.81941888065768
148.39278661815163,45.163536286382175
163.27800495869027,154.06793017189287
178.9368921823304,118.86028317515633
39.17108772825839,161.79272607375407
116.92331580638182,136.47780862830444
112.91019927817092,149.0923375850699
195.2212982401521,124.68335422974415
118.1672866664611,137.7586434618129
8.17730741928384,47.99981902589925
37.13227006776101,14.434338566730595
177.2051885778129,6.110493082597474
161.88956729265925,181.95095663320285
106.21959454682228,81.08092929821665
101.39381870559141,116.45583038400326
111.81635322716657,41.63609257622988
92.39275660971664,26.873417891095535
12.294667874099426,8.993271072618885
87.35924874800861,74.66440836914283
192.95270297494423,146.81804413738047
94.8447650170104,67.64124128407315
167.53731452254596,188.27140079360885
142.3521358311387,47.512860283332635
120.75949376793149,163.12881795735834
190.60080696964863,25.19707998805149
10.014791384211062,6.24774733928845
23.21328787370662,98.94535238471536
114.25151441478643,117.37067400479029
100.25426639094968,174.36862151656774
17.115014990354034,101.6041790521299
29.487148447379514,133.03173672446331
185.1184981075401,131.60511698964422
114.73687633236686,78.76186121872742
167.83295570797785,93.61767830533222
16.536020777975356,36.2478901804816
98.20389122235169,77.36118592601738
19.60087868527585,82.51564905995575
27.162162639540284,41.95955190952565
192.29458346394108,51.39112145259355
82.95693804401766,109.0611947446549
167.06785321581435,49.64991274174789
191.92923142806634,157.3746284899738
105.62123515476958,61.928945853940576
6.149266597217931,170.5659256647031
94.95679017551541,37.55590660058543
102.89219008268233,100.05751574158177
33.02822354329408,151.73147054417498
176.1329717884739,47.658553728439
175.14825623912847,134.02880131582575
32.3783649855137,48.82508481536635
111.51758471483619,150.56607757002467
70.56209772869722,176.02155351491976
126.24968445849427,45.95721791294456
192.90266008406127,129.37984855351587
176.2582891620523,152.57623519040465
169.30278202310302,91.89441235814762
108.22446536376046,37.0032981096403
13.996393377939619,101.03124057506854
17.056231584553196,109.44688916877647
19.767063987094012,177.03348217989927
171.2887709135228,9.504758153572993
183.70967934933498,100.51052153375973
110.60366935730504,125.48881794827344
19.578750098403678,14.644669542995658
32.03009078116228,113.70284680833586
26.617245669390226,165.71773943267746
28.95869369234445,17.502197208763437
27.528125069291892,156.88998263725728
162.41580203074372,61.15987664839586
92.83433325953882,17.747153401055346
168.37306629390702,55.5559149796121
117.56401825046147,70.77192014373121
39.967319604764455,89.02450430080923
13.819651068802216,29.031077978979493
24.487086938345065,175.39878918831414
37.217819671595635,167.254873347743
84.80298144046837,187.23121007931988
31.380471966834786,13.684828964488881
161.1046705007333,157.29735054320005
187.1026156842316,152.0229229806382
87.15023657665277,51.52785961041045
39.886400119958665,143.0198741072309
143.62683663806547,44.30422963009945
192.60750218905324,161.06116470119525
95.0876808574667,78.71093826303319
178.34261208582873,66.02709182952863
108.17735553746,82.70358681432907
89.93945760914738,167.84686207307772
81.96267243346647,97.25481647021876
122.73924166295869,47.94765275430925
113.9358408129492,68.63086329165894
171.54598860693858,146.24174843855405
164.0266004026728,113.6343380211757
111.23300784972879,132.43098841286135
120.16515858163234,168.284800504594
104.06789473507318,121.24448613608845
21.49637208207131,127.25721895227804
106.01971833106185,51.007115704528516
108.46678972112684,160.61336816576244
25.74335656841061,178.2426635339276
105.90378547715817,196.44579309395186
185.07654656516723,123.00349402422687
19.558828581557478,98.41166252297222
181.4972071587554,151.48970357339556
29.221000680792123,56.03442550169312
91.89592721390453,145.18608967673768
183.51027375197174,148.8087535914151
63.5156548401391,179.341833191394
18.672318149832822,81.09375288024783
8.336389995447561,62.38786973179934
83.08124969251583,111.62304285389247
20.442590521475466,49.4081189508058
182.0383011845744,191.80653539179582
119.53444142836122,140.42331150230157
163.14033462741895,11.874543830539185
31.668223460351108,103.38378517686228
164.0377933885845,143.0039486329804
196.69076992682923,111.41738283950474
82.51432745489417,104.79990450017625
31.43159779504886,82.33875448853061
192.18754980706825,120.73404303589929
34.57787752852726,189.05203816249832
99.56958320648997,53.826861506769944
93.45395812281973,102.3298645100153
193.99692909148436,127.46693032891318
8.170935075362177,44.14147556590429
178.51990047270698,170.6923603583638
98.02022263960875,179.89987977092508
96.71120180366006,15.755786026764177
93.56394484891645,71.87436274499697
34.887813766387694,34.644376179241306
12.42158142475937,108.84386373834678
109.17817876392616,102.46328788354111
164.9969457430662,129.1344086946427
97.10528641186808,173.73953063585455
117.47371909498833,135.4674770558528
11.65414147042589,40.291511121138235
89.82630705645992,18.971669618224375
164.32493308882178,133.5749292225051
97.90694148317209,128.43681607410497
181.3679858029336,111.14638969993857
6.6919995940799275,7.168229815828978
159.29496782537066,44.24296975306796
98.41704093857764,109.64248676359408
88.92283066534007,177.18897731194403
28.709969544372644,192.87026922585395
171.2395678209032,139.87196513397734
99.7235335082392,163.39470028940562
98.91194415656184,163.2501799697062
93.11825957836844,164.76935078652448
107.4991474070869,25.760989668546923
82.93939789363387,30.453888610543842
120.0076524562673,15.241430940820646
97.88017764140437,140.10168666633095
88.22590449917456,92.910474954833
185.73451967390582,160.41904172761764
191.04859977468513,116.48269908820451
191.98522872961462,78.35437762758951
20.19089891296618,87.7281314561789
40.70759038513001,179.30814779757583
91.58063945144877,179.87614277841863
93.74596753136709,51.022283945896596
187.73869619847008,107.57986871544021
172.39275366231183,196.606391099448
161.25644985178272,149.55530739936071
101.63740425133204,15.602362709705359
13.574652004061745,171.5213557898999
13.966566798990872,117.6111623097487
187.8206443683257,9.69270053363481
170.37381313042525,64.46957799320911
187.16889465971116,146.68277614054452
174.37205909328227,63.53047093514601
10.433263301611525,117.55083394276983
23.620746304725877,118.35326135323989
190.25755901488668,137.96976397374195
89.86718901294049,46.916647391017676
39.23041889855176,101.94358948892766
165.45026080343033,119.99133507095564
13.25529573383762,68.99786615590509
29.781548238062197,56.729960792801066
10.503876219169259,45.07461406897
30.65600232546348,76.34526874135726
129.3730124744501,43.72099950323134
115.09577636634573,177.45811192811567
84.65904396895753,194.29836481662346
167.32201734094775,121.22482624341401
14.3332173160234,110.37424471320305
28.366381310367693,10.225711869094802
9.47073588103191,51.855173624705664
114.31834848444184,107.1705648340444
98.80433471047989,53.86699603563246
88.57575203447568,65.45041567153334
189.13062602658766,81.03956464296112
106.1324558657078,136.3052192880421
83.9893455099074,68.03868526135197
164.52022894315598,133.28819827479182
100.62766176897796,68.71888124110676
161.29259139596732,72.24536128476548
22.571142724676044,119.86253212624467
86.22228046961379,41.57945275783398
26.1612635350591,71.48095039739601
90.03681383170863,108.84222189240046
22.57330933219719,118.67866371110001
109.72830568390631,26.88669507828571
19.31603255057773,120.16676577988875
97.52409326120761,43.078314694734175
18.640078846918257,56.806041733881436
118.40928864831331,155.06790326252266
173.17282625253367,7.8554207095662605
104.58113715395423,121.93373977799945
6.360903185807852,78.86475822291993
29.139456345021117,142.0154277252212
162.62960573675616,123.83951194920121
125.07326539949614,44.22057995198763
108.5240134747832,86.4331486269877
87.35496486330611,147.0152742097689
112.88728076580276,127.32348154534296
117.04591418576186,64.96138888085868
177.1674158983088,116.2004926653051
12.171507735112456,56.06986861768295
20.612424362084155,25.428458387158607
9.939977968508174,72.13329612572329
25.754130519505335,147.08955972998976
196.37244204820453,150.96308369976285
171.2177493867897,142.29887820670274
116.05096634400435,134.81221657584237
193.1728918576029,146.44289079988914
104.65644177787398,194.02383431431636
18.288642881978312,102.79854742123686
161.1841423963818,99.7399102251917
168.04852329641992,116.5763580712097
36.707887351646384,40.35657239060581
24.48369439861516,150.65751920276827
172.4020913539595,171.97452022033661
169.46883699977238,170.27836756937626
6.140702796369844,70.42483143365432
22.35756808860114,45.09754554051238
30.345868538916914,182.43814435371
119.15042334610334,120.52863282407698
96.11110848304509,110.54874500883805
119.68783035298755,65.03553842973791
195.2148341873216,41.81771944252841
103.48512420078644,71.67690721215804
30.099678373304165,59.685651389577124
170.44546298396503,53.81003942116368
6.736349172144203,112.26708239299253
183.05841376085084,114.78558872854306
16.160818083805484,12.124890922656185
189.1935045396282,73.68459878197199
6.41098894967993,171.26015361213194
100.58959939207023,195.6941406590068
175.49510735809304,160.1436369908923
193.24348031851676,25.579356539564365
106.2015355313421,39.43791974061087
107.55131773453317,48.52765138741821
106.70590004101788,63.649805020299354
107.13657455161527,21.811706135036918
99.72262929062076,52.39873759836586
120.56551353756502,42.49130966346652
117.59541673783988,117.29785025206317
116.87025413221139,30.946291514118567
114.21778847483203,173.51189884557124
108.05060838157956,162.31206788546325
117.6435234431776,168.34630221050062
10.0,25.0
180.0,180.0