130.82406230827988,27.214932742441682
132.34425304945017,137.67193247104981
88.5421160162772,38.47966879118512
166.08120416554956,150.37197046970113
68.85484013552484,32.71543028043564
55.49799890687437,73.20513341253452
155.95474694165534,47.23562572552204
18.910050200599006,96.08257602881284
44.2737929911105,42.544796419697434
57.275028767769804,79.06642159870435
159.42507871228278,125.35563419751769
17.93947624699491,22.14854136521253
192.16796421614052,32.010219680810856
11.545826426508333,131.73176940905586
70.50094225600728,155.24912374006476
46.071559783945155,34.1604346997433
6.250328161341147,167.1595872299192
70.97312429638781,38.72467871992161
127.6452499351959,84.95326211387403
191.92828251538887,75.09942557864427
36.39745425607717,176.3585752243719
46.59994738512373,169.56505825931853
125.21419560658686,41.425221882040375
28.986757463258588,24.765301998774024
53.59720451119497,134.3312344443506
59.3486336484786,77.67345554348712
167.76965693514526,72.27055768372149
71.13568726176368,101.93579705222619
69.99277991866768,157.07650279230612
65.01262187955832,106.17468737051722
176.56881089318398,155.58984177936622
196.07530051579525,69.12491947249168
140.8910240475716,141.01412930154794
5.699937461856255,153.3586511549237
150.93846120464082,162.28534228896683
24.234134293727518,177.83506301416665
181.89107222232835,155.2886032635308
70.18509557176009,97.73713455844837
186.58293557278515,104.25129051902617
164.5749946530091,10.859991605735626
32.48632407854144,54.470170179104294
33.56524810096144,99.9235207012411
153.4566086316633,21.499371867822532
21.992114421064727,167.3910186327405
11.004016079549803,23.62313875274372
27.538573895153736,12.250919241192689
162.07990947244866,173.9576851445914
191.83002020431275,193.4117546930306
18.375704396890104,20.906616104740802
25.30549315338154,80.982861693073
77.3988843801944,39.804918739022426
136.1364703652732,179.06556101203435
54.466332518941385,144.0842137429639
49.23355349567634,68.58970143347943
175.5967085498807,139.0245647672205
150.46242373655156,87.94478852863708
50.282377943148944,136.07191285126154
51.12724116023902,73.28352899114245
195.3147889525722,62.56227979091834
67.98321944921463,172.2093193157037
155.01671756226725,93.33372480280163
14.846118547861215,183.4868202664309
11.590899158768876,38.996894721418954
183.41597732737185,112.86425548273427
161.2232616556257,28.85101605996602
180.09633388288748,114.5728273099961
129.3339609456549,126.37283283252431
14.050286244574357,109.83581863762886
26.323869194677606,89.99971276049033
139.42991066358346,123.59423801364838
74.35245814575526,103.8463143997012
185.25525702305796,191.2067638240134
75.43368536035233,120.51124001453395
191.16244818566523,57.71285283684769
56.28150501756399,65.21603590167271
167.05362533708808,9.31274798083928
162.99573496720706,36.4056538355133
75.36539059760621,26.418216299854837
65.570659502952,184.8542502236178
184.15975140236827,135.32935743418514
16.598852579929655,128.8505527260971
132.00669690295769,70.04054335537911
138.3230339073228,111.02398495287082
69.97332210669394,61.00221379186828
30.840032438985222,50.98960833121734
157.39291682154465,169.79595838753076
35.057740514046934,92.94576889852375
165.14694103175785,180.61623509606787
131.20807589887409,149.37034425772814
46.909273340595725,57.403907600515424
59.66502975809985,120.08805998568643
166.39980606830616,25.391322929040072
149.70183820899084,94.98512877616282
194.41539845271944,30.172851127148853
188.36090259836521,187.39280763472104
173.78486051628735,111.8083617832427
69.73807790866233,56.407213623808026
68.56564077430754,58.01178208065314
191.08822521171908,77.72511032748372
143.39959341901698,32.570544916087385
188.22764771035457,50.335419350289946
148.46615923534162,21.02175077855382
151.69876730638427,103.55593912016127
17.248665351856246,123.27496097035012
23.078850000582964,15.418372200829698
193.79463839897238,15.934794835071957
134.7538656743822,49.022818937645106
68.65966108015438,86.43035762213843
12.465153491781589,172.77713713762014
127.31814400306814,162.21367733437427
185.30323141369703,166.62353542206026
166.25308691431812,109.37885415301032
192.2427050992024,100.87791215823961
162.30607486641756,33.41586091204163
29.14859967315627,140.43289169002531
152.2920231948755,99.29227710482438
68.58639698253133,179.33097844361453
71.16440681806345,24.35140012547137
164.2541458664856,58.59368671130985
46.50134101701719,38.02219771762675
151.65887477219127,188.2396151120203
150.05797065197052,120.83076981394713
128.7757563674467,47.12859430564764
141.5794699460578,42.86612766161184
27.77036804203806,146.0531058655938
196.55450970966686,38.93766276366513
15.812716495774252,169.56962622199197
161.4760458128996,176.56762911347985
9.255460958881768,64.4754863947201
28.803132895869094,179.81802330710386
72.85148836790428,196.9807686932402
188.32414780030186,65.78139484761624
148.41586045437148,161.39224330054785
144.32975023346063,32.75124452988547
127.79766291730559,97.93245885793533
171.4060670278836,166.4283994907824
45.12570901430094,61.74161070674981
155.1774543209499,104.64767459995824
5.19441350457602,41.04252542963464
195.3049300181454,36.02746813534133
55.44188045532297,117.00140732762509
10.335096833476468,111.17514763458252
46.51480752154511,133.34786796151545
68.88301253968575,139.53605946574874
131.80579280208428,104.21372067189874
148.84429216401134,128.16103780871407
144.26475098943803,179.52308341303927
179.35011468037226,46.83291971838237
21.93820672963766,151.69086947350632
68.04134917670876,6.9322992047896825
10.426252430272182,100.81097266034435
23.95408679366086,79.43545937757281
146.52353799095835,186.28961664130753
184.11539174916393,162.77647510937342
48.57039997353757,106.55130703980163
19.87078539629981,64.61745233252887
70.46232952068507,119.23449975456298
9.493194207824084,79.23384532411457
144.94487846631753,43.78680586538931
54.060480055015496,140.10750452992957
161.18908621431882,54.20731848140922
132.21316582203124,21.93068837985405
32.15330747286877,40.47839001146285
161.85316758040108,71.65744539087017
40.92950592869589,130.10063511603082
43.581916817098,164.33315500909455
54.337925371593045,151.88926207090492
18.29296028250348,155.90453648277418
73.70487713237927,176.17353368916082
58.04988777282563,29.403245100243296
146.5769257060733,189.053128957517
142.23765609343104,153.94586225232155
137.28569467257824,106.25999474609159
179.40841632082382,66.79649984943285
159.1483761266846,32.760875233757
54.11997945332567,84.65408699620473
45.209587750009796,59.53441951973414
128.47434080965917,38.49663678254559
60.74501282901063,77.1670926501613
178.67232619558894,194.12562464353053
135.94589808854093,142.00058875529768
22.711092198199506,105.19167899202691
44.05754899696498,65.25582843639043
192.5618206665645,80.39877513635079
161.7047680884252,128.31093162004515
12.584977926100967,28.23708146758464
150.83969583437164,187.18961730801826
7.929579006646347,165.2815868502387
173.8210804310298,95.45734758462392
29.30299672230635,162.358355920735
159.75330585494623,65.10005778320286
37.464466417335416,169.399161567127
141.11671142560093,109.42587456761497
194.8965152441298,146.6839343424502
185.23570265552394,113.9194825879543
158.0033417070264,93.0726822508353
58.475182960538504,154.16417085428924
41.75123949336294,190.8344855751424
32.24359759286804,141.7367320321687
187.73834778617586,104.30669697294847
150.81121440706397,152.82093997326447
155.59254882035017,121.8128183802482
165.47060563552418,122.30224120584249
55.73722842860511,115.65408669954222
41.87537685907064,104.15214214228065
151.35112778724903,73.37242341119729
38.62978029657017,138.7617233405821
159.53101948523656,54.02885515129033
53.440825367775005,126.99057360042981
136.5075797215939,52.54609618902777
141.80182808206655,179.63639722015782
10.996876681320401,88.40782947282588
74.34746389086125,131.5711869251443
64.2127481410447,28.346010178617963
150.76501291704554,176.67210955809713
49.969218242249795,129.34130611281333
43.87959939823154,33.00639559673119
20.833948738393588,143.87538629951874
170.43913175220277,131.95530794736817
72.04609030912293,175.55978677591656
193.45047760952892,129.44795302848217
146.99030640418894,191.22467751404156
22.55676948604999,133.06153594056647
175.66551558893133,196.63125086466937
136.67871182021472,144.34802399448708
153.9092370684297,43.442522661379265
64.59744624598353,67.34250283855462
157.7153985559257,133.78997468197912
59.00664406641627,5.978615366607853
169.51334884564798,35.9907140173065
12.063291446530032,58.90326869228998
10.609362405529048,189.27991426981998
72.42121225724985,34.86658946824622
194.2871748315031,166.65971680340508
32.932074705352775,76.54461871479262
150.4285045525985,34.06797114217304
47.43771090275689,147.74094512319255
12.389868287322772,174.13772818268646
46.41717980322459,59.6434936645001
175.86125484931125,138.8034808348894
159.03470406300625,116.67300154405308
191.35265715339668,23.030937725139527
70.29338894941208,36.03446246900943
148.46484061167905,102.43845333166121
159.68264028894438,164.12542547811657
126.14515619470403,153.71515699591362
151.59272028398243,12.759644372361361
66.48405112015789,149.079069028768
48.09867779259391,161.0869007440613
181.39430941355084,149.6724671855074
192.69896380257282,69.04766622461517
29.83627940267931,181.65519595580318
144.03629770604147,110.62913741013956
11.921652155713348,95.39705929680177
165.3825414475058,131.84777810969493
141.59452935624216,67.30704234192321
149.56389082394597,88.1910270134127
34.242630228238255,191.84005694134586
34.11608204887816,143.16862553476756
185.2603680606658,127.71050339839076
146.29766024963925,27.632128308894092
141.0642201482743,51.996316015019225
160.09397849260222,187.12331332926064
195.67985776921716,184.45364752602006
64.19930099644027,118.89063743769253
38.216254975375804,9.05371478565201
191.12267203985903,96.99396070184164
63.051524839258576,28.54934599984505
18.18175417289536,188.625314543562
144.08779705641967,176.94320548387105
73.51297907930488,30.798937527985952
169.69755529312783,20.095255404248284
43.55425624712887,182.21893198354732
19.311889397913465,112.39854010041357
166.37933037079384,24.98476066648033
147.9551472876286,159.64000798740432
17.602814624597652,109.83966127257796
127.38359031106526,118.94970589759073
161.9959796604966,143.6313418682632
190.84798596377672,77.16623997409373
51.50309619238474,95.74189678175202
25.334915878975107,85.31079204875006
131.90296952201925,191.21225348261973
183.79858491991217,83.53874093097951
29.826618413748747,43.49143426905554
180.02474988910706,83.29898330660399
191.34984667255787,90.90143080026017
157.40375010252552,62.28768726871402
146.00310603668123,21.93942396537131
152.66309935042676,169.234147327056
129.84037455261426,194.15712165222436
73.48437295668009,191.3620902964696
34.485945619391,140.29463199394343
46.156452788836035,49.04635757590618
51.204701645117375,129.12224305754913
48.80678098616849,117.07198218679997
20.60968264840558,63.426991312820164
25.827787928293155,13.68476175515922
196.82642157433958,36.578517609090845
178.29989745826649,151.72824360195438
165.74878043750076,194.74766228420438
143.05927909440646,104.54382966329928
102.95522563076096,38.78890330239041
36.75588434684372,155.5274348423817
126.92301566213555,125.1478911216493
23.366397991199804,149.97899756472634
70.43277865347818,153.17029567767324
174.4189307921312,160.5169118451609
183.81506957452743,194.90706281050464
182.8062330959382,84.70614953923656
52.37842275176746,177.59829758361596
148.08903359386196,161.90693576205138
74.15790483110649,138.61009627186633
138.90520300529494,123.10486635668188
69.41942673716157,35.414117400246056
32.76116205884802,96.70315022555815
75.54974845324874,11.05899981658097
147.9338914008637,111.52804180765094
165.5197672774305,93.6915408029428
65.26207270028385,104.06072695191257
20.801888102354138,190.60447793310624
129.31951592426833,89.34748979046763
57.809715622560915,22.15374726250955
196.23504988552534,187.62231687385852
148.18626006554612,35.092066605423874
130.18404714793854,98.03045651166069
10.839715034983437,87.96065082017824
10.80571918262586,124.09392252884388
170.8949703933688,27.353562408573325
30.613564281183812,55.105925743845354
146.13454853132563,188.2311749470974
194.46974994327184,89.47735200822218
20.43105257136679,54.855570693849984
21.6993747804303,79.17118669778415
126.83728773048877,73.92626229280388
41.07486868406121,73.55168478716229
153.3135942792472,98.96409229461929
60.02736041901452,196.54590572619617
160.02961402407695,173.52651869606305
67.71769871197681,36.15184065506545
167.09780334210654,33.09273895623361
66.05099687939556,52.09650351632435
140.26955445775204,164.4485018871904
152.78656505745465,173.38877800869793
137.05047780334203,88.29698408803523
75.6233921945373,88.67990421838329
39.67359641957661,114.22320068803033
22.386206549842285,140.3932886677459
181.15052769673184,43.47106019497419
19.157860782274167,54.14380545168945
32.71189886394646,129.95440782851702
36.44060026339796,37.693967070125865
132.83142137661318,150.7640144819217
148.34319805247074,100.81256491628724
133.8004574905124,113.82933896905874
8.616517147475815,108.87088470292144
15.532386433150137,151.20908087222392
24.27612842142204,42.479179107472206
126.50232272483429,171.3699599192763
156.9669130376738,122.97510701946085
185.8552263047565,15.952318235594243
183.6590257573023,125.12183851040076
140.5969895859304,17.881039205693163
75.09240695613975,126.23239662664062
16.899210261152948,86.72564190276384
150.01441611913086,139.87191538080873
143.72001637420414,144.98226082125888
181.27369972470112,183.09452401896777
60.775896103386096,81.9067832333606
28.69837178798186,79.19969615523841
131.7774364312706,96.87741071217802
49.11911465036288,174.9491894877765
185.56700646245037,27.57978259949838
136.45628898494175,167.8738005221896
6.1111837811045,87.33875071137817
141.58841477363472,193.08140453509787
129.97940525088947,42.78078198269459
143.61190866482096,48.91683254109318
23.913369431254946,152.79777975769053
10.428794947185953,67.8178376781774
22.60826081393725,8.95406443400046
153.49501140712292,12.507525360468655
190.8943027518181,23.840570099882928
196.30768267058482,130.27683430963347
193.58448463804746,167.0417767794137
138.18688602123683,68.49898706463412
44.09436326420173,47.43059407436309
149.36508657555203,102.55458337604058
171.67713452513672,138.08539687723754
25.264167941320874,82.34441036590815
41.87555158946482,78.4556240436802
165.1182754057156,69.26886628181441
157.63973681219636,141.3649821274128
54.747787577412296,29.876730588544092
31.93246924241628,102.71230744935943
46.979164530191305,193.74248521240102
21.260556488683697,72.45058074333718
16.589867853201458,138.30401068015192
44.205951211410614,174.43763522326543
76.2443009060027,42.47354261405878
156.44170013660695,12.753056100640244
139.33415782465235,141.9104458871549
5.922183618465276,77.88207624772036
64.6112928105348,56.5920958218243
176.8401596812184,178.86452949811002
174.86505664995934,9.157351739059877
71.2434094799975,177.81689964292542
22.14802008098221,93.71530682625607
163.7665965961244,81.01741421836414
187.57164172923422,96.49948451180653
194.12653465323794,74.681178576913
159.41149686326477,168.23393692822341
188.97431222403486,109.58068582949315
150.97000867122733,168.18468354024338
53.01480350085665,22.59802820038921
60.84372006651462,29.99959178165909
66.37554400693467,54.562716380461545
149.70477304587388,189.56594479233564
39.71893150317944,146.5230277702916
19.153021244823037,107.08214350836666
190.95031424539783,71.48638466237523
71.55614177615605,109.6461149404992
151.60807683878576,64.48309594307948
36.41386856270478,154.06101812006645
180.18626509176912,163.71522185249833
173.69900273760737,93.65394626642279
103.90736085491433,32.30803863178349
57.42262686025092,148.18174824226082
137.10907844791348,79.11001616749175
24.159464523379164,18.80442986497073
131.07577405485557,147.82294831716945
71.15812789915935,139.3203158607212
20.226171882383717,63.73340260199605
46.14777781459109,82.91241797845822
49.22613811351583,27.73712694625665
6.860429060924982,69.98023594447778
69.23253959270384,8.932385898297586
158.7283142055241,158.21715403032928
159.34213387646153,151.62546619276324
37.767670865447805,185.51461038219296
32.28448768141568,92.34696162377159
132.43751884325937,95.91392986155753
143.30743575293045,185.07834603534855
186.71843667287692,191.00556712382814
29.593398896463842,13.448772299492521
15.119841074881508,27.73754887037192
13.712535895734643,57.85286723054316
178.82182247795652,107.42601349077529
44.55276045984011,25.447283511668246
54.34940412491703,108.49587473304267
38.43663132411136,153.45878632524744
182.76480362412124,60.64550722436116
185.0927357696425,49.21381872727912
63.41487235440597,33.51718236345277
72.78611699676638,148.45218547631904
7.0786947857538225,165.44727846283666
52.485215470384006,178.62454226788432
188.55383615181668,192.99548900305464
193.6651821019208,76.93895931350976
153.88439902343342,172.47862110152494
146.68387844425794,75.1708368406239
180.44404302533567,79.41666009570461
136.44656396878105,50.872534856222565
52.84926910894293,126.24696098391685
44.41057631484423,60.20257575828721
170.3961038507775,35.50328273802685
169.0227513757583,27.67171177801692
30.84727357263074,24.84631643067068
36.932020355341585,161.4205369759207
25.979906592873505,92.39924119411732
46.724342111424775,98.01365457932789
185.24181091725305,130.70283694706833
10.40983194788406,195.98760580845348
141.9408515809068,166.95284429301682
157.46311798650007,145.01292160772203
23.840784910565638,68.76511147351147
156.30275823258285,138.5668110251343
48.1959159853972,145.6031744112011
18.297604348181082,180.51001377519282
70.12219709693358,134.3304888452038
186.29345536913428,99.93243501880961
195.4274107194109,54.46644374455546
21.532470151788154,135.81034987997208
138.43721852784097,146.83562064636018
160.78441250327344,77.31680208207796
13.1839560723566,73.75284821670384
23.559569364194736,80.3690334908674
190.8660158456716,55.8680665190528
6.612625688515974,131.00011762227754
75.21387995380047,84.34894579025203
169.09885713779337,164.52185764078646
193.17108231560698,123.30390107112781
151.88007843652812,29.48813189630964
158.37512548860622,85.10485742671148
43.65539576296203,25.935468688133078
140.43607637028214,65.85480542544512
15.066866612602212,74.19135105275598
73.19227697266122,91.77803471035567
53.58757778365705,116.25244202781256
127.83442367003649,23.094110711906858
166.02049152960026,115.57464615695193
40.616969488526834,17.474256512130562
55.134637944596186,16.71639064858356
129.95005942065833,137.8723763284749
39.949850811272334,183.43168494703315
50.83585666970028,56.966693154723224
47.73686045336118,77.14900105939348
152.0306757461264,138.43122429414674
16.75067933210936,85.00036778970299
74.68624339046943,63.26354404281208
46.48827842211385,20.044187367836482
16.62722967705004,126.03730617425663
182.11858869404614,139.34366217638689
182.91627211411657,168.84852293497642
5.997720975489662,168.77425302978583
69.50746380089068,96.73883001133068
181.36560412785505,94.31289809188874
128.3999510079427,90.23434545040493
62.40365275381097,177.69035071913177
30.245236718265545,194.24457581169432
18.160814231944084,83.37962044354835
175.60566976843842,14.57445501798354
177.99088155223905,193.23090317054186
182.5941635395194,78.79805525597097
183.3652249070974,132.9134501362842
166.26817929780768,6.086064811793661
129.0379301976616,105.06373022130623
164.10053334440957,86.52969989631318
152.74547095479065,112.07871134546183
57.685197025522925,178.3304017227463
67.55171980375573,139.4674478244696
130.03602195282238,103.47234273818687
138.4410238874045,73.94872826128137
191.88732942727006,134.90671946800774
37.27921224291803,114.12935463187769
61.47506935478042,145.78007792936364
28.059568911257497,16.424794158739697
157.6920852730575,181.23218219996392
131.3619822299349,66.57239014420396
41.57343082227493,111.15690712464504
172.80309040408972,68.4584550773901
20.132246309253027,158.0313024376223
190.54280679865346,93.57008547707919
75.5670248603651,135.79985696892217
23.786083796286533,81.80029909544488
163.93438212718434,162.65375615446618
49.242164137781664,109.4726471398015
54.89607420638118,142.93615950883537
173.3752591186405,99.62297236668861
26.475796134056036,82.83972541147948
75.85600920371448,101.04864898433654
60.62606385351446,47.994029560353624
11.509931069276542,159.32146064065594
23.479946468206045,182.67536070064293
142.1996015192466,85.60348087676505
196.73933255578265,182.44705757692677
66.40683214813157,9.235859021846187
132.07751436716342,183.39016659241227
37.269860792751956,33.18885227882677
159.0903327813943,129.21752780183243
17.77345456286914,125.86597280054902
66.33891709908642,87.91009206348178
141.01679178848462,76.45199619238163
70.00982345449358,193.7737396378113
155.52792319600601,19.30427466118475
178.8308805410159,52.56014749451785
41.76245498317151,39.051683049363184
73.54204911924944,25.896664232291368
64.15136230583094,171.43346330576244
37.30035207191211,143.43836561054022
35.33467757481973,117.72860391480346
152.93028892231737,183.85492669016136
139.87910015623174,156.3866024577986
23.334411412877703,22.3011018347504
136.905736216324,123.97241028532785
71.3883058771549,64.2569663305462
66.42863804817826,165.83427871421222
12.82794062967732,135.3921164415073
169.55951287850536,130.8086082644766
74.62935327506051,89.12156451335547
57.98594185760496,73.19148880676056
148.29452116440098,185.02503671284882
195.60083341030136,196.16003837241865
167.08258726108332,75.9812115829744
72.81015587217834,114.49242773095817
159.3033584988732,132.4783020346346
30.533120638581416,114.27056060497377
159.79633927928722,25.575460030679707
54.38505721184804,123.99808527616099
147.55892424276377,27.40438636377501
66.08278890189601,150.22095555201835
141.9934975179767,158.9422340253282
19.29770970826738,169.61926589083447
196.08460052091127,128.44196055491912
50.03050900991778,12.20880296825246
27.855701154322812,196.21947192128454
161.8434431510895,97.02044940440626
63.10003859465626,185.362268211887
47.42776514569144,27.332544318191665
139.52238253230465,44.367742599352106
31.130355833562344,137.64877211934066
14.168308044011317,186.80631634106086
187.03127011230882,93.58801011208972
155.47452146445906,8.269869459224255
11.861654631093995,52.964096423159475
37.95886744840363,71.24256120558837
127.41684514356918,47.78224782658336
72.57837760193217,35.25908321737718
147.91491997635913,187.87561382152157
180.1526845027377,76.59950246680359
75.9124502534978,109.26258881209698
70.48994668494514,113.24672954749813
165.49437509149888,107.6088970857526
147.4808834982647,46.99813210471768
30.257012956166466,82.86946447075805
57.71058718694522,196.19906504676413
47.59214862028316,84.78237450363635
185.81452059402616,85.42413072427037
141.23862530101738,174.2421450717315
73.89645945067504,18.313770608420306
136.43588270859678,130.51327432824755
51.33349410993368,125.39662162334577
30.003878200400138,86.45067102824751
62.44811637079211,77.75969634089522
138.60060494719195,196.5243970849032
13.560889704520822,88.14377771270625
132.8099617015081,125.47115994090152
175.5348928289781,163.87858713971016
48.794341632619876,137.48048931531056
169.62241064593817,125.63503776209014
153.17750331293047,49.93149386745294
126.63383788922003,24.91366905277356
167.1334099894547,51.447160275980465
174.21861645206545,184.11741349539932
52.68879746479794,10.605978231529791
9.947190534632856,15.43418048581578
97.38166902256133,34.230833812803965
49.239643623144985,79.71384396929678
140.03417350816363,61.99874248620055
55.03088917582719,92.6385709987669
98.86830356131573,31.91232562413834
178.16661371324125,195.86658865069367
11.139860368966184,65.41682637147379
93.237577453537,31.11524785930513
148.68218420825386,10.234589276782827
179.46551787921982,129.71519870072964
106.52523246613289,37.99430968560981
60.905587804839946,120.01526064894412
15.358562404560685,84.8661365231836
165.5475727129595,168.4583607229999
144.8619700918493,37.75598452014463
15.992247013828104,56.82861421402241
156.90909839655097,12.158596301415894
160.60685235836584,113.39432281884187
23.74050761443274,178.25338438420837
142.93055655790778,189.66670855007834
73.3377350428004,65.43013442005591
68.96460158569523,84.84074797479816
195.65442264108648,153.88399345686213
193.50708930079296,37.46033248244555
181.60918439761434,126.14235908574285
74.32978213902102,39.45536091305599
187.35230115488707,88.91141831756717
13.06056284442478,132.23566752741158
154.82469107510167,60.26643174755019
66.83637047728836,81.49996878195111
16.674695053715404,46.68251802841606
129.83617480333925,24.60656224039547
22.984011457734375,32.47667728929479
32.74705639093859,59.06659778024747
10.387329031712659,61.71628773211367
21.373836412685737,39.6735445841821
130.79105978813934,137.91236392851295
40.35438443195928,181.30978163100414
67.02630013633984,68.61471148148382
150.20445995081107,103.26481838478823
156.27582232852862,93.14601369985927
135.66874119771924,145.611771573571
23.65503002146306,161.57627501558747
8.992962705743457,167.26617608787416
63.28941891875056,110.791328906444
57.30928989260516,38.155752469506375
10.783659255283009,99.11576931506485
35.52950991204956,67.91834425753873
128.785675306976,46.74636796439404
71.95107842894596,191.79943732805685
58.338641427781006,125.65403704377351
66.2126244450421,71.46070026166612
25.747842581635933,133.23848383792807
11.779776533152488,149.681558698674
58.327669683481524,111.65758754265708
39.575709961518484,48.47627781475585
61.77528756056691,5.897835086301747
13.35593997735445,178.4167330953686
195.47524672536122,121.57433991014504
67.42972349347804,100.42610747379354
187.49224531483884,177.09529662873692
145.36720324143056,188.43204176195204
130.85774187207153,177.0306412604044
43.314176895735834,10.345582194829419
21.229762332923894,95.28319120485104
27.872765490690025,107.14929441419991
136.11840900203842,40.196532621246334
43.31824107742736,48.39886551219367
5.1550871472820985,168.9436771629438
136.42799528222722,154.59485950390132
7.454423786632692,137.91100695044483
148.46623451468426,159.26113032617442
121.74756360757152,34.39491328883232
49.012781392629655,165.52140132493912
174.5214942626707,191.05654480241282
10.671582524993616,70.15218884206287
168.72460552901774,174.25051172655023
10.415303840104075,37.440199324186494
29.925138314657108,98.70345447902048
41.4156373735962,133.3796750298154
12.661018314886773,190.5379424859008
69.69123293389457,196.46387526553445
145.7277502668875,22.008716596006515
8.255126257293046,112.50570409220883
192.01667285984908,27.358390214449354
186.3283988279797,112.69419295031118
138.59322107580087,70.15018653898453
25.917340415427248,39.697145200752665
188.9136255637097,101.4841516105896
32.41517800800507,131.84603392349993
19.475517500867163,138.44928258994187
127.09742973365721,48.87262039749595
48.88054522395041,16.451495548864727
63.758951172687134,54.26187400727988
46.39059008553365,70.11536186302925
194.4279398922033,147.86130074607604
154.59499204131885,72.20536769880444
166.69885590422606,151.43658270634722
125.41014948210056,31.565858875524004
191.3641722452621,122.90170395918086
160.03016241684801,183.47678494611677
165.41414793179774,122.59494017001458
174.2132377632335,8.354240419596062
160.54917330843224,194.68369468494913
21.295684305626192,191.41882224462165
11.78464356328481,38.20344525344656
168.216766204471,173.80468304596496
20.42486955519965,117.97357014721452
72.72570245125793,114.78347702877899
40.05630867526418,121.54851447157048
137.5081241596887,78.39425522827828
46.938263233323866,83.01986268886884
20.00938097239847,189.32837705779167
175.06779555905698,16.74251745282258
169.03388680632625,8.429196284298989
20.038312456485475,35.73733292842911
152.88790008135777,63.341123900844195
57.088675821306296,50.58311570671828
150.39070550579177,154.07180353282504
49.687587230053566,6.7843319541710745
193.69256520629312,58.7511912302505
157.11158941983402,5.7183229924915775
9.554323751110637,92.5039980750194
127.12947761306091,156.63185027012963
60.86563003509818,113.6730430068476
189.42316050905896,72.51750417346943
150.98739390541544,113.47238570916173
42.509467227799476,119.07321896242198
12.493824445327796,126.03020729981287
171.05882492620503,113.51702309736864
153.57903778717258,118.9303971507685
162.13664090141316,192.40448500663723
165.50392730653644,46.66872030569507
5.41389347080802,87.50174093688756
169.00927319860037,196.78904192042282
164.1629863283646,155.07913159677577
104.3049441554801,37.09552362925273
151.79487186403446,7.0509284627420215
167.37643406175096,29.139167453664136
27.768461419888503,69.0418874816377
12.30663815206561,8.637701249313487
11.52794863254218,112.40147011394549
68.20752771937151,136.4974579622051
53.56650128046972,167.80372111344982
38.293234134662036,136.8546892697342
183.83053133434544,145.8382291501347
68.48067989120297,106.78345338880598
140.89269081764533,131.02417896791903
65.14314234381686,22.524537254270857
40.75440462156483,29.582270374580556
181.34517359140577,98.95084037503052
146.07089859310992,54.2796262223566
21.527885104018498,154.62690233447498
5.84519929647862,27.916080926936715
131.2200930746687,131.38394248835365
21.464951393791132,65.16699071131683
103.61289501828895,34.424507676585655
23.754660799350443,145.66621235401303
73.50865170510534,112.50304183587514
41.36341493602822,30.368550577014666
17.220895958655223,44.980215974036604
40.94103474139084,189.38662044077145
149.31664026280927,76.51135522559645
181.8783455163781,17.726604794193392
181.48255402466057,40.20812678189618
29.531429117418725,13.61453316064244
17.89954915774977,23.940961235127194
23.757329014766373,182.53579135603982
50.17518893463685,141.28370678971766
71.15838923449401,64.95562739875031
21.61871512517389,69.10820351607772
88.61854791134596,32.28047945877787
139.86429670980078,193.3607634567836
55.5094357104827,159.47704250843282
48.17348208258289,26.559879669470195
179.88359974692335,101.40064040888454
132.9081235353871,164.4128692353541
68.56524500952702,69.313202047546
74.28974014404695,105.88774575339866
25.881732128614907,119.87494615175585
131.14126950709272,173.9891347138561
25.904046642485422,118.56392482946809
12.164663010365844,127.35508445270656
133.32410830707465,113.41971654107456
27.953343747946544,115.79153909518205
48.482696201959065,82.10928269752513
56.80125101343229,18.719370532090533
157.27494874016435,21.038914320112546
195.90466856231083,173.23919257250557
136.47542240186945,15.07461576155039
158.71191075321332,163.04402399346645
167.71884849932346,185.92352601311367
155.05333855670432,41.57071463024191
129.6164580059721,77.92768489110651
193.7492668401438,132.61798623771105
42.04022344639026,24.58778941818452
10.260388075047251,156.91387687622844
165.39857615025903,12.064112754414301
140.25470714684798,19.824776142660607
185.82191246271535,81.95094323677299
126.97671303603077,122.29675809765732
176.81330416342695,80.64053715435885
170.3397925674172,53.699188395609774
159.41882789368725,15.264749599818488
134.61583463034924,123.68485791683308
164.1221741279274,36.773633999160594
40.098776461564185,113.87242247210575
73.73541495939732,22.525207445585817
129.34537299995432,143.68578848955428
135.36220611251304,14.305200351119366
163.43769689243982,96.61652959854653
175.06962845136454,23.59121880707786
60.12174948273305,8.521314430276366
30.52196972815263,149.1771428888879
194.67881859069576,166.1252745833479
12.092373150620174,174.3672700738397
10.605923847354257,162.8265802156042
56.41331863067559,104.79141655628065
35.72026935183294,139.8743292405728
28.1537554079666,156.8823868211968
186.77257418256124,19.88211107844063
181.0189585516896,155.89747687314548
34.61513980229601,61.968931568371985
36.67873568993961,17.401233692493708
147.32893022972362,38.935623549719715
168.74702511401253,71.59031006675632
79.14022944483584,36.570166656309276
11.37879476185928,103.61748941253336
37.73657296440752,85.0338972936818
134.8728691227251,142.7977305970107
29.96192134513316,107.87830027554328
160.51002005752005,14.387110655468655
192.17623062308033,135.4750976405286
168.32896289508898,155.0093223244792
28.61095900641727,16.832779604658697
145.81900010934154,168.54036320142202
172.73963168770888,172.85393266718035
23.401069907714596,189.39483901976755
146.21670561567817,41.17929893031399
186.663383367641,180.74542344291254
147.36454081965437,58.89949156437434
134.80314492266137,188.6511197461057
145.72563314438906,142.0482763206738
11.937528766334754,61.0412033827955
116.38185274593687,31.746174828584717
63.97983877025205,8.707050685066081
194.90622546057543,125.33846706315786
175.62114407980494,183.378321492458
192.3596352610996,57.1063809884053
182.50940412154947,9.179895163886508
31.298401681106768,141.25770681145733
72.45068157773758,10.163624416091707
170.24863275047224,44.484074588076226
152.06141074540096,160.73382035364224
84.19140847546295,40.14964553116537
141.99197163308608,129.11338370389487
66.17846639132907,130.61686235237784
162.28269583005874,6.149511485336751
11.500533355299165,26.912103746580062
181.07443609641547,33.35013327441779
65.50929433318402,81.79933632750385
16.07166786169146,154.9153038649825
158.30673225147336,106.6552388013819
46.30324501156539,89.70312032724082
21.705619895728002,102.38162046651472
157.49434384371074,113.41978168483062
22.088990055605656,100.45622635477692
163.70403051120553,102.81589258658177
70.59329028641925,38.67836314933393
64.94675419413596,55.911276555757354
174.59880491147086,190.62209731010887
193.3665485819396,78.35011639413159
28.873904930854454,34.901626095096326
171.22818378124325,107.66940476833868
178.40281076976086,174.1674419085621
140.1199381711001,122.98191611794478
162.92583786906806,192.25620985695076
175.48894881908777,137.46238836741244
130.5776546919245,188.87744213013664
173.93056353710216,31.48675636741435
43.30481359158351,16.51937319627851
184.05293347376468,107.6581197168068
23.026961583830687,31.35818879948147
148.28097895631868,126.97414524647587
63.0314938012668,70.4685346916604
155.0217209574349,155.2999575650001
153.88747501802231,19.75639352297181
22.123740615675523,78.06609835296194
154.81710614225568,72.80347120149855
141.50679164799084,151.17653404718692
142.06221336636506,180.50081910830485
64.56092182407627,173.76308629464287
136.29604480687405,15.477906691630652
49.04860242714282,144.80600162410067
190.1482476967234,131.23026576353732
145.2046030156725,15.425731440699234
152.6943875481562,113.77543896371681
23.63654486390642,128.28258647516492
46.209400962587004,119.8153583728804
73.85523253486802,130.35311759295533
127.59650404455914,53.93074921565096
173.2613168098898,140.52764404480482
180.6187618338964,29.04031636323414
148.430782485883,70.73402259505544
41.58169573627671,49.019370330518825
65.33747326516377,91.79430091365484
33.166358700847475,186.21054391164353
167.78259394791917,141.685641310162
69.27551196140368,35.90330842481877
47.949667108431605,148.26618215840205
168.1039001535886,192.36419968748163
152.92599024995098,106.39070682012576
157.2109689184493,131.03767085403936
21.5376828460325,153.10493629174982
28.086088157881203,21.279556995996618
33.85258533587746,36.22337896976417
58.836707671382925,26.73801402973926
141.0741244414408,84.93973530142901
132.09505938476482,41.924331473899606
16.19064104465472,156.82897841680878
71.48212714456449,36.38884898600573
145.91143627810416,46.61417674595825
175.3917361286253,152.9634833667529
22.096940883112815,20.167831219401055
188.14981698694393,100.73041396849091
165.42230947852585,86.29259543246322
6.849743955352984,171.333264861306
154.2552690099914,192.85645263321024
26.42394464642802,151.2012229597784
156.56141679442604,110.63502644440898
158.32483152371944,185.0140346528419
35.66345402246412,150.29333340523053
65.53067230165912,176.0854376617844
61.228204847882445,60.89118208738099
66.06096627762128,9.419538992348887
184.40940607513005,188.8223311419554
39.853255429433915,189.23094384815263
136.22767262642512,92.26829413033124
50.90518617547782,83.8022968892128
15.568852789791125,18.949972765827937
180.29370116432244,8.04150084607192
37.45368620037338,69.17414299760765
54.113560693748646,123.72599652721426
148.96929461011888,90.92864829555555
58.843165663322395,175.749112054077
58.56750255358973,12.180084970733887
10.154778067399207,78.82391449271489
23.003373270173157,9.979382307066746
174.5622220616784,189.15129352674975
41.095522230305136,70.55679406522748
130.0524283996399,61.8698526309884
26.669443990620792,79.31307223695266
41.032636884996535,149.45117745152342
25.28883195788424,167.73119096619212
13.537670194935629,74.41782509756631
189.38239042772963,169.4421497039562
181.85759327119516,125.08369984599058
177.56641470222743,158.1861083321443
170.721384148612,95.63426395121967
21.961582668557213,41.49734967187933
173.66714469248254,182.92596436341395
23.826545409304156,165.56288359196236
138.4039168768981,9.932336567097009
16.557730192464025,121.13810600141251
22.735235244910356,120.38954420648197
142.849064498775,57.43217166364721
66.22420113586911,195.9803625894827
69.29462167402228,28.389835445026613
196.77506713264864,145.4403481676735
53.47334384935005,91.74898486792074
71.65072391482494,39.06952030216463
38.78847974177776,133.0074306145609
188.35855063177465,53.75600274642084
40.31802387797337,53.590947533224174
172.7257675461293,118.53317218929648
52.97634714331474,33.2106546519372
23.59068771978049,7.5768570377877555
18.454677143516374,70.16592419238809
53.210557773352946,125.64420346540192
155.34419043232103,139.57982205135053
16.632086293850396,191.39959087916725
193.83162277534984,77.53307628456834
22.36193360186867,59.0491375661793
72.60718532039817,174.58585499922165
34.44048617882029,139.14055627448656
41.77885689786434,133.5389178384367
23.38021493390465,73.64873656238953
151.48759896198655,180.86767709035198
8.883337828077481,168.5356273997746
22.722086865845835,132.6888861744994
139.12960377993815,72.98039406902878
151.96714656612218,136.51936595177057
61.74063718893629,81.3896287160568
75.50490362003721,9.77417495661591
166.49118476311648,168.08807722810283
182.70793211837776,51.456327420965934
63.87938998652001,121.24876366468293
61.92883033848013,9.933409518974441
165.00919810155028,118.67125093717107
62.89790899724678,46.46135735445087
15.37420150526672,40.2427740229766
145.87052361743733,174.26421911469325
11.151728134852831,95.79061007837207
135.75309129704416,175.50199693506653
99.67111402491737,35.26672198717899
155.27681527501036,100.04067769298372
32.005736175428915,186.03742222327347
135.79536653188563,70.44218931419186
127.3899324810504,128.88904100607087
75.4872869998851,20.44927644454827
132.47385955099386,98.81033846598592
48.72199709526216,57.23669145515484
22.995033276497523,114.154900867002
191.48501285658796,102.22314521954587
146.62726668527733,93.71191585477337
58.423907745985645,125.91212720626682
34.19494846689836,45.25838251025599
138.24542873862885,181.17417391602893
193.04438847900568,14.82038682234733
39.75595606072978,10.838608241587117
168.40358483098947,136.5007088478557
48.935372972816424,64.48231778898301
128.75835370149164,150.1353941723923
14.249786266912373,171.1501239196923
62.528338836005865,46.67351942702474
188.2432986403269,133.8831154890079
148.81919674172465,25.139117700437232
142.78276483951635,190.28183456817345
150.484873785793,123.56013823311649
160.90370595195526,146.43401755306945
189.05981822312322,83.11692924652061
191.7714472081215,163.04044792335372
184.9458292427776,38.29860572245526
72.69954197414876,111.44864262249297
126.81364368254945,162.35896093340472
189.11028787960416,92.36613227390272
153.91792324662347,19.959242935293194
152.2122026500081,22.98494649853519
43.68794102546177,145.43614232895857
48.89844687206479,32.3406959202002
126.18659303788131,115.3092150742057
43.871881614579465,141.74795097888705
51.65233798924716,123.09544926095501
33.43444710148355,183.60861495332588
5.231710649334498,34.32177174704742
188.7002360979223,44.476948847986925
48.17813180755154,59.35461877417664
162.75233735889356,132.67715670021502
54.106743563317906,136.42546138811002
156.93470588584728,88.87717057582049
44.442408998763305,102.56949813825139
25.11885522583208,69.83789370025127
162.6890823642053,70.9893856213134
162.53773543776884,12.952636289690716
33.6101029844928,154.13917125048476
28.634418322501936,123.17205412002741
168.78161848541737,166.98853239340554
162.34235424614147,49.82642609466097
184.7785621615388,91.06702104705377
43.349237148106376,125.85191689705462
141.41893457971113,104.45766194817729
29.62150949100468,12.296007892180965
9.139167839358452,120.59125758886904
191.72191841937106,15.69249936704516
170.19051370103628,183.5865169982186
127.93264194950845,151.69640820181263
41.19668883747624,34.55916784695061
154.4349239903703,49.742147854677334
168.8247242804731,120.30343363408917
126.88293934089302,17.540194695594714
129.27741509555474,19.08104931525861
144.09149886248986,148.57529479987966
182.72099596434052,194.1332493519216
131.39815488177578,98.63590173092157
147.08193980662685,33.18164467000618
48.77575434671533,195.0318669269959
70.08832127633553,56.355073838495144
137.09376993487277,39.668457806260086
176.08777745144252,108.19122772203288
75.71154931916409,80.7129478044905
137.90510625107154,133.77761028008703
35.213844078477415,118.34252154676778
74.88784097653183,90.96798565268352
59.34166099709117,196.3510434706626
75.07127235270441,17.558499561061545
62.366474357585524,37.73334338103559
57.695440455884444,76.60470765695443
30.68617038298998,32.048668325543716
44.0947681353263,147.52947125093954
60.72338481582918,95.37960522318839
21.810525620736048,7.116172385671236
152.72509961015726,96.86667364835672
138.58091974482147,89.77489842223605
62.49790645120504,32.995235426669495
165.75095471939477,192.86175996991898
173.2508000125309,160.91952474547818
142.49675379522682,35.92351735103422
72.72421593086206,167.229767850025
184.4367886293566,151.94694978788942
144.0280182240044,70.66125125762366
61.676120034798984,28.270477342336772
180.373710272601,33.31358009169213
126.29939722370031,48.25538667345675
136.11855424969826,56.19413778722479
70.65316059550658,27.02854150507566
62.91967419681465,152.99687142598978
36.232394034665816,190.32631284388773
35.991122602888304,123.32883135680159
85.19029053064386,39.474206538542035
18.56836346343183,51.34648841783323
30.331889293996205,50.99629754335701
19.5641809857179,20.481682500426643
184.95357450169035,138.3265398947222
9.184931224238138,171.60072581420363
165.19182463679897,172.98520609067168
147.13033660765913,144.20512732467157
38.386868571175825,145.34410269567354
48.604441885167645,134.81745626210704
142.8814837420564,189.66132383906535
163.49926170385808,184.34235241253788
58.27056170280497,185.91640486657917
190.30994385139994,172.84456729687983
64.30923137679837,22.250015342777626
145.42511445524417,96.23479888048044
169.44932153291046,114.74463567732802
24.709064137024487,119.31099338456222
176.6799428606535,69.13842011696912
68.34413084245445,14.961034364123245
136.43185071287334,20.662511881404686
68.8671380469596,157.8251058850938
56.34117128652558,132.32707387399103
147.69625323698853,114.70799816960489
39.18278566578981,80.91748737807578
28.35444488843988,88.43862489716629
73.15306552202745,117.37753063442798
15.134711984591767,181.6028205871405
43.04592901345347,15.143403929831875
54.13651934291395,30.0938488660528
53.69311651059351,183.45231431189384
155.77959130137546,113.84815500471807
32.010122234985616,51.18607057326082
33.676747899702406,143.4833805248087
49.66728811647361,21.10117456204564
130.65905926690598,39.70799048852631
192.4228618859262,125.6519278701312
74.22877522087707,113.0082281055658
144.46072532979082,138.68630128429416
8.203622386110084,108.35128504375129
176.1832514731609,169.66905208786508
132.79512700241614,168.38925972680263
31.936404726050203,77.38627676387742
145.50414109283395,63.755066998544486
71.98648851324796,167.3730522883362
25.086391380295996,84.51207573445274
145.36622578906363,63.21782616432085
154.83116481263926,144.2523395606071
179.49984760408955,63.379727441910624
70.66368361993351,26.0528651863911
171.31305605083642,7.066550625409047
193.79209302541904,126.38382162115518
157.50740766007772,137.6772610183183
142.4576229952689,89.0893244846211
37.3415134520892,168.1526539686927
176.03280382629438,12.966328692743224
12.555272689405767,43.175167943720915
67.97594410650575,117.81290358455318
74.78872695702776,186.7160195753188
140.25966147654051,94.23435127801616
156.00324178688822,195.55180290527028
145.98157433118303,56.684018931666934
193.06319006514758,34.57429674311551
73.60998346172336,123.55101019856114
5.926129686160921,27.252644545257137
147.9594352672979,60.239388521376895
183.91503507458205,14.543870472431626
156.16066291210873,57.67516871530011
22.99702472481863,181.69041045381326
176.09116950363094,82.68942586850257
192.3508356703728,33.00690432608182
153.15288868943495,62.41246858814706
189.05368364671676,166.9083118734793
188.11327933452816,145.56709437542196
62.30787603588353,43.937058153369705
26.664239670758903,110.9371313210755
64.14712546033611,176.33015268771263
103.5121788649135,34.15977921700665
71.52302366540995,53.62482526209356
19.50835737034878,73.50139678952395
153.24908744839954,8.113833815442657
132.05681181757635,141.13848149672927
167.5720058919734,188.50651980029153
49.54972746495733,12.730904559358432
151.22552465117508,118.34557586578424
63.17662148890834,139.67620728862434
10.876922859407065,129.68977687828246
174.7134232037811,143.8397977543084
171.38196450535602,167.0825639449454
186.92518072556635,139.04256433324653
167.7433589493813,123.987228756301
32.933630353406755,160.44317726504315
187.09811363510684,61.54579499036333
69.90964402881221,27.262439236531215
64.86197414974619,110.95371357823441
52.76399284729253,109.21582886182145
150.17554069482148,11.565583623519258
191.0445000373439,75.77703326416214
136.70482618004328,135.4280196894366
162.41115447216706,18.328115986289323
159.66581935472936,161.95025454498926
73.10768605267698,132.42241444405528
143.72807928711453,158.7160209486908
191.12655936495304,122.86429284620785
175.66410246149354,56.35216028008523
177.013005712752,42.76930236796356
152.1684046598857,169.7318044507722
145.43262831655034,59.69112039277654
16.12389092767635,160.954973339559
53.95402090893281,25.908702393680052
186.48050963509056,12.07224136782833
41.740515608657965,6.940582481841687
39.164198888982625,192.75109289077955
186.43419887584514,150.5118681877804
133.08134476978876,145.8579050740124
129.60074914056085,191.05097978952602
59.19495517029603,64.31484348831513
39.44176697356144,47.51505165970774
140.05095115832847,164.17191564111974
73.45951033926005,120.11103859398914
69.31151918212066,101.04420354684478
67.66763074278171,110.82190877687123
24.52892767344451,113.14572664856505
61.19401592121733,162.7201720865217
142.18793336345655,178.15950066604293
195.18980976457496,125.87750305203978
34.477351424837565,129.8193898739563
164.26488629574183,26.3647348332515
187.41986839849125,21.22024913219842
148.7141136620188,98.0360391811049
134.64940566360016,97.72213194087244
161.29811160356527,117.00756830822463
188.48542564029333,171.52826524956834
68.89589076598652,80.43435246099146
45.21132169298186,160.05040832895514
24.224257030314302,112.60819174673045
23.267785571284243,90.6502580672805
4.995466933795903,131.6032928399149
72.45315526658626,180.1977566662526
139.76693254555104,162.1988860979079
131.1960637457979,86.80213154469902
22.12913198025279,21.91837341580228
15.162832857915186,166.31434243626566
158.43101421151164,75.12027173577421
189.59283464240391,115.02190764784791
63.35823014757952,38.76896075618582
48.79494972876437,34.88591735996236
7.844896265969764,161.48732286559056
68.4540819355089,43.951508425490665
9.635866715714332,48.57856277711228
38.29712593913361,151.65034619498806
192.10973230780223,92.41546293216798
47.527551722641824,174.49653504773403
131.75962348548867,85.33398119232452
28.599746377978818,82.98849485390329
20.401450453902484,177.38442799928131
152.44865097391659,48.59387118450313
78.19144315217741,37.079376636819326
186.2818506381304,23.65866627383394
139.74677780168128,105.02739406166725
20.554602876907698,81.30627356508894
18.613644983987577,121.86490981201297
141.07466206074255,51.26626927459764
158.8610145199289,44.44994948867804
17.265303084209958,144.189426965804
66.35798090962723,134.64860950747283
138.87123914245836,33.00906241151217
188.14407516107238,160.82132383095887
143.96962305245697,144.74970176656385
6.967992430052115,131.96831563738718
132.41630998429895,67.57209544052783
33.92461638432239,138.4059601104024
75.26785794102916,148.5834613326712
75.6962390815472,117.68299492388105
16.470782132370697,172.17845228585068
26.374098861207436,40.83382596921562
21.903753567271135,135.9796112851335
35.52844450001573,131.16665385812513
128.4891192037377,94.36902084183615
10.131483291113598,110.69632677706035
184.731185070987,138.6353288396177
177.84393961329584,189.65669351141594
67.885264985385,55.144197863857606
175.33132835838097,137.03721698609343
44.16014806237249,138.7097496912641
42.97267736917166,175.67320149752982
52.02112048014278,107.7318643069623
34.169372908316284,68.23023785135855
75.61528376871595,31.87212348085351
42.463510787936926,157.67332480616076
49.36499912960678,48.73008749110889
6.002099769306889,44.50265622851787
162.55188558867107,21.541436381555624
156.40796364695268,152.63666790457492
161.89890068156393,93.40490840804543
34.65252950193074,51.41692601881351
141.58685261575565,30.29162241070819
8.390207503393855,161.09097212258544
12.287242201661991,160.28289267686878
59.6303229185923,114.43707023822896
29.76919186521951,8.414481615225197
129.35268528015968,143.21259190231993
168.1383418338658,48.487639106494875
161.66284056618497,196.39898809666158
30.32393924128127,176.5620363969549
74.33582406666851,52.770717733637866
156.89001307816503,128.1070719583325
45.125904767021694,125.98882166292995
163.1855652316048,163.53521361714522
155.2686616072581,133.30697592989483
184.52536234638427,23.77199735648863
22.822376663621643,187.24339728897664
27.873271825721375,110.71756249504554
41.92256842523535,113.8824812494856
43.601128692911466,7.572546740367251
55.986682087174664,58.28707538868376
74.3458185634247,133.54809565547353
18.360008851470532,81.6210591138004
155.60849164033934,193.28593769949896
16.02473541360421,143.62433654386584
181.35955311762638,64.21843334279872
38.81815308704555,116.7753521960751
60.99315539137118,50.96474441958918
62.5742112959215,189.23786435989402
26.86642156886739,156.47207896352555
46.925756343971685,114.00243934081487
38.39011741556731,53.422111395232314
141.43965115338463,126.46904589218751
127.79209939511199,24.11447137147797
36.4702818024017,87.88974973232146
56.90494156105952,78.40261002089684
6.85067869688752,124.07268608417878
75.42578155297386,112.29427400852087
164.30871820287447,60.66509217101568
160.79284178359447,111.0395617329761
170.4522626636808,12.961214407514838
137.15501449963676,57.57438717902014
157.33567667282853,152.5308841143654
75.10307837910825,99.266959648503
159.07703867483565,106.70969095617424
70.5014097040531,43.8786486755494
81.52404243008614,36.52179072568714
175.23952176530108,37.91987153111479
10.926338570572902,156.51423819753592
193.1899669506991,47.46021887460439
70.66446992932076,186.2007035829869
29.207465993043236,148.3396667997394
47.34956391821755,141.3297844036737
184.9656914244115,178.4909352755345
145.55449416215188,42.83121278661234
142.35447990332509,61.66103749947745
71.890618918931,27.395455731894707
171.3230673080499,182.4155325633451
46.385509685718255,163.3284245889574
130.5679027427027,110.31608721578024
22.354192763512707,125.77703514163352
19.023230339203053,163.0241099171313
163.1918199283905,178.2789119950699
176.80578130735395,32.99321855260716
129.52716837912686,134.77070065567582
190.05634025479472,135.0454869203675
62.611918164856064,176.40279546473607
180.12875720426752,28.686690920723777
151.3654102566933,131.56395864756368
134.06809145361834,8.934823652340533
195.04830611596648,10.852138815945311
40.51224327683248,75.3440573337323
47.56080223449766,47.65995606093873
75.69676490455109,34.382840673339736
181.44468499331754,133.76459402503042
137.25372059047572,54.69577833070453
55.86600597556568,79.2862723549527
26.947794957251823,104.50251446476935
35.7815501046448,21.771271860847914
50.348527242651336,28.12693252214942
34.95137425006695,169.5483059904209
141.87681970432453,24.00941780848822
57.09853055091469,138.63829446640128
22.51192653153068,47.030892088128496
126.07891001881973,127.27902330866418
140.26742964336904,118.71513645757067
69.6419502954756,64.31967319181108
41.157996504782545,23.56070922865981
167.8704543707568,140.93382681926803
64.77783889981771,187.94136221832835
173.3340612994097,182.78586663278602
62.84979400954648,54.52432000013491
187.28637203747303,9.330413941506396
196.59148755448876,180.67106225137843
171.93521016938166,120.5544723266853
148.6695703317085,190.0047257660059
182.4638787894002,41.66213703240491
46.36689890305008,14.281859956968749
157.54242637738537,37.120425506932655
127.36141590243332,31.159946734359217
185.1085514243243,53.15762942221767
45.34763402340857,51.718552687703266
174.59749937007152,9.337815258021465
137.55310284656093,192.49726833100752
16.02429901928457,56.62187175393825
155.7538874967829,181.75564935491377
144.66422269567943,79.26661966450247
28.091701979969244,65.21174512755378
43.415924323369104,16.96720105025324
159.75333042215811,118.54624353329596
9.612000940771871,14.407522089664436
51.797940573491694,74.4237231499729
132.90868949044074,189.86123099693148
11.587814158284278,138.2002272259105
184.14745241027612,67.02080126556224
52.68681915127563,94.9349152250245
126.73593923556,43.96827767669476
26.27710842362087,38.58802391236816
169.55221112943534,172.1647813672775
55.80416258081888,83.15504008627829
74.10859347052747,73.69021295715146
23.1573250623711,147.24437609226177
18.337968860695515,17.482217845319724
185.8285989698177,48.766979210774096
50.28110346569843,105.57798698755762
54.077556687020724,121.92538079955341
192.87003576590772,100.96873990312326
128.16348396587625,188.46528744526748
137.28950009626843,108.11797658964588
34.57556036149854,99.21544455864232
7.739651006427955,45.19319014423821
186.96321382935383,52.57858560623489
182.66339200512851,104.44876004728192
64.38778243194098,70.11132064791724
22.845403879549774,134.8759677817365
157.22800884057284,84.32207039875102
41.106740403610786,138.11850488883795
63.601878493369895,27.75771706487279
191.65548460451583,181.14184168280516
73.73067827142958,128.25131767423082
195.48681772659486,123.53820522499268
130.7063821640233,28.624684510006265
38.83507439384204,31.93008435423482
46.36289523949642,79.63286283554582
51.720072948261844,65.15882657764196
184.26595789029412,27.509356644919176
30.251442154642078,196.644244653346
178.49517531996025,143.65960386307975
176.43340957125972,8.60595170217724
21.105019948272098,81.32670831871125
33.3411056135971,127.70108156304981
50.14854320255913,167.08629931596363
31.686989744962375,141.45510363814557
59.27074885369956,100.0038846201089
147.44048010426923,144.27749435127143
174.71934014917494,65.58887648167114
128.96655750774312,192.90997233231
128.59041691410474,130.49249131476992
74.12250034010574,61.7429411290359
33.39673626287839,97.6735542798844
38.06215871159769,24.61905264508561
163.4670862723134,30.881638048310197
56.29371186893945,65.78132996370425
24.76439069521957,189.07150512153567
46.833708482645605,190.85650381901317
158.28437934940783,136.56467820123854
124.62425629494383,32.91015802046463
153.14525434949869,93.28371560807363
168.1649076740018,18.413497288137822
6.6677835059288535,106.86293753576753
35.3190033841088,84.24452089954644
11.486960739530597,151.01623983188972
187.2925697125675,92.25427109372575
58.91832387312719,123.28193722136044
67.66927413123359,15.68151690079807
48.08927585808862,143.24916390876086
195.081509567462,99.0275176973486
167.60537696292695,174.90068256656082
30.38691171349801,173.34997426039433
23.167719224547735,39.454617647414935
128.17715910932532,142.87931057209371
14.495433573446414,52.9816074103379
142.40353650776774,26.535734823833252
142.72379741371486,40.84493030814824
163.9449606373277,94.58417944252854
6.238090271225018,54.492246203541754
71.36983986470902,81.50569787267702
25.919072264202473,13.308250189151657
176.46554428760442,182.0876527892125
74.03934692950455,49.279881852415045
60.75013421454254,57.64523999703467
47.022858389918,83.65362709583076
11.628422961772786,62.079570215821455
191.38486208170653,145.4382044302876
150.45035614903304,114.92489787067933
28.60544358851802,75.82617089339382
116.42838948571428,37.04799364047432
185.20918676557855,168.65426636958728
135.91990210114992,114.43287248914896
30.006050564788413,136.0209679353197
147.96628508306557,128.60312055622538
14.408153144250544,120.787881837913
187.33404998944363,185.93043148686166
171.66670124179257,170.62533208532813
69.18171005120458,191.30773212591882
23.501929413686394,18.880182870970945
74.6888611721949,147.30192033067195
192.38367169188786,67.9957352695442
45.31496573021215,174.05473627609763
162.5558458136158,71.32544556245526
58.72943921274752,72.21839582623865
141.29726935330578,50.88947702674589
171.77199415821536,29.48820326583902
48.42533881322764,115.7925240720288
49.376880650475506,118.01071297179638
83.56521028590929,34.797684225068316
23.756335381082646,174.17999664246065
181.8459129315253,129.04119675127617
189.9509378286277,137.4895090944072
60.94038614035457,22.194011092247983
161.52806864855538,10.586221897393946
149.05060196376638,140.494686755218
179.51046354622434,104.59599658992329
25.19139272700856,33.15807004324545
17.542605380077003,28.226753274539753
134.40376929483892,165.61027651085683
173.34938939498315,180.8402595638064
151.98594427645835,28.509853228356324
141.1922761032076,62.684987952429076
151.29659486371582,181.1005716779528
175.65859687051764,107.07343748938493
56.92782187402901,134.41314624715284
137.1569306497312,127.08633883137857
145.25059532357983,175.06457101925673
192.27307234443262,184.75462846107834
153.8401869149284,118.68145143232111
24.931911318961564,25.68259428682728
189.9035702907976,6.126952953976232
177.20785630694027,75.64910053157593
182.28827462658052,111.97591701481163
6.078592949236152,90.78925428331276
165.75501627458664,192.87543571296325
46.852723397819986,146.72972042970102
58.07456772873059,182.29101296229845
174.37277598000117,164.52014879844685
68.28708873283945,144.58062416169878
102.295248481009,38.69173906735709
11.26513743358046,145.3967661943951
162.49915172485888,19.877321771854426
73.04584310723853,64.12932283737803
75.86033230181249,16.113718028550622
189.3893222832168,73.18355698783648
194.77108908776114,37.5503918003104
37.659915179935915,55.22840820012656
137.2956532286243,96.68256489264957
75.95593779555713,6.621399690509914
68.4739412838088,15.329259588952118
131.98736051109415,152.45292821793964
48.7156897647422,71.04375892994068
147.49190052573647,181.0792660466384
11.6121372332907,167.28955529185285
46.3437994316299,183.16358080865916
132.4484347555062,77.8884665897837
126.69407973705897,149.79604784855013
14.875004183932502,147.5776227801947
56.70690160939155,85.95412596261143
178.43606116382747,145.19277376991016
136.39356111570464,186.64500956938747
87.90280617885266,31.738912302487602
156.14843513185428,55.54860631055412
62.99750741903612,57.389816053803386
184.93445672579116,59.94734044669862
74.719404261731,10.86058420536207
135.09647832517368,69.88633782738945
192.58070096539606,186.52260289217048
142.08414042601976,134.06996060769356
73.2399807386967,25.43648039127905
62.13315396948097,195.09809262323574
23.612996133690963,26.8484434084658
89.5632347583303,31.77969454806488
176.05617905099678,71.73139807510603
173.79226641799397,192.84182089346857
149.09659768499873,120.78580309601506
11.239010860606923,100.64059125853059
33.8855571448966,180.91299226281768
141.97204021622073,51.77800899726332
47.06435414356099,16.901268840043286
148.18390565513403,191.97431118395244
183.55845227217623,182.95744561956064
62.64587666567907,49.46127047252283
141.43202580244298,96.65539525708245
161.33527071116524,134.7891617664469
73.55684935719769,167.10514011619713
52.56683813733712,69.4485103237566
10.762142395537929,118.80098827432653
162.77683187998875,92.06580309508519
21.09731797692919,97.0915181851176
175.41800404375772,42.838837852506394
24.140332132353464,61.441344467312696
157.4424391706341,166.43947496714205
160.5019260054761,105.26406488723465
18.66619853613012,189.44544372083465
165.5069221751266,50.19331843671249
132.8360697541169,73.10829810839004
145.6884284245935,168.98910924210998
34.15216583622433,115.18584604350504
194.63470409202222,136.01987897033024
45.0427509721823,143.04560600894973
11.875081331569284,6.85854248253677
69.75834648249601,35.85408715242676
144.5336352515464,58.07452636322077
134.11791802547705,166.10306794535663
100.49568940415887,34.57185897025049
29.35695600446352,46.92479594563256
60.68249027293445,62.54224688860408
35.94656752607476,142.74084529055213
178.03752401715417,15.86358866463885
190.13647977305234,181.17856615791564
24.793121914137444,174.20550741745402
186.667265986262,106.24059724166497
30.79379233404674,38.78656467690247
13.908817250726862,42.092206135260994
44.69142072304092,195.95158069618756
18.99033272022085,114.92491883316136
13.617094238149724,15.582284911066331
66.27777772046808,144.28734011551592
184.80742201478571,88.02290935371272
51.13881836830679,109.22515014153024
9.077593553412875,181.60333720664119
37.7761411834392,121.90138888352578
156.83175111649237,167.48668119708742
184.90585102161504,63.47095633209281
73.07712005423662,133.64249611659363
61.958160362821026,91.03430357476718
34.26751381034311,40.603088953298524
30.507325845776116,119.76352950764466
181.03389490519874,73.07708317056586
163.17558937066246,110.22566543015158
180.49353262010987,77.06961732369558
69.54883579603298,14.220023035909257
141.6856646209081,84.37996521485607
131.6035872750893,75.94086126808146
179.5806047731173,148.8526051786757
49.30742945893452,153.44475276428358
69.38108384981527,89.38771526937835
7.666703959345112,134.31370178469876
25.84599489397685,42.848952012090145
40.421942745879214,116.6082610785838
179.23050490941435,195.9023287513023
132.96663677913594,46.02442342251218
15.064586810480836,145.85134809695626
196.300492667344,71.79826649817991
15.314006907257372,138.31820327412652
12.92913230435449,172.62713541098438
145.3647964966513,107.94838428290575
61.778225602505515,87.26146035176517
16.79740296104079,118.12784948999467
10.448412792087707,120.00934032329198
34.77667224745695,72.0340858073279
69.94252398669688,23.27656386601794
75.93859716107421,110.19666875851516
28.65117162990484,188.83705033356614
55.536348871098085,99.69085789962008
63.04238600857394,52.00638758214836
190.84794659620147,61.06703250135171
49.6489808224134,153.8259375025634
51.36128594872969,109.09535551794107
138.7619995831172,104.15624402307748
43.3219986329841,152.51443775612591
25.25651556126009,71.9245781369694
139.1402931256189,191.34491325125228
55.42370838110138,174.15213717274412
166.0863289938853,106.079508721744
186.54576113581842,96.09497015845098
37.91687846647032,145.61020198301713
48.711214289911865,38.410826067282066
18.988636074861734,193.99287400748034
5.345029575626565,105.52766933438544
143.5450651438906,157.76013299380423
62.72040651971603,90.8461147316738
46.926370123711315,69.03781811555353
30.621845358740877,45.30264439105506
156.43841456481155,140.98785683178056
71.23859653674258,92.91834814392607
12.762814421074198,115.34311266792082
135.63376085809102,19.235924721166324
131.00855897075778,177.8109673379814
134.8607092960817,129.16657351120395
192.4627848234558,48.14753759344942
177.86200180495192,79.44364754758114
68.27564301664219,145.5212343960413
42.82869182971104,151.40609278678468
162.01794129492043,153.63073697877493
148.8873580758072,115.70179414051958
74.2473301196584,65.98722465373653
190.38332745995626,131.53817440230188
191.08184129407863,113.937273836027
193.27726201521568,94.11049019187236
30.945144841851565,195.4238201586167
158.03397563582496,160.19151448812286
48.23475729255955,49.709999606888054
133.88063733989043,20.596032858033904
144.18802050757202,194.21435143793283
167.8416867824028,96.42764521716988
196.7574895811044,142.8392694549319
195.6441697535345,46.212170698770144
137.6339815759965,24.559970740651828
133.00408148003373,28.04915474176841
184.2712789233222,156.0084166272216
8.211904740426833,171.09173575296842
94.28414187529633,40.44768602806081
156.09170714733912,80.56299125217843
156.4842228776772,119.00647229700935
72.46821161706592,136.14856148693815
41.44963062292094,117.51202819667432
26.24208591081489,53.41390867838421
42.28911312110084,136.8771470240324
179.28671211819866,22.82125490629176
160.12332092767255,171.0452280468228
186.97327641372618,147.0388858988409
40.99273343993119,138.91487939735734
170.78166125165333,108.40537699147303
126.80915727092167,173.8226953195999
184.24272798161704,139.486296819224
24.703337261582025,141.8888538846486
165.18014513092874,49.04177724056924
130.5503772819323,8.682713490292533
42.96016908278824,17.57402091558872
29.58374965478684,150.38425532064736
189.5707178495839,9.463660912927928
38.27586975254581,183.4199004672147
162.02494918011698,16.62617912722252
36.1449860432251,94.0817296355027
170.74135578367867,40.00789400386125
53.62858728309213,9.319511384324006
71.5586042408809,142.25387434675702
155.8639717682274,61.046187629501624
154.03912154976203,130.87620439613892
23.965493123180842,44.88859944862691
33.02526013674693,28.574641400348227
160.0642035339534,171.27642515391645
184.0403927739418,165.5846276418156
140.8978595174645,116.82231978629811
172.6892112195404,21.911374559060715
37.04409185558129,193.50413000994973
5.567898542630796,17.70223460125096
74.1747219323407,82.21081528292252
28.226023743221482,81.51742895742414
159.86763880832,90.27257086760517
171.6970294948774,67.98255644270876
191.8579885101892,132.24469607155228
30.88874883688665,9.205168779529597
158.92761130803135,189.2690152495845
12.771410211639683,59.51952062294059
126.48732163772752,98.42710690046395
145.9842724122786,147.5943129698104
46.82764263050257,35.923359220689655
130.7848772344249,159.2195289940469
146.777169196628,44.85674495045682
37.74901357225769,58.284031464311376
20.964900581287328,121.91098991028626
29.4082999426234,128.77060115783044
179.98825433509754,14.682419359537342
193.7386313853568,76.24155126253417
152.57865369604113,110.01722355578319
73.88355952781495,106.29354886648431
47.188866660386665,11.60493798845851
42.64617650780305,83.63395654037295
152.4606218787462,163.4158556491294
69.5676228670023,18.82361019354932
134.5666238072127,118.59328994249785
145.57830641708938,56.714424435967906
60.98352518605364,140.02195034314454
162.02988493248145,133.3722721680571
159.40441316621977,154.50615256697142
53.1938764589057,181.39657678186106
138.77897016271154,122.85650804995652
45.107065565031945,82.81265904705334
32.462044775649034,42.26652386648523
172.9237376940333,61.21346172389345
36.80883408307695,192.2277461645079
67.23734954273789,190.129010665256
130.80298412990967,86.89976022693597
142.4506362522666,79.89059706662977
148.26141349845966,24.697248990682812
168.0836048161458,130.05933665868196
165.59473113708304,147.44688278331427
137.90001407024985,6.905734365406541
127.84873913174377,132.7636405360215
162.8679425089389,179.83824173417335
10.445197806553844,171.75462187440317
186.28673057016155,75.52894675079716
190.4118424004894,116.10013057784066
92.30976065242314,31.898623276012522
25.825581265554632,68.0490778153123
39.3539421523853,149.71998308151115
135.04057583333415,5.266235700179528
72.53874415450663,115.86759421432147
8.46805531431484,58.73336374903528
75.8219304289617,82.72881730780504
25.951410618927813,77.42070615219927
140.27024141034067,184.73992029406597
23.811484765155583,61.10938742604109
167.53127753573006,119.50300815027968
190.114990375449,94.35714054381457
147.75110456038195,185.57914616750122
195.9618577581161,37.67869631766419
6.0814659352954825,156.85021346558713
149.35172857767833,55.57908610814438
99.80364238025368,33.8590483805343
178.8551213626702,58.02194276265726
14.601432456662504,8.397326862394957
172.1910795404264,12.74812381053007
22.996244452898285,167.72815928579507
13.88447300676926,60.32593286734625
190.08887847896494,193.74663339209826
77.43952727639684,34.51260954427626
60.6013599130104,182.83873328506195
16.4937452147248,185.61482984801174
10.766275428559418,73.38615125188986
160.271106510769,189.54025376051817
196.4071819057886,8.000777315418574
170.94817111256108,175.13747256630813
163.64331773853917,16.993472504598046
20.366989790534593,164.1411869839412
133.36472260238753,61.73514818784852
158.63996741713484,156.27297525206515
5.6774527674361455,53.45965627039665
73.59186847955989,29.87846360836501
157.46694325051365,167.76762545002492
172.1003673470465,123.49204346361252
179.4105382165023,98.43179789026695
147.8608693650004,101.93916490930111
182.02400541180228,186.76644143566975
7.123647745734275,8.82896805964881
50.93708408834775,104.02500214342781
135.1130856751854,52.24256287572852
196.60072321668056,140.4675932142587
12.336303250343564,8.868270077617815
22.230625225564882,146.837556368855
23.21389902450955,83.57002698574185
48.43536269807755,178.92333630312865
140.35863132128515,129.2571094398574
155.99906264448856,86.9646916519593
147.4161854791324,142.72737153226356
20.559770556797027,24.32854411432648
62.5342191109468,7.247689993415974
56.82203765137536,98.29229225875414
60.65415491795456,45.33764381130417
60.45727950403127,39.97817876902853
168.25834396657936,28.03109229367565
39.98629773733344,172.33541662086762
66.65741342925992,48.86585168356722
61.152496420670026,145.06087945207383
38.471586723554864,47.34550136036038
146.99022013834963,91.02135174071579
71.06228840767778,104.2157956953387
136.74715826451376,119.75023323391441
16.798743713533113,155.84678954568764
153.7521980391541,135.96130503553405
8.64398441115354,11.540479834954505
50.64227133347861,64.89163315502954
173.020696016879,122.6796440367177
181.87949337144425,5.344475283398385
167.1289263705032,24.064574612621474
190.88052074971978,18.2836391623699
14.034862374924726,97.53877581789409
34.16526257871231,70.57882509797294
27.95084650141068,150.4670139820261
50.34508080437361,182.00358891073714
126.86375541557923,140.20082120970667
179.25971596217656,32.023354088494926
176.22591409333467,75.42090403951138
32.91891103144636,117.06012392676044
31.142071223815815,184.5194345712715
195.73574844409805,48.645099493885795
167.62738522401884,10.126606897253367
58.40547947993439,150.6569846269667
146.6325026436137,83.19158199570123
45.70439661534784,137.9363167985461
190.4495626306817,14.364457822054064
26.74450691771553,176.81047506816614
156.79666666131772,173.70966801856648
153.21013857790126,75.29928908391388
45.28657748778061,84.36309892219931
65.768712348315,38.885617935091034
153.9186143833454,154.2370560932134
128.9257288800486,148.60184883435917
128.93880756247208,70.7348483199165
79.12034240332358,37.50799910438881
60.8219369857418,182.00633646272533
71.40426615679898,139.3919316614465
40.342453383866804,165.1286901510405
11.556903890804286,135.04698641726776
152.86951598054438,178.7552531377094
157.11638226073055,74.76140855724708
48.00528999770513,35.76672850501929
192.4839232835453,29.19511676678126
73.90552003325828,6.18127489238856
151.7212691150085,58.67696116557453
188.14876437041343,160.22205321414745
34.21411111813114,6.1259415440521705
44.23186535925698,73.85674268823556
194.7262445721805,54.622499893936556
73.59471219332224,78.25810600965507
39.87117637707427,127.30204117113438
44.259749991444394,128.84207346477783
173.03166329435203,112.31218301984924
180.74128788992726,175.28572274102413
21.120416482882877,192.8854538600518
15.202690566672178,45.35776985153222
8.53601961125961,88.11905168580799
58.10272788726523,73.0398204415646
172.57187713192795,146.83404560433323
43.36980718913585,102.02794059014714
158.07765218495646,66.39099365682264
188.41912901244888,101.83960593548487
127.13116384552953,118.07465370306518
161.34262487066204,164.0022473346689
183.7296964119914,66.00325720119552
132.05840024236488,146.47317297057575
14.689537841071536,48.64379055942812
39.35776018378114,73.48960857615359
166.6374635738619,83.09612742917972
32.69903546715701,132.17445992121793
65.55338246584829,52.87427514597601
127.80127197593464,145.04169489026785
158.6515798946935,126.92734802043115
28.24199037042142,152.8654658775797
42.47512754617308,14.449126605961089
63.75314780362313,76.98396301230332
28.778084908145765,131.98212163662504
150.72937100884383,92.214652926247
178.4755823129704,55.80064299075867
134.40707770954896,26.547672582773863
60.195521413417346,139.1179501500182
134.00145794369982,126.44198696888012
131.1855423896425,128.81030703624793
19.544138278753262,120.74573413184646
165.368641042884,80.21598019876683
50.87147813230278,49.34847075095375
39.19564172886289,51.85528889735292
151.40913469207388,84.91730541049033
170.2261544590568,128.4037066499592
61.97751316939032,89.7608073444054
193.32996164718998,101.17884130718468
15.233660756145133,7.673830299535686
146.82189194794267,92.35420221863828
167.8116592412339,69.70433869583553
149.93262961167665,61.00334169518408
72.27191688340261,97.9300247600346
127.4063848935427,135.0053528172924
130.5572922616229,28.978151154640816
88.78394889292929,40.760803838196644
175.63499859009448,194.691316215789
46.01810446231147,65.26729909152824
41.931976281554775,14.78143689426643
144.29727921477576,98.51151881848709
185.07617628392777,103.38898544508683
30.262486514064285,12.278067409055662
15.166700030261905,7.426138243121796
160.78790603150856,55.67626548106076
10.0,25.0
180.0,180.0