151.83006193579857,63.72367774649708
171.0728251996252,114.2998716536197
175.95115490530534,66.35946272309049
36.369867805467265,191.64471727824446
189.393686478161,60.03947804130544
184.01860404634914,76.16740509313435
120.77709765229388,144.90600522384858
181.48159808554627,175.72008665347474
31.30935317645689,34.516203713448405
39.55845772658629,126.15675924065613
99.46457834043935,167.03273127449395
176.34795557116541,86.97846764959765
165.13655739215557,97.32192231479118
186.95825472614098,12.664613731709156
171.12728117170988,10.423180670313373
186.84167069337985,179.94650542771285
16.627169918087517,22.201844540986013
133.24095078755616,62.14589099602047
33.37350484289354,182.3251889781253
11.674427599330286,146.26133452065235
88.31926630331628,114.63855200099128
131.421215273712,57.8909192124297
173.51445396474926,176.53378338721532
26.404361341265954,124.84762337162464
23.895545513268825,166.0439122220351
59.86611674857286,164.50642913852695
168.45174821540806,60.09242291847815
117.33003053897386,190.88484319190775
99.0160831934163,54.73769089505112
167.24654126894112,162.49574752402944
186.5150428403472,183.84893685723966
165.65907524328597,111.62580183930899
74.04573761761367,161.3974375720734
30.778171704809782,143.86119426895547
16.683145719137052,15.38852891990302
189.78941057862292,22.321383935333404
176.07172704578113,185.5575228942249
33.215235578870875,22.884025876225913
170.3053196681017,193.38384472278145
29.43790396796506,156.34377988386194
20.560471434458858,52.42795420902747
100.56005331645113,6.273493018152747
39.53217383229634,153.17738226264228
19.280122919191772,135.4492361745891
174.49054287922675,143.7985231471923
130.35816016751951,60.497962999489985
176.3869455006746,192.68780084981444
14.338968763028921,16.220775222389033
195.25406052705554,14.680350652196507
17.24688360505082,180.18033174059943
174.35723467227163,153.14633362285235
10.604327349752193,134.58018978015548
10.275026550397357,44.64606922138496
51.93607797898592,165.81202037365108
173.7226498595545,68.58500212422152
182.82959097525594,51.69871539911767
186.13867769100017,49.33359270434841
22.754350922940205,52.34065562365424
26.05512787447072,174.51238202784648
177.48184097789527,159.74120488842107
175.7596264270209,50.279432505310716
100.91999485889515,148.27398915271468
184.69282129236274,36.960574164252186
37.45603735569145,53.36885178171006
36.255026266024515,48.86729796633611
96.76372230428298,116.36432954444521
173.77046735334986,160.80037249210656
34.34314900962146,191.8484358412311
179.5018187105315,46.76130658661804
163.61491901528086,40.87385680870719
98.4607018649135,132.86204337445662
162.29984416578927,101.67217891588743
28.08579521833355,11.363562692215897
54.74172171111233,162.17282178646923
33.28059026095863,136.3201152597876
93.08690955835716,104.9770618091311
36.49400931173321,31.069069901685594
169.55833712449595,77.52942319638153
169.35418273062479,99.84600068783699
106.17274998999046,127.17923977759271
167.21209165020713,49.17760926644514
188.84383335498896,119.2186053973102
34.520991354379774,187.0846212237791
104.61585765500976,196.17744427010666
114.87913456025285,169.22953126854625
31.57404018384494,187.20873349910707
114.24820033441344,173.38417476693704
187.4762041578071,153.7849435828777
182.8065478926043,38.636883236558575
12.66670811640822,122.04545650313021
22.093556783661416,42.65047764229945
36.008470894949845,35.98473837665952
171.13918032553704,28.111221871074584
113.38007226780596,78.92145049339088
193.47020595885803,117.30586485756875
33.49424856562317,68.80284065785045
96.02003250983988,190.86642928536403
169.81445168638865,82.4009334327424
173.26204128291027,124.36154968359564
183.3344102176084,165.76374998073567
163.96302863081723,27.22086325960856
71.92158824927834,158.39887112977613
95.04186283657917,163.2734166886366
94.16024229545464,92.72401378453746
189.50664384961865,126.47566347648501
192.88988420906202,160.37290824288706
163.7154845089808,102.82813084575548
85.58129129306519,153.4967889731739
174.35091119047505,19.81468371409441
84.32924959075996,106.00703543125691
115.01314273211683,68.34381040816916
175.95696963063,149.7082027740085
88.09677130068124,143.1995428838501
101.10609572976968,42.80582667122414
131.73396404602926,59.592266220410856
104.25840301939742,120.63033526129618
26.90460396582074,66.74938063065244
188.88411898688022,157.06859841535973
5.329824722514437,124.15396584096509
62.89734448314144,162.89450341179793
189.60308299857795,65.0802290221412
186.48888268583568,160.27563141022267
86.18268574582174,165.5149079412985
124.97541470445886,59.94111545419697
13.64324135156085,71.59834030421884
112.08656116120773,92.82817345520753
191.76684997664088,169.01213408894577
45.113328178220684,160.2668868189097
185.86267742810645,85.55025748082947
104.03705031347373,113.39672480106253
83.55855309542079,16.443953898331106
170.16488647325775,95.55111725860279
196.80175846226956,63.90805200854257
165.71746155529465,164.66110206041688
188.61182323309916,27.138748419426044
25.708442616292096,139.55469098966697
101.66218000410751,156.2789029899928
88.02464086803433,177.84071209155496
168.19793588542257,47.29229314905431
164.4057095057269,177.49896995343863
115.87878402313858,77.70240090450555
5.756397979405755,11.179968685667893
46.444498221200476,156.84922621770045
120.07315992464102,172.02629220071043
193.05102560673083,196.2880316709083
32.940303428915776,26.184061490301563
14.99192461170062,157.83405848168846
173.69985002160237,10.464659198973093
88.03060767903087,119.92387337449212
25.32074416227307,163.2065959314183
163.1560842571893,44.10488701819936
110.45734380185397,173.08959023632627
119.16797157013298,141.2126567580467
167.1705539090208,52.99995915316586
101.45263619382132,53.81450908154638
96.13521193155907,98.31998938959866
34.618785625895384,35.70878876184385
110.01090890936884,59.66298813502852
191.73979637561274,73.24296395765398
164.49657651478782,170.64994567460366
13.96106803792937,133.4588322561648
129.23337259653326,60.52784521021402
5.213581965791734,51.814670717203
175.28448737001662,119.53827467343807
173.29767137480573,119.35616387837264
105.015210499711,172.91783218469553
7.250907336496109,114.32296979514025
175.92334472412998,161.06538834719217
176.69387990175105,191.6700570564277
152.21507479216805,61.811678740297246
181.31921490013355,147.22700066872827
81.55656338667546,123.45115745310895
185.65025443998962,46.9547056526714
105.62442391638626,100.21563798050758
190.32817238975443,125.69735038895362
94.04208960973018,148.05875866346844
171.0164193460992,150.99287562267187
181.73070609772375,133.9262405921494
166.7421733948868,63.67082524874031
33.02399148461287,154.01668916591754
11.880360162214703,42.473541195040596
84.93981203464867,142.21527653700994
93.2334106381638,168.546650856234
191.156686139048,121.85509266421737
26.172585217880798,17.309092455168386
19.859804744166016,168.7292014757725
8.974763485444663,139.43046531174096
30.692931709117452,192.60624015320346
30.69674992472032,140.95005026609945
179.30999287166443,151.11526904566904
190.32133761994916,122.95808298030991
175.71228890373118,157.9099738308673
37.23142452081163,159.648467666268
12.41847804327253,128.88822682294386
183.48341959591596,133.72685199845134
114.34767249529676,183.57445100339768
175.35481684500533,81.81086313911138
8.284495557819994,67.42872181408254
190.6018266601617,27.797248086515854
120.98101437894343,71.97909662062087
178.4627219428097,158.23952631687303
37.257788525165026,41.37999422558805
180.02707147115575,53.074527170651514
9.345137446700031,8.084545270087327
177.05029194178655,152.83499309137878
170.41140299587732,91.60651164774985
115.37043093751707,144.84462750979395
12.688829083208317,39.94083022440586
106.51056220719529,159.46562766678255
16.63333955349663,176.8062353631928
104.30378863143801,191.31167064672084
170.66551571013653,46.45660795439839
169.4808283954509,102.99424537091626
91.61133134090484,150.76396042253026
136.47882084966616,63.713663650658475
89.03917774506587,180.87865366789717
184.48026278945116,28.514304661924793
24.227371888689163,27.46534142752529
84.0455894350388,8.014474177217684
83.9017326049868,140.76668337357816
37.90462953564371,73.54712257085156
106.02174660180007,176.44661895746611
91.00804674534406,174.3924621983577
112.67959127783554,101.0356160037487
63.387224030178075,164.6685104655523
183.5043602290286,126.31165822218942
114.91824918291547,42.45259352893945
163.82066865226912,172.7034224060941
191.61560402059516,153.2350768353028
30.422440946935254,159.5476357033039
173.15520815465368,60.67126387686652
82.75479118618009,11.54016332415143
11.909934732727153,21.955068281947717
111.41548780598588,177.3030749954807
163.54212544872647,64.22180094729121
16.667780712695922,154.1826217231846
101.95643115185034,130.08506023799316
124.35343159970466,63.85305425323516
164.63237238544812,35.65480234869162
85.7691439156241,116.62567407002578
23.599886349544363,121.24954131709772
6.201643839383621,79.27009957770824
98.14300433420759,104.24120413444406
158.36405129915408,57.344620705589826
81.53790479376926,186.04398473575827
81.31970628760135,141.71540307927214
182.8843612179817,166.3413879876831
40.448069707726084,11.955216553244426
87.02320523575602,161.11217259126204
9.373077627079534,63.929212924541
114.82431867737738,180.24430257804036
196.34054850799666,56.39374680025183
187.69423431513414,126.91969689243001
177.81885298640958,72.21556541334931
190.8331395251318,165.4913445499954
174.94575687590464,169.76287982882425
83.3321584070223,194.38111820997327
195.41252220841733,25.225990661993208
82.55217183761786,100.08550605845646
181.390210670323,126.18019516232563
93.28992022458598,125.71182561240147
114.65656989718124,185.10293438674614
163.24171529437248,165.90914067890623
109.42637077036251,103.38701147760843
114.39198882942037,41.99652319087122
15.733610891412035,110.09348273543476
30.31862648489736,16.175702901251633
196.049675029148,136.40884447803393
171.51978425840335,181.66494615798254
25.459436772402,35.133360002025306
34.81675226956425,172.03404351216884
100.90282379536002,142.0167220160447
6.0401054927345506,167.60624973044477
21.23534334813423,67.44141245179256
132.20651696641949,55.13969358842327
16.72320397738062,164.27689420549112
169.23744883224532,101.6614197895952
164.73691784226986,81.28317505355216
84.14916636533215,169.07654535208047
34.621776351887256,56.228914097919265
190.16047406551985,77.26769251592715
166.53000602200007,20.88580980656289
96.068977696217,155.1048826707753
187.56771663562398,29.140911858832883
161.3105679368945,184.44088068532528
91.94397029372944,114.92469563906607
170.97761714812606,195.7290981823257
11.120707148319685,50.46611249124214
111.77936120973374,88.19449219962888
108.06741552106706,156.91874109200018
190.98550126460194,44.24883744003971
175.8076700035139,64.12531294877266
192.13352764402987,17.5550286904648
82.1569721599896,167.4429430554554
12.023821602885812,180.94868261790666
191.03080259898502,54.91759220458669
118.77585808817156,170.81829029266675
95.48561497062214,132.73614379785707
17.932490353728593,140.67163454551152
82.04412934224229,109.76279549666744
22.520680735499255,50.736446748105806
60.04137554094916,157.51325562898955
22.85849234237272,196.41886827219764
184.49094995152802,148.08663095669198
89.59981678332007,7.8930766733448365
24.212388503357896,169.7363423911742
8.91125819590721,184.98094115700636
35.47932398566821,70.74307505827966
13.667192785287433,109.83516244655159
189.99389813864985,69.58180054301303
165.7247052784317,106.39348608891261
163.93864976441247,97.73528172470058
7.5776410784541355,117.20165150822386
169.33192401097438,26.639174103634804
10.299613009162448,110.09716545382412
5.128208467639739,15.212892998976665
119.01739587609245,93.18086520320256
164.04021495942268,90.70027726653268
187.2532471412986,61.32439450884361
121.37380704158707,56.35900520721723
14.826637913426831,182.8806768252441
103.29802976498226,155.4121133932507
93.90091986906222,177.13486088435366
12.844074008886498,41.004525624786226
162.33553937281934,127.30492824273125
5.223430900526241,8.352509288732488
21.489229047005818,173.6669896669795
27.221647386369934,184.9597169644561
36.258206023782826,138.25962149427693
30.62618276046933,10.511773341580188
180.9668133533823,196.0641888644639
181.60896562186423,11.268826742794975
120.44179301809514,163.41000102536995
94.22815921572911,143.92826566753055
107.27576126259383,174.51639057164823
13.181335776696045,23.230230217910147
36.19412562450036,71.63025726118323
88.27066860284447,100.062135638795
13.12543581089283,68.79964763649366
10.026772303742634,167.4174089655075
167.45655708019797,196.75374394268263
176.97760944169434,184.60953632260194
159.1969757095735,62.06420095333509
104.0494685976753,114.27824434503607
166.96093145579363,89.64885195081634
82.34499945107201,138.9922872381806
185.7041192922577,64.57673605453421
11.818332397147122,38.50217701414002
176.42960567523068,161.82112651269577
178.7553919464834,26.0303119415389
25.26653549735199,54.285953952437886
86.72278798785482,181.25701431870252
137.0906378280763,56.87774242558359
30.48422320479967,9.984156438496852
99.0480733221086,42.06722153720987
161.6030894764382,105.53720120038287
158.5704104726979,62.96109294201188
116.05754258130895,156.75214881302546
180.76421621917302,77.37747566858624
13.274817135714796,32.55208250834545
97.11116889417286,6.356416853942891
185.70183879006805,6.454726214351517
191.7105072802809,158.1247714553229
190.9157275603252,129.5510545351445
17.407484356773246,9.570980562382971
193.09091663388392,147.79618589516926
90.11240944506899,102.44760652238305
97.19955519843727,187.6991976570424
166.39703411747442,158.61545952227675
92.48282081129604,142.84285870750264
120.52396013527344,83.69862572242633
183.3238715036377,117.56019791479703
194.07806311536737,86.09347761556079
104.38917365494207,185.69732263257103
166.84802245534001,188.1138677686318
81.03100019472411,189.42833779481745
191.54075783912313,172.72878890454186
88.38972543729369,187.70557883142442
179.4948596521635,49.109734932531154
5.30827437450551,155.43205526173733
166.47628634830352,24.806109116779098
18.32594385107535,9.25660875280125
42.769437162633004,163.36297732924075
170.5887132463388,144.94068771563977
28.590524758129693,24.642632693076237
108.29416505807349,140.22356224800194
16.88300109409181,54.12244426211794
22.9146208663729,63.99486652867104
73.27809393446002,165.89789121109717
40.079384384407724,67.26006781714273
193.24053271419723,158.42497037938028
193.28427089583707,185.7517646660975
22.257278821404014,157.93335937712553
192.511741085865,84.35009834777364
170.55204291982386,153.51432632972677
27.86787791918199,145.32282022865314
89.21290850272435,163.88295904395173
172.4668928568935,84.01387582785672
171.2072068297049,15.21112119128686
165.1402237761471,152.31708754892423
30.886902893327942,193.20370996134568
6.753776148184031,160.71124780569673
111.37964343522134,152.87388232207775
172.71823220749764,196.72154123994173
82.8182760136245,119.16754591110119
194.10445234546378,156.40174234208658
6.468000959253596,42.037530658090056
83.4224211306201,15.080542006484622
24.783845880249984,7.637589195942798
189.83635509767538,147.04201522418356
162.83556010860286,151.4201334688891
167.93210147482955,72.42101135255655
19.92751609054331,162.93225529450697
101.16775092888584,40.09706434726545
11.194766393245782,34.11614824374292
93.46303565670402,115.77358499997588
7.598001019746066,189.53175566250093
101.23958731029774,44.51183120215474
185.2901045984759,134.76145271418974
37.35819954914836,162.90587067743476
179.9962884562353,45.52379585142317
11.440660042018589,192.19945827077999
130.78001204885217,58.01722478519169
85.23793599547942,132.1237722692907
103.25367631413563,152.18004012719715
171.36768749523023,143.88896095337316
64.90407695152403,165.96802542391504
142.9876495203153,59.8087238381479
176.99992261508683,47.40851444873109
192.83477349906465,121.76744184108149
29.156275899138873,173.86796501859982
92.35909055379848,125.13354783211065
188.3210847784001,65.96890716700338
93.74357733676959,131.29425594841788
32.00309537855224,28.239470680150824
15.48671105572071,58.030616940362755
93.32957569973584,132.8989581248262
42.23104624429783,160.9065326401072
162.59934532024084,145.20117085777545
102.44662521205747,122.54077807323745
163.6865166536706,88.1037438563659
30.48658754332887,185.8938106800907
92.54351455366158,185.87487796987503
27.19784061884847,30.49685216617684
32.774489821284064,70.4087649950732
7.785920280382557,50.82945051042558
161.43175171478117,50.543120174585816
92.43722044420912,112.91990221158362
17.85964583624606,181.37667200919014
8.899467545414089,33.543647135847245
188.1139645529272,145.46174432809548
75.39300829846444,157.79806240412876
175.65711050437912,180.01046532285537
137.72922469861518,55.460118354461954
117.76834297643323,140.43529635474331
9.965591781898228,194.99251084970962
109.9089437586954,146.16450017146352
41.32334789352536,167.88536687738215
106.19673024754393,141.3774432845427
149.5314010061597,64.31616965593969
180.12904569569386,28.995699187793466
168.5649870638349,35.0172684947995
35.309113005210634,15.632767367843659
171.6149851100598,114.78629383163236
193.0812648444279,162.31959881068252
166.53721590057185,162.73240619344966
28.667190294136347,60.9355662101696
105.9981210367658,123.8125177872292
190.42898740812745,124.84962821674807
91.51372537687661,112.42034794038945
185.66088110593535,186.85156255498478
7.110381487114683,49.405681130396744
166.58358959376466,142.74337973130258
145.7476320621568,61.06997389897886
118.5307304911215,49.425786349334814
164.753824926799,38.178373918887246
165.65786651638072,69.10256900060809
7.5725296102871855,165.79183454270606
86.59279542759735,105.46656239473592
111.3069158103363,163.53069121867065
101.67485823744347,191.22462338713282
83.21872551610686,161.70275729435667
11.946042145898051,128.54269993944573
34.16784238856674,57.9401656343562
164.64366090931858,168.13449144105527
32.13774019355446,49.54149873327188
173.3215455957247,176.53574511588377
192.30418107112587,129.21446631436524
10.494633493423155,49.57685137625684
88.44756521126463,138.75809948914784
105.34738578794854,44.72739944378051
24.54921179441476,150.06582018241636
95.9762558346663,98.00657470871782
192.24855141366834,45.99015254384616
6.517919469844414,42.04695588344361
27.79004259931571,148.20574660679233
176.6706169331323,190.4068055731003
145.13785070036948,56.156254686105754
11.898728429453044,177.9411194440751
110.67417006862907,145.24215605076623
106.76864131309459,160.6386065673491
9.218463972894398,68.60955016371003
16.9249241329418,174.7956184751455
180.81675932025084,172.83096585243115
14.289791563797058,30.966755580293583
112.07765799457069,181.86172084363932
23.46262038374619,160.49331659037696
97.67451439734333,52.39073160267639
115.67659873654124,151.93727441988915
82.3676948778126,139.00212757198304
29.303750048532443,21.71163232378235
19.59991367566011,58.134578143042575
185.02355402039606,155.0049553132363
161.96622610877668,156.19464571812523
165.58514336178118,79.62622866955653
116.03807548024523,46.907440354836744
29.898726122979273,15.005003147043757
180.59194029007026,50.534472933116746
143.74949866433082,64.30591693339896
95.00194627253478,99.16741720147914
108.56158649353547,57.50272571585615
187.34607190454847,75.89316555824905
174.58629309109796,27.065022120594193
109.30034573977964,98.68598381108123
187.12311397824487,181.6743572192382
162.4102654143865,89.31786121353774
15.862401247737688,193.4503670183911
182.07726661194295,132.20079393649104
83.76931452445803,133.33631915481513
94.53310271601626,55.08719195284274
90.90278252265661,167.85627046374702
165.1927901270623,196.0135685183668
174.79144832970516,171.92981663792145
37.17011722327925,53.525289024837285
180.72533574031294,139.3743411995779
115.08243441665584,62.2544728078255
105.79668989285108,93.00343051624127
37.438534112498914,147.5880287463083
8.340658170101934,38.90767381788624
104.23088910963484,134.24116865649233
167.394301544405,130.6870693543942
169.90291874135875,73.41548530101637
171.05210322934204,81.28980687307849
5.034003904765799,153.98033243167114
40.65691908314311,195.68105788791803
185.9212043674576,78.2766059941373
100.8130052222921,103.79514721919647
25.109900757412085,45.03907098961284
192.06790701048348,73.83645690873449
165.38073046278367,117.71287218172907
83.75144934089225,120.70542310576725
5.186971957576872,174.08640744165243
194.16511681710304,144.6826269021591
184.3796671648146,20.575767556564934
23.742345008242197,40.05800817083592
112.76845686047996,63.12450876435149
18.29505389275701,120.20116734819689
32.95014779699588,10.052541544420366
98.74199624023888,128.68415812193197
17.096178878721368,21.95584005562442
191.26765187287205,71.88074911761896
185.42086562859257,24.509876861013606
112.48355531762677,109.82856040158488
180.2919005966358,6.92252948106241
26.683518097004267,9.502430753667408
15.39811591517976,18.93429089967069
193.55521863479777,22.00260059866431
51.166037418507834,158.6830857536506
103.5835982043585,104.14364148756958
98.11075219446478,127.34393449311325
120.4579516108214,165.20876282771658
170.94010688779082,42.20715815751688
39.76549765663569,117.87942110474742
171.91308437313126,135.4439366319035
170.33634510559563,25.977815061044975
87.79202899788957,189.74811773575632
18.06089690279252,28.638009431473314
35.97166072412506,148.44729325805272
188.47331729807564,17.08931875945005
165.4352121590111,30.890522478288435
97.07252984165578,53.00933009102799
72.09870770825958,161.8746434212214
13.71763984197661,176.15118791366555
26.32831781660551,178.58302391291846
139.8951359561999,58.978082540892345
38.91437230604225,28.013665334445832
163.3088445433031,9.282335904988086
83.68938456233647,139.7303786377637
170.7131661338819,133.34624424899872
14.916963771684042,194.9148946354387
29.44870926409553,158.83992591452184
168.69560974903268,37.20304654864768
165.26740763091686,175.01859000200216
91.30163888978399,131.9746019005
101.71452377606902,162.9958727757745
102.753571558238,6.692902847211806
192.24368936568848,194.6634036411283
175.49337602938996,56.33965912665469
164.7100449299123,190.87737205621983
81.34166721280519,11.818580166042628
42.36231232296026,159.9205441293599
167.83249399011962,38.17410468787716
142.83872847928313,63.48751906801752
163.93086152654925,97.74141357253667
183.61944513711293,191.52456126577064
11.187200250278089,67.09746624999852
22.007180725936657,129.73654523031448
21.348466706952188,30.154821661861874
35.503270103641206,134.75538059584002
40.72795782593991,23.22582807582832
37.46866504976754,165.37621594957338
16.14760468911294,58.08674180898782
189.92383840910472,124.74341836966929
195.03837655984952,195.69434604775168
16.262589672663754,138.38586086945534
32.796084296931156,45.611986454810854
180.5925363474401,34.639932810240566
14.840741345691368,61.022056036197064
161.48911400682928,141.86738860653463
168.71621349905936,56.044521993542624
189.17972718890275,176.07516357594187
181.48189412344212,167.27807280775804
193.6806010102593,130.03877488686533
47.677572529315064,165.0236418197406
30.87560641757503,155.69129617858607
196.51193011749882,172.62225126417883
8.950627726565063,151.44700590693182
85.89586234591859,145.42120164720689
102.87628069062981,101.6495994776536
193.88299787934696,186.6457864301263
24.437733053830197,180.636220939161
7.900407134222249,30.129973344417962
26.642727985859498,141.13457032808415
85.20744652554832,162.799476428113
81.92997246788578,125.52582232365809
170.00264519982247,49.4733154649175
175.63494306578517,129.08686219632153
171.29852331461902,195.75900755768976
30.219229011931223,33.905439759239755
196.33909931465314,20.58713580219075
188.18794484994544,36.99208031247697
76.82934033187091,160.1132537643286
171.2106915285899,76.36875952570246
196.55071766772622,159.30535300277782
7.687795506045588,130.8430455818864
85.7632416435515,153.27105429019633
160.28609356078354,55.6563022576326
93.36737961754088,97.89996983729803
173.63192975066988,122.27276981786589
196.6867903868751,38.02429344619731
32.29393989192143,55.353567733118616
35.8350943566235,47.649580028208405
163.71695093993247,117.56368074846534
196.28192212412506,82.05725225823096
196.8386895490202,54.15174476003092
10.238832600087251,194.18299212152138
105.20633646364055,99.2371260740047
31.053421673194947,27.16728995804722
84.3382569122253,108.615861942495
153.32223186344302,55.51759747223531
34.02011372464445,169.27706986198226
177.55964791479127,133.42332082319126
118.68623277566859,39.26940716320283
183.7819769589946,119.85628301088147
117.85971232009413,189.80130456709446
170.1947322177361,14.725266186218548
116.26536001711116,14.295549145438198
161.25190174686446,31.39231578583226
91.53905480465468,188.84355536893534
182.96731119254534,44.39825976557972
167.42638077593995,96.01630552617125
105.3826852583864,183.88461835170713
117.26059863488292,45.0970931393948
6.913972724130415,51.01970160478973
116.70934918963039,24.02221900015994
94.25854647058704,136.82579505937403
22.733310032874904,67.42584962759956
186.78070246140743,80.35415102142022
185.83513783068227,61.547491083881354
63.91851082251796,158.22698604420137
180.528229765534,53.96458982854641
18.74879588784226,130.1755031302383
105.51534584437387,133.06977699540465
102.8606243354482,181.10288841674205
38.87314730487703,150.4232698101886
10.880031171741335,172.65178750397794
170.8016947832369,77.17545999608939
16.36687796776343,37.86537230801522
82.78945872235879,23.16899125511682
165.65189194971333,84.08903072853603
93.49080245692763,116.75342399269579
69.99505814275547,161.04565476564645
82.65668773386558,149.2526354602346
121.64090508301264,65.487800669213
104.79916871252466,141.13298358415943
166.32100831644698,85.51620528779779
161.8042755468495,130.22031290878283
84.42967087625865,145.1542522925854
185.5490167053211,141.22814765619546
100.5145279884213,116.47933677497676
96.73590676320079,101.0595251216624
83.34296894643784,151.51854329228138
177.22858965781595,166.83808112747573
32.0598413288344,17.09601217446861
108.12395318322697,93.5368149749618
8.511980137223876,47.03715388153674
103.91911722921228,193.45654834448032
98.89989608507923,172.55600112313414
28.227896639090524,139.65642862394247
81.82823061282338,190.8982448911812
13.47756469540841,58.579187570500416
99.6451921870542,148.86413333864732
19.48949607705156,187.610172138224
195.16865144370308,49.36232180184226
8.581826485490353,78.21245755643903
14.36123475471846,31.65470440011997
26.667731784195727,7.719360575197255
180.92275253470842,5.275344511602011
192.30485179834898,68.49871989137819
181.85566891521427,134.6209029045288
191.90139303270314,68.17981995357539
29.084233759546446,70.24250375915616
164.44688387640738,193.0388143467291
169.70457057250402,87.86355018519286
113.57014260034289,154.81007312035223
184.4890889338295,17.68510608892368
33.34412677128184,18.44406491246244
167.88156633589074,115.56287349376359
109.60485840850696,180.7405390444094
81.44077014681696,184.8427765769778
190.61266317249547,182.69472658744974
101.39968506547568,91.06487477863925
162.02580960073675,16.60176823788747
176.8392850341616,44.65169043576341
196.00221919975579,192.52106717718112
22.784510225199462,178.54253305780279
175.26465279482204,8.145175037593477
114.21640533692444,75.84036383979824
77.90623009999145,162.13221220997204
12.804138340406949,50.723831821009504
177.16197984957415,186.77799973897234
94.6425413814868,100.07030024350804
11.85394878668453,12.755417771629329
179.3116640026998,172.41153830207332
102.80055468875712,6.119877457731869
164.06554103906515,168.9371864972236
168.72814387217988,145.35099635385558
85.90186984285347,194.73687771778447
10.774214255338338,155.11977742361722
194.7511530794497,161.88829562320404
181.07064058806,172.91572534928764
17.120361129289588,8.807863185473416
13.997197720941157,152.04208419283447
170.09423797388752,79.90090430695734
7.800614896119828,97.59329434261267
181.00499415308002,128.16052667352827
186.7715679022957,138.85841837934828
117.41010449072526,71.80583458553284
97.0538775261011,45.91826906149795
97.448541805236,172.50042683826533
164.7164357795349,118.40807044100505
102.60300548968928,181.93635808739438
165.586338799614,63.38929749669528
30.933764606043756,66.75788770718296
119.86159466983544,175.20136053702615
175.3480010969832,37.34108075998741
177.62329247905961,184.20109132524965
196.85728729627854,196.97802341967994
36.4351169802658,6.092571231032591
34.23797523929297,165.10003912492886
28.49225258000146,6.079303696382401
95.88113795387841,48.61337973750551
81.70479832605774,82.18148616792483
171.107764835503,81.45795023614382
196.68121769488502,11.360357917357918
116.92176484059726,183.89453742445903
183.20392823775356,10.256652946085989
187.40172809524427,49.23074716364355
184.34820815505893,73.7090944103939
21.186365751404423,10.267598268145182
112.57610212176611,191.47572204739112
96.0312106207416,169.61433002413048
17.645360414056835,34.98843609513762
41.23032365508838,169.15481965071433
180.33292776868097,48.949301628529085
161.7703193172771,125.01477894882396
9.287366940906299,150.46270584743087
179.77572776687987,18.228771519189507
92.52732027017016,138.96094065450606
126.6066711653959,59.31920082921886
106.50873837258823,170.1907748523907
161.42834498656552,110.79656108511789
181.70210738930035,13.39295873715033
35.19274490831907,128.71402217750023
185.58072312390297,170.4859740759594
182.1950122450354,163.5484353408518
92.2945651263332,130.1349333426906
143.64787747444237,63.81238235168288
5.3878092867582215,58.00605166497748
112.35711152878864,177.6359124578183
38.11143708594933,178.79055543841235
178.33648235710376,143.20247827781088
34.23412994742852,123.55366258157508
27.334047387016305,56.211585424449154
13.913493964812606,155.00422093375073
104.5819425635266,119.7150810638931
34.916231259582524,60.420038222936306
6.732749263219379,39.28374828594681
103.18141338217981,177.1093693467005
40.08818139471931,134.61701034514334
86.41291399590159,96.56178199888548
106.94649579855994,188.82888131812493
162.51594081403312,173.76819777891856
33.53969163874695,24.267661326203218
170.16375423390025,142.9380523086634
168.36556595298927,17.83284164838801
33.21670156810927,193.76529334997707
155.89627053406014,64.67204506593738
16.560166154673844,129.87567923114037
24.442481428829197,151.5882545874476
195.90066580733514,34.460835460333456
183.44914652356613,44.03767973210982
162.20595280743387,137.4875572392058
116.74776814635847,42.043952577909444
191.81074534696134,64.58709571993866
166.464636736622,26.044394968141432
22.31415650382967,155.6595467071226
85.00273638788265,15.832818302395193
114.56054433320448,186.9773691555604
13.688196759389916,160.2001222109299
30.89000383103696,188.85835871382884
26.405156627206498,136.72137007071308
21.65446654982227,140.00162429070178
196.67744587940996,133.95617937217327
104.10642438771849,7.6882367860035155
177.4485841551804,196.74232079685126
22.279697324466675,19.782909446074836
100.8442287756993,110.38035813516595
12.909897171166948,152.34443719056208
98.99354591652535,183.94933391441506
196.37581299816404,60.686561946563295
41.22405602602037,162.45095824282572
178.7038851928526,52.35559752410198
9.68318601858918,178.58975437127287
97.71472523936198,187.0970905475091
12.6267180254257,124.33388311562916
186.28833453491512,13.874528083519227
106.05293013649766,45.967896726571986
89.31521379110498,166.84027287587153
180.25586080065395,138.52570770296856
19.652348652202402,170.6740040849016
37.290923229686854,50.648578211238764
102.11827522351707,94.59837861932964
9.932009023604289,22.648640088469822
196.9871347677351,166.60699335458415
172.55363689901407,21.024369831673006
7.074412050457331,114.50685581454144
101.49340760939143,143.11343863880916
89.0132869522927,193.9583053275118
191.28503083173803,13.476639883935377
13.606446793944448,46.52338286075483
96.38813477210365,189.4479454343947
35.91516093388907,40.34849749311108
82.5164773126752,165.27172164828286
164.8426528495776,29.798404059494327
186.9613634202605,151.32469861193044
185.50777350400645,9.929292053233063
18.282914428255953,54.79068466096622
168.7214657949594,102.01550114541868
162.54379308019998,141.71192551268584
7.1721366106958175,76.72195538663816
24.446636449289308,164.26589808506404
103.20301544853086,176.52039574349158
172.142598340052,48.37561248379738
120.8577109741941,196.9059729103109
92.19737171475576,112.46500950816328
87.71866959747555,121.53289356954302
164.843002060477,69.38270637194256
35.81267172322585,188.93580972338557
163.67970453314766,148.59862022504345
179.1228247462342,150.16222167656068
181.47184364826367,164.79761264988176
24.744369382569573,144.08334219527794
196.4844611676436,131.58079090550868
36.20508926663582,33.72818413449566
196.93762618851966,140.2823126607078
30.969652470361737,48.00018369060977
191.06534730020465,49.02629847902908
39.93401721890864,50.23541202734797
100.5804187699611,97.26467896133865
170.6391469075231,157.1170940559402
89.8916946250467,195.5985836336088
12.207995748420604,183.6783676718972
184.14564456684005,140.4312279488265
183.15240109329307,80.00723402345578
114.31754239948177,93.54464674950415
190.72442213257295,58.909238902060544
82.97866520593888,191.31285198244785
81.37271630162606,173.51318894175338
120.92377419490671,144.33808739397233
30.722061404222607,39.58280475630596
112.78760604418606,64.67632215765383
111.91499947076375,91.1819210291316
88.54470657338052,157.47334013881334
25.48486373937226,157.98794440664557
15.763494973165464,176.9799467334524
178.64505649516303,192.35785136632614
38.54252994235681,55.70832044726708
188.90685061371244,163.8868814180455
171.22615040895977,179.7425084045661
177.68304949600767,176.3223287632266
191.6418833468788,65.48550840446954
172.48599042362943,170.1262187842093
103.12409081769003,139.85247263349427
24.66636391982171,151.52108466259355
29.85406257715668,134.3134945900101
16.46570305886437,105.30214487969099
187.00843596018993,69.83482295857662
188.94754320501733,61.18668604088703
37.882870118104385,57.47300380714933
83.15633261044843,110.91924693077306
186.2756340444384,14.07251491535617
118.88338159824255,46.95583039378825
103.96226965737556,140.03534915284786
15.597912840742536,64.27670939763227
193.86346327995395,5.12737562600058
167.1268074961718,94.02996031108407
33.20503599562036,41.79184035941807
10.33440203634757,56.32920494896746
192.96331393629822,74.7645971473296
178.6600080573259,160.95195217066984
187.31256955086639,41.99090677139867
8.542065397230918,97.47019165953733
190.17992169858732,61.712416867692944
15.901812039356765,111.19939952690349
38.76855123637906,180.69958289823649
120.9261178697634,193.85516185236457
161.89636925451975,132.6758880405095
176.28183500312005,76.84399512823481
173.47973800974273,72.68230360636558
21.1464723808162,127.3675922529606
180.51134424219387,138.76751677363276
90.42386190845193,140.74104426339846
83.83587055592088,106.3241103289813
34.91717601723426,8.726852494670938
30.825551681737995,5.518721373819993
166.71096885806057,137.72529560613089
181.06666757243718,122.3248578439946
193.15034988687734,183.94925482456517
78.52190236601028,156.5722533934925
82.18589537983787,131.8048156311768
167.87323364585873,137.02876183521485
91.84334289472413,112.18918883205812
103.13877219067575,98.10233040013833
24.663791039945934,48.029028184204236
12.074234953769759,30.75001772025403
103.23747557742948,166.06673751519102
104.3267062917353,58.40967567345636
179.65149178346638,37.86649419442619
169.71454821714656,9.748660528045649
36.63863203269854,7.417662217215697
163.3294384589101,176.53528844965084
110.96053728932809,110.01554443711585
100.29911262621788,5.6675056339134215
187.8334411260647,131.33685484191093
6.762245948838514,191.71364581674027
92.56985713910207,138.3942404694187
173.0345144989563,43.465242292730565
195.96266930191993,152.20708267948862
39.15512455577868,60.68001536617434
38.61050357134221,64.74781330797964
84.58406673330741,22.022857803389115
91.57784982215429,161.1924168873631
26.334430488790215,180.78977424308462
106.95017916261676,161.35310779559842
84.17221938820478,196.24282768621336
183.24484713303207,192.4242780348618
172.8772371229872,194.10633701734713
194.16695137782114,152.67883836767066
119.78369960962833,154.27618097121612
12.934093521734782,169.1535398938709
191.77026925332154,136.87389194477845
85.39217999768829,117.8069447981549
81.36189454664526,193.72023701361883
101.35282597725816,107.15018263868923
85.50936434447097,143.86288087780488
103.00458208505711,148.32080599033668
5.106064662499025,175.8944100053802
142.26429229146603,60.44292330871884
11.597391654609986,52.22668995673667
19.28541653657582,177.81794081484685
81.61723243506681,168.96271852060562
195.66635429234185,54.934189423661905
178.62641903741527,130.3680160006627
118.8165178005346,160.0841127681918
65.37561031092429,163.89838465148952
169.84241697281448,185.84381829699856
166.88948992798777,51.312599845129505
43.9340713273054,162.2992898200078
162.4755158141537,39.36185269717958
15.840920585199193,142.11597689963727
111.9157019744059,143.84383426877548
20.9314961480859,189.09164007812743
10.777943022664443,51.94264728367611
171.03069215322708,51.3628319734869
86.36117759144234,127.58343124257958
23.079857774169632,53.47715635577248
87.39776528624618,121.14509840695811
170.83651359916806,64.05227295998739
81.8742153703162,118.4551152582441
87.57016190856686,175.2136423221383
7.218872514149625,154.9704324993834
163.0568199428798,188.74839237789703
14.144990223088765,179.26934066011654
84.99701609548217,182.08838674124678
184.88730492445225,139.34150922960168
116.47691793244078,74.0298163214395
171.72275245061084,148.48540334230637
104.77656712102278,57.457368198968936
194.5452265946752,41.718720402027444
168.0269089528642,194.0950905560251
179.78650254283613,178.50815875675937
119.18693298617735,171.63136261262684
175.5887095872994,190.46275026390143
190.37487003149494,151.658637066899
118.11243888029574,28.092527587239207
104.99165826399683,177.7532094368505
190.0549679718269,24.894915788600684
107.038688009235,94.46326711287122
171.42911161486808,188.4695776429999
81.68655017714165,112.17796403599762
175.15882754278786,150.89733006711896
113.0160309977546,171.7755819808898
6.244276167050703,56.354864187388124
182.93881179613567,6.753184546192077
150.32084639950517,62.221955689419985
178.32111107612698,132.95226573207873
161.6193223368785,112.93039499310062
95.98106370939604,100.2538617408449
195.7787799371697,180.30888204921075
181.54606636059893,125.44662370633117
5.062937010885756,108.23855385639963
99.5626682083467,117.15700425586617
117.35991614879183,15.81192551091738
182.47808881947284,40.810160008443994
37.83642743850744,72.9840591502758
36.999415163578796,137.49493289828936
164.79729789322997,39.83365932132586
83.4710006206917,159.8285457655652
27.814397239473717,150.2476915910711
168.29345425726905,139.54812220802867
168.74338558558864,183.1661327675937
191.6987401545493,168.80101022867586
54.460264481048455,161.8601987734901
173.30078496692263,129.57954837956586
101.4205193792522,195.3661104234123
32.981289428227996,49.76506611948941
19.032918858358034,143.14864341389784
178.2611430247887,124.39435595447198
23.416545352017106,49.85071217813639
93.54579335947378,150.84449403590247
195.02242212159433,65.69181055605326
36.06564567365135,159.1071582348788
92.39676704641116,146.7173829859812
166.01093176317508,144.43491001359519
107.67114739684038,46.223636507047885
42.868290638341215,160.03005201005925
185.60862911473745,144.6465215299078
32.51942294667576,187.5588313913078
177.03544029875906,61.60686451273343
28.21724919208633,42.14482344210313
161.48960078850834,6.342058694840759
22.313426816705785,173.72430687799155
8.976345435029565,56.698558241506085
11.048184250296515,18.67137777351217
102.43586090083167,115.58890993285198
27.238547495118404,39.699148100359295
26.25911191673047,178.38228848555062
121.53692382527323,61.6603467445504
19.77178715467491,10.102172195899655
86.20341236731504,8.74556551411511
22.909887936047944,164.14263557029133
107.37076827520072,190.68742232964408
97.4356052220827,114.06557420646385
166.80400595922023,149.29088973741483
36.83038026873981,26.359167159983176
29.99640608085603,145.12061608302525
137.19607626358945,57.41677632639546
16.573252446596072,57.685207555371235
168.68690385762216,122.28912655257713
87.91603423193555,195.90556128062929
187.63892228695292,20.566888850538803
37.85228616542606,69.47121871087488
28.575282595022415,155.12745195818462
170.19315663449095,70.82356493802887
111.56678194607605,190.5427031755544
15.892425308347836,121.41552574037112
8.53590450876597,122.03463556350806
132.75558139869597,58.579026801053246
10.58282028019966,143.84640353406672
188.30308029891196,194.85984780551703
156.1826879210145,63.25676454804056
24.8598237435298,184.1780328691086
30.725575545256863,167.43148052046465
169.53368897311356,169.10255621691445
106.43419362640037,175.27361271194172
27.52495926641057,20.63723462469939
33.577431862370005,130.57348514565604
175.4418682299119,182.37957251916256
195.49143056465147,129.8450202722858
103.5490505487336,189.85134423005886
17.441717966663045,168.8187434518518
169.28494856134907,47.60867893227885
114.51112503773443,11.21346596220691
119.16355026620236,144.09419668696822
86.84033351374754,99.67315321547947
5.816948456608429,99.74533605042983
92.59699392038262,107.86215915111684
27.580020451690146,59.90464429961921
11.680424249744174,17.34443438347688
93.0868739163398,146.68689363114743
189.9434065744273,132.87453424864512
102.59557016205615,49.24673774690508
96.56547208616661,178.59045544882892
170.5659541009256,121.6573250819454
58.104678539628964,156.00177036921698
24.748021660161434,40.99907093062723
39.304696896215276,51.569976670635924
20.462504558563626,61.680969676799535
92.13465039313473,116.52140335656284
161.89596720657119,196.67071761313218
190.28001120426237,6.8989925166715205
119.08315626592612,191.1365003557369
167.8043562225069,60.05639332727899
6.052772149001292,76.74814499535898
125.00915025965483,56.80831267380581
113.60086303195942,158.84249651404457
113.07382408833831,196.6237422577992
82.20467120004365,124.3815693666451
189.82577504171707,80.72869905947081
12.284386257028151,144.7641020651046
80.25969247820927,158.50733465634212
98.82200259125723,137.125467081986
15.768680728142236,20.16415159366918
25.397441749174853,193.56488121111224
119.10539478487058,186.99894006409238
184.38235186920434,11.919409885489067
164.2505820126601,163.60093245713767
5.48789344568031,20.19319234188908
13.722938371524972,146.17398151430265
38.54483326855797,132.73709282143267
189.33056533469485,135.45830784959992
35.84729755686698,192.6079287658141
174.09872155096872,131.1187177082455
11.500047487285041,192.52329360285867
186.5481068635842,118.20390079837252
192.52450469430653,141.5909143416191
111.68123390263901,96.84903965720746
16.79623215198044,27.185547347394643
25.361720870594453,68.95434445946823
172.99095480978724,79.85671741209856
181.80131549934399,18.95558696408586
95.08825645711687,167.4777598956409
14.172803838969012,28.50451850712065
173.45564392449032,56.30073658605237
171.27426701481113,22.360819767823237
118.2838170699497,14.496012234624587
108.33860205887692,49.45471531188358
111.98610572218176,40.08462260097434
169.18270894234487,195.0262589517784
164.8497905987771,173.0041166664273
39.23374840336589,36.479851736451764
92.79526901417671,127.86575283247367
103.9370094171718,46.17441556283878
111.88537768009328,52.37676778167759
171.86006363399693,176.66749089942846
181.73347187406466,187.28276099886898
12.03975167695568,32.355907239403884
63.06555905755035,160.71394625748135
100.32850531290859,129.78781401589686
65.9877180905937,165.93885657178285
84.98631744625085,13.189973235633543
147.5106926862251,56.01456307314353
100.25740014369745,103.77888735456183
173.88104690136007,144.77949456730406
94.95505708688006,92.9966716981979
176.73194241015273,119.86193467512501
164.70524203437515,46.314406117668995
73.69415518275723,163.50576848311144
120.80209340901483,80.00125166205484
171.65439888890384,165.0956512857443
163.8795599324002,148.29563481776543
8.05536972283491,128.60235617659822
172.09856614378987,31.23662783361619
18.723789352667072,163.22305747332413
178.0436959431335,133.10657386027202
195.10682276128625,49.19518300119988
176.91427488308105,62.73086952099034
88.56892629625965,179.3471724283529
187.89313516357345,171.99501766317454
165.26034026266376,45.514250774344625
169.76055846190397,87.32717631437451
82.55824501668037,149.48896493903516
176.42092479644458,175.60181806256767
21.214763597914047,66.38214913384189
161.57063767312997,106.83392452304909
118.27814143401815,193.50103071736788
38.23594061694041,138.90069383974924
32.55714401085718,61.69642308175091
104.45690896138692,120.66864648686827
37.35913491246385,135.51205077980248
169.02811466695144,152.89990904190827
36.27357896103642,117.75593223695174
92.541081790179,178.9483689790426
113.20880790575063,73.24505052654183
164.88775677147277,73.82717917988984
96.55638607100997,103.70067203652275
191.76660935410382,127.5023204896993
99.75698377332527,134.132839604612
118.47451994839167,169.46583179062492
36.46820709450828,143.0394586557376
27.39911942656205,7.361090588086272
10.962612460782067,71.80554992989278
175.3130864479463,120.26656855246816
113.95613662418901,101.33132431607409
106.90644141676695,174.05621627337703
182.02518488818487,162.50797134018865
39.381477698264916,71.01105509743743
196.2538302431478,183.14077488801365
106.57365896252321,47.15082525044989
20.82377599318666,152.04817986876253
81.24037850393097,189.84346093996595
166.21536484917655,96.16039976922991
186.72584923593777,18.39705531979545
115.75889070340763,71.3242361999436
116.24870521791485,57.73640852849823
40.915604236383025,134.66232242431371
161.02221675891766,82.33809470658768
88.2617821411612,126.5473404610938
189.1764175882081,61.30454128886617
35.29814967744212,138.95328317271648
167.16651655384413,107.32631326773172
47.013754661384205,164.70915075842234
162.33399562209382,91.3508350741921
163.3381881710086,71.00727196549566
91.01867867561761,193.61062665229008
174.21426047087823,148.52254105260633
94.15855480664676,91.57181897123192
145.84967046760434,63.815177761276914
23.410254374271897,131.47385507710263
196.5969229164928,11.329753410039325
191.49737480549084,133.58202354147204
17.149747870638972,56.17204871840178
25.653783918186793,65.15678802461892
189.9248094745135,28.14925855874738
100.5156217527028,194.25346864955446
31.076499595746007,127.31784675248346
16.82942131479507,24.966712310818618
29.35093575204377,20.954492693589774
35.531276399344165,120.97425534220586
82.30187201148098,98.21623032816319
86.99903407645563,152.04630974580178
171.28530663917138,117.08544033951416
12.720167946007127,40.93873766697793
7.862354577540094,10.162324002118712
18.223112455607442,114.28479402759736
90.43866209671965,9.373875021149303
108.57323715088756,53.7322422600664
31.894226021867297,187.69517927748714
108.7941265737917,170.715301505031
18.585900264636994,54.97283236365221
38.592962122137266,172.84768868921506
35.833843658252526,30.47498958735596
27.981722893757077,150.66710915636654
193.6989597787394,185.2697599511336
18.79160500145468,35.17666998997299
177.94397496682848,186.56984578453384
8.15840751855648,115.07839436720674
30.788809208444363,31.515319659655948
39.3084230578764,153.5511241446137
177.7786986430997,118.2699061873581
166.61020044605036,188.51136980344882
21.03393020482285,26.111493360635347
112.54253442465314,143.95132592026246
162.59587675248648,99.44718552620225
120.73098468841258,170.04534580347314
40.33940288594664,184.7956437056328
6.549924231960652,111.53818185590013
11.648763682671111,63.04909965867805
107.89520208798673,187.27480520078817
169.7966712007898,67.05512520737526
113.30749712022252,91.73624975666756
100.21936069675897,183.4499947991593
192.6331028736451,159.05665110269382
174.67794149430512,25.817736718496032
5.726314165549985,110.4052633153302
92.80695837207904,97.4888013103951
17.4523113714988,137.1293440064471
81.56437670008334,12.40024328297595
162.81746450487194,118.13300215770414
118.32942891341034,104.15982813756547
21.41027401879294,22.19783879534335
108.01902032639144,152.77593755629223
31.628233888017625,121.41532679840654
113.13294511351245,92.1069147766216
21.512828278161784,21.46054295344055
28.66843054025254,15.675960658758884
46.400214227362426,156.8175205811717
163.13930671751604,123.29551843570782
194.0992998589184,147.6726207009164
116.18183573307205,63.93954334757188
164.83648002247529,103.25287498103145
6.073248149625073,98.010501308099
20.539315587901307,17.08370358483304
161.83511727030785,123.26797130359705
173.22178758374898,131.80709039397433
179.74253621527916,150.69330010899017
73.21719910714036,156.5490089326514
37.56737133173928,12.073668718296803
32.197428357900215,127.15698064621115
191.462159116382,136.4565260715703
23.277420740909893,69.54595797899424
97.71260778766174,59.617890881680616
12.796707404960515,137.97738126667224
7.915469130738148,126.99621374185423
14.637518476124168,21.741592897507516
84.45250041353697,168.49590986409603
33.95910240282933,127.4558863736473
24.483138770890484,67.63573579130075
162.2293355601136,145.7276473438664
92.68113261798143,110.29936806411608
184.67970343085625,67.96847099514368
100.54865266122827,196.1733041872113
92.62500642784056,166.53476577825384
194.60462629770177,6.550033084200396
98.85014703790807,181.2552273061815
85.8236429053217,120.7271909588337
97.38211608780286,185.1526604915084
114.44225125330213,76.01502295380084
194.14968005135293,175.9112362170762
190.44740730033382,36.84704519462205
186.23770571484224,132.5543496959657
191.7073304197717,153.3632702800063
103.10506683193535,50.26775061872472
172.72744578104962,163.4834684526776
115.3571386571572,169.62391216187635
185.39785056456088,24.91962329476806
12.847158386835199,121.37475872626712
176.97177314227173,82.20311229694053
187.56111943704337,18.611045720708997
18.399988507830685,182.14936523701417
9.688150985777872,52.51513356319742
101.14452470722958,194.24699128102588
105.998532283547,55.6813244471408
94.47902908264982,115.40347397625978
6.472019818781501,93.26067153937278
196.36871983635348,49.00718186012172
172.16796077648306,6.8431095864915665
11.689180810415543,65.61963637341668
69.96881954415716,163.24234512609928
22.155451197117,173.42093883009167
139.7015529677169,57.494430831178946
8.237916489396515,65.4601268166859
23.34513437665027,147.48494093013426
164.126486601027,48.16373698918716
181.65684360458567,181.95558346220457
10.978115948098054,155.4939177574174
187.73346618401385,6.011525560110766
52.483076481289245,157.11837225456705
108.87855580572385,190.95845680649734
100.0198703262554,108.11148827195545
185.1527479611074,12.898734072534456
17.51295497662933,21.9374368092441
118.19722171264245,165.21346905231974
105.28963030142913,146.69880425217505
102.54606741072836,179.35940950658838
93.55872902855005,195.43324750429719
173.16905555647512,14.119199037445474
104.25880817346038,100.93257969979966
195.71884606004403,40.48117199574202
32.89448292268327,61.08732391861612
120.30042832798532,13.611450175988585
90.15627584323828,108.18436540776666
82.41421909138498,109.79716139692208
102.45523703668087,128.4794119851287
168.87297539567024,41.664692322692666
109.99195349496644,52.32063491602123
120.86437047523364,165.3775347638711
88.81420937757373,172.44492210229646
185.22095713136733,190.07864723103032
167.876333359313,108.24871439744709
31.359810181611007,187.06956495881587
176.68090851933772,31.3710479565524
120.8251578646871,99.83646394553473
114.86152271448194,51.15699829803139
24.068873696215448,25.259851586398494
86.44757711131444,125.58200814095638
188.9588198644417,77.30339966619823
111.21671689500731,174.194201060004
192.79891109250752,45.893158359228046
111.9652192164874,195.91789664196503
15.147076732571225,111.76042929227094
9.592689573385465,194.42809411887416
118.94747755266039,53.976289715201574
117.00897769116744,15.274408705894002
5.813283163949482,89.58267917535818
142.8272844944762,58.506302168357784
168.81236930857992,68.53301499863795
13.994465562023233,171.27226446020333
117.20733122012342,151.7114744886927
10.763583392348412,5.769344677042766
33.79912856624723,196.55269250258345
106.6177156064571,191.6265338187255
21.33094921885012,172.2567829526636
22.079959362165877,46.3107517705452
25.273536582356723,38.53152892243617
173.40388404867105,81.98249730224065
191.96232278907945,36.069389052458675
189.9313671913168,43.7121365892233
23.38784937401033,178.792782232341
12.737581709961653,117.2206785970887
88.17816287639967,98.01707549083594
92.07261181000095,186.2105238185338
131.4586867609993,63.55156728290618
183.7852582931463,66.29953585008086
169.82635598832886,59.422781754874684
188.77268882502835,166.6058898219634
24.492352585683008,146.22781040677745
114.85666487969105,184.81361572475092
176.37186432524553,129.46999339360164
190.38354913970835,37.888615583486676
26.331882772389218,44.58789363178499
100.81994111105105,6.101629997598723
83.17742214641981,182.98593701928547
8.256876417398605,61.44256075990988
125.23155479096742,62.80551304809338
178.29993039151012,85.97177052724953
11.1577894250999,162.7528615998423
150.2883668222874,56.84013986164554
186.88101745572044,160.65862126764213
11.812265741102845,117.52915492272604
96.3850684663708,139.89095490439442
181.8514379318112,25.49399740350833
29.072284013703943,191.60285722018975
88.94314434492566,125.74971645590317
190.5010694835414,79.23866571366351
18.288001122697615,119.06114480560247
8.648984130911897,31.54392188817109
75.77062910006043,160.50385497164157
9.827563372629422,64.6484278698689
20.291461717427566,182.83303875889726
29.4601417896117,47.33939453798558
22.604683085103943,28.52949339963392
174.53732194866907,188.45421590247207
196.91055271668262,47.267589409797566
90.40354574388127,113.4423275577463
31.2419717372944,14.757959748871055
23.286163815721327,120.75867062475872
17.738037806394775,52.65811842593007
83.98363783093184,136.3697632176909
169.13265996889828,184.52826839068868
170.4755752479759,55.7025185150327
95.8001584120675,8.604401940227904
75.61688169721515,158.09982437688734
109.83170163344761,99.51805280581641
170.6267386527829,164.3501993209308
175.33523105984247,182.24754880270356
24.38164672865526,8.933007032525085
98.6372567129593,175.09887680226058
8.593678647413272,97.07816933567261
167.8259344834302,185.67876817301288
5.097314668001646,104.26838745858532
170.58802266551393,34.2660165350079
96.08481031743871,151.27549129681
18.252809032003036,177.91272398316084
188.19226762280738,23.552058265896548
102.47328421395372,143.7076072496775
94.48499209278475,122.28806513488497
196.50356956435357,182.0832003957006
27.810027873698388,154.66881090757005
182.89638895675202,21.438987381988746
39.14061122255159,30.834123413014677
170.6461941604172,173.94941065802303
167.35154093081317,166.57471815406325
178.4863847050709,163.4888622610634
14.488512724887897,43.59622434095388
27.639074703065347,43.542339854645405
182.61538851117993,54.37374915417948
117.2059217966531,16.778951983286728
195.96304864146083,170.3488844015569
194.55007104229333,184.10317604057977
7.982786014756268,46.92575967567169
32.041900507694905,130.8627164094609
111.82000571182185,153.5063482926097
184.17412660203615,177.9623401759515
89.39923587374183,92.2293930006652
8.450430321916189,58.62930203320161
37.685902793713595,45.67389195705619
88.08711867537818,126.77585371676777
20.869333723149712,191.0947382581174
116.74917865868518,10.125751605059286
24.71689440559921,159.09415293247204
27.973234261805644,149.20407783554927
189.32395933335417,141.70399612703477
173.95658468882704,87.27869424412899
95.03153735056999,46.718134245146814
12.096171796638748,196.81048251570073
96.33775186154982,150.91340538784124
9.46848207348385,113.25804051258271
193.24492066772044,71.73243106234236
99.59880166706216,130.5413663581459
188.81668082737107,185.90490542257913
90.50669559894386,120.97755838627528
15.324806015981292,149.036191955277
161.28186368476005,170.23909343366714
22.443561312979945,26.007189237048
181.577920628564,192.320031045997
90.18643643329703,5.692369794095095
152.66245776230969,57.60060463546746
48.18949009571835,165.09440922331896
115.29176717110239,150.7410240165696
114.47586542659528,47.61035962184058
114.01355998099709,176.38888345975803
189.30137526139384,170.26322809044223
36.783939432846914,5.850843026455293
5.465958627796116,117.79384146427539
172.67286260148546,126.03135511080156
178.58036784927526,187.77708936060634
84.91519843901459,130.95779215148775
9.148084809652461,154.2170404015183
24.947168873682514,73.64388668818302
93.49225282602828,134.71752761276167
17.39500650973038,71.87767736632875
182.23085725182077,186.75134577985108
175.6203375615901,124.36581075847174
6.214464302361599,83.93668408909481
98.21436316602727,55.83892122114705
22.79221081867586,140.36479303275485
89.13957657424658,189.21703220162246
193.52161360832054,181.83530034872896
83.32520639069529,154.39757457501833
96.2280577790766,165.7207668221931
186.162672179696,73.4717148394857
13.054901181346029,56.8148153762181
100.14780103135702,50.40568248031839
17.55547455410591,167.40812305546316
99.36183736025913,149.93336316807986
175.00165200452815,69.76231387029465
99.87529746623692,188.7781315036482
5.076373591544298,191.02950171227056
8.628698896040731,17.719509847892628
14.943732454532523,68.69923540832528
38.85954618917062,131.60104676091066
23.440781909115497,58.17338688048731
192.0001260217998,30.991691234095423
109.92430011760298,156.39820160126357
12.913492674474883,106.77353330460662
28.420151102261315,191.95473394169463
101.59609525235554,137.40344690695116
105.8990613925736,125.44936796052325
83.1454251154729,99.93494820574614
38.972329955683875,36.13435637338454
178.911496799197,140.02083308872224
192.43856447210675,149.8968022381438
153.76280772737707,61.22845866776995
114.06322500974258,7.286494499564955
105.0725447623302,133.16571992542254
5.501784317104019,18.26099185712634
165.53784391871014,49.08978183291757
78.41691636506206,165.3658472037406
112.73334662763924,178.72761625445133
39.69832971111351,142.75606448007835
38.35285496698857,49.02880572143028
100.3857149094589,110.11205913015688
34.29697723829021,44.31750232853194
115.6752807773548,47.02308479659508
196.19036691504354,191.83704703380485
29.90956442798433,73.04780447221898
20.27069905595186,153.6769585084365
23.725884806578566,173.52504357491063
165.16354550091023,117.97250952425047
6.425985012289726,39.679783941727344
38.980389039472755,61.68945856282865
19.228696096161933,120.80197628436095
193.86678244533653,144.33717216759618
164.2104748226966,36.23208980662366
33.33258682212967,71.03559390690572
39.53446921954065,45.48597530303328
183.11273681391046,183.71962953348884
20.038592077549534,151.03748046415666
105.58827089059331,97.54648619087459
191.9581905878835,37.977638536827186
7.784527283841317,6.874646448495637
174.52768652254076,151.35474022868075
105.3391989419699,119.07348860670011
117.40022154442168,168.30901220521133
118.16412517049638,43.06484842623066
167.02059031197194,142.01619593416615
92.6425155502915,121.40176488936231
165.30147589554767,184.2860566762373
169.50761873284432,138.97394609128904
84.28210094205937,168.25986918212521
92.96108994222885,93.39356839872718
34.10129761387964,134.5509855525724
12.446072212161992,144.04104862843292
117.05577118340602,155.5955409544283
181.12028569280972,16.040487401513058
118.10948205668498,68.35757362429817
100.6285577816917,49.21907910885301
35.69616445875905,156.44160599102858
125.94719137427396,62.21310760551619
161.18618215095952,162.31752878184173
184.39232261128416,39.71820307274771
179.63627655225395,117.7958307972126
166.51540738039543,159.8689009776619
167.7188236887298,29.82041478457732
166.24966262771002,33.00975538698343
186.0659726953665,26.266530061072153
12.861394358158456,193.1988194990362
33.09916637371377,11.303655071230237
114.1681547871957,81.66376940362552
82.39740187644162,141.2495457017072
179.1191579926413,146.78343218008436
193.67133927425294,123.45417108034013
99.93725785098307,8.864784493393655
28.725429557749138,22.7957857531503
165.4587228876844,158.34826221130118
114.94047098026567,173.2669799769223
29.23765151172221,70.84661474124692
118.76518265639471,23.81101613064994
117.4776275075191,159.76790021977192
169.72154755284302,42.00557705353611
98.07986885632596,100.6829650050737
84.0417238023746,12.209260026924044
5.137835899973095,177.70165933304614
29.084633299689543,12.264923733291653
11.817586938816163,51.655553780936444
161.38234187101784,118.67339201806891
163.68715398709065,184.57263135464592
106.91147804161047,191.60351030678623
187.68159467284377,86.83400065122535
168.19641380998215,26.686389179808145
6.326023348580369,118.0631027704449
82.20096971606023,23.439171911570952
120.82246086133176,87.72076330663987
90.39749994015817,112.31482517032875
40.70105213444016,13.534950975090045
17.63018071741284,105.20009013265039
187.22639753516293,160.72815440885785
19.700424209315113,46.576331984771606
38.69473641575266,30.915506416188606
170.01557055033138,173.09004907362802
21.539558294638987,6.9113011288453245
185.33439414146278,161.15512390591095
83.47194288534321,176.15694714044616
117.65172625818784,33.84717316677514
93.8075056080721,40.438179835627125
85.30693255354493,116.77720718534273
117.35773452388277,105.7766140588446
15.124649625991857,175.75212267686553
167.51788303450377,123.31768512961315
36.945866650831206,177.9662944852095
109.92653994253807,151.82357507921168
38.82892618298292,19.733224137601105
123.89853193311009,62.14438055464301
105.09928013177354,143.1371764925196
109.19449263571265,180.35765054532123
82.32076879213302,103.36138089152031
7.028172023071921,159.14930603806795
39.78508810478495,163.46872042424872
168.1018462814283,5.949285756358787
167.3430196745464,127.51146171475828
15.668162842042554,15.51342584759388
172.9572390002871,70.07131217147277
7.428023964973356,41.322837315005344
87.12704406438239,170.03808838724515
119.71321541287676,157.28679599678682
179.07021343059458,20.049210086778466
26.196333457151688,11.9772061081984
11.447843964931257,33.458335602904945
114.18874087618278,149.27675640054846
196.87847576096334,77.67011059972111
185.12195162073587,188.78972673112705
31.018308680744486,27.539415136330625
176.5677506726646,39.38884785053299
103.23383236886164,45.824338474208126
194.4454467997718,67.92819215929467
34.07584747047774,174.22231740467788
187.61280277635893,40.795100288111854
183.8838624391337,82.05767878064304
7.070427158413306,36.1066321950552
91.35491406095815,191.56841215660404
110.54158917780904,46.107832075643024
17.080001694876835,127.95592772685264
102.23636538401475,103.72996874147142
19.58321278312217,69.09052751831749
174.44314617178665,79.79051744017602
105.28869650173371,168.40864620143662
166.55094952517953,165.36012373502535
91.43635582740002,151.31371855923513
87.00791009421648,161.18700946675315
94.9685350309827,110.85543836756227
173.7036431164139,75.14217558441325
182.93142782081182,44.86618501463187
163.77122789215758,58.54788413411271
160.1808442341215,66.99282493038692
82.1865109039953,104.37273094675109
114.23904287673949,103.19242008199261
36.74167788804058,135.6912183247835
103.78837944005043,156.15836564230506
118.37013111697212,16.645381198138466
38.430337452738264,166.50430732806413
185.46421203391267,143.63499653461247
188.56980248841612,125.10301777206912
36.54829654199239,26.757878960340204
34.58670699333307,71.36088574501696
29.026351484292565,131.46740395156016
164.26727254733876,67.08532957946274
187.2088143733322,84.72393694594766
116.58152400635942,157.72942128672184
188.31736183476798,190.70435344863506
21.762863908092122,42.51629703502519
89.38967064606355,101.05273636615303
174.49835463158163,132.56396179623593
79.0880391613678,157.5546022243652
88.49012535999998,120.37709884613572
42.3850615047086,156.05957942095205
34.995339206137444,18.273138819194234
167.30247008086445,10.643510506628957
86.30481921935552,133.64197071402774
115.01480622867678,86.87826782250508
179.24699769201203,39.779784848279206
165.2288557849948,135.5796637679773
89.79039140047952,167.6286891448481
121.48980123217267,58.85304361004337
192.14421471573223,49.58554411911035
175.86266723956638,175.02978132143247
7.97954309803578,40.1565545708529
29.80396587385015,52.45492587663422
23.668488426227245,146.4821310837953
106.84650192720677,47.77189357435336
174.68306778344152,67.02460327879652
159.48177671973494,55.74490305019964
166.48120437474353,171.14452758487784
115.460790830219,58.41805686735792
165.94551251512016,123.5702230684415
192.0289589347182,58.86738340918361
164.20548125599683,135.2512388037333
91.28642447520818,194.37498505826932
102.54145996873828,174.10320575242676
181.90413439874789,178.81439803385342
26.47548958747091,25.77388233038597
182.9897566585483,123.82338096637444
105.37077581829854,126.55573952532573
37.064726805666716,34.131780837040125
21.57077894907524,20.4676071432645
196.91589596258572,126.30946903622193
162.76082927782826,29.15972998337415
9.12923635682889,122.21230912647682
114.37720074266767,194.2055928169735
190.77128396394502,131.68227899288354
109.19691896009927,139.3216935498236
192.77472808426566,129.75869680326306
85.26578424873487,91.8449790296131
174.5203581946561,35.69035988914417
60.11720790932828,163.67993112028083
161.80193714957906,135.49688968882805
90.45986517520612,163.46907984782797
169.61159356618876,67.83713499691223
29.772514368553203,160.87390034502462
165.53384680956776,137.96350258655147
170.20523414980903,151.55802092192323
183.65156743540376,78.72109377804406
167.71337122434193,112.57674950993048
183.40488961139835,162.38610661748723
105.92713177767826,148.0229417587697
5.242989403536999,153.580629583107
38.96614980897777,172.03386414602755
19.68931510541326,18.432237010754513
162.24880924331964,65.73005048119286
83.32609514772194,130.30139091967968
37.80451764877304,195.46423472813854
170.2465812871569,115.16544888368881
95.23474697514563,138.95980047380453
113.65968481023098,193.25510919891994
172.10599666151455,150.62461417757623
21.30563134357406,48.54210451257479
108.74321440917787,161.832921743149
34.71364185941125,156.04083619515387
27.24382606753791,59.24354825876492
166.91810565610854,127.81619049583541
119.53135631979282,36.29129073933379
26.787274645602068,44.274135971280685
85.86744774084733,152.92552916707118
89.26367812220921,7.003020030627146
67.71773909139385,157.5228939734674
95.79405641952032,167.03088485761106
185.60948221564846,34.804159244761586
180.47934840904665,63.23720521377026
169.24455271500187,72.85803947440195
82.0717837680434,22.19414742357323
151.5915362062355,64.83715029278089
109.90714832584598,43.64037716507278
186.89443685585604,13.726775571806316
27.931108308608355,19.616895866921134
84.98528869643015,147.10737635785824
35.62993802380642,38.94465895745767
174.26158913690435,173.73060681427964
159.28430901092182,61.464445657950414
11.567344885392226,34.49437198533381
120.77789625938084,106.99869255603863
36.60420409147119,34.92768172958289
176.8277418890651,27.84223141829801
11.569953610450444,23.96684201134324
20.68662644782654,127.92382201742465
173.98258114332478,52.525345987985084
169.37913895764464,104.79091243228483
189.4502267472323,135.17832820307774
192.45264240222824,78.02208946853523
188.21040400921518,189.40233047954231
79.27466663137484,159.23393266537144
95.73686223260526,170.09875104068615
35.75969307341648,189.8677216185372
28.70624262960064,44.65776664670673
188.4403475284503,123.58121314659641
37.02689365069653,190.4096403330885
165.79842799653306,184.85096255758202
179.8779900038815,23.454228645845195
194.64565584835978,31.332676741097778
189.93307296926716,66.31239670970562
29.524991667079032,42.09418390421363
83.78092151570617,11.819485747913731
26.39353004249221,26.33698160959723
162.09351389660347,188.18162803891025
182.78070953298257,67.83616299457836
28.835613370906074,13.57929282074571
172.56417208579512,166.30548568400036
179.78148602711912,12.866477468125993
8.571188155979204,109.99777578607855
106.23063717349747,58.46440662532201
89.72505981436991,135.0796589497582
32.83749853977358,165.89807157973252
182.66772318647608,68.39432728543872
19.817565234594053,157.10756597827313
165.91999990468085,130.63922948254597
168.39892476694615,164.93683877055327
97.42925645475806,180.33808618185444
65.09993794215788,157.55114243598788
113.73521097930109,70.62574163039885
170.51873782810083,154.30310185556746
97.4498698734316,107.60145894307804
29.13183476707076,30.19989069739762
82.23618972468526,16.565630042457887
29.33641193961112,184.7503998329071
103.22467567723525,7.524937406757193
120.72552728973531,77.00005061475258
104.19603561287303,135.44454236853156
184.35265844321074,82.74912651867244
7.481377395378074,52.39659297988
183.61367639751904,156.97952900944296
120.12058418671447,23.433134583795624
179.43385105476028,157.0240143666948
17.002716008487496,134.052352686004
92.2042732348431,104.73322196691592
118.43214398674236,84.13169701844681
189.8278699824578,85.72802448867331
192.64811829745005,67.79719533889714
12.22301100033439,123.05703200104104
164.80436876719097,131.50904433517252
106.83079861653653,105.47569182706101
28.166160292549584,195.6497661449763
87.31336409050013,179.90550309987947
9.086425488583103,188.98305138835926
108.24387374721448,152.44288557608283
188.93532281351807,145.88926902109608
34.38955288625951,138.55817162869562
33.36607770211062,128.924442495287
180.89820131435502,20.5537776024163
102.0770165855463,181.6252290214585
186.8719669106487,188.85983901367604
31.874593620132835,68.43024769284578
119.09452259786086,38.375847046092936
5.010925841688686,31.815016576025876
102.28678994484812,140.13997779721726
39.22098778691115,74.88560049543925
165.57034682598297,118.47495085938402
164.75142106743502,87.2785853439724
181.36661502854022,54.0276055525166
168.08874130826155,8.860082762138314
184.37294134073358,78.08703010642834
175.71922360346807,180.79463897330783
167.53897853989972,75.6674310943415
81.82865494820456,91.97383033920472
102.87746715867252,103.56359668643515
12.029758144933197,73.67755269544737
193.11209819084365,12.609891242429386
17.97530622261657,128.75457511792655
191.8779500258334,124.97124638762962
14.765905362274983,156.5284906742032
159.33563917157363,60.7058806114914
14.513072089048004,118.78756393100196
85.01322218788154,156.2739943352582
14.893436828851634,126.80613184483886
109.76820243783841,140.75722896433484
100.71705752982717,190.81850001570717
23.83420750505249,157.26681559898395
7.526447146923751,104.86924526125281
83.41753328307935,125.9681858715876
182.63571698517714,163.96384186179978
178.07881207513915,72.27427897165286
17.15500234525857,182.85866993371678
23.230229975637396,29.50271117647312
95.75199165142044,101.14318262347521
97.66408572083908,124.78261938337688
85.65667282861301,110.21579133015378
31.31610237189657,129.22146630705188
33.662998400303685,7.2813320897689575
194.4363649484141,158.53271501298818
173.26126120343926,154.98921273455238
19.88252884294562,138.77241895059876
26.001222444174076,46.84449978083441
120.11541878186448,160.8257970962718
14.632860203481915,16.929343350503135
47.40684637463086,161.50740061455645
188.42695595808948,37.08980985019055
38.86383413923946,171.646903446725
179.21512119388683,128.48077325514885
91.82379277737653,187.90305758661998
27.25270170046182,43.338737061382815
119.68635024462216,150.80569347298194
102.07735779096157,190.35370992550352
195.28698642605866,182.7128158592104
167.08885882592637,157.24672446528186
90.11228396047042,136.64420296860513
7.126317565635249,185.27409286486784
13.219497804128103,190.66138328399003
112.5044069610049,83.3552505405368
5.918361645719914,158.21090638127
183.59118350407303,50.650175021259386
191.34180968774103,133.16682732784307
5.268440883895244,188.0483186627071
190.27505762623178,81.86644655463176
92.60931124847353,141.27206735485564
173.14128892243593,7.1136689455643545
7.5474999552891635,68.41214930804965
191.0136212414137,130.8789782911011
31.713800419427457,67.59505229533848
94.56905696366886,98.45141893944897
177.28160857544228,51.62258744331383
44.762694037038884,163.9882453694723
175.96436057037366,21.023055616515496
12.962663143909605,54.49797660491635
162.06087056363606,128.18176429632757
112.2978618321621,52.04113650505494
21.86033852557218,124.49161769011207
13.130287238242069,124.84694713551187
162.05669512119556,163.92164729195434
32.336817709138096,70.4869195153029
176.71478520310768,143.18608196793915
187.61328672975878,40.42491521800495
8.090149149181215,65.24664484276074
90.96950325165929,155.96339876281326
114.82359417227094,55.47321765492877
115.67052974819057,154.41739179461877
179.2808284891959,186.49152340375397
17.054177979681803,50.52713915327372
81.38842218196595,170.42989180295498
113.9668789941672,163.9446257863898
40.85921188594777,132.13815405418796
9.927151210520575,108.44960449663981
93.24457478527042,171.42301108357302
188.93952696287053,13.876896016319014
187.96850555820515,53.70894580416303
16.428409683813822,164.7287459412482
110.43972897347066,186.04776624256564
105.57306055552526,107.11761287623433
25.620358157576256,7.7219778760187525
31.171962158578545,144.3680134313435
191.24097045472973,184.15992503622456
32.937474909836965,188.46635803240827
92.49569836969646,193.2405041949596
108.20290340197597,56.66310521703136
15.83134342222478,123.2804914349451
167.4490369593544,19.60650512674034
186.9670002782632,83.67522821304074
37.687945104446335,117.17123795309193
162.1880449077525,164.06055747966505
177.02766033435938,161.13867240432006
19.74075694437218,157.4512531302873
101.20068595313776,176.85038107765774
187.680990183039,85.16127924696737
15.990451301425125,164.1662920810968
22.704008458902322,160.11603806272763
4.999517663503314,177.14708912709295
111.17464646537006,53.12221378239637
85.66761668067424,96.73144161224823
8.786403690743269,103.1611261203008
8.563425140490137,42.27340842042833
173.57527515602698,14.635471460485675
186.15793078106273,137.52050432734111
180.61796704330752,73.75192561583488
10.0,25.0
180.0,180.0