81.91806127968121,133.85549252979084
183.35589835047472,37.5745224328871
153.30908923863308,104.85043763433421
62.745407648421185,163.08127462665274
178.37848581975499,187.75716242056606
158.59210546912433,181.88966225915797
57.96762066681537,131.27504003933942
82.3460390658206,156.5009330291958
117.25153201150061,48.56353234806115
70.53986033075483,13.982588897187567
108.76359989443208,176.08611739882696
61.226111830191336,176.07285234519452
44.91343744244198,38.383493943033734
89.73068907934221,114.36283324445404
54.70027335795455,52.63757386589743
6.40446327614204,57.12795027279388
175.69708137853812,44.56847364049624
56.85420709752394,49.79067835542128
92.32337664186309,96.75562473968827
58.6544312418656,6.778141920542169
154.15555606928422,108.6454369520883
169.30448135268918,123.77306584110093
22.964047951569995,93.73927871460117
85.7968551348876,146.12415633076833
37.01909491922624,174.2227364093659
194.0512880307158,180.18689162978197
171.7216653153442,86.34617763617872
27.692563146209526,101.57820331811845
106.65572825666588,132.68328170557874
142.31629580232556,39.82955557347124
38.142753983324546,54.12695158030749
33.14628725945859,166.74831244084518
183.80402628166453,95.75950380000653
38.409249650765645,120.44108009071955
157.4849759873083,161.7666732447328
163.72272621239117,99.74108042370183
22.281597728842577,183.63710712916705
31.871020527464747,59.95901751154738
88.14236726374877,45.030968074139146
42.01618945535933,178.49427935507504
12.125446513748464,13.0946944784001
178.5567862095408,159.54992299621088
35.189205849811195,55.76544302592627
191.5752566303332,71.82436744686369
101.57882048109556,64.69773561509659
97.98124983371362,117.30745497127995
190.67164721756095,194.41953450224378
47.89029427341623,77.66498998941238
59.9938962121317,188.06297978207428
20.898948676112884,64.49898671227866
23.264716965879778,117.99751136013295
156.36467543057339,57.67078604386619
192.63896130186941,42.32557625347736
15.637300559559646,55.065930308443555
37.90841633795537,24.785352557210846
80.52407095057265,169.47301597930277
182.21647037217204,142.23547851581444
47.1666277051433,48.59764598952746
64.3910420868408,48.94827357999072
26.034230722918196,107.27006768779063
96.90033978577843,139.90447158435364
149.46121672826627,115.35707638773746
187.6012118927911,20.168489272551987
57.614906424220955,84.72116519434738
177.62743741212304,111.43308041917594
127.87173963902973,15.840654209344114
189.02789455359783,69.86474111734903
163.27318956406015,101.43252840638011
27.661060800801682,74.91718110053279
52.43419257844836,35.968611975586064
172.22297393589793,117.82079235529842
179.54602325907146,184.79584968093243
114.06552428585768,22.9136364820731
129.43655425215053,41.25394752476339
76.66099569302492,173.94718710362125
25.813420474457025,63.93675736532297
29.57035307487755,52.01368750791543
103.9409715395173,147.33200475932085
65.5980411707749,103.01212950612386
148.6421897766704,62.286064144784035
108.63763439927814,58.59314432623834
163.4208728540102,130.6257632183597
139.53526293243456,194.7981304681306
178.24818960340994,147.59588257855583
182.82241850206472,107.86061022308147
41.13355195538267,35.754456568261986
180.1708569444207,75.9804359247823
131.54679874390465,68.47645669247747
120.84229760617636,15.202032755106803
121.77824951962151,46.602338130456246
115.98172089732361,52.108621198803434
167.68592681673795,181.5794233740784
159.79334656213757,183.08813580712905
120.40641577410679,11.911105430428556
176.34583393397904,71.26728969971226
39.013989286902195,87.92978848086216
21.42074030692914,66.50372824850564
183.60545448512593,48.434150835833734
10.251433969925312,17.55340635573488
80.60443215951663,58.334101945830675
122.54919520049519,61.308214290773854
141.38077070706825,18.110885818791477
25.074163375042858,164.2290389372492
161.22020069405943,43.17046071540229
7.026695555451325,9.678022961846349
63.39300482457852,195.57999045524488
137.317993243141,12.906101417017904
136.63197607763755,47.15791583426716
183.74804491081807,94.38904705990241
78.44659024337416,193.29618236826104
54.586941041364,196.55174291593386
186.70790458252503,129.26121656878408
179.63225906570023,118.481788134357
80.99771343561305,126.66645550147034
79.56982499593286,171.81546442006342
47.162881728481004,17.597814730068865
94.64832498750017,96.56444745807477
173.98061283872775,36.908996023332115
106.50641942725461,10.497160840897969
138.82277626947842,64.0928581671618
40.919774572390146,50.74955491637317
138.55792964821867,78.15786038059098
128.20684183582622,44.8852286005987
81.39439139090508,27.00455819067421
54.93289612398567,178.76336002840753
163.50391261571997,79.53363109389326
87.6064419340761,98.00042913556105
116.36977462355162,52.72315863562575
191.40707078048618,85.10614694153722
111.65209343497179,66.95276164764503
137.20457270311033,74.96465534548305
14.708722685667187,183.23898899494432
155.49534845078358,192.28910323400203
53.326936117477885,80.3329193151071
195.6586671366591,12.967659749471729
160.25533607165497,188.38951944516083
153.9518251120262,146.62118779124796
12.779127197444751,161.6630379221283
16.509085009326196,7.057079975004699
76.36662363655007,29.766781616059657
151.6412923894141,129.210387806983
97.81248387273659,5.792642224738799
158.15931619050227,185.911598684451
95.84857467185115,159.9349405028035
133.12192099754378,134.36937932570453
87.31514499425523,111.95717768870789
77.59349583847876,24.074555117467433
94.3665178977019,70.16999871863317
185.01012025344428,148.13696981043506
19.758587896744878,167.7362945050706
171.65246243175181,182.49649762812712
74.22236911390648,37.12179215974393
90.79286403035059,51.107646656260215
80.91312834805191,40.39340964926282
112.33090163786478,101.39118871091732
185.15721331688962,96.94555812445229
47.0289338470534,97.76613362160323
62.55295543533323,195.44649402570747
176.08323149255153,149.11269401765776
139.1691242815882,50.428622585903874
142.15105214082266,47.17008343938247
195.05743256755136,97.08278516764442
11.221469674922993,14.83555077919093
18.045444148621254,39.95728714824927
50.62642444748451,185.79690397680235
190.42563246908776,72.12721488453678
26.131793772608493,91.79387304857543
134.3638906725597,92.01654912469984
129.85093426083597,62.45511304665805
84.35540083835312,135.87960164151465
192.36944775335553,157.17551635937085
24.419766221604235,28.86405955851442
27.887000446799686,170.79251608042586
65.35299224015604,190.96666555906458
166.24688432528927,155.31017342174286
102.87075845128349,152.71006948350097
159.9938287156851,120.69133860452851
97.5549198362877,7.215951655047871
30.861856322932553,51.90582617354858
117.9897552793784,12.40213153087432
115.82735646540301,166.50536614559948
159.38652637311216,179.82916210751196
26.75464945366732,52.40500578545111
90.64502310964957,98.87627083722542
131.39840809738524,164.9533804258581
55.01232701967792,95.16461320487707
75.52033219486219,56.60669013288489
64.2768707469215,163.4605901570386
183.1801019256736,46.93930494490069
39.29929344637698,179.9464820671643
131.3486253776386,31.847422430690546
19.21569919338867,6.200915291296013
164.5410257745296,156.85972614214108
30.876372002490665,56.5155528322321
81.5323838749205,65.96173982178195
22.33772748545266,45.72973163214729
88.83084055876829,168.01968814303174
98.08810695394862,61.71047745325168
75.12090446764327,168.06307062722874
161.51011778132644,138.11299395590575
167.3945624216309,154.05089281950728
10.400740826017056,184.93635105136752
171.10168185396284,141.15169982107048
41.5345994074422,134.3409904424601
175.14330272270286,158.49578073522284
158.48952008653836,147.8066048920643
32.07659598390175,138.88366493021655
22.73086294375781,52.800650283816836
35.664137419456615,171.68464943442163
189.3664080069882,151.6297735784437
42.20279310979601,108.46554748264614
62.65911807853029,65.43589821736909
190.12535547457657,114.03367124559418
86.73834312722674,164.2337073897451
58.69570240260357,186.54545645840315
26.367382660176254,117.58921745364152
17.268202994775088,119.41163080665419
49.228704400757344,187.82128723855345
152.4698608556383,84.51944313757481
140.45834296448942,12.86590287427465
7.82465234157158,41.35703420197809
185.58979557932963,84.91888924371246
195.5017554041391,100.51591735900809
193.9093647033506,95.45855780568206
166.9475239564325,163.71919404683717
190.77483740947102,94.03432971731065
183.85336803877084,96.25994529010114
119.89631999828428,44.6115246092262
81.34311813961347,119.08979795976816
32.00627184850252,39.192222389866004
157.9146521484086,6.669593386397597
52.168465822613804,32.083213516163205
15.918127927212325,193.1805330222912
133.72316535088163,92.73007357921225
32.54454701694767,91.03166702737198
83.56342628878915,127.9574498234007
95.30508270057123,49.45977127809136
56.4878459173326,100.79455717890414
89.65916265814045,53.037806111687075
187.10989058508196,145.45641440766198
185.03687907472866,5.9079969468811
43.4673354504564,52.81477416679691
190.2272304280179,75.89023451919968
135.95140971429385,90.81525355868509
42.22733749098808,130.79321434993594
104.31417611703462,8.203331270946736
78.71707981758239,46.24947940862135
28.121077838868782,106.0774326700288
156.66431756514726,21.22702479844547
179.08909536768164,23.463963605299824
169.6143461327769,53.19207504022566
137.94557251466483,68.14756658058675
158.25670187595466,79.0283045946815
102.11249198850966,6.204887126674633
173.50472841657106,180.3059662676172
15.22479002689309,175.99005569814688
47.878327828187,98.66996167341729
184.43754257053192,141.52355379824684
133.3457084684648,63.811867903169095
60.040591145671115,165.5666777130552
173.18472915398755,125.30135956564035
149.79736391136777,84.99452718178594
114.17057082277975,102.10529854535238
132.5057030015158,182.16820621708058
25.68531543899562,186.99490514927248
163.02264985801742,124.59575028665414
84.07750171188184,131.08550184793268
50.12247461525231,36.5715935457867
14.191664072531674,188.5779265845794
24.42446420642495,193.26690764278283
166.49790555256237,151.55522263255597
148.80286444691595,61.137915136207056
121.50612676512462,6.830590067413585
61.582002132373674,25.75713028844336
180.6385771223457,89.90347776731808
78.33828188043321,44.337007227838804
43.111170822998034,164.36293264723884
146.79966226645683,81.65686750901462
10.630744778689678,25.505443198111227
130.23753939355288,34.27049888091652
158.92468296103934,34.12081835822833
187.4736796049915,57.4496183587149
173.16689929059692,104.89990077919934
101.0780306017269,63.257302863078024
21.346264817730685,9.822504894378955
162.15510100643692,118.28496990318791
119.65565467015698,52.13623360203317
49.53377708923974,25.254351658425517
47.86019464075464,17.714092067402934
149.90573145809154,183.81294407008653
158.27570448291007,192.68855501259802
187.79607778037337,52.61850045207111
134.1366166633662,50.62070054007574
97.47218754581358,43.69982404499867
48.72197353829355,116.72618450984932
135.89473170186218,186.2604965717482
14.233568160172993,192.84880699528057
15.187208316758472,164.6782335476361
145.54652028102316,49.8983333171965
7.445144719038688,11.893528780431764
150.05386817537746,37.03787193420163
123.20022438431403,54.11686229206459
78.64830881314676,31.896329529254416
156.6081657722227,116.79450973350694
60.38013540527281,32.5487762225382
87.91388864628695,88.71844094843662
154.38189198931636,144.37127309865878
97.50228939080397,52.134670385649734
24.872192312132174,136.31977358515996
31.144359695229152,108.0272947308096
141.92628704264925,58.485290018000455
85.30540680234603,21.34732740265654
137.75817983014315,32.58093968144724
110.97657585139092,25.35745940878144
64.023801210154,178.81959843785828
193.3563930139748,26.677068007297624
179.70272462837346,69.88773345199961
65.41634240811507,98.94154547239589
108.41890031934376,66.58999729810371
54.086249887851686,180.4963661583232
21.852085067965422,19.948062859594145
75.01794158657917,18.262906326024854
136.75340831895585,29.13279046069009
159.9246869760721,13.44588480322279
8.54308451232115,172.55277739479118
107.04609131458268,149.32206816805848
54.379662945635445,176.8851620458303
53.6712203958086,190.4157445061556
41.07549779702106,172.9879014389201
68.2994220140381,57.04973283432013
38.91812317025611,10.753648804750629
16.315789878739167,36.763842036877676
62.15116764865599,70.38714404001728
16.739084082925462,27.52726305059593
23.293517342931377,175.62187271934155
184.69818494097245,120.21519955880268
152.93609137400995,62.429542306005224
14.12797434301743,180.34355500608524
169.06671139185968,127.53992445550803
140.43973189103434,84.91612170962247
105.7479733591043,165.12024908158557
43.03971730140681,23.102512610664668
156.8755247731067,32.09849169133662
36.21043544540196,181.03048580765574
51.03615611924684,88.49818727984844
84.24755252098657,141.03661816102672
146.24488604165413,82.22065691847409
123.29082761543484,63.435503903394725
81.71645224974438,99.79726237642939
56.19718967755863,175.404220372945
97.37045345269223,119.9638748449636
152.78515180458336,78.84941384382357
74.27790009106532,32.011968916181836
46.53839432298988,71.03334392367475
87.36343502354681,12.833804081862986
184.4174274291259,114.42266498427739
58.600318005182416,169.59507228469135
19.45001448793231,103.77200436387864
170.2691900995459,92.20345275551038
41.05540458248175,77.66562781660448
48.03724859343147,135.06911549129674
128.31485662309754,61.01240467196983
150.13806884100578,71.03505593376525
22.823684725231352,90.5784604531085
193.73414778258126,81.82265779238955
182.5738596544726,62.79388167384661
30.88755030045624,63.22692065788376
87.39292958103324,133.99212938485772
44.535766022715755,41.05968615314707
26.94857983497894,80.31647864042868
95.9021949846387,31.11241973654516
58.88140213492676,18.83908176840646
174.50705942665184,73.70696487396314
186.7606802723281,162.02593453987828
159.5077947402129,65.17561551547095
193.1603450169423,113.29929020403497
139.18951430614126,72.30164395536185
100.0027213237789,196.69220686019085
138.64413766159922,32.32693305782426
183.5737957836823,11.281339208436297
169.76329782755263,101.97490922098068
83.31117414434445,122.62598570699518
28.55689601881014,25.290125349166285
37.51143864933343,71.30072596471867
111.16777845391235,20.662885767448554
188.49150554261286,97.06335889195294
72.69061609681317,60.92025948636183
141.5704729446798,193.45771947951755
96.53321118029014,68.67094153424253
174.8495086945096,194.25151627129478
180.02348198738923,149.40316649172536
131.03676305515086,34.78679567105709
8.76628259022094,171.14373041503083
95.35832300415409,54.608988655086385
168.1268509166838,38.33552984767416
73.06685815941266,44.28679402774045
125.02184057454483,17.683992354328268
166.25846418560394,11.874892644007113
153.28762998199318,98.5335060577164
67.32599181089532,67.34007371447807
174.59563863218315,44.07734009763299
79.56062111542641,160.7183681621872
77.14968903944916,164.99531882736676
15.79421601064928,14.135374063321489
23.196947549639045,10.765594855244316
70.33726457562294,69.32452215767745
149.50142866862967,104.1707014264269
93.71781729331649,125.04946879087008
97.50074175167569,159.2646898893786
104.67326041774115,135.36628611250882
51.57947713398894,57.44247349454563
88.89197064467972,152.56310677778626
98.73078714908492,124.17638054842415
40.49041370641567,185.3349078902192
63.9249458384864,23.23803654690635
46.35131339486126,95.7599946432249
96.79601253730978,154.2432463756597
194.34204835359017,30.557441604516185
45.94595659104224,139.4222548282682
26.352460908078022,27.00606689493982
34.67546260081784,91.74170013650354
89.62250035318122,152.71138345086794
31.483632486282122,28.647419460867624
103.3826085960338,154.4119009324615
150.43941422192563,107.69943292994859
126.60571452773377,8.136701321282935
40.1510149746089,60.85898587347662
7.142184129219354,178.57304516353292
188.64237943603825,90.01323626586195
33.847775925411824,66.3094315314428
86.5356610315072,121.74531766329346
106.95125989380603,114.66960260058342
133.74058908932415,166.53553606388084
37.779132040171945,60.87129654676176
10.21180622204827,54.618705191068806
178.6957677478994,87.5030524518282
98.01258887041614,164.5512818202041
43.146990320873485,102.52046687807858
7.505309367999701,36.87044670457523
123.28879204552794,14.378417668166566
123.53245361934395,21.768079153592375
113.28740958232203,167.21623193115778
40.75984414024522,193.15571380943615
136.0936887809841,23.805028880379673
162.08028640646805,82.95555015707279
71.25573557919702,59.06023358378744
183.5249800169581,58.22258255583148
36.23064320599282,133.95404260921438
139.81003769164894,73.42211640158449
53.963043515962184,52.08757778632892
89.798618627408,194.12022968223633
49.941445968161666,187.0475412354422
43.025186105255855,128.07707649095235
55.47973473768841,62.999003656463884
57.50240468709559,167.48827775445125
54.962693482240326,13.905555901716422
52.37261054386925,22.2883677779558
184.4794172742156,63.78315851765066
82.71712604348541,134.8563204780327
107.77713414978844,92.7478213465613
181.7297607544139,125.25280043488401
35.25919700307756,45.98533401411406
30.073772051757622,192.32815967061129
14.353244874147938,184.61437677990196
128.63451240551782,43.70178650696654
193.88846762056968,28.874496505856513
185.5498148723212,14.383949170019953
61.66080727038764,86.15539891524355
170.01946663241415,57.71075144043377
176.627192699021,116.65159938324243
75.34029747359212,159.11327755178925
20.169800086029888,26.453111433272205
126.49050170205231,46.21770082278461
124.27662130565801,31.351085819675898
29.335241542276336,82.80211832299591
95.13346386649653,165.4072243568524
106.5242148573723,152.2604458905234
125.43062725657227,28.483454536928367
174.4607619052658,53.20699641248382
85.17303221392004,163.43454286746785
97.6415265683949,55.06389268134465
74.82047648784852,45.76693468329911
76.20334463284351,13.019499930484512
40.151035683406924,132.68957368136256
17.436885311433088,60.24576953967488
187.00738945743825,131.8948556864729
70.99040895196332,16.155394244967805
73.28890561146922,39.35544815829184
189.14028343869353,53.93473501180037
130.81406374051963,75.12977003542653
68.21314167251415,47.29856156259667
193.51757429311846,90.08164702905026
194.28136196693873,36.36462720464658
152.46827988783215,36.04427531473894
23.95616477336355,129.00747191377474
49.9190229612631,73.31764915521546
37.174387264811216,38.634459371877306
149.60468537868903,156.4532919123689
45.55406369945772,185.60153072200367
189.97968937680702,116.76219018151197
132.24250952335754,189.42332586658293
19.30357691520499,179.73835532939637
133.96217425542193,113.30022097220586
33.91743225828977,86.49264894539289
165.6046076494368,108.67754518018616
193.69637704494792,40.347961674595396
86.94787900511717,159.42461349789548
108.33005113514551,164.00069964820702
92.36510204471595,123.41313613116141
186.50392340635642,46.74134208787767
122.67152776862699,63.801337406421176
161.680619277009,81.50374794167723
182.06404310632163,158.60336289761415
164.02945980843216,196.18277506101668
154.9523358660171,141.75598494132444
104.24999687809553,40.17325978169849
162.72984363866027,107.80971909153966
139.8952241281699,73.18083998973971
94.04565640435345,113.63568198314015
133.37696295668837,165.66536177575495
161.78144296439015,27.836703519275563
131.7393293889648,66.25350306960931
195.740513772483,98.18497830109753
27.214037970624616,51.46367337101966
87.56539253938932,92.82967614505893
63.34167385595866,66.71132435241688
142.27641086028783,28.55654479457392
151.28208022715884,126.79247740083751
57.99883422461742,164.60705520230883
141.3007681413535,35.76365132731866
6.761854892446401,69.74000827444289
87.99180934253275,10.793977874186936
151.9696765959969,85.03040198970862
152.00420209368343,147.25001504667168
153.85504427017787,107.72855331988613
152.07793489015913,163.76193769538693
87.44423559732611,108.98632546759919
61.77084794913589,17.11698835191629
112.96547940451417,23.469762394076287
100.05563549059866,105.23090771476588
175.71762740971408,125.05463478337688
67.6432253075714,26.43306260902143
55.421046344011664,67.61919707255394
88.17775606782304,26.519120162699497
195.32212186987027,153.78975589874204
131.96903039474338,122.33665780368466
26.827615128943332,172.0407999846045
35.69063773246135,63.598757818033484
153.75381170551253,16.59598279190807
61.785697291651644,9.334906155535775
21.08966386656132,18.854696377516074
145.94460392943242,42.999491962004626
130.4462879953857,25.519769218008193
40.422016201123284,194.67632272577694
182.25666225844876,186.29109844281976
53.2648812466388,162.13320847627995
19.059673598564913,100.80627310658292
82.6701276894582,43.129635127914675
155.10342117064272,12.514603463673986
155.50800812957903,144.40443280309617
54.41291099685247,127.2069411332631
165.31506977878325,146.61733348933845
193.62025477803772,156.6372942646145
150.95949621781276,96.31682386061233
87.03832789620274,59.12788382713521
115.85873640896958,45.37461045131438
70.22361596379298,37.54876863070469
157.7344428260019,149.8172261241656
191.6105106479639,155.23829679328549
43.311000061769576,167.8400106059226
162.5301978811528,110.73250651311541
56.7497020880014,134.6645454416157
36.26194270423597,8.344506604748274
114.0848257499723,11.192986759563603
160.50861631434157,30.41738351264158
144.44815326930149,56.34688519851872
12.064025716917316,60.41620798164107
170.43701054305677,18.381200473565688
158.87717044902124,21.061281172683692
22.858519880051933,65.78250252803237
133.90344671332403,182.957026709104
50.27377439179496,54.957222874899756
72.97624898789597,16.21236276338912
68.96739159947069,169.3348305874329
74.2154568310745,27.11523352328827
57.383276728172525,131.32143664649308
163.87281475724342,124.86771827943825
190.5831004776691,73.33070020741572
105.9800316678839,34.17300161383584
179.6508032234047,192.59217832031493
80.05461240114874,170.26413690591718
150.9121056922838,96.8811321079426
145.16787508184308,185.05381340193952
153.79416742548995,18.34401603802828
110.69097518039398,97.61451058709362
179.18641343943943,192.7619020619459
129.4460156336262,32.88758991053237
153.6186118947505,60.675763499590595
153.6765579586536,93.51530922567912
152.34903595338565,117.19704688180232
108.84107566852225,104.98302545381235
27.383064243905064,46.58073861308266
155.01546198574354,91.68420366588514
185.66105376462428,100.52572169548935
60.106730557053204,58.177923139047
24.10548551292864,103.94513074710098
13.161589732515393,159.99187670598525
18.342192965809602,118.87843514188732
35.85825937490147,78.33717684011951
96.22012530351043,101.81037359895456
47.96106312908984,35.562469194368234
22.063987853227758,44.59394727208475
31.429491257717086,194.29868666315338
181.3849459440759,129.93947541395832
169.1359495454,109.15079244744099
110.09493017238616,169.72480641506493
145.98591692060037,13.661298326797766
135.74853469518465,25.11024732944464
124.93384368951371,34.47784723282021
185.28048983340054,125.08593343880955
98.36119266019946,24.96618259184302
136.17126678563608,15.025750624591595
103.11564872201839,87.60010630353399
50.91207665532317,139.62963724444944
80.8867354652473,53.38051948213913
59.97593692308578,183.81600357692903
93.27380786197062,105.52443821943898
19.02635111481573,131.05032360851374
57.51914681611772,88.85110788143147
35.64640749685041,171.94020127755675
84.7278594830507,147.21056485104995
36.17138084829487,133.67463686418762
51.557734578498476,139.6811518574865
153.0303088454649,154.6832665613498
112.34546642571063,194.80334140461534
79.58865670335025,47.74701141328092
191.2775290126158,111.91819068877486
23.847988321859635,181.1216799216636
194.40745490020174,104.63120344415731
166.67708234158826,37.4239558841947
196.26740533251788,196.94843443228473
142.7776859285361,65.50300229500851
186.25222895345095,76.237346849862
128.18912099721967,53.274884110590854
147.24044960884635,89.96023949187807
157.34391109759977,20.38759787121518
37.56766005701877,164.8031626726619
105.0656029710874,116.49756151632769
89.07526773026669,55.80069026862836
56.29612460020025,158.5938978592367
96.4104007711621,166.58912097765068
164.04055666327866,100.60313741396314
165.62376094531686,29.93025282621457
114.29484219315847,132.00221414377052
163.02401443470532,10.36410409229718
148.602312074583,55.63897915953073
75.67333981463521,35.87444492631742
26.28765013995954,43.219260960357126
22.51028982521874,22.703875116333414
163.1307054633288,71.78900212602314
61.2463317243325,136.1280441910756
33.13892733834299,70.3859364840254
60.08755830272867,23.57157719640726
57.08194402801777,64.93195738033387
5.071521212024837,19.06504941209725
59.70334019322347,160.86407566719586
63.24251192985755,159.251455081661
20.210660443421887,186.52947420178265
22.904201856720448,70.37149513004154
25.525667220910734,96.24397238497309
46.367208023877424,180.03304659593184
67.47412958280164,56.4621561727102
59.80459608625091,84.33679571840685
39.89398132317708,120.22349242139032
164.3060127801977,194.7814628028829
52.77939208555716,137.68767307164947
182.34078171304566,58.67860761415237
13.597448675966652,6.782826901489338
120.2745927653038,44.09952853733518
114.06096974382916,101.49826414408773
160.4680433451645,41.38237724261266
174.66382561739584,71.21304157635946
150.88663132963103,116.25070169390011
171.2408593825253,196.78297988287605
151.02102708746273,79.59509349905322
15.548461786674274,44.342261419477936
186.80065116607832,69.13615472121309
141.70060279446284,90.23762527528393
187.55642691902352,23.008922478427515
23.513270950466456,173.1370848203307
49.80510792200844,82.64917607625821
44.02849449775598,98.26309141385582
173.16676564636478,40.83984276072271
107.26225227230235,140.56782951749182
153.02048205952943,13.080689725701514
32.973255559776334,62.74276810784838
92.48619747794568,153.27168664791722
46.825630550280756,175.16012289520074
64.59997584045625,188.0680887828687
47.09367000379117,71.68153967793093
90.77660513660858,51.99214655580023
25.91901358420506,193.37022556511778
53.82205943688324,135.63016733470508
74.19990940125705,66.24652095899303
155.28323358839157,72.13195603622398
153.56345895317997,107.68774779860794
178.78349471827343,115.7511012715864
7.426074973808987,14.068495511959567
24.034292773640246,127.96649309238192
70.35826341233442,5.8389199789826725
100.66877205210935,133.95997272891253
155.40521722855243,191.09814008127952
138.27326824409113,93.34058077028907
30.701737915555892,19.971393269122466
155.3817301176333,9.70720704000551
195.59425999338424,156.79464717179792
182.08831997474056,84.56789859863429
51.580711977235794,21.89198487041229
50.903747810735965,90.1724795647088
150.6823696605703,131.90166901678555
161.86023035307986,65.97787126419234
150.0775312846142,129.7746308578762
90.47404747550877,176.02212106139126
6.597929622905643,53.03528188657943
159.2775772897609,8.752716332640013
178.68178530505313,63.90295096342828
151.45487131092617,71.3948398062242
171.28740355320178,77.85515365753184
10.579900713345648,167.5618661723362
92.15532989376638,92.10473704983437
65.98299057716655,53.616581171523784
192.24608665631666,59.84554540905524
132.38401738734856,91.70249754761362
84.93170280320494,150.63114894433173
161.90430409505612,119.07005989147609
42.1884329140785,32.14043681258881
116.53157055246068,63.83117191165267
140.56890798999294,49.619318811913956
78.90068048597479,49.225725740231525
194.43187843798233,139.57758904282468
18.731977499609137,176.99575885150645
98.90821121639242,51.580032383006625
32.156152143896925,97.13266575781294
27.018981615847522,63.56629560377238
177.40837527232927,186.71180816096643
27.177250376948923,12.082876734023094
156.60078202311408,130.08035860769797
120.37063558281326,44.265212662161254
58.558487961137736,95.25782187576299
170.2022283734435,72.20740573810622
192.7358236411315,54.48028759345233
155.45257418273397,63.716755667807625
191.81604770186357,32.68987846111129
90.47163779769751,192.84164686239686
166.86565201747663,18.04549248845407
156.7783151860337,56.54252568423363
34.05748766475594,188.97273795097752
177.36642404558353,181.59773308933367
97.69967024577244,44.82887351854652
184.34306736609403,89.59076157458486
182.65842311473645,47.230359960670626
166.43112254836566,14.33204843654962
166.15664282310925,91.65102881052579
168.73938190084706,87.79477636094212
164.34756260810843,106.81488084824753
113.18061478533086,100.09728869011396
183.73930703720112,138.04088119132905
91.39087809848618,192.1370835507425
176.76509585304947,52.23630519448501
148.10072051822695,68.80795036297957
37.106908488263535,157.86458883368329
171.61050155427395,73.58079866475722
145.5341717675859,192.10966182602772
142.33204480726872,92.59067204792642
55.74541380646031,21.115001243978465
16.92534643159702,30.418688342750798
158.3925131986895,191.70998627710128
171.98586135514543,29.98752663475442
11.122716753002628,35.73603483578219
82.66800929363708,164.3386783066687
30.267863042859723,176.94262605212322
150.54809377960623,15.316006778761885
87.38610005712812,131.7963438292836
107.52641399457534,40.27610407602037
181.4466849717535,79.03069409876666
69.4398867553013,189.79545875467682
47.32095718970895,14.325704847548277
39.28111100220786,124.2652898233206
99.10715189841454,50.0259465612466
59.120015281921525,158.45764770528478
55.26081380390002,99.15551525204275
131.21727817781127,24.551960234515057
136.42026614768403,19.023830242296146
154.69262074799187,72.16327484898824
19.931069173587613,86.74008920132587
45.81378820861,173.77191856687782
184.4370828605524,180.23395670101834
99.67122837214838,43.788732913733504
84.4136143862724,28.439011837189422
89.73127156336915,34.939670680918375
27.80662365747111,177.6208802542931
156.03223481034135,154.07891321904592
53.11999053788231,136.7261790465873
52.16675682632956,20.63153793280133
54.33695647955847,26.85553942186821
172.4595194600853,152.003972319736
160.29117076871648,75.61616971813815
113.79531792400356,18.191681353398213
192.8742712243449,118.76127039343056
157.16123650624297,92.03379034127184
22.68863475863246,162.60624324601048
162.45268772157718,118.7736115523121
39.50137239091865,44.53254278688686
62.87498304126498,44.67315325307473
164.02040008280156,6.308566972199219
139.35486025114784,181.19119881589987
169.58180566991507,127.31508632685377
35.88528403788081,19.345150475000402
106.03414053390655,122.25004418955771
69.32605854138497,159.12417947074218
195.98729901063837,187.85757206620107
36.49667772650781,166.43306350986933
19.032431415425748,41.53479711630657
155.02568303936624,104.07701536160546
107.96707204682129,50.57663330369206
65.00977633534993,17.772465209805464
179.62794442341894,109.85997137437359
5.388916249418073,54.051172535389625
188.194348442885,27.18229165225238
189.49428690540654,112.40418896113002
64.06262208141727,39.48338558645606
196.3309076343432,24.318648002157367
74.507997190118,52.13785790145492
52.09414404034521,137.57894256788228
19.227077324028475,170.71319162514723
82.86490729097,64.16260986247802
55.127272279086945,183.19122221688198
61.18525778857942,191.08073597744456
81.02411275699355,128.79200519536386
141.2760314476588,16.649535114510087
103.04939774412836,155.41989203998216
161.71532451365752,46.46468344747361
57.300971838171634,36.173572512250544
26.623639603988902,181.02940388474343
63.62866127572598,96.42531821507272
153.27645228026267,93.90563141073386
109.7793006588137,164.43672156562724
40.691796741213416,186.79471516646353
130.11233609399014,39.26040820073971
157.01394237002157,134.60777434785246
155.97552730280134,92.71133630871478
163.4650750675962,67.40360794418854
91.12164432767155,26.811097098178383
47.37024017134599,175.78077136274865
38.82307758535545,112.48273974811478
66.32211543372715,19.947112898532716
49.183976642618916,82.0692382276107
60.202360346632744,62.37156313846857
63.40078374626516,28.45365282604844
23.033571082638428,168.46609343123586
125.46602086952713,54.493382124494914
90.76668528097865,57.18829258817129
69.92294566002474,166.12004963416692
56.57058723622639,83.59560320406074
151.40101596269076,193.99293712944984
100.85312769842568,100.65730556279065
150.94905335654005,93.25697941462741
158.7827564979602,163.82853708873864
17.8826974133525,34.732267527387386
58.62627964739319,126.7633114544036
94.1312573695666,149.9415794548273
171.49969263511008,32.790133060659095
93.31249877306892,96.13957494032249
68.02199970975829,30.732034520603246
193.87735208274526,128.44614989238423
36.10802247359682,95.55225853536187
168.07225666124876,89.50189547425649
50.36357699535441,167.3187167242702
25.758615286883394,177.24935815107233
69.68673993494156,176.5736218171367
66.72002345787898,36.64783694479648
82.91538197442054,106.0632132671884
169.17630629500496,121.60916219433383
187.02445708138097,19.180963699568657
11.747917483268738,162.8113844637578
99.01810982535015,123.50007235103892
42.73312783003659,191.9928318775627
128.06795347959422,9.418001420034852
191.23622586671348,125.98419338541997
104.30840196939155,57.71249388781966
68.4628471313836,170.18919977893847
100.20483336644588,63.879117148566145
90.28312364951978,50.1027085251995
96.03596348903064,117.08917835891889
181.32469790808543,9.8527503436992
33.363906814135966,122.09307121043372
134.4420437092189,93.76978451919683
164.73694301123274,82.52951209953326
12.089780805797268,41.09968519186141
89.7216580115806,194.14613465164697
56.47212143753292,52.14312126861597
115.30921475134079,33.91177395170887
55.12714257442367,183.12985073378508
196.68602528373185,77.89937909415426
84.89360923338498,35.43298141364657
185.07550833257878,189.1407138923632
26.396805750315508,101.1150096137793
132.31107784036112,49.559244570622404
88.97158835420888,38.74107338420076
130.95236085211266,10.409575304934549
106.94300296219215,15.398710685644577
42.49737905485726,170.5441672700299
126.27724477460207,67.70920418634248
78.91001271755853,9.838931030582533
177.7449259261191,30.727370683528996
106.64464424086961,16.705025168185536
164.51283251228048,18.103058913162293
35.36394817239351,104.75103664764197
145.19100673543153,65.8560419160608
53.41943874954269,51.31887679606175
61.61276580634876,159.80866138420834
86.52721585447992,15.75736895543824
143.4995728089135,92.6677199520394
141.32233778614858,35.5250376115753
175.37170796473424,55.26546659456043
154.51626071887588,104.47088937298385
183.53598299072326,148.55178014556697
91.84127761867427,110.7443473592025
82.26903739648735,67.87382459205487
24.284058756930573,100.14776542607575
33.14327372449588,128.50174846089934
99.84800571689912,15.287189211132908
144.7733610051773,82.80904440107452
49.65186157201003,77.41314457959002
60.70001377950314,45.67853527898295
117.48955454790809,42.69076859101111
47.51331651322902,33.24747992644945
102.03567674068998,123.15207458875483
59.57372992089981,37.642998881752426
104.8885713862235,110.2829045310139
6.941630743607131,16.456517238415277
44.55373358130103,52.81819996937461
161.65447774159705,46.204847340560036
91.71143880631055,132.71454482088464
85.73181046604317,87.01403332111694
178.1481722069581,58.68990832797032
191.78584659360922,94.60376550599543
76.84503900366938,165.89258882474644
36.879125804651565,75.61636303059883
81.28766302394519,67.88345121768643
87.0782268719938,146.15665551458056
60.52971845355967,184.20480870711376
52.291746517101885,50.56609461733734
195.32333664258337,151.51805493486677
54.63765880792292,95.98152455047517
88.617797072242,109.01341765633192
42.994763826427885,126.96025055705947
35.930505391889554,177.46064449130927
121.16757170064002,39.1075898748429
83.78035596943761,176.1183590717687
142.99949550410014,89.69912141077087
38.9432903784007,5.8544586007025385
94.74273636519428,56.33064751566308
102.24966823012042,148.79092593003958
107.28376554836271,18.8229220577492
84.89831267526593,5.762936730762247
39.51594332372433,23.223334667958458
191.87152744264682,31.090803107752045
44.849084785057826,41.23614276401452
163.36842949324304,129.34762231336876
109.24762683743837,196.0443784326933
184.51997171332988,91.76198300988796
162.8610290163503,87.39722406532954
131.78844003024716,168.48207439823733
73.34381274940704,49.62376172383072
104.72624124399252,10.501822811369436
138.47229926812352,190.48604620975019
40.23078400586546,116.56450401957926
94.05591233941148,8.612554992414783
186.32825483153724,17.677119225015016
37.58389458610584,67.15195402652411
105.96703471299195,156.0135667414581
160.69699824596387,12.704236698095253
36.99025084697765,72.2004872144856
152.93899868713385,66.36921171732025
180.57313947083676,104.57961003050009
68.67613190008461,168.14049744131742
162.026883805523,34.421323921004294
181.04739653402493,11.039894297389417
101.73019587638643,39.326874449447
132.3891623195306,74.06639435227257
105.13190716858638,71.07100453060245
172.24062295609926,71.06468980200883
180.62445764243688,30.66679467205061
173.5285885997199,13.944112995006723
66.87361512705219,68.22595850451327
195.53513480007015,91.67163169707554
178.8483617822448,122.35475623385966
101.55826420037293,124.52842255042383
59.37386202066375,90.34855279063737
21.906263037011485,49.92439905956047
66.97605388375062,67.49880958950767
52.9902304750708,123.45799094485537
167.88179207018143,71.50558390530068
173.81083699439733,31.792334560553414
34.77283597682879,160.83701817219023
6.4910672193603585,165.62290051892106
37.007727587018366,78.63192469871608
58.58446702339454,67.51489745705537
133.51648157366648,30.913122751138822
12.478659623563397,22.533915241303166
104.66723672861721,54.6931210194634
100.1320433801592,87.26121366875243
77.5008698967998,163.64505114830442
103.01867468206085,149.581799996606
173.08936977673613,82.50752136389653
126.78065197610205,30.687974848669246
149.3228366791706,71.25849174427691
194.91024581964035,34.257166891000466
131.14936882825583,173.1720885576156
120.32999827560273,39.61451937488409
21.669445274098848,12.504365502386065
181.90943127361655,89.47821784190425
90.40671962138643,21.408238193100004
163.0180316368009,186.19888852839472
33.22819183537222,76.7258422169966
22.31976241675381,7.743661808336172
61.135019805618164,86.44366264469342
15.220293786902124,61.04336398737319
33.14691724633534,168.01593683750193
91.94418727552124,53.199787280283665
51.62255836824921,32.89066658974783
27.62681255506954,8.962144084091348
187.8382193809758,157.91552396693177
78.73604684903486,18.824120611562794
86.81484819936946,15.816273398785336
56.058091237478706,92.54549709299677
131.1514970233514,162.25904454829922
72.87476760272533,161.62105343485194
90.47675079570618,88.27306590567738
167.40778628420696,12.345259651892237
93.6635335166454,33.56425846951307
155.78563800484338,42.517350391093785
172.50185098990258,60.284619000529666
156.033886406723,119.00412480707531
65.92413928973802,63.8893250311344
98.36864610082519,8.413004176541886
103.57317577214884,23.4946803725977
151.69287991486104,133.2689182006042
170.35045223232177,98.1028135972354
123.74146549761367,195.6260201644318
132.197382074055,149.7735786757604
160.10329060477798,6.369778200751049
109.21961301896656,169.7998442486172
89.58222585949147,14.289903152834
89.46084646633844,11.831838680416585
41.0178608463004,95.98926894869943
48.597650598908544,65.35339170861084
172.36825275758224,71.28980954919525
52.3860157967018,44.747478498704275
177.68450997021688,49.54856213662657
86.32203135863313,16.43490394096023
79.94432684926753,9.382758958297602
33.18724933316114,128.2303822264202
35.713356093965686,42.977903179158574
28.56932514058529,70.84777002783852
162.0715255591198,45.64784570581097
45.65437295972969,163.74401170437372
28.217724971675732,73.51475331699177
31.79832251732971,56.106013105741845
172.30887594245377,39.21500640435785
47.52636281881433,136.15097109278898
38.75956969860168,23.12835195042332
84.49021871624596,71.4788845501366
54.03087645679757,20.890397244128668
192.28143390731154,123.71173350672291
105.26771105846619,27.643184579014004
50.22465041380052,77.74436400467732
86.40281099958996,111.63260108439763
13.840909534039724,61.01801402552056
84.17685478663684,119.40075977962934
159.969892040047,22.886830688074888
131.82450015077592,105.99553132195513
80.0496734536476,33.805961188463215
122.83704689526365,11.039161175404791
35.069111071699496,60.9220277053509
108.7167230567089,8.26388385855925
183.44107990251104,109.8856730145823
45.08531535257862,58.00595178516255
136.26900688921177,68.19369689794145
38.553647222133115,134.5425503925847
25.714990057528016,73.90710777535878
164.32968824129907,12.510463768702913
170.03530459954618,183.6639576863321
55.10851095568257,192.67920997835228
193.0669610731655,191.56325609007246
8.132926821580808,190.2495069279445
178.64953697236254,94.37540176139234
24.926547877970084,130.35750805677196
164.1287411922918,44.07257233238591
177.23883885581247,69.53657616929029
20.986316700547583,8.707441320761962
164.116484738753,109.15531944477276
155.14338253067527,15.540340364465258
26.541408769950536,14.41907944488312
95.70294905724158,8.906312673508257
66.12505983564857,70.86098227090162
151.44405377353468,148.95720279224892
169.61784255118783,185.98808328187675
111.1682459828062,90.48627548861984
147.82855777612662,186.44438242730524
171.00778016505353,45.73049038937568
123.17130257946502,19.36244159865446
140.69255706000695,51.78665354514453
84.2137495902608,52.591396605282775
139.51958474647452,38.331663710006744
142.09221431678105,90.6933905602456
132.01232505036373,194.89496225558696
8.546369753879192,33.38628074693053
94.51256777419039,147.26909491657062
105.35527513540045,103.72881141913237
100.59680702168424,22.93839386400461
96.11195136959931,169.59609336522837
173.66660225625134,103.65463261793928
31.835754562972895,195.09882167691546
110.77118096126915,95.58237555690131
17.996003709085358,45.430219649204076
175.7455330194712,22.267267445631248
146.45215686475586,181.54012975372828
57.78290542314633,37.92485990786388
49.19517924886924,122.3053505723156
41.096932197661296,169.15694805571084
64.98757039775053,172.77605577127213
164.62866531063077,25.443299159099787
151.05890538059361,109.85343343193232
89.34909587035764,103.88556384107923
56.854672249619625,186.95991831369523
183.07552259776827,46.78783762338586
47.90329257824009,122.6197075748072
124.70974203399172,50.738494643183635
195.55568655704303,9.2565309420812
37.38207765675849,93.7017706561482
79.92457570577716,66.16071671102068
82.32435249345541,87.76629346856097
109.06981157945722,171.7830842541183
66.40498809313091,193.52279043445407
111.51956450528296,32.74102193532866
169.3164626627818,117.45591935307625
67.66612645160518,31.76576422843761
38.720064739297705,134.31789952480278
30.29564814348467,68.49027286488571
37.279363045176325,165.68508738635953
146.96389463760653,190.41710854705548
65.822106021179,118.97140778982278
24.739246953936615,130.62747028219079
112.55518150301525,28.00356468035037
106.68207761083542,44.62403609924359
83.27815288053634,29.1045460858159
58.979243700703684,80.58296094204997
8.449378139402318,184.88269827763617
189.04035176131634,88.49686025085384
24.9045450510661,100.48822810093603
100.3271064291245,108.96347405972678
23.352673159335747,104.6974601445619
98.37868985787516,130.53444579816744
50.95101102547803,133.07610272729372
40.573554464317816,47.67654653090023
82.16222945423024,95.28356229189862
76.78706468901066,161.66113686523764
110.8094933985342,32.84524173502935
101.00911900271393,92.09552225334642
33.84396559940237,116.24653861826437
167.505146252482,82.45450495636096
191.52164645196987,98.74095557496562
34.22302708918851,82.94875492247883
191.60880278448352,49.194142513606494
178.1796255128263,20.800355727750002
164.56273850999273,80.64025368562673
106.24861475364598,42.682880582152954
180.15099736733524,60.51568563802692
152.50235797561075,29.62504961385572
181.94676950012732,32.35157250692485
48.36694830542646,188.31814541887186
172.9468281401527,162.12704449072834
185.6987144522288,124.68647591345962
48.57256219177972,79.88714299866929
41.141810686296324,62.49788543163266
183.43330914676716,16.07548953385805
106.17520802774538,193.25222726807817
148.8476130669296,57.302053612722936
145.48820193697202,56.089283633780774
62.84956449056664,58.00995364408094
150.87770843780254,191.2585524616437
195.5698323453652,23.062003623912705
86.26571558597746,142.13376752224028
168.0346082226018,10.742977494905363
38.70747486172577,55.94448542872467
138.15407908989113,39.837020037703816
162.85468187131758,19.343473909338528
45.305109803569856,20.857293800911037
12.72411334457478,28.886578660847498
113.5064202438326,49.209348928006065
113.13997932467461,192.51249168152964
174.92238443034933,182.03901705194633
157.8202906521282,33.56220217297751
108.92487984006563,17.3919584439919
191.90054406007349,90.45892792059455
189.0900815521869,186.19146508914326
63.607725859199455,52.6427191888206
8.541302451208029,15.065985355890861
97.14846791798306,32.06748764255982
195.3564447751951,77.15369722597877
19.0366561259487,132.38467276696164
120.62604057534136,68.6039806000813
64.60282908456844,95.18913463340702
95.66251879196092,64.97304432259853
142.6841983801622,184.31188214825394
83.27976333138999,158.9617269909125
12.313459946861306,39.44834747596822
35.046909059403106,9.649321128891696
21.87019514549057,68.6713197133307
164.71840813173753,50.14306703234526
113.30255420080398,58.8056702046696
106.2161062682436,136.01311596803362
105.49786759876253,105.5391763042873
145.64722187764994,43.22648075593038
97.53962300437529,70.50566787090828
84.9467788016905,100.52984294777863
160.17578450282235,17.57449725672265
195.63400117607344,85.6445964978944
103.36570109050189,109.10909811344966
46.86719444149545,78.16028269189253
42.24797249212724,183.46055931023568
40.53907295731879,129.03140936801856
190.90149082655478,62.341634203799806
22.914033327707493,178.15951456599336
86.2610824210693,50.19493440568894
151.7528422723336,22.215300177490477
64.06175635873906,62.46110302036172
178.5834386409303,85.29535305848462
23.12922874621344,87.6158192920454
96.90596271721553,134.38360978048595
62.05310633116852,22.284658811769894
59.30178610916843,112.97336394790214
158.82417043410078,117.39755411196577
124.82672639904605,44.0122229108289
18.25912351610322,183.1852280584361
32.4228831659724,82.37591109417302
20.95640817602777,178.24711069149242
132.62048311413895,56.98548769650225
108.66676025544179,145.29717055867147
20.042051724366033,94.55953826061956
141.75836524108874,82.71224009414311
90.30575043666484,173.86454981689047
15.742971928558239,192.39981255216412
125.26233088210175,6.422737837782242
131.46649420835877,124.79770452093163
33.96577288336704,100.9493531263949
180.29596210779312,68.10663111014301
107.01586968044168,6.185771096340625
103.01502357452121,165.5413814095451
86.55261993244874,171.04379638398453
135.93616106470424,186.73916391542443
30.718378567615026,37.433376252622814
164.56958745009638,54.86117989676627
183.26479428883653,161.04727416638156
187.0209203305607,33.012753824920864
47.85947722038676,19.316508258834208
97.95226619645914,28.61693770626895
131.46123028727067,73.60934106835994
34.44269602516488,101.36262936946231
14.598377508698526,178.7548516467582
112.63284853864984,119.76225327322791
60.17398150592178,18.838618777393105
45.762651191223235,181.01477159853465
96.02876362397535,27.973965627218806
173.14342645201873,145.60894376541648
154.22755681049225,6.7964092117987445
167.2261433560668,187.93163218044177
63.399794929777975,115.80027703479108
100.14952541865298,114.0284471393936
150.0886522776003,129.1105225373995
132.2054345217395,77.87538515035588
44.064161792306294,190.40616161140386
103.98722496241801,97.62536483089625
188.69813429618833,145.6606891760846
66.52507773176171,181.7287477427569
186.15897106815834,152.360180762575
130.713531339605,41.5248164230849
56.08935611067834,109.29546173889497
196.65707085776054,50.3880886264235
116.28638713888994,45.13371356746956
122.4851433817278,50.1163982967406
53.12747221884971,28.206665254161017
24.93117085070518,66.00689520426036
11.685095293216362,14.595471468954551
151.65833764023247,92.6163615336529
58.84432960983895,75.07377019653067
178.35956187656996,69.39318506828842
109.7512792185655,30.70069531274978
88.57205455553937,33.84122329946597
179.49120774625447,189.05195213258452
56.873989130425485,76.85131190869932
96.7151381283687,151.80015164360705
187.81010763711362,69.64586090987984
35.3776471908829,100.97472365481707
9.830080393571524,165.86447505370816
131.9621931029003,170.32846699316605
28.590909755576583,79.80535294229395
55.7381321075725,31.67902625923547
131.9760525999687,50.38459022627677
20.902937382591457,84.9035102485526
114.3052956339431,117.12874345505338
54.73739771379227,119.93106254993052
51.251908375782456,98.75131972017299
35.4480343822904,125.7031055577705
193.66027108432112,82.4422094152388
58.767790502848925,173.93431301527812
144.59411171259256,51.51171648539233
124.93947805678033,193.12444017448703
70.17544497257856,26.037988645206422
188.38436993033287,75.17172817960446
135.48202829941957,35.25282106420256
39.83671419869753,59.00531156990542
93.33668215312284,115.78555378740064
168.9079052978137,149.68550528379407
162.72036879926193,11.244337251638315
98.12483689897319,167.95796833060973
67.39515033699726,25.03560574541959
190.29846008984555,125.22020664178403
155.5410157555274,81.16905615361271
134.0519059961244,89.6880020804418
158.81984044681514,105.196441436176
176.50558796497765,30.506115251215057
137.44631953134686,31.283895039282758
159.7180637109106,110.3842350609837
47.98731970873677,179.0825911575125
18.05744571226734,158.00082669563395
35.47983078329133,53.37424539391413
74.49847348904038,66.59187767316689
61.414923868194634,80.09382292971506
180.24601008404133,106.5693908416025
95.23851605396784,56.316113625580904
170.08035643770103,84.61391836598239
49.694927774406324,114.10388065873968
191.89307916614172,108.83443979038927
59.707964843098104,49.47436631189984
14.776082372260099,179.33277537766477
117.87521481263263,32.86747998072155
39.4679572189737,38.24260499114598
176.18133294662508,83.91869215247587
189.30247636216947,192.36656690034303
79.88656304350286,55.37587537808794
65.8135623632287,164.63810414113019
186.3171953408868,184.00809021793998
63.99247356110956,25.989850132643205
90.02925306448098,19.095606412560947
6.014284207932102,175.1990122628049
154.91052662173172,92.9125869887485
39.307977847636224,83.3272643738792
170.79889562107405,81.55688405074956
141.41659935418562,88.47999688312368
133.14408043506205,76.14065970383557
35.432194760567924,157.84963907837118
54.00199941975413,170.17714794201146
149.1766712812518,108.60513762794173
150.02838879705033,57.56860714848232
159.05151864448763,108.5996932299596
132.22527114307684,42.05409555089333
156.88963897266964,69.55280027463114
88.6790742605086,57.38631695081167
186.51163858108063,11.443157541520408
169.5394409778406,48.080649650131534
6.294787615825282,25.503535076808202
51.115943066217916,14.47587324110835
131.1170626403343,26.086435626070372
156.37691812285127,50.87043408161689
62.54333897901454,84.49618302399617
34.78725322847327,125.03219746479813
168.04112858950268,192.01567520437968
97.76658521939082,133.08514372450398
120.99045233505063,29.945203228016616
153.89382503787118,39.197362645938426
37.025319239007445,159.44225784079669
97.70617236974657,136.875899310943
83.04422322486596,121.54633019048285
100.61498341904775,87.76083601633826
71.90434020757296,23.244519210892992
52.69528673176775,93.44633049916996
51.557973549599424,58.72187049004751
42.14480202190611,79.08288385231063
88.20459676723509,159.9503456229224
70.14313648235807,62.88164031786169
79.98039117921641,18.75441815527607
92.31620728938768,23.631199956474916
27.50123121189624,126.77972901010311
92.21177373246657,6.50078460712909
107.77461667021798,156.90669628859538
43.70596800910523,24.859144995358836
92.61593296195014,146.08614557130633
35.07664126785545,37.334817291952675
74.06739300261579,175.3322579274363
31.141234697479867,22.90692066163541
84.31384389452072,196.29507825691073
168.84041203232937,28.424690057130825
111.70294144074427,46.48683297985424
186.1020046762849,125.16928598922365
150.8321379275267,160.27705984781392
162.39942422497887,37.54822548719376
181.66869211743426,108.02898831969516
134.89361827645195,62.00019641229512
20.443250144907253,68.25919439191357
70.27852721378436,194.80760836267294
191.3895197014562,52.256927555319805
151.402884073228,78.79645116646748
152.97243453771992,189.86462170805657
28.43317148391049,170.19720317886626
142.63026548701828,28.476974708891778
62.671472438797686,140.99033065672032
43.43416485899294,122.86244569051661
173.9676117495534,21.93689629967253
185.73539282954164,158.82837644185284
94.73345061971058,130.71349580104396
160.53770228704258,99.5928752443052
21.495769291902963,67.72734909591628
12.265671016283884,172.3548281379338
113.92791869960706,32.692005098483705
131.13502777579706,128.74011498151833
67.45026601668114,176.90767772210236
35.38803060108173,113.47546211195065
96.33731501904022,117.00048668392955
100.47797785396658,108.6868351749529
85.16012117702401,13.03630102677949
82.33182736452953,153.38923894084053
134.69332471505527,86.7303265849475
162.80579285522623,85.28049101941636
66.72291447057984,175.1038632583864
97.84269693035503,108.97518861972168
54.05542233123247,113.95502750984626
95.12347232597871,108.27634272080299
59.617877933580644,157.35832717961296
61.21025454620009,107.46472209044632
91.44483538297332,31.249623788307062
185.43400879430897,132.89522168896409
138.00713502082422,53.16248560454981
121.91434377136031,67.42440659595032
57.76449721399414,192.37077655931031
31.08645553109293,74.71561667367905
114.03929728261627,23.365859256048033
5.290580565115103,168.03771577680598
175.25072521687778,34.948170363575535
95.05869219707489,51.044110956781196
121.6390033519793,38.140229608026914
152.46737440866957,110.95373179187857
104.29823245003942,158.7991092021317
114.65705462890394,30.06013317836754
43.89549417822606,123.56504727307941
82.37855678726481,106.24549404779121
10.01678869046903,189.86795188019997
155.16302522116268,148.98060349318888
87.45432075900237,103.73763795031778
78.98082254269104,50.90479290688739
88.99675843295215,123.46932105469887
27.610052256343238,130.21849565859532
119.4534497049543,8.52010819041625
173.66672683262485,150.06450244065553
46.65955647490769,55.149896179131744
52.575691806680716,52.198577523911396
151.707706927831,192.41739632477996
56.52180365766198,112.13841405947667
151.72052925137956,163.27939811973638
134.80495337827696,48.951783067995
138.25656345471626,8.753154727544183
168.95334595765766,105.62091654304785
182.99918202086215,39.93207418993581
139.41995734411827,21.3762657038213
37.17545347040473,36.68375165005125
123.61975247954037,45.91060969000509
185.35131956132156,11.839689876476667
153.45387793497054,66.14009400286523
139.5662992349531,57.72383401658437
171.48918751999503,105.53598233291447
183.71473059702913,135.165212777171
59.15876308767825,111.92534064149206
168.9376823942075,161.33033965507488
79.59128615459808,166.0382437828624
43.53840148942582,136.50834764374795
135.61147690908336,13.849597799750583
14.378261804244769,171.02461811395696
138.09481671371395,187.89432988321903
108.62942468890182,94.15639412820929
159.1517742470376,62.799773795174666
151.61782782436345,160.94806608369362
160.76211788180387,91.86156340319917
71.34583105000341,20.880223997042414
104.2812591112022,109.44133081926329
60.090904035836154,124.35711609926851
53.581328044018285,120.61747864661598
177.67806771072057,194.6819007567356
163.1038951509723,183.8828866291801
177.40523318742123,76.00379849315586
152.85688437811493,82.87801294064985
163.5788289477,96.99031206529328
134.07455221936237,71.18136954002946
13.233317574984763,177.23481444269564
107.65439551496456,165.93912955129431
34.51820425947893,97.72835453323728
53.22121045135886,81.20211681952178
139.64812866807733,26.116211316744298
164.32783037962162,107.65106272598914
14.321790220348596,12.141749981996846
153.15579954855522,19.447276464425443
168.85603434257487,51.2596768767458
109.0969018764164,147.75417026090494
61.02471511926237,116.38254451734005
24.822068263693115,179.06117935785304
65.18382101408913,20.726157913741677
12.347760690631478,173.08597069218104
170.7842758390861,99.40865801445084
136.1010751294277,75.90505671113218
56.24840355710157,50.27815761127945
153.85954242824764,116.67153198087902
161.2736907464274,32.777087282963464
101.32636953901793,22.6705846903004
44.510668752294414,14.257520862745395
42.84926990456005,85.43218195617705
10.984466083557571,10.523189142393132
56.14418107701592,8.276254472269812
61.9705871996053,162.03851195074282
107.39146605833196,166.36454830622856
170.58571131364334,182.0843852267418
196.0587848979505,92.41497185773962
37.548572529224685,20.53065434745107
7.529776990909344,167.33348580672902
43.867266693415715,31.073875763922032
195.72804801962127,76.19447522344231
51.80702397340927,193.67863721731263
42.64810269895477,35.90366131257148
183.68007660806407,77.25657954077221
167.02693287793687,75.67820482462618
191.6987565785066,161.01324313924553
171.31812139792322,138.2594919433892
128.19135873797538,191.6008932285432
79.89299804552961,32.028479195120994
89.39872475238607,109.887300151853
63.51640423828177,176.27288699501943
146.04195437090556,79.9709110185261
178.64577324158267,130.28755653133786
162.27770912610464,23.742879399878138
133.47845177074183,196.09294230435455
185.68872064269678,83.90514224812533
48.00152086663389,84.72435687726444
121.37616237746369,51.725739261366066
129.1006709289883,9.15406031872399
180.27634702078484,129.4773654226844
101.2714319083442,164.9999747531275
141.64160997334022,11.946663540343115
132.8114884576475,128.1518440430512
92.9158285520807,57.32040404271069
172.6604073994651,13.075653379771508
179.49943480262118,53.88082203035252
19.09345097775364,68.89662706356609
186.47515003147913,62.03066560181159
157.81861709622402,50.79943572755584
44.22251707163322,53.412781343564454
55.90844063982588,158.48811608836016
136.08833184076366,188.11327085097363
189.41406036533473,110.37785749468244
185.69823372836774,42.14218618130484
95.90094838615279,152.0642401969592
27.957731231604377,26.621371746396445
29.430210182243833,196.12818776724916
141.12503549257846,86.02086094184992
23.09610254572979,119.11955214555942
141.13077182896615,38.59051386090763
181.65042939661902,52.359096139414184
157.25836669275148,12.775293341992565
107.36682458911774,36.77560408962305
172.44183127043155,28.31105678413918
21.739728071672555,166.96557533641052
41.576326094215815,141.96301378781877
151.8909317522839,97.32863462347706
107.84862468904191,162.58920728864143
15.102737608791216,182.24959339235858
104.78036887307235,5.33171690802695
186.3666512358008,102.72688828020863
10.397126047425768,190.04136307013215
108.88483819052234,101.59310996629864
76.47974323708668,20.90082259413978
131.13725697682253,44.779917631942816
73.56089436367674,61.043269783784545
83.07059539931954,129.75651147146777
114.11154184497589,46.606000757793105
170.1214023361168,18.034292470531135
21.30817812488789,116.43950781824219
103.00985096438424,65.69265450724309
37.43074031779222,79.39673898463299
169.45518948648987,22.188806602592443
88.00354539835287,7.7588451715933875
7.865238873331134,157.63922745102747
46.69030879834647,161.98095572596583
41.266132412151315,51.95680687963527
193.21472733519113,9.464085594867514
155.22857820235436,21.03738433241347
89.3699092076823,24.49250103330855
56.27569163609221,138.74576572592647
98.10245639126208,65.23432720938374
67.26487951563159,7.1169749489204905
175.4495111892651,141.67459286509785
98.97943662178467,124.2025107115193
163.9936470488599,45.6833187488538
76.74030324741358,25.820164666363713
16.028919635021992,182.20359639925982
173.00708995736008,93.10405219815932
150.018408457324,84.90572129228411
48.15035249472375,161.8343122959199
98.69805420857203,150.18725305628752
94.74637429820874,115.84187026378599
24.655610013918448,22.946781218883824
141.2683764051952,21.887071240029012
169.73892129699144,115.26645715228281
34.57885632262775,42.29914985622065
40.36767624046725,159.57142856368637
28.20659808304067,181.71443830752824
173.63085298269,74.36866436931375
23.52931328206392,76.71675511644685
145.77378209176823,38.94823217134301
36.367826867864736,139.6792010836644
193.3236996308358,47.79432133627039
71.76694456295402,165.6903154421931
132.12304658148958,175.86320228126937
188.69874705451124,159.1149234049721
123.68179102606743,13.204770378502863
107.24730511127696,196.47939843491022
48.983212326990184,66.9887758969734
91.12342859798683,12.50352709741085
193.0548397457097,113.73622834708263
81.96062735654999,146.19044962171566
84.76336193879591,124.16675559406615
105.80457253072218,167.770897538008
10.934195790882587,70.46449592600854
116.73226566372138,7.956461288726755
131.81933937852094,120.67568826486651
194.00266278004247,31.540593873583873
146.61755368912327,39.272052266972736
105.30148318991363,93.39150946557965
19.458883581089335,94.4999701813878
112.79629116864834,33.41420972014236
142.31919159159935,189.0192201478624
94.99376371918345,94.61684966326536
51.45900889496788,34.30920206175143
161.55873407473157,100.91001002111338
90.78764732972968,88.97159186486412
134.10279153009316,26.01590415098411
161.64775138839897,179.2317348969555
146.34178992106328,8.962213902087734
187.68703155901122,101.78579144079195
40.01377333241002,78.43158264368856
132.24060761916488,40.14935863667972
151.4142196428667,98.2945116333311
177.4136969405413,18.49208576142375
195.3199585083697,78.88835720632272
114.73349662083383,34.64992647569502
62.76609067917253,25.87093136675967
25.733590201908278,184.22862162528784
183.9635609951107,121.06168869030563
144.27770063149777,193.33944619137924
91.57390649028731,43.34291707523004
25.09831745798221,107.81259558464146
37.312601764096904,191.80047398780837
94.53228656503344,90.15804652139875
80.99260166402986,163.83406316262705
175.7346800857527,195.6663869999819
78.99848987924413,57.34475314620554
173.01903520743184,54.95175466835569
26.97878619273682,64.26958790485992
56.30288621732733,139.6907716283851
179.09254570989097,141.2825636427964
143.03083060803203,33.541935135868
78.81787242715394,36.074012684538154
194.0324569772557,139.27276346189808
124.11440571370879,21.678178632904384
172.82662837807928,180.8615849421609
98.2258892456525,97.62506161687094
113.5394470459478,57.678132265598066
89.16597686084306,96.86813870710834
196.97926402605802,15.329165275951691
109.07596859635433,195.48155465637154
164.40865217213764,84.83080457979437
172.6876529592632,119.61356905259585
129.64040540021998,190.85466527135506
12.410332736954246,196.47167771321892
31.60373713989543,139.35953734647453
60.23576172695911,121.7045785526734
155.3542732378852,147.46083855023713
174.8518768491043,113.802394766622
44.072872058525334,55.438823580485874
140.79277126810788,80.23700023794304
73.11870218754842,23.523519305147857
64.20872989320058,74.32904922274639
110.89152974018805,61.11620413701662
106.71534237359802,19.11020853407305
46.131305512881646,118.54867768043312
185.43309670073126,51.98853144209647
193.4824631691569,73.081800663254
83.81165918858571,150.53928117120464
132.94792624028173,93.55502024719407
92.15723415847839,169.56017489742783
115.20741145651215,30.02756232203328
59.185277286777094,102.22064448669508
55.541465640541055,78.83299377428717
144.56795062564044,192.8826122264099
7.261154636826188,13.334080140547577
99.1141585394424,194.02081043107066
86.71766740128426,121.14277440513106
30.571836795701522,158.09526908781015
161.87465602988888,29.434511224677347
147.03516624719958,37.08537531309937
153.19714371279477,81.08666528936969
170.55655994475038,134.52161810373352
29.585718191207228,105.14496364215393
160.8760338774781,158.7065654403934
65.5573446515771,176.79689743861923
20.575072373283398,82.00467426410549
150.91930116395747,7.271848553393458
103.21920680017524,100.24264261564242
146.57878469002515,86.12341228892
5.758488450321482,58.47040624075636
18.591978830889047,139.51284287165205
108.83985988064684,160.90386258749504
51.41045309549434,165.47906808769568
163.20264534843687,135.5718837421533
7.042427559137029,51.991834546914426
186.1670097078758,150.97524954504735
160.89590883139255,34.660621810676474
115.01072711011855,90.33200297708908
21.5846031750257,57.504162280438635
79.86738084255592,68.83856380509178
28.099213706382127,177.76129194699297
178.33743559689276,141.2535647737954
99.74039182620706,112.82142005471546
185.31040819413437,57.74672440012853
101.56620015487727,196.32368308077199
44.5499236007562,16.816931203119083
183.08293055032723,116.3315691145106
174.9889402574234,57.6194345656091
173.09706297345915,102.7150225902432
187.58897170455444,44.24669246706128
75.55994876416564,157.80054764059415
15.287015966963807,36.7327027486547
192.99503952747816,93.94276202941946
93.78468561371876,12.98624993151711
132.7005176140804,92.50284154259339
95.11736520879046,104.11416090899426
84.43969972508961,144.56887022653981
184.95134139257124,186.63209974545498
42.10939611197703,48.60328777860532
58.43465512505435,16.46184195777536
171.86443076958213,30.19008031117728
117.15634193311507,22.875041402743012
181.13259284311033,123.0310338978109
102.2027702693669,119.58119196559652
142.52488878821103,17.403303320593576
72.92695459847378,196.9346564412329
94.3359264639212,149.99290972635254
52.7977492729204,16.742824614921194
58.3603712676505,42.14391743981234
181.30783056112043,163.80819594956762
83.2371315145451,63.04298640494537
180.77423772375678,31.776408186651462
179.61592314316684,69.15142199003263
59.76874091751845,77.19757211206924
19.958300740733126,6.357898226165898
149.81980563178627,61.15405131955747
192.0610073281741,106.35006284256863
176.8056886173136,52.315779724350435
157.08122010974859,81.36903335349871
6.32622050665657,187.70653077264674
54.56808021646362,58.37382985927011
173.37633689688113,120.85426378100857
120.08433438779245,51.18153062149483
33.34890451648671,58.97854461837392
159.25947816624802,36.0540113909058
132.63970440237398,170.26590818512386
133.37084641187366,80.30476064786892
139.54587253466477,11.784788936034664
88.0881679019648,113.09900903304931
47.05288720179521,44.30181032306752
124.9660994065286,55.43088446287878
7.760428245425471,18.58621661776503
63.16256928581458,130.2344937676796
65.02614954133111,16.810960616472983
82.25635289155841,35.06398621483356
16.790065640971356,25.96107785213453
89.00106973968423,18.073896304916595
158.6628387368104,84.23453059945501
192.05976991245794,142.77266609051162
136.52522048705742,37.73226949213421
107.31690520707443,49.543235693171994
117.72351435867932,46.324950910572674
80.94145437350322,26.40012575445129
58.85954934363893,179.13874320614516
162.9307036100058,25.08240892677831
141.2547812959739,17.81337407289382
37.76465398199658,97.28608398043168
117.13659371589225,41.11701950588353
87.57704590031143,168.33414020382097
100.31727377843332,31.174671859591438
42.63008763607852,30.090511453436896
99.86978251436118,121.35879076566808
177.5896631489823,22.707980315886818
153.89259831203972,122.32544621934146
80.86460380505686,23.28505711828737
141.01060493144035,57.67099546100853
57.80657458014736,84.71828266329412
157.68052630145706,182.34600415245416
155.8956825633658,137.11419650984354
15.727701957394151,159.86768213066867
169.20867477122417,152.99086476075098
171.44234339404997,47.199734143994064
48.22702939629938,88.70756006638717
92.60021642934107,41.12285511504738
15.05349005180478,53.453227921027946
147.19546421070177,40.81274300203829
131.22570777513008,44.75080667500119
159.0524545636105,26.842113255889156
86.56029318297118,133.58207182940586
17.342543329871525,117.97766679521322
133.17408190034394,195.01725527414536
117.89814849476387,50.34437391141737
71.72361471733042,56.793658690775466
55.00524978721785,102.16665337180804
51.447775582294696,79.47535666071782
19.88112495533809,190.07783843268427
85.14930272512682,156.05971298747338
106.34253914785792,46.000828298378025
181.7746055089791,181.51810855998193
183.68380229268683,188.51082832652637
108.29078912483352,55.500161002164326
196.7673000577088,47.77573695770666
165.37339766690062,16.31174842290664
25.353998618587458,64.91961984180723
82.90930099285423,36.450243865766566
158.23936540287656,67.63600883151092
137.87362749931253,13.644658480633659
31.054591198757677,157.6783040867836
72.40374358756888,59.39721493612727
188.06312296817313,25.29914423214129
56.422058637262275,61.666783731043125
139.4951849158416,65.07476329271391
141.9100238565397,196.18749220136107
181.77715913759883,180.1658837997718
20.85932048378943,33.851521072938034
51.549598918225755,8.528038959056733
33.85782954559839,181.34528507685803
43.033887921983585,87.57176543733841
42.054281692698936,40.527034142771015
110.52913525221462,167.4475012285561
55.38738322878453,91.89358414315934
77.94248906586199,60.5606444704678
117.97113650278703,68.53590674780986
87.77185645607915,11.968127916099226
28.402806568252853,120.16630191763343
121.13320601548136,20.23146690598786
58.59114690339181,88.05269838611635
131.5483559253602,128.48941293477827
64.68308917130476,12.737486371116121
20.110518625582376,102.18884078419153
21.226897191398635,160.2526801345705
87.61247954622408,116.70504615297548
60.33725174736753,182.11485335659617
39.75066656065406,165.1141931847472
36.129511422376716,57.92667876968012
74.03008126841529,44.25007640954264
163.9576453821235,190.60938165622278
164.75435989763682,110.390462499976
179.54863382091423,47.11962698284981
161.06752464896326,57.005691351322355
106.23619247910823,168.35471675546785
90.42193081441557,98.48489289193604
161.42684269913042,20.907594032945678
169.03639560910761,161.14340472132133
179.8104261863258,108.12574309433072
107.92514979123327,97.30477149090856
106.31724437021222,60.96542465337584
23.142100057005436,52.88560159784918
45.36198039146237,85.6672535982418
140.7072188833304,9.915108811838145
151.42619368677921,113.80772823328958
163.73083471829406,82.5741228585807
113.03714550754844,98.07721432611531
21.490420015683085,191.36359098909907
163.33462906241638,181.5405216452842
42.72202298440359,193.66691609464783
169.60329717700932,64.34665613925448
77.78488525949847,15.88386693046777
92.81377136732142,144.65828187070238
155.76139507358113,192.68846794174326
77.67936123299636,52.19351171736769
77.05762387433732,71.90723848683027
125.0506739073732,57.70077369893272
89.67984871521539,39.530612099932114
50.33370703832436,168.01048401276742
48.11302053481344,92.62843101987514
63.66665536923282,67.17787028914815
171.75170550401677,98.56806448442191
88.54487290204584,19.700905844459907
82.61026427756666,13.951009535397423
125.63306647369872,33.02608200811057
121.37439991779465,40.60552019198206
190.01021207203277,195.36073917784083
69.99131644763109,49.768394968552485
52.3299603264947,94.98180465102176
168.0134896115676,154.69943182554002
48.97529099111839,120.22119549289364
96.81482984769276,95.718770188955
173.57769381805457,60.620880477425025
22.71275768528838,6.011001941442895
193.41148817656713,63.18965933367143
85.08170169744906,113.62309449212361
46.207248932493385,111.90268214196617
28.881902482295057,42.40283017386228
127.48965116310077,38.08785800175631
156.17883722287078,125.94131810841441
139.46331448198399,5.553487668080914
19.1775551730721,70.90420735364361
148.46933282326094,22.664738179328243
142.80698308088986,16.542762148379442
25.575936166771488,109.78699914656025
55.0293807646098,5.288837540193574
27.69096814934518,30.06075103127438
27.59577126797903,9.932327825095491
109.98782010144764,65.14039699163327
114.87345339692205,115.23979854002684
151.7937448397156,49.4042081595249
134.9877458598239,180.8411769949134
18.178735963663136,75.0905031309737
157.41302900903673,135.05312201029642
196.47214726103041,188.0402641016277
57.219433566875416,184.26982234582383
113.78021380758344,57.95640132428217
101.62755638198134,92.4121019859676
166.73216532273855,93.70360876667854
18.877849533739386,157.54784467559293
177.07117745925348,12.656436260664812
119.72212024432697,57.54439751300009
165.83472166885008,122.8208423764252
55.629541246132604,28.697503121668532
185.96144489383695,57.801493229253396
163.75835057466003,133.15290606524056
181.74415136195114,191.8569518284016
47.97478032053979,186.7681919271233
88.98579449720279,36.839911402896405
27.788179975167946,84.96015428465869
191.45267643146383,152.21593879939533
87.95486341330374,125.75727755516277
190.0857079690987,70.83335898394408
53.42495316267249,189.671742301852
46.138998605972844,177.1137208253599
112.19628862229679,33.58737890732299
99.33439649838364,5.380373792016913
33.89070960916174,68.7911034176873
99.85376693375098,168.45010135368364
85.34007717132205,55.3162830760264
165.05614363219374,140.79998026877294
21.87253375029613,12.948304077095957
180.56098429227924,89.12735303886008
173.98262532580583,162.00615567188257
57.5012805712474,45.793091285300136
85.75443272645734,43.25567105871959
31.717282264389823,113.64854110899176
139.35742279668116,31.99819860979562
65.5647452490044,141.2949422705012
114.72680876911753,123.61804013054045
95.87374071381272,121.890207442907
102.0088984491712,116.75910838191285
154.35089247416056,144.17758082890805
67.18217620288988,161.4525858782622
188.3755368665837,158.08989278975338
175.7147568463943,44.41048070739005
22.83017666018602,10.25770051316579
126.13531440174242,53.41847187761315
28.858521376052643,172.36902111476465
142.51266874833078,42.72248720150566
155.30898252184102,21.092750457525653
140.61252529968215,195.07204057028505
46.88044576681263,127.00329415318342
179.38664831178588,90.96570173187452
97.63178174103,158.3230716272881
43.10076736590926,163.25238629218214
88.08829334275838,167.08087860262052
156.07085813383983,189.7039332401797
154.9487276390105,139.6602542953378
122.57745527489325,194.56033146817055
113.3909854615829,107.360921541224
34.78069097114899,159.5460629963741
16.010885734676158,61.75411896290724
18.26441194262326,118.76311251141057
196.03049084155467,64.67914356800232
137.95941699030075,194.49977293758118
126.24138481319872,19.267222100865137
10.0,25.0
180.0,180.0