20.983212139259813,41.72662667351244
79.90864426989627,28.174474927682077
152.32051760663114,85.53895107058602
175.4274337294966,126.65955717619617
88.44681796107903,8.344121566156685
110.52307763862605,111.64466609038227
163.59818279526,149.12762026538522
37.37676198129915,43.39101390461269
62.72980482621585,87.40442750919578
60.351647810557374,35.265938051488526
23.852999535269202,130.81612877166364
64.17853850272174,81.36480895908116
104.30825619752459,125.95083947649177
162.00926765406587,60.98483931493421
177.62247021103522,162.73454593910535
117.03904106283103,88.36716837239547
79.55376181986819,42.5719257702249
5.342511852039565,48.16970885051907
86.32629108459774,134.34722067878025
48.03015010090411,56.319415124119125
181.820215744047,133.86763251843522
19.34513384575082,155.28815304575008
5.042180945315528,123.40412858293939
157.4627750839787,94.20931671756813
8.710340340951488,33.70204248944618
143.0693999184463,50.87215652266513
57.24067298712855,134.77941763864007
72.56485889959197,140.84660506830807
160.9084308897436,149.32893881517683
6.760780967506909,92.60980186643656
7.227864479571746,147.33560015658387
20.276071093659187,23.51308673488719
43.06061757631839,143.09939906983328
13.045933754096863,155.26018486137932
170.13578610115968,130.9810297829808
15.966920625686301,58.42415788574547
40.87496861171523,68.77332515231656
9.042407475206742,19.61233465533425
11.180958075265378,88.9821403812844
89.72304069829431,187.4619127965722
17.08325407161119,122.96683692335135
43.77307934277343,45.67482120148061
181.89148137704132,178.62100357566803
184.3841243354353,25.210356535765772
194.95559044504023,139.10750867047042
155.62239570789075,53.52155152247803
173.38559260387404,158.35560237370143
12.348860425290274,25.50633497328038
19.098750592538437,74.35140385032167
191.27902979659578,191.41196012080857
119.73981141972742,78.92107816618308
69.88433232838128,50.465075835337515
71.27896267993708,196.53098828112007
41.11591648512369,13.440506835917509
112.54052944881742,74.70213453952228
97.43927291644206,153.9437109505418
153.76006363578335,90.73922416822532
58.56385971849955,110.89362236307703
108.18531349876629,17.874591323188998
33.802255299581816,150.91905215057378
84.4335755829226,42.41343975278661
129.04018162830585,44.02031466263534
148.18653858944515,58.048473234162806
185.24596388339486,172.71215410715183
66.94759691234806,103.53788200007968
81.561306677486,47.28260417139865
60.84553425234334,120.16840896068429
71.00481898592854,50.721029613791224
28.846272050632276,18.61952499613616
114.74683231368994,18.915806782722793
22.32652851596108,117.37864263077836
15.708243571194243,105.32262712696064
23.16857591286624,67.60757025027324
105.70532338697281,134.09641534801605
180.01472298554845,142.58594268063578
184.05637837841152,173.43741689097254
158.8364978445166,68.6074650947096
46.358328007468735,93.20173162992586
85.54716511423673,51.611573354494645
42.02986644777387,34.75956858834095
31.403215688045286,93.41021049227056
42.28477089248098,32.761333347085106
175.58752299956163,148.2457815760523
193.60948111847827,161.6768513085866
144.44566506258002,149.98285595129903
185.74539172486587,28.93561026523431
193.7761045653095,20.671142452415758
106.18601090321967,84.87288749911257
43.92524361870676,86.57896044845644
159.7015105839794,155.50822057871056
77.41013073076095,44.54638844834202
24.04628155060344,79.34413649590209
60.84490421207193,5.566351679003543
97.77049768409849,143.65475683356442
6.697548447094966,69.3834842000692
43.602623330137334,114.68348740918057
11.340521760057591,184.97360064154654
17.544682584667466,66.60456018014948
142.18338348593554,18.623219310397342
159.06362557451197,6.444834988753705
51.28903287829418,192.20259193669847
118.38605087440246,163.01516582460494
56.37145714642073,92.83615736556698
54.403590521233035,21.521973338660533
171.63525875565514,71.10212348372544
148.46191046684086,64.57334120219102
193.24095181428078,131.51076807443715
27.27931693395919,19.565459100202165
40.23240975123346,45.043757629972674
84.21265448726407,14.215288559640669
79.593670209701,135.75554289603346
163.82643807567104,72.7522465051067
103.93452932071659,117.78251474129446
173.1301341457393,142.49260431624572
85.41087286701219,52.015839802331875
135.96917438005823,35.27029227966726
20.005294716404457,61.6463064959384
74.89266177714171,47.837813456456274
82.25843985310729,126.01135541321433
109.2826306473331,123.17818111893621
115.29431969150279,132.2243884234169
188.37190631036933,47.013030230855904
141.20562465436984,14.996659189168275
60.61678334636942,172.99942245309964
59.15540748212934,7.384815878470876
181.17571514588494,16.653506170600668
97.41085466758501,76.26658502358214
77.53842222395531,36.76968897263565
192.23276476174314,81.38720478440817
64.4728909440275,26.257587433511283
126.23551238694905,43.93164977685062
116.27741220398194,144.29324564703558
140.55849233916484,36.60663154294049
27.08843927119149,91.76205961903798
65.27348727246907,144.3154308904187
85.5833580988738,156.95904457095617
173.69604060627304,132.9122713340505
42.21793240459255,130.88516198278708
71.98514234466104,81.58908748266325
95.18505568894405,195.11988625462018
140.65535136942077,10.73370284463874
8.77209249942741,160.77382040979577
130.3153820170313,190.3011434838659
7.553740914706671,77.1280766047246
65.08996606265325,52.108945545767824
54.341730210099115,187.52748492397666
115.57686337989789,108.08637395992187
196.61375520699517,8.190986822593539
34.3970152735869,118.64027786284922
49.65831353177313,132.485156763641
80.50134949088206,10.997123718492936
153.47471445751444,149.06320234211518
18.96941200297654,16.872822097026777
31.526300949059287,112.10276083320919
135.77597388715694,49.308602257123646
5.2556485182027055,156.54948377565776
65.16892122834469,149.67605916957274
27.177540200989938,66.61763354133038
52.69685141234699,8.684727425049648
52.29422750964801,8.440614776720778
15.322054245100357,160.6057299705935
140.86108241251623,17.730695778905957
27.903755978992674,39.535631951998276
148.27697433492685,47.305728057511025
158.47803679502556,75.76178225802244
189.44922341871973,185.09197813626668
147.04858806913697,160.68171041883582
172.1555192999448,173.34937908585744
114.38068931871662,93.51931510759218
127.0059132625967,28.666676532533007
174.44492185221645,128.46570315562937
22.481764740476226,36.46453529988996
157.73682777268175,147.98596572056988
37.024095246916715,61.726268600319386
98.51448377428787,108.74297469370615
71.16599395969972,139.91899146096716
53.439266040922796,81.56712677293189
39.22956071733557,146.56537470266562
111.13626638009991,117.89614750420635
102.58824976044124,189.32614514138297
14.914431568536202,19.23087187176765
8.70346522878724,128.62397710245477
75.74357059657352,21.619434111631076
145.55405061368174,103.1902706316645
168.4426450193636,126.01569360362218
107.64360653182469,117.83438204440334
15.68081751709871,75.33667932250147
185.88233242262402,24.742222366333525
194.64840164733263,154.20738780408692
43.44440829208112,50.08293124456751
32.589122609868234,67.92889464409244
62.24140511295204,101.30456338707167
161.3718282165068,152.80621209944002
66.37895294513892,126.47793324023381
62.9173084357882,20.67139090791076
64.95037463071127,83.79531026699533
29.398775571864437,190.85622069621053
51.18461583486547,12.417994889472407
176.23982493922284,144.96261156392728
127.73219480236794,194.0961115258218
116.31239890854292,78.06450326435782
8.086410826743824,185.79993823041883
16.22148135028438,15.226160380829963
72.78354215932899,14.916445333313304
10.534438149981783,139.35247719566516
61.79680293249364,51.37497229127586
86.00407633574125,141.88317038293746
160.4358498978594,147.56767376842978
47.55623804100195,24.370092206257432
188.52268405091544,157.87390298854422
7.425147525027958,183.2381858223136
108.02286620455543,146.67404543683668
180.1950776642804,74.19473068122018
31.54209397954501,98.11787716075843
180.2622272850067,126.3567656370821
50.241249910532964,174.80607059347278
96.58872343707763,161.8765945864021
191.44520469042374,37.217330917074634
12.992735098591647,90.38660091201187
56.73413427467138,34.933105768904035
54.64316083542451,97.87321423493988
132.01959330884043,37.98585845691804
76.9006454583231,157.69368995873066
24.52426839580945,103.38629525618924
191.2741343185926,188.52178598310533
89.17202816274553,162.49823375014347
50.90542328403389,144.19783246393806
73.69370522073143,150.68603669473117
25.171841512023597,97.38506696503761
65.47710277174008,85.19829932757031
34.3321057134026,10.39070038443773
71.07847619055542,5.062321181945638
59.674819037202965,116.99418426343861
30.356618240864435,84.34532878168785
165.15739251591103,193.31709383850244
37.979659358197836,76.40876657352493
6.49108400542185,152.78376070744196
54.4084891786809,162.7795502795512
149.65811775467384,40.15428572249804
8.26583406828789,132.41190502979182
175.57199717431496,194.05980507165427
181.82571800020824,169.4622402380073
158.74535791862718,151.56320113229424
63.991147592014585,17.52999362763064
54.61551139574037,135.76185812613951
85.62662492668677,9.59071685976156
22.977845487371926,70.02991676995168
170.71575112367762,54.49171956993276
99.75849869967576,141.4509938394177
11.189980146977973,186.2099844581613
43.63155240128836,139.4414945691744
196.53385424828164,112.78352009668053
81.20250237437789,141.54681096862913
112.73656086477487,53.14613534649181
187.1108743103485,55.63996981377716
27.685045367767643,17.301615927748973
150.75363048276847,61.19600991698329
10.519930061261718,140.84826374418952
24.146657405184634,46.59913121812354
185.52875465374282,185.828347772296
25.084700555226323,63.67252529287801
92.24068751617845,19.42759548215839
115.8416151728705,112.70859761601335
50.26776505503021,132.74915547875716
194.14878376785268,21.23326511260035
174.22116648452374,73.92637767527596
160.0557642443361,70.64118015137716
18.35935269033325,66.78654769441555
87.36138697435744,125.10477465177189
80.58411997886023,5.875923171786578
45.03056796557509,189.19891512951463
9.663679102687384,155.26308132438882
32.62091293458381,146.01178341465413
82.19990159361059,127.57783977041416
89.6580044951653,32.05089096919342
42.534833675304675,73.36786809537261
53.54644487701225,127.35536912803998
27.089328190216154,121.53925747800544
145.9554570784005,154.3499307394456
188.99944629848702,190.48368102486972
131.60263698945712,47.34560838509535
75.69308037171743,24.998624648599666
188.06677468253852,20.41349137565239
50.04401923681586,149.10729456676702
73.10435361156205,119.11217778902684
101.75809589842297,162.0686535782293
58.73383625806143,159.37995293008188
108.823109301161,143.47626031146788
13.70419426560617,70.23917662533398
7.7159575800854405,181.8790369796003
106.23833911543849,114.15391144715913
11.176165465724313,110.61863977773872
59.2942702508351,119.37673321373887
83.83991510494096,29.916813274334075
47.03852651420864,135.33080589461773
59.43265484890538,150.8980199315858
62.636872843066776,36.73739418546524
69.22744812970005,24.585742473396266
87.74192308604155,84.47342083071108
65.20393702633719,126.41530879243754
108.1066885900881,52.67783678010005
26.16472927179472,100.80138184712422
182.17701856617228,66.61477665955782
176.9704088035422,67.10265133625923
195.35352258840692,61.01232140717425
171.4397374456734,145.19572595447497
58.442902579897826,187.2351751085513
76.22180171764258,156.68468558224743
37.63393174947121,82.42975621434275
142.9356147764161,46.95373186512834
86.58592012110111,10.1367425144559
187.81815750796022,179.78361803005825
42.301911805977134,20.628807831574946
150.64982119030898,146.5010476870268
180.4948736076343,159.73711082045097
13.399512854189224,89.73595445982232
11.852788938096984,91.20872900362356
170.03618890719952,151.58871425517015
69.40267059621077,188.92311856468805
69.05182832783278,117.45880208352395
109.76593893932154,14.06440308042038
105.37690427473771,113.42111557428777
175.62561877764665,149.63377843974038
192.84627950952793,74.96302679436245
53.733939004943196,178.39474264144235
118.29272349094907,184.83210254058443
12.905883189949785,51.49158670035831
34.17367192250278,16.340973702017962
35.26052920146337,88.00094648718195
119.10880701665168,115.77408479591767
166.53846369746964,125.11143261025958
72.46957072631699,42.43155526742067
185.98724929101536,170.8480202230154
5.103689032519686,139.10508268516867
9.40450586578836,130.54632522456907
54.79081024117853,146.33996780827357
7.6528646365369974,190.60512595906192
19.650856796028403,115.95812229633225
57.02161161956636,136.42544721770196
82.54481755263575,122.58039912421052
21.26133468579834,100.41318236389985
143.42014298859462,26.921966818075465
25.885976456204357,39.844734839065424
144.81593196702562,69.27248374403639
86.9654004245532,124.48513804609553
21.294562775325584,75.879561703047
137.26386263711322,47.743968598672055
78.10669589946312,7.870155730306347
48.80402660392214,51.52756988146217
148.68352765371563,102.76204551832257
13.004428104277583,129.4496906053956
54.7253786505816,115.95470529741519
184.14577230031765,33.15782254079583
17.281465997503275,118.56683500222556
149.92783318948318,103.3973521266202
72.74083735664912,161.7106247691439
6.136829511363709,110.17150204822305
112.32049965842646,103.59844263133151
78.67894880638062,158.77267110062732
56.01499020028766,119.10584379817087
79.69712470865832,186.34590539205118
49.38199173281597,7.130784692514263
91.30902579570885,34.196155983905065
174.53142053546136,177.81840061268107
177.1448174707417,166.74653589436087
33.09263924139095,67.7041821163095
82.8572206163928,52.24317774283539
10.664977739905176,138.05045272757627
36.40646766851182,182.61290860328975
193.18212947201323,180.60028102494448
6.7625678605480495,74.01316332233327
121.94092975498533,50.73115987421205
20.416861092415633,123.05174573158993
37.815432409920284,18.449333032938334
42.25764461972193,114.17798713446568
59.79313286558679,108.9214292381567
49.77643812356131,16.79950777511697
150.10719684760886,157.79273926179957
41.85873833170959,186.94633416257574
181.94038476883745,66.21151377324705
67.15530119266334,118.14996183905309
106.34960544198347,186.59707432113362
8.101396109881058,177.99741136247744
131.9826875317914,47.69890877079346
190.9215122151741,33.448497827225616
167.1821845437463,127.80872980793922
123.27306760243381,15.874991581201561
26.487425384754555,53.97244167337705
111.75523723083259,162.02556939878278
193.31881767255732,33.88063288732806
147.33576843845563,102.0268271744596
52.32045152358418,166.34757277463865
81.36485935983569,23.294291836790734
64.21038262200724,138.33609112153192
57.96471852757973,105.70486515856548
21.119549487117244,135.8702177881134
124.75234760050289,35.82983870307433
44.8587765170769,189.3950636170645
18.808536718849215,196.9346833741293
64.12718426106464,129.21243771852255
44.429480629955336,184.15775994259627
46.06446806491795,29.579347702195278
129.91913015980245,52.121991359505664
24.153635352973094,25.643402374251448
151.35147814873162,153.50086451233972
78.46534019904345,138.2299901172251
40.39434920878569,26.614257027020322
23.889414179672272,92.51661390773215
98.94755875513285,131.6751033666726
27.683840220291398,113.18149090880256
71.14427302871614,45.86141950538104
11.567371132046299,45.43765316373347
135.0894924237128,7.434801834008771
50.97536521171799,121.69343261254069
192.57124716127822,43.635976407509794
79.22904983164754,151.21417712549993
67.6432262372142,78.56087716798667
195.38992015320517,147.32161138353396
44.78213303450973,119.89057881100119
5.140804021602141,127.59202435294698
15.208215445705633,151.8625359997702
39.905388830296424,70.45654189929549
23.1330178000261,147.00756354617195
49.85149993965467,43.24953200345325
71.22389886469652,53.77133695671327
103.99787712021559,136.51601065253718
55.010761300362155,18.00235327475778
193.7647957186328,173.32088947346543
44.403056116846564,46.69606065583876
76.4272941465806,191.88257940049684
87.59746508460738,145.86803248874392
68.8194453529002,24.04611870492606
187.8528704998915,38.871619433932096
143.06795979204935,150.37279072259696
101.05715089722239,52.503195490343714
141.4331504206577,13.76219547120496
20.6594752181092,106.19229506338037
158.18627799040692,112.63047496175378
33.31650649205616,23.548364465020338
149.344910155625,92.481341075935
173.84332355493785,62.19787335822525
172.66931795682243,8.357920764171633
172.42820379457106,52.27427338986002
58.151954986835726,196.36673465475027
187.87361619088708,28.95662635952629
77.83035556787331,32.654447724075396
54.371540238474005,77.2158310761153
196.19650447470985,178.95996450102172
152.03977800306717,5.256243082514274
123.07248209512225,16.908224770624813
8.477445108687101,68.45388351324183
140.1496080500103,20.29027724154398
9.917414848676481,41.19344764074346
184.61725245306806,147.86267854376308
38.054700896731056,147.3119310401786
182.45153484136807,56.64746199962926
117.26796156346148,6.347963708823291
25.89582267597234,133.62363746031585
180.46428123160808,194.71942095744413
196.0790297792517,122.89701189697922
120.29237086383763,122.61869783300786
21.47094278901814,146.30330887706597
75.15064848764473,187.04433060994054
68.89430113965575,51.909174957100305
88.86022225392014,146.25582381365038
10.406388874128027,181.48635814606754
147.2603079719453,79.4533359400295
70.69580229166299,13.209070950291993
69.18708501363545,45.859186514301115
36.71726483242604,61.68886989059215
48.22999103889722,83.95425981083665
101.2373215108798,100.54094855727787
125.3822238634204,39.88133367258895
195.78438065444053,131.59864922668493
167.47458941094533,63.65663526656994
44.21298126057754,44.78904977782418
28.25972468491315,20.109624317632697
7.930972554672952,10.99494789759263
42.67274105378767,49.832663640621874
109.55622627397625,90.07884501776313
173.65944731480107,142.7454821309679
83.84807897400748,186.15458523331384
40.68134527056252,146.80527258320674
35.62795697150989,111.3870426187213
53.734857007267586,57.968958124484466
188.9221145213412,193.1878416261327
33.32525244305359,102.53735034857343
8.378618415380055,23.919961586757694
139.9008050931589,42.597420600687336
127.96662681171382,35.416732586492415
56.00384640971322,76.03317200787781
53.46914331898774,142.35788474149243
102.15734578003982,126.89623497395075
134.0514448410695,7.614743952652285
160.18307396875556,62.7104206566208
172.52921885492663,189.72950660779318
141.12932082193694,99.83281077461865
75.38036032760048,117.87061569948318
15.225371544898278,53.34668874546343
94.03252198528916,138.97922745517104
102.31237269778538,83.85635255462525
190.10040402115686,90.11213015541989
44.57944996563932,32.17856731732573
66.1586849890477,37.650779105689764
150.31072298535517,100.21493738414817
47.636089827750425,66.25165780043622
73.79417441708061,143.24646231797902
58.18456459925717,145.64672258451387
24.49875314228437,131.69151089293746
150.14802546092054,53.52957540174463
88.62180374638474,119.99878176089703
7.775651502006242,74.03811094514847
14.538844276915242,98.23320161279584
30.767010207587457,8.382139332560083
43.18353357632053,8.473571662484204
101.01194914633605,191.96450017134808
44.99611677193373,128.68441046586364
99.69935052660902,124.79400287486234
72.67229186332486,85.17526586313356
176.09671461927675,16.622119973829754
152.88779402729526,95.32425335155791
87.83599308974262,9.68288509627438
89.12535281757368,192.6517099600217
196.41883304683213,128.54565805370285
23.34811187481265,90.37051155537506
78.12413096722602,5.4325292273891455
180.66053546421313,154.0378953300204
62.63033706140876,191.2979080613705
101.02919147239537,93.3793527259355
153.0580228226499,193.58485842595124
45.39645416438696,35.75800358245418
8.191818845057975,104.9591022678123
77.9365834743532,134.71875400763548
180.93442176182512,72.93953331125414
8.925501328050931,42.79184426887217
179.91825151317025,14.763377983414813
181.486498449502,165.19086118330657
142.1689238127306,157.3230964202576
113.23071021387025,131.5373930345173
76.44531805371966,18.093153261070135
90.35728489203137,24.414460853913347
39.90810536047611,12.578115018655593
23.43515213439899,73.55516856927491
156.82779935817487,97.12287131478553
100.27353029174104,109.75421464367255
50.95190903240817,39.062523951507515
94.33157088725385,190.11061231214157
85.53716019490913,22.35140119883615
54.91218194410754,51.20594087016029
177.94832528077794,146.64940270743557
136.05508984299288,41.940364301235554
98.0931417966046,114.39280672459975
36.08254099884687,90.08793043026508
38.25805354256035,118.3641816732428
6.117812157657176,111.74452322688397
149.90292747681576,41.36547366546163
42.30980797766482,96.09622547091756
82.15733091841827,16.48054294754682
186.40040521355067,71.24855989322583
157.58026212092506,59.88432806061017
106.8652766428363,142.61430450171827
76.29569394187487,47.03540653050293
196.35300078431268,177.02919282295406
151.52208591654377,61.600088944925254
30.52214260656629,115.27538501348731
17.13822520829111,156.6178214750962
117.85609904518405,78.70009870761656
7.9868188339728565,51.61493035003567
7.265283026840088,155.23748657470784
62.86498734939679,87.30275102597321
49.212917814299246,82.56569691328741
143.0257327528802,25.96332134213871
38.62073755670016,149.45656137904254
66.69647677409104,184.2645212039205
78.56589745269302,117.50423350204849
171.74643490160972,190.9292534545481
183.4618239869677,19.559744929002
43.37415725933938,88.61983110349051
20.70906069755072,74.11271707297477
132.82077172449158,36.738670219694974
80.55746895954977,190.33183472152766
28.957509586861864,108.08526498498998
101.53893901492738,16.174950266870436
76.04211783003049,19.754209649242405
20.42007818794992,131.5354400849
196.31379548315346,15.625556987861891
55.76649026876283,113.6509075741645
114.951408402071,110.25722090228585
105.8650327698527,142.25204781810248
76.42760690045237,118.76039146336092
180.4117784938526,142.0570347472087
43.07718554350682,129.3112897632769
85.4267244867351,15.393099318348398
43.86153981363745,47.79624217811012
162.24140356106355,75.42115187693507
58.5713205695144,168.23103384521943
21.53986865943421,91.59071041170372
23.16429930710688,188.69761638270398
196.06361829819502,32.30471615731796
44.94944886337464,196.9091396679417
158.0615418053856,159.20309789865604
145.33314790142197,48.390865064113314
16.066037862436435,89.67104025066895
112.08412728924174,117.34041519598361
71.62589315323241,155.4713411053859
133.22694449542215,7.03223709149185
189.6778144403596,49.60077650693231
47.399780830646584,102.07889326208564
162.00701191380247,158.75553626855358
96.10443677253821,184.00505802858675
147.79416559498685,54.64136501710628
94.03365950244762,76.77333654598424
46.15755127112451,38.17537518143935
82.3182569228111,153.41088205765197
131.758359297989,52.37122142760157
22.047323665818713,123.74065852451231
99.87370377057483,100.35084593719782
150.13929728540035,82.09159552319521
179.3036351814624,127.1141469377026
32.52829589230098,82.61821730860486
147.79806873155286,145.8477832442075
24.68090190765404,106.78003292741587
99.97713784224322,126.8402229076334
189.8395762479107,93.98852671198124
15.849267985808826,72.03031728755757
119.90449426002117,156.54049944110088
149.60408769101122,40.733149086223754
143.56846560011707,146.32997502482655
161.49499916260794,192.39105163189507
25.4060534620209,71.85850393187437
150.03622877225078,69.49479990866675
22.55232636131552,36.550296727800074
67.4005152381695,161.72215551924853
87.50910543828266,138.38528733850129
22.481629758298666,24.070114149721938
122.43887806870049,195.5551935128628
40.581078229692714,94.45385172654713
47.99342055224616,181.85160049148803
10.627497504932036,68.91940490912658
89.01545151371364,188.86190793701556
19.090799953598715,44.447948762425945
37.92408897555033,40.14226768588158
147.71737856858022,156.260614012508
51.19551757097245,126.35270084018465
40.38647050171079,150.67354116599986
84.53021210183688,186.21315823128938
154.05259686250713,93.52555106524652
41.77513967901798,134.21960644687417
194.33237785891862,98.4419812903768
190.29761860327218,8.218803324641199
78.8466307777991,38.161713749111755
48.014141638497016,19.79452616449824
93.5741703079122,154.84168273217938
35.40353524975962,191.8954664546495
92.70136447667755,158.89001585832037
183.18230839594273,57.969582483701195
89.43685519629874,81.24263021769151
73.7386908772801,35.94869736630361
176.2262194139188,137.7937489428684
179.6840256137242,192.38718012973345
83.38707644823964,156.99930653255973
61.07653295086726,17.14189139985067
59.27486585554834,37.62595535377475
105.16583043726258,162.75274258922
177.3464431140183,192.5243293622637
113.25839776811586,159.26581841080394
145.3493191344274,153.15702489248142
48.01148274011727,72.16489807490542
120.46594778905602,134.21476449281437
35.75629453495809,45.14316691959942
146.7047780599543,61.916024449471244
165.05494794454125,152.89569019686377
14.656853397247485,146.9850463499872
60.83443432006638,102.10057161723809
133.4302660736304,39.600234722111836
5.4840141390295685,85.56640737758667
83.37108174152421,185.9626137144369
58.355155926899926,41.710828137282284
70.61543522424762,11.904769521228669
100.34472715749679,8.732913336935336
132.2774546209282,187.95755481326708
188.69297930020616,148.21314121896555
53.16795206276076,73.51135169149975
52.655749325737666,72.8259910162316
41.70952381938182,72.22389236646579
117.72054813146902,109.30776401809496
106.1461906789733,141.54458890015601
119.86338318585366,121.8443029419959
90.20643114285764,5.816253210111485
8.457582311226075,152.37709476035198
177.54319714249147,190.09421543831843
13.076232301516605,162.41399108774868
28.601171111384172,35.28272425494896
28.583879989954195,124.30677947177539
91.3927501810361,10.76137566780294
179.22464786612235,184.11685175428065
43.265956673188356,16.795002726014204
11.493211435857901,30.821350084389515
81.58842120975773,190.38813089738008
110.65884065337097,77.48891269546756
27.01609529661407,45.17709145069364
112.88931507116132,135.64296175303463
25.991997905505464,87.88168228865308
33.56947235505976,47.251542992845636
30.05374470242324,100.0978456648248
24.153930168840553,92.30164939878932
55.09924717883089,187.74806990250553
120.18232500339288,109.06364384789553
67.29314188811355,51.634450543049404
184.2455476537926,180.19974035382418
47.489423247288144,110.74298713250279
33.30459886352324,65.85162574438773
26.44362823605763,60.26174187626988
11.021997436185105,148.02590191609264
24.98282440053119,106.08401452708236
108.56945738197548,142.0541834683099
14.53935837450811,22.12072946535095
182.97727259281132,191.48516725189572
24.80101361757644,144.00560797417296
22.504116412385702,195.14586521219732
195.74595693552476,36.973179464142056
176.6031526861168,167.27703385839837
68.73378647972982,49.073451668620166
34.56960199478081,32.24365561822608
74.57543649477384,24.55311653030477
119.24555220715543,81.92054797362039
105.8324439139982,81.99679186702687
49.66195526364152,144.24740854413034
184.45604845906104,72.79246964438643
51.78180711017525,161.98395403202198
114.3501844810169,77.98284175772254
11.624933994240719,180.79307753429802
93.6837095885745,6.6650342446226185
182.686416574367,188.66943304952258
14.652471898852768,196.1960287307097
146.72174948224543,54.204464322067004
33.85904556507373,137.7106215542438
150.3772264619759,79.41486823042617
73.86465169666826,130.08332638716797
70.90436509333084,79.33370621389412
17.93867517132474,102.8414732015072
126.24023704703572,43.49139844169741
75.08003195256455,80.34185518929495
106.46011719717681,136.78352586370377
7.691921112552857,82.70830747453067
78.25424695613081,131.88473814862078
102.62440863898478,193.44076555176107
194.15971370553916,143.31736320366977
53.781734999406126,178.63736893102515
55.7344665807596,89.03421908137867
140.91097392078396,45.8858553994125
16.184382480572403,161.9217434012088
43.002282257225744,139.58836967598765
50.87796757348123,102.26006348781844
193.2818895080449,105.79126803611723
83.12421813207129,149.48303518713803
16.566502083154425,77.50479168730848
52.04264513596596,195.73489396326
115.24854294929891,113.377027079382
87.72976405327141,184.57684400963177
74.26479805888108,83.1551835489251
63.506685897143115,83.4206820340609
132.26672573430653,31.427146304920853
51.50535415014855,16.61876373290164
176.73203279910996,145.88579287273657
133.37095077352444,196.8262591841226
96.47274513323237,129.70597066503683
155.0273228770561,58.795901959089605
178.67610023610627,142.80217536479532
34.75425834489697,136.45300603608828
57.87609889164146,143.86240599183984
168.99207132878905,149.51004459885903
35.61826410869532,140.20712240963599
23.608750851372896,6.050727288656778
132.92828738877375,194.82626630148494
21.792482487123838,30.099775881706396
41.954335973533944,46.61760945570385
115.11448347458185,6.962693861216081
138.56430226978546,40.4111494243348
97.80466702394368,101.59580749091386
102.8338136777152,116.68505107966621
48.608760538937474,196.96149357743425
29.900834099698887,106.598304885833
19.553613013946254,60.393293578631486
151.27237539425747,196.6013792018439
8.94700395197603,89.40291864235161
50.09677571912669,147.21204946080192
40.62284527360278,134.97955858295322
56.21645264669085,87.95019813484578
41.07049957734379,147.0571384527403
103.03809755956085,75.97688219727473
6.759542903687238,148.12330709256292
113.85869578478899,18.62596839641485
38.14665415859154,55.52700209491509
5.425908989985161,124.20950993791767
58.78190052798639,175.93092425715352
20.55819991739019,180.18709948184562
48.165820505672066,138.90026469728218
80.6980220207933,135.8265400621932
190.24955374149744,68.7821872998321
151.5620075122091,52.69728891746192
8.250079384501129,162.09078010241484
147.3463167011183,158.9261950443842
7.829661885273998,80.64203942125532
144.6563423308821,75.7088952308167
19.294295576166075,118.55875137182457
16.368639635013597,175.75750242703745
196.2472940882597,65.50585377065585
98.857206651344,150.19888627461216
67.88953080617557,31.495650734352846
137.26350654215057,36.791602116614015
15.570009797239488,174.87147101502325
144.36467842308912,82.51792240960442
89.25461752062294,13.509704648167943
66.13382501279187,8.67921763655821
135.64366352828162,24.588435505185632
27.343522531881085,52.05671241124478
43.80022301746633,125.1748490085248
143.56604380351067,94.85251427333228
161.91582203031277,51.37502563113975
35.84704520235053,74.42701676677206
100.8650878656966,195.57140933342785
9.47662396510486,33.801386265549354
73.08560635002593,8.703095906204306
118.15120746589736,108.31833627493262
179.54493157413327,180.41527496803093
193.6965274423705,124.10474633358047
187.93867377014507,180.16332253896545
14.662763876186691,26.45305736210706
7.940904002484377,171.9965318330591
54.161442672685865,106.0080339717449
9.747708676850515,147.13792211030636
33.61408587711643,76.56605818539747
39.88808462730029,125.7657376935458
107.43088955659195,89.04153293750858
102.12674088305758,52.92971787451109
24.202253515950297,117.14301450076205
7.439297951622088,162.03929014797208
11.746864987370339,35.220205621526226
52.69989899932872,113.62938165653472
48.302452413420895,69.09763892752625
155.00488876038156,98.57824058717962
57.85948578888354,27.319631370057348
18.05585768699442,104.55740938921997
124.46097606709883,12.252841914433432
184.89174675153433,166.49057554927433
9.12038792079907,90.73172121829265
162.0954955828504,56.723735756978066
5.628349257798112,61.793109159927425
33.32735502592352,137.83920062357728
108.70881099593029,105.50968305334054
51.52963740960537,179.98025731322736
181.6419385688456,192.66241208915608
146.20149256574032,91.25273776851186
57.66058992150782,118.44591153492196
25.455503904063896,126.1836801248645
154.82977116276913,90.02531395630855
29.793715260388353,39.6165558492581
171.6740486348896,54.13547918861263
66.61122682899568,35.382616168605985
40.75364006497822,23.02233336505879
54.28470015888485,11.025632010989781
184.13724652737733,158.64816275766725
16.346130537237,7.229602215112521
105.17854441376107,131.6183984739703
66.09576334785957,151.80380329150157
158.01551802714755,100.74461263069576
183.51793631176287,49.0934659726276
37.13576923159584,192.56865620916614
36.26161245357734,126.84069288710775
63.96386015323144,129.36155193379156
162.69500590689339,64.49808320733494
127.49038278020008,36.66226148450441
54.390712038314604,27.07169790265755
95.10097059684178,131.27025538815641
101.21768084191609,9.981532505544992
115.41566889313195,150.34342390621924
194.452188290459,90.56536078427459
95.0813856613283,83.53080076944052
19.988814178139602,6.453280409830409
143.52001128406755,43.71595387211592
35.23683168248744,68.74228612077631
14.631589712081462,191.44322573508478
193.16360437701783,150.05318988870508
42.357164128651654,95.82679071006073
132.9143185011603,49.389427973088495
15.837695552598916,157.81286833987838
179.16203263435068,180.92668348769934
142.7452865620327,66.86340293921941
54.00541523550978,83.90399595355622
46.36735037733609,76.07869248865332
16.489048583422115,165.0483517699792
195.01914384060922,177.49601788596735
15.458847452479839,120.87440444420083
134.59426336248723,187.25739922531054
97.29764473217924,89.92049074566935
62.6904427977357,9.205507648965295
103.96815627786586,127.28672372341582
29.37540442570313,36.45654842982675
33.34553776223019,140.4596990535092
66.94732328392558,106.50292896708606
37.72880653577832,55.94589949795058
178.07481009331312,137.79130282398904
128.22599653825762,17.178853919799252
29.00965412290938,18.719097143712347
61.34809251771998,72.09277625200373
187.9158433086525,180.4148075332364
191.4787344376703,155.66806059306558
190.76366188036346,44.004397808086104
21.019492123247655,186.65433421942714
10.223130266379185,186.46722954013273
9.526852631817697,182.0395987586999
34.68302104242429,143.49724781383813
148.45703299772453,97.30882275053887
52.2335853395958,191.4193603234978
78.15927918924116,155.3914385370627
57.4368531696995,173.08194993195167
195.97090158091686,116.81641855803751
39.66610876739726,78.82966019230096
100.21732882129076,103.77296862865992
109.5540047067396,125.78725001366948
174.25297337815354,183.77053356851607
138.96835704240178,53.53588012403601
60.52410901511803,97.25304014270257
100.09842359272498,85.95520195085456
53.366683774073365,168.22714452679904
58.93144913610437,110.62055426257935
26.488250634192138,105.71329362584947
22.677879543434354,65.33569474683284
184.7888326847754,44.29917572765023
82.28005215452816,29.565030637661433
128.0009194928308,10.176691789962764
44.894427185875784,14.49508782390053
118.47325126138394,196.95790827686548
68.2561446878469,43.599592830495006
16.6846030652752,189.23530356466853
196.47652388529582,115.00136537097423
22.87051219805519,54.799200034171456
16.685488685542776,79.59995875240656
136.7749251223639,23.454953298629423
73.78020241701506,83.53040693856362
8.338872253871061,77.152298839382
47.668764277813516,93.3684364097915
33.89457472339546,40.39437824571731
38.63682376613267,39.840887636515355
33.41579359021012,190.15179672012727
156.81630672932366,58.20678220202183
139.58206697093846,17.126464936858795
85.17977930119514,32.59019682432635
130.91990009570569,7.457784488941757
56.66995998523448,123.65644968577429
84.81329625390221,187.91849007771677
172.33364763101358,137.15637131038994
31.438471429341117,58.644578564545036
92.23106919475383,184.06661907664596
52.61762495895811,113.16078671999125
138.3122675282627,192.80659418470194
189.64801019607623,82.01202532113658
89.48262952146962,39.8165360418784
108.59611569612164,53.61469242992165
87.43588289837024,29.227265706865495
45.764152307098875,11.923167987675495
14.044523234250608,171.50839423730957
142.13696339023284,47.0411327837691
26.270748612040077,95.73459754568583
56.094472642803176,182.4453177916225
88.70771138999072,46.10790835021294
78.7848500091038,187.7657392887482
51.18574549476915,34.46763153045035
93.81626334153614,139.90767639047363
25.930923560730314,33.72335729445731
55.27756707368208,149.23075463026575
87.09467369623533,152.6397905414798
42.231793113127296,116.25806300611075
111.05430278634572,81.75930176419448
46.91044784758625,75.81499325936852
54.58233415732541,13.396528307949495
50.66435476025488,145.31991803698017
25.953737159527925,68.50976128006265
52.961049150922484,140.85605506967465
74.92208783438097,5.87687247802279
188.75727260289887,164.24735343520004
79.87870726362668,46.4720003708618
191.52031980063504,141.2097175010528
37.64711805121891,113.26933514623664
188.5044240566481,187.3030520433447
143.63102954781766,55.43870747627087
53.21595461340321,13.148705154881382
122.4314606607954,20.198994276809504
90.18754963027443,122.32754315027391
26.372424093049748,20.629730237444804
110.98263605877308,101.36924699665101
182.91387866641423,63.501292904727656
56.11133418538948,125.6024048205487
49.53815672195582,134.07173122470653
180.03481993030775,155.21266137881946
123.79645804815253,31.531442136016913
92.6166592263503,144.2572678912419
17.820351990874205,142.34956483459317
22.76673849834575,35.5722020924276
170.63903112201132,57.44801390460937
9.195098275818529,54.420213829365665
86.72313124334781,5.5187670557010335
119.38454680653487,134.64919402141973
40.126453864589614,63.46228878270223
19.718711545520026,103.59639168945851
107.35097242328399,116.86667559653893
40.14555899688527,15.734615258161021
82.47290352491868,188.19982659920666
63.17230435407929,131.53502376383355
27.672256770837755,121.52860344999242
91.73146181831535,7.04181858102445
8.622192995988604,170.47317366555876
128.74980353037947,27.71912617487245
91.34131683403412,23.47400548050362
26.067888880163267,105.6010010462778
18.78659157748229,22.042912246671857
60.88955149959226,62.17558141450913
29.235016342750704,96.68204678329467
26.344075973432993,185.61369330216556
196.6433246387072,87.89271294123103
9.40287922630581,84.91322035421946
182.0204434619439,62.953214443255554
106.24093615172134,87.42618706298241
22.5326452855355,34.08529366285848
93.66009584360452,133.48463646505775
83.35019266432114,38.01775462414068
121.84905392557143,16.336531691699946
28.905529799091298,19.666404580084258
84.40082323801921,131.5690896934084
19.380426583773033,82.94382162131465
52.487073312459174,88.75874465509055
19.785600330001202,105.58646410933079
38.526623176028906,8.92176671414006
71.23665456331587,196.4097106563485
35.539375841833,75.61896487085954
66.24079848652208,96.06480001747865
16.863437042370084,67.90684032154716
34.939078874985185,64.27955959748152
115.5099272559758,163.084373757786
158.5729163287076,68.51136705116194
168.86750284586893,158.6783555675611
125.47266020804298,19.92957363371826
40.17822523552155,68.90385602797929
106.72307567107144,130.70785988335436
33.69630241530352,64.87444142145434
116.6049861553481,117.10971132371607
88.08141669946995,18.827125056106546
6.599995418458802,109.26276467618935
54.41720081468279,119.15644555335174
171.93058742343248,135.76392095673154
183.67722619091984,137.81327334690232
113.68647253023175,87.34429993563558
124.78522565198516,35.77945254063966
110.62718406215939,124.50628733092317
43.12081763286819,191.17247426128986
57.03369640392788,134.30601449676922
172.39633693265023,194.25597448811683
62.41270225183901,88.8091973134235
186.2799688157616,180.95632416384805
117.31707744728823,149.77050335641982
84.96599923321475,155.9951566201385
171.58776386189902,62.483224044836014
138.66342208488865,29.014617405155793
123.09453106628756,30.29266972608631
140.80072569022494,11.742847970837731
166.68482354740823,130.41135421845695
26.026831841479133,49.24813686256558
180.020426418057,132.1748408770743
146.86908721309683,98.26071631516733
60.84517091770922,121.32110940699411
152.65339060569792,78.93952690570651
63.29537508526891,196.71296277582428
55.587005858746856,17.46885758170638
164.7704907508584,128.88148622340583
54.78450289196058,184.95871742662894
78.00707731478278,42.56604774335918
106.12959431301506,14.303984439796698
141.58322196429947,168.49009466072113
139.32877361381085,43.931018845352966
132.53004102624382,41.150914287930036
117.53023694103993,126.2236029109398
80.35263549249007,141.1600347020324
178.320565648236,195.3403675364436
148.50443261343716,152.73078946114327
48.89672086470455,70.93100280408038
118.75132329016107,92.6294812638563
15.163155973467674,47.377926608707526
38.81929073361496,68.31509664860042
115.41288141706895,9.038674466710582
65.1993836872233,132.97720310484274
75.95438546091276,42.19349911509707
7.002016805512881,75.26706809517133
132.0149417544237,22.722233097220027
190.36096762666975,65.4334114718143
64.82540100666301,29.851792300986883
43.69340349695375,61.284124383441764
97.19142724082812,193.20430052239652
124.00743307213652,188.6737770565789
13.072821995882023,112.13299734855586
192.742543394981,24.16500487882488
144.2383235744355,13.456140783387598
74.15471570949951,51.533608341152345
155.27410975204523,101.91254776178047
149.08157406059433,102.25293188469693
103.48424739332647,109.47266356749907
45.242532940394945,55.1145366581468
73.70528188099803,9.996305213308933
29.78017868214221,111.972131850659
111.8096143344769,21.67830690979442
193.37301039827204,112.97034826775933
37.38658668867477,38.549799296853145
141.067537140281,16.478644778521172
87.03239713642299,32.56803433217212
79.44151109520116,30.51941553879467
117.42363277874175,145.17249012341856
190.09716979030523,170.9664816644654
122.45535433048789,10.86376040948321
75.07238820898337,187.38576848808776
51.25239354965097,6.30275689487299
49.74508768608612,185.69433047545317
192.2741805414777,52.32970446041575
88.09269950817037,196.02021185278397
128.17417277140117,31.811708088901668
93.64487035002632,6.470723718258467
154.0161273901207,196.0627048211324
49.20073750393359,6.934936713968025
13.58732490963993,80.29007812944104
120.28132580980441,119.6071485239093
195.51344377366692,84.84414114081643
49.58311185399409,32.11149666343347
54.527049214017346,185.71898321081392
75.07070095508615,123.6819089469771
102.0055007106062,92.14464655056686
135.39135775208112,12.365253059162352
51.339976133839514,55.932505057042405
5.494626319322205,20.59477491030908
52.76864619194258,87.3071211293377
175.6670093675433,59.84776310960863
120.4128105337098,149.96317071985146
35.48014787532859,19.88793369113764
154.1818370518866,97.16631480899139
195.70461658946388,166.50236988200663
101.22033876924556,92.25597874109619
94.75881855921645,132.23716334443534
96.30087313023188,137.2037825866554
8.732209887094232,133.01695042496567
196.66480896826067,40.01591739877677
70.8850366161991,155.10139489212162
195.31651845489216,22.738137733849562
124.70067946237154,192.690036413755
190.75788372880436,142.83301014838204
143.1928098256844,12.895156732306486
116.15326744536029,153.98906036415892
17.69262191623813,143.42907855756724
15.881919835802375,108.9990049527217
44.74619650657344,120.41986057668583
102.906929297002,21.732265944181854
60.09392597599209,107.95326664795115
120.35026082038391,90.6452380975276
13.786068529209404,67.31699869623142
189.76275552168383,15.251209636540938
77.44979544139136,34.87674222501393
76.59820227349516,116.1626518440165
176.11377702234614,19.679411417242157
59.27546447720289,110.96401734485798
80.35003892324323,6.244568551726634
112.2565263952051,100.88090887154931
54.82517922812769,20.52832171251377
66.06686126515774,153.98056960231116
48.64134178420113,191.6766206291051
16.26484960598546,184.13024089019126
136.99025128678983,35.96680081261522
182.52585911228846,6.482876923871125
38.700395382942936,32.019146434701696
13.525786752183594,114.0476454235106
135.97838110743882,18.118692109006695
59.243225236272956,49.128449195474104
172.38470745349673,159.4574605776834
116.33464669613558,94.65398421490765
26.55876193882928,134.8138965220969
137.78476671763462,45.27819887451653
62.880617787932984,133.73844708466328
168.31481883620484,65.93308066416103
22.539982683863297,117.34528833259085
11.557709801852305,19.503663239310068
49.2697523594944,68.05302357407668
172.0141324349722,145.97303253587893
49.929596520929394,179.85634164178214
171.18956741757412,71.55234847474364
39.127638965360674,193.05312372487404
112.20536215899854,53.70774199802918
195.19725089833625,163.7359616560618
36.210411849048974,26.528479219077116
195.76588899216117,20.658997149665172
109.93318871114364,88.93290174887099
107.12454195523341,82.98195476270232
65.53557966337888,32.09477925817114
58.713774901603514,158.76564166796337
144.53282577400066,84.46845702271193
25.88457909419066,80.87363688949587
14.264126435846034,156.93577592402502
103.50156639348813,140.4485783890027
177.39916940847877,168.73900263427126
44.0871149557714,98.3561788228372
192.47222002868037,14.20938496643626
7.745537609640358,35.020541141533876
19.23815620731005,9.663330160690464
63.11970469791594,19.419840638238377
159.47909236953504,112.42144804380092
12.01602326060373,79.72847339142497
51.06585065005159,136.80808931133578
76.53195743381787,189.98282256344197
68.85483818897868,50.93228679025443
11.346888273116928,79.0948576976573
69.61024316743779,191.85733885956728
98.51553596011549,122.63777517568118
27.677711941309283,185.79684193836658
114.90928932093706,143.47522961677998
32.7282762749084,93.404960881902
193.42595218679133,12.359717615681486
169.00296387848317,140.7104083571241
24.977724907193675,126.77247812297718
122.37239738045702,18.384358832752334
143.70910346140948,101.78441454709522
109.39429713037993,140.3455439971962
71.19766424890368,126.73385460626952
48.32405420982888,121.23959588142728
175.7996531442317,177.82244393829956
146.78922313480723,74.08378707619323
181.78096828853046,184.9726568441652
25.134511200476812,33.43302014635242
25.11506886166189,23.961951969486798
137.68227417554974,31.44762197315777
187.78371786081544,160.59485989771719
142.86159388780013,72.23922704985976
109.55725370979039,140.97655691707286
25.37255989297544,81.12250524325886
33.87233744925484,128.26904718091038
41.387199305543,115.39453285057805
87.58267599647229,149.2243776787088
123.51445164452453,5.387267021605138
97.46202849345826,160.004325117393
98.62237797765582,103.44992491468861
44.5716615722542,103.99282276027357
31.64657137628274,14.682314705632333
47.233534668477716,85.48306300739065
44.50070089332526,192.83519750419921
91.47933372099916,23.072139373421816
110.03176660157509,117.59230506193622
196.0180449826138,142.83984321201763
17.375092741276006,10.42486820784502
110.405127340689,10.380811195770661
40.21252393169514,18.942836014137956
56.140052526952466,70.58580370837134
144.76919780199563,58.25827568809367
33.58983851320709,123.08174027264472
178.79920381606692,164.0519634973465
17.766086224790417,125.58539843873902
171.15423216545474,128.46862002338216
114.14403684443995,16.125075578843663
178.00950300750011,18.51568727850084
115.22424035806918,195.79144886795845
98.64480070029731,109.86054641290963
52.510356414938585,196.52208601607708
21.025869183401262,128.64174216208593
172.17656153108646,175.76956253449333
21.370973370084588,193.70027370140517
6.212373001041435,76.939417433518
30.68927770666624,105.44633601170736
139.5836466583081,43.72059496695685
65.61825931765908,191.7720995184612
75.07292046676267,192.47767916939137
111.41658608807296,152.62625969148522
119.98401702472442,194.4044859604165
11.600344243235188,149.0124227212495
190.9024552591333,22.92937032358854
92.48259603537052,132.8987764368378
12.29901834879076,171.72659817096476
163.08288247200758,191.623941881231
116.34586339178007,94.05229876852769
102.87375179735808,192.435784623305
29.204613567596805,121.79632930824954
83.59082911321246,44.07187589787713
29.28981032152194,124.02253583658086
61.60545320005357,104.48559020916974
52.78184269980765,29.52161185442775
47.40785832644051,131.96062934626275
13.980435070669824,193.06143012197276
48.053242916153096,189.6214397891169
21.845559620662726,102.22809734845742
101.40349540291587,84.71229515797006
42.507603825052016,21.752675288531645
113.07959619895279,13.661340430705225
57.7643670792055,113.73237636105489
100.07229572220176,86.43926500983223
157.08204029721722,146.46864267417365
68.95270368412308,132.7612271641132
115.69748585185447,125.68727700216373
143.0792245076159,26.337102782254412
47.45219177365792,8.708753666501222
168.42451375033264,75.896180298473
99.16009228788153,89.21972261692133
116.32092408415348,156.2706773663393
185.1947067279931,65.03642710169275
158.36509139380647,84.24131300736764
17.96400558445462,161.6522388379379
142.3474112314845,79.08219157812493
98.0624228390097,162.38243578538138
184.1180394883551,126.4679297039455
42.851732207254024,7.888833388520281
108.85125486096635,150.9371429041916
41.45236555502691,110.59205702395093
147.79083835264262,145.02059756542417
148.8684100347001,192.0282310939898
180.73079659326035,168.23436315637773
10.792855948894012,86.04154985704089
66.88666605614588,80.340557100563
68.32746478970799,131.62247629963701
148.03060586919364,91.29097460870494
16.320076790913365,50.16650457860059
28.927492453695734,91.55796605414807
100.78897704867994,84.99887870269711
44.58364487973391,95.0748287969587
34.78170611941562,31.293151309557118
127.3040137151749,33.888802709663395
145.90977765691702,64.35830098002835
62.49187516303994,150.3483204193995
89.0195390533262,16.921616219050076
72.89683072603594,19.3037294381477
114.25056342145731,18.462312634530573
83.49218324115193,153.3956334193881
66.14436716110522,124.3381777910221
63.15639758424733,37.778099596767454
106.15905857411268,140.65677805459208
48.55972168665837,40.265822086769866
177.63002506186302,161.838269307532
52.147440573131824,186.1599580368729
188.08979751857524,29.671906314481863
35.222475459472086,58.86259169843714
56.59424628713954,66.0204242337958
19.847617480153033,110.89729841990932
107.22666506691787,100.16937035817584
5.497369946679709,121.92191224579365
46.905229195479194,72.39484948184659
89.7796692475,127.87053681415978
188.5591774243788,125.32475358243943
69.10339457968131,160.28022130548538
27.482160302548127,192.63973004407407
178.49928873232255,58.14058125580876
111.67234855504651,115.73899969799822
146.29442555052884,6.969998239384729
47.740929475640094,18.04015208025206
51.91403013544805,70.5677425617272
104.1511773146631,134.30511015191203
29.5384068550441,138.039746950984
66.013017661918,111.42153283556593
15.680934448675297,7.768716340690544
48.990478229133146,44.07544961200101
45.938841723598436,72.67641298756747
166.8075631279109,76.3423612173154
196.79408869990965,143.89004038425253
149.70898815184086,80.82279697699724
42.72130763002592,183.824086859494
143.89059310600825,92.59245435605186
70.89353110530435,19.595803933557768
24.553332963967843,126.02604750399219
19.293739059518046,10.835342556723553
27.80731144734551,65.30320811768466
187.70355993019137,126.85914284853662
114.41442290616033,143.9692421283852
59.46809039340016,173.417894689585
144.07164286085052,103.15428640472065
66.00092030204677,40.3859493454519
106.42363056343075,105.91988218919401
123.78008014850936,188.11034535581956
35.26792920160403,61.31965533285704
29.604399020361974,136.21258076192586
94.68589329379377,141.4598386929811
75.01291016416819,160.14781769401552
57.99623683037927,184.3022833511791
144.7651258402221,96.12442023459941
75.95508151536517,24.83253015786347
121.08973831960739,12.349942975047053
55.86906550288082,146.57637661237655
109.0649087804218,89.85118065052485
40.11690517954863,134.90577434424353
157.17332164314365,73.32589571921662
155.55555645191717,85.57341773748607
76.53085772928502,157.2174028123811
158.38887413898053,75.06733671540236
29.440141983335707,8.872434495815071
30.744502525347148,69.98251165769965
72.60234393260646,12.802457542997809
107.8573933145599,149.69919351711678
10.715011534690433,65.65911815157594
183.28030317437623,14.503264425806657
116.96519234837992,145.83006533383465
44.83851201217424,134.02450643446193
47.72722712430652,34.50773800397096
12.210724071573416,41.09837767874194
97.97637123261765,153.46795781531554
41.44688433700267,24.146271075744583
37.21078504338791,122.65449002966322
59.96415834946937,184.91778209906005
153.58666891921052,158.77827385503448
79.18958721313366,137.69336153986677
41.27744753625492,69.8964018682426
87.25413242990945,131.03845913347092
7.300280073569736,105.35514876873427
165.69347299764962,128.91919052602532
196.51272972804824,99.63814740037438
171.47938667589148,76.5193610135015
59.19690093933338,126.26952063714607
196.7091303292901,24.78477425450627
31.77573324766984,22.871917737835773
83.21217023257435,149.8397427830348
185.7770622115787,8.964146325356618
184.4228327091946,191.1835929588292
6.356606318328385,37.51404116030224
71.68281483657846,135.4052322140755
131.66753802358065,45.13324891198002
15.252272631410188,37.407077301153656
142.919405116666,70.90578428276905
144.55890953780724,58.91386968784918
134.97539508687217,194.1704582421065
74.59957788231281,18.261724290028
96.8796126262097,77.96139742634651
15.02417950395699,179.2906920724239
87.20297563614334,161.7847669280115
174.4031568348867,159.26789759707935
104.41382945314126,11.406141693429248
60.21747504907394,71.00368916169595
160.2546046257297,69.7389350021707
175.6357602347817,20.33407845278306
104.75075937555658,85.7208697216418
157.35510006991748,63.53038204649022
12.125352282861453,22.766515541951875
48.51646632534029,18.94854592841477
40.709614067741825,187.46062967677005
14.469632187429282,139.65180681593927
13.394509570471003,121.19380943800341
25.62151806539902,42.416391403535364
195.40835856594407,104.38976362376434
5.483204905407154,105.95108135441282
55.43128059397415,55.751393391809806
15.303744620707254,109.39768829523696
7.72901266578817,59.3997647813441
135.44302766936366,29.37173366572815
60.16340309948027,13.292536200211183
8.39643960868427,195.50489158614315
112.2257642045121,101.74723847940024
51.43274780681455,10.853095037298091
7.916944681161715,86.24620931271919
70.39325012139014,20.904355814969463
56.34536574098693,50.23457314907246
34.96995179768226,108.32490614445106
26.520288072968576,143.220481797442
125.21432653497659,194.78822313368784
12.959343517042068,52.03014092676465
174.38156801212722,152.8175431630078
137.9185778561064,33.39223352427721
39.10971974820424,38.87676179871791
10.114918506588314,82.54437787575898
130.5092450222528,11.446903509794291
180.4445246801243,146.4595892059014
35.6817781960625,50.20239607203537
145.75201167957266,68.1388635815622
37.08360094558539,52.95014734168003
29.08713093084412,34.628739893313735
61.03725132428808,134.6137506472094
108.11808786548448,155.11107068278474
74.23550339450354,8.928053898544219
188.54345499889118,80.50196551833774
192.31442479425795,183.34226000757104
51.94118883373395,47.71129237695797
164.99444065829726,133.904313116154
175.67557292792668,181.16039767004608
155.92350845737732,99.35425617695826
183.62732502910092,64.62911995895996
109.18382826716282,126.2749087944667
113.88001839015985,81.27934463790939
47.14735433826911,61.717469773352434
50.20368164609486,45.88758854928741
37.56784833284668,46.934757543556636
68.73557583155359,20.836886341327816
143.9454556650707,43.455456292300255
50.26979409375163,25.024430336264434
44.17437279992813,189.50267433779973
81.96242152970784,129.53658298725813
191.77214711553663,78.84335746014845
131.62511337614612,43.713636258548796
185.63522872891025,64.92962825945503
17.642987076479393,91.42619363299364
18.9019768540305,42.83366581643454
128.16997071391938,192.02934373530022
114.2370277129968,93.3565609846441
7.325696016560488,110.38138587769289
94.60128030606872,9.955055654500288
56.99401257169482,125.74433473531145
32.069108542131566,9.89460046727828
191.30143200100298,44.67074831589336
108.87081299659157,8.940383433822678
30.889996690650094,119.42867249762291
43.45682258382751,61.07156469633664
141.26650599462198,13.047295269180934
96.56580749650725,10.469505984493658
48.85593304354278,146.80936850946404
67.89599428093229,39.91834134038105
88.18836990610944,76.9837801209098
97.90150682547544,13.241507041776039
191.781579212337,34.92620218967139
55.463896505150736,51.290111057848485
11.069503801925102,46.19182871849308
8.39018892784036,158.83113802376883
43.66599728000516,24.505530017245345
73.32155156673191,37.35759386893723
108.57756714123215,189.53326431653682
60.869638516871184,139.89134998636777
85.7963294179951,186.8536212145341
78.73313387811943,131.59097120457358
53.47381882224261,23.142807557359458
24.722584768466305,58.0620827465725
190.8342073607567,60.46181598951156
19.814448506369363,11.290188144799112
39.01411975584668,132.92371065770618
168.99405194599257,151.54376374447185
60.37386488197712,112.7248038858668
42.56535755497959,41.74061605664375
146.3331821707734,45.33809565521036
29.40116323840228,79.85689349815209
56.13791185816221,113.67095247137074
51.848206865402034,132.55068704159513
21.138240048010278,37.2019747406151
193.39191481160728,128.00631444168775
80.28116825852328,6.806878426697605
41.94564121246503,150.59508949389783
95.99249927689806,12.77582237553359
176.6406173424877,159.66190933240892
15.029607605168847,88.77423765975756
46.62966860602867,80.35017153064929
73.18022841809154,159.40204401974754
108.40439839801486,8.376689714616493
141.00837522138806,32.39550580426814
191.16445872235934,192.6042214616539
86.71383019648083,116.23729581560347
194.01480319008925,154.5774482826676
77.34095188584867,32.79490359920035
86.120188003989,46.30093709755641
26.78273161325852,149.76131448803113
15.838528220432954,87.54227894258727
103.2404762720938,141.0181966721881
37.03886589804328,193.8207663580996
13.2404439277815,146.53000695149478
51.759595054762784,39.49518664221422
12.39028197819137,75.51021702102314
46.11100574694507,22.288020603563442
8.197841645915155,174.6646253866537
116.1826940544527,80.80315958101362
145.73526631778836,71.05910092271775
152.15336488076218,76.50328983246081
140.78148642776935,193.9649426479473
17.55168103231206,54.360563752950036
39.35116613088826,135.84154770341647
51.79035355498711,166.34962134988615
34.334712865139124,49.04177667563111
159.18991353613524,65.67433457123494
147.37830431552612,91.20961488427488
63.93112128399074,96.53254018421354
43.71154749905702,79.78033903124233
58.1928454711032,188.67575617693885
16.068709524512524,92.14901405989157
12.694162882411561,100.64381342004341
193.53995404156186,64.8648442664478
78.28936731119167,78.69642590064738
16.08094357901963,125.19132932488506
188.90935672089986,41.00690935447305
73.27984950340809,29.48335030282908
53.63520972366685,142.68273571017716
28.029257292159258,38.96632690182155
84.24706236163276,6.81953234389039
156.189420183173,160.93068156276283
167.9555128161923,69.03587285321979
52.9982273119039,46.13998483423625
180.89804249829865,155.0377698579995
39.41225551850052,55.05954571855756
187.56927633022573,159.96151064982013
39.20951651068134,143.5472789039782
44.75212004133066,105.27706356858994
44.06480410653007,82.42325319712512
17.728328770965263,73.73556726188107
12.017884649258685,30.122988069393607
9.48709725414343,161.76959037442464
63.98962503043796,92.8467776063846
72.72769475809248,116.54033837203369
46.71022140550889,98.05919926975801
19.84190932400072,28.725739558117034
190.4106457026436,45.611757012310214
29.977029871010348,75.88711976151603
69.64785856559261,28.882010808527536
58.992075614757695,186.43917293617858
70.57608242559657,26.265833159757353
30.121058266570817,107.74013409949717
6.292581399114084,16.328084581645644
111.01745351142893,77.16721682988862
144.1102694175013,60.70616632262255
75.43303659862087,140.3611577652196
128.9983583746639,185.64540091026862
50.65839822913563,10.67009952508084
39.15843268044531,24.857756682800474
17.150336677590253,114.28152395740265
40.81546735938935,107.67437262200123
190.03969518558327,70.2757756584983
149.13539245511052,53.30192795396012
10.812858307326444,196.11927303440802
183.19380175338387,63.071706491037496
50.567399281964335,96.47615544971279
15.132075514691646,88.63921345165579
181.60524844405805,130.137041445086
150.3072213949254,66.79778484563055
79.90313792461714,158.52254736024213
51.92575330041226,177.74291342064413
190.51063390902019,20.965446355875475
30.967405243079742,39.490414552294126
61.87802191659052,53.88837439731398
98.76267750859792,144.36378782178483
5.512361726797673,58.882874658869284
118.59484618005601,95.80977365650861
55.16729702070833,144.67376936747402
55.12322824951408,87.32184920860823
54.54565444816745,195.52284439768616
64.09108896213375,40.342379799011546
17.42124381300412,152.25105420757578
44.29571936977644,103.44266217374778
26.260441089948063,130.12867492011074
107.50250027368558,150.66218699642135
28.455824847086426,39.77494352629375
178.37046383347192,170.10740860494042
23.419772204497523,32.978407763107406
53.02332227483966,151.51830837083088
196.22674729456088,95.498247926826
154.51080378180322,77.52945548679418
15.482467967368574,91.01960883245675
180.919209267984,16.2555870859311
76.34097529405341,15.090063368104806
17.89694504563715,177.46853462805404
146.8985671570123,87.05469702441903
168.95173069882955,75.16194549980412
70.80177182022467,30.158079128030696
52.82419868370806,7.576331638512522
18.923081014150952,13.807485952553371
99.26129125693612,120.4660957649569
46.156544030462626,71.286674327695
195.40700573722498,7.113037284175013
30.348290499500465,52.583441524399376
146.2802583194077,89.10670148025748
15.372762547524943,48.64545325133939
110.3254950735362,191.8799871697472
175.35222101040793,69.89910476104419
61.818341581639665,26.136866812305204
8.34379286482374,85.24444324228759
147.17364589620124,64.5427549878492
21.52345799952901,22.308481035981593
107.78322230411129,194.07700721695062
152.1198388590128,77.79027816324127
91.30303867041505,118.34859802892073
173.88010554990308,9.271622409938898
18.53088231598116,57.69002111250751
68.9713292258127,26.201536676389644
71.5986092781768,21.571291784884867
14.33892682744716,130.91883279224155
46.44899409612126,190.3021295413165
114.9192085875888,152.850892934789
33.55782653730637,192.46513757757637
173.48635083829413,142.87703218942556
107.13886627233583,94.09281517617707
17.62745658521028,124.37497622197398
19.007523198166602,177.24303702270745
74.02620414209333,81.8709497804443
31.02035880669685,190.10366759266844
155.06457434864868,85.1218029201203
100.22093339258184,184.95960971764188
193.97542730950389,66.054084928649
40.007829427865566,91.59532341741787
132.48840735202774,188.35051991442296
124.97048802648229,31.555965250114234
158.68070796964835,79.30642210563225
116.67712601489687,125.0001613888112
41.02875959713006,145.5706442908735
189.48831215227762,161.1655376605445
83.49460048345851,188.3678178416782
107.98012131059834,185.3142655602179
5.294437266148818,110.99174885609041
100.40094502229653,126.71200307215908
32.10145590625065,24.841560876464037
135.47633409625115,13.89990373105436
9.14278229883055,123.867685035091
180.08279970028727,194.9462008968806
73.1243936105721,193.91381827378058
177.39761233466183,160.88832718514047
90.69884654580183,138.38810350381905
23.50615412263312,186.07609487684542
182.48294315056245,13.624227381473366
74.53238121706833,43.97425810982881
179.09451830195172,56.89822727821792
129.5503478519888,46.85489973368013
52.159698150779356,73.92602949032675
89.59272628449557,159.4055631747137
25.513907555931507,138.07790451125084
99.65813728971936,122.35233121975433
68.35121020638579,131.54169626827294
45.068613135615685,27.5088761208141
149.93910746011852,160.03476346759624
34.54410188477817,36.81602778418433
33.341765160448205,86.33961248189529
112.58816383804232,158.4898438681128
113.76251554318529,79.82962980292405
11.985154794624375,28.06883531287207
116.20510832075131,116.96535456638057
174.99351331330396,62.96239967694795
50.775790438763906,187.15480480576522
70.2646691727351,76.02754311448598
59.2613588527,63.61093227182455
78.87568389092795,127.02140632272899
97.92974956584894,88.06092613378681
104.45251949521975,74.81886970208404
92.87180109996382,121.29845262574644
63.199143248979894,39.18127814433609
91.15747345999708,162.03043328980442
21.81856818808755,88.76023004489451
13.244264786149248,163.47703020382082
14.016955023037907,168.45776808100416
190.42353965395972,136.34611113811346
16.36364256216001,180.4672256546061
58.420792792608005,164.02529410552089
71.86121309904104,161.32822841179365
186.89984925419498,53.26038947422752
172.227312309993,179.59845579405257
13.317342350903093,174.1654048735001
76.79283029762516,140.51767589730477
35.49685874096286,127.6026654447448
161.6643485299791,54.51770548921994
53.33602405013556,158.84300430355015
190.00704514397785,131.04507111490048
82.55549588389079,141.42559820971277
6.808010099870925,172.62728591680488
46.22907928944278,142.068791201812
160.08698589891623,58.33369055119827
12.091607186278956,166.2608061994733
108.01327091504722,186.29162013560773
5.415093085038883,32.61754005076358
152.92719164846275,66.72668157363496
184.46293346935596,152.731210469809
111.33939877878146,18.59462031300458
110.63775779748917,195.08158679016677
121.20566571185425,13.823570644687843
82.76933186173368,147.5605541760514
13.087797636702039,11.76529863318473
59.15529435624774,157.99366391718954
52.11636877666815,187.86595323874712
129.53977687738944,50.466998990039556
42.214507338771625,113.93438404108835
12.555552855885411,33.16649869509548
36.091155918672186,39.749421041511575
26.355094825059247,107.30800840880448
35.541228257992536,85.4884927211713
83.55313570880242,14.364694260615908
11.588582318248006,51.935900284424285
130.69019049553384,34.66156347849712
36.0216744397856,127.94781592348852
196.64188599411676,148.6565423253882
145.07224998991197,81.72052554773447
195.13541211984838,130.15426847545754
98.87953036222788,112.36401639497774
84.5588499407345,195.9503504695849
182.71795704075316,14.730570443573438
185.78786769620137,184.78408675193987
42.33244211576681,124.42212320550661
8.78857734773997,105.9772844713647
37.39584148411478,61.72863425241979
98.37214317482676,17.768097095701695
53.20613627438088,124.7340407045125
82.53401807425449,51.1919276522645
129.7582251156913,38.84014070741781
125.15834381955716,195.36627531560933
35.4692938638337,85.87568427832349
62.13392211887609,121.72185205689706
8.59463493916837,23.42952863226138
32.70238970985488,133.32413153429115
7.6627317090894245,152.6321400525617
14.655523256041423,77.52002747806522
15.84509124045082,168.27432710073742
176.4620946840825,178.17747437476677
105.37909634266273,126.30137380089751
87.22502689534251,132.92575260056623
31.484707543505557,23.20339126374974
60.988589048497715,66.40119177690366
47.15757780827202,186.18674082714003
12.139156101328489,39.2601672009971
191.91140918881675,136.21462312842024
14.072480288087604,13.8010879813108
40.09457855376157,126.46432205008698
9.993793750125661,104.21353766517348
96.57301559196208,75.00430111634435
33.00437068790911,20.997750373827323
117.59256805500496,149.63897705157416
152.03750312542064,71.97916038266774
92.576618327353,8.926546315113194
126.42088382963003,20.578346903554447
113.7781652510896,139.25041302828006
12.544794774566814,171.68883018557526
175.33825953035824,183.8106960955979
78.74390131918933,121.9792257277744
195.8282524539051,66.40426232258517
45.49714761032602,111.19817438549472
33.49893733720921,100.61758357874412
26.480072271472395,74.7109943288693
65.30324522535203,151.16463912659967
148.1796831528991,78.46340235313838
85.51606643434707,138.88621361109543
68.74899466761802,160.04856961021446
35.48355067811857,26.810957863744562
87.6816479841566,11.578468924209405
129.17253357872286,192.4291767033544
196.35897452923132,167.1908916268798
67.20486438274997,158.83796749666158
109.3759164243774,75.00001853110486
189.8594924954316,185.02979900760852
68.33447965524016,82.2424905463701
103.76448260793362,128.5150425521111
183.53122999929752,171.53285306128646
60.25541171046227,189.42371006635915
120.90091221671783,6.055910966073178
131.04603243082505,38.342103261889136
150.96148615434294,50.775221132168156
104.00891930650629,94.19681877424254
176.09824146594485,20.818811254895056
103.8596420098484,127.15810378832334
181.9819492119003,169.0840580833846
193.69027675277985,94.38611062797662
102.24819318463321,91.55216260205921
187.8102710271169,180.2879441331246
154.89678755463325,98.4560131612426
114.66658563228813,188.5214688697919
9.916213792642601,22.993104701436177
14.131644152696527,189.56719331551534
11.391193504478897,155.35764866648958
77.23993667653903,136.1549247164158
113.6289672480908,87.58450969820333
111.07066862022633,147.9579672327993
51.766121760479365,103.49477704418855
166.16856412790216,129.79902766235833
120.03183476971793,90.49849252376829
54.80898233080825,35.244373353325365
160.56259728590373,69.69531315741193
38.44135501906754,39.30087416596173
52.11232020226993,173.85627996273675
119.83726524999364,117.28767363214196
9.521429359240258,150.9939334442023
45.50818432187246,21.797640416843564
21.516518436858874,18.25386741590488
5.862895131846778,192.23351742402969
13.68822790623578,149.34537750231752
5.292115989279907,48.751141553520036
22.73369764434619,18.157908913455216
144.99388246718553,19.551286454703952
120.21420778083102,153.452152374802
16.55030225183377,89.61572982457676
82.9181879668981,39.5319732257069
86.37748699358727,31.43926592543926
190.68939844814653,177.67684561281192
187.51675010331115,59.95786075825506
12.603271919452176,126.48561894536518
51.75519309888779,77.44551265030624
17.526814969180702,180.3689728928058
190.23862504003125,144.49163519840047
108.51914733298715,108.3488679886107
159.86520190538792,64.19116553742435
67.51991108297985,51.97121427867619
31.113600526294533,76.81617637046772
35.33882724247379,63.74761072411643
44.860090170290036,17.597972423032886
24.188708754347996,108.59499464406325
50.746265464653774,115.62017504644035
146.3396299369299,194.46298943553612
62.698049070810185,121.4536070360794
124.12032097529743,5.205459356569514
62.373469923350875,95.01788839475569
97.23815010301784,117.75567948209212
59.06227531827261,151.34626090232874
67.41921184556867,157.2054153877499
184.31535558219758,127.12194674522544
28.193928089308244,149.31598435891448
49.991319355464036,87.94701493674597
127.63039807594834,22.414101362651692
113.81177907065369,52.6388382752891
128.85243340391048,189.1073398992141
81.1876666269852,195.35123290932086
21.37576954073726,183.57523907636903
77.39051693348674,145.19226980254527
61.52569283773434,29.662667731544463
27.31912284412319,182.45502710494017
21.94265841446269,28.944158535267558
141.0355053821033,147.85979429877463
43.46233192363948,113.26365218366047
185.79375217637298,135.6806219399308
184.31662161512662,154.45245069504932
95.67280696673775,116.65801433941466
50.56129549066637,110.50602990659304
98.94938842049689,154.44217349650924
196.2477518762375,147.6913317070524
165.01372027218568,133.02801966780135
81.61955384508686,143.94300729621963
138.90657971783327,15.769464911767919
41.17665828580988,34.80969964111071
59.091142906632314,42.492442879949024
92.57493491583634,143.78215703258363
144.33488047044153,37.93238651510338
10.28740062750094,23.153337167268006
160.73843540189807,149.03464782518554
79.9777951951939,160.81668392432567
158.3210347866601,105.95118131994089
43.606049803889604,43.05171802184427
46.86743426088817,181.16714128179225
145.33019964449008,71.85500360725295
15.390903117007468,186.1287915172113
30.3812468677765,106.09951013087972
103.27688253507922,125.15992466892874
13.333713635412401,124.33962034919593
33.957672429666346,84.15413686283463
51.62389216618865,71.17050409164088
76.24010916102023,5.838336083079651
69.80659701143625,23.26238530153904
189.3356261574258,83.45324658288317
59.61902314797951,189.1930214957094
114.93640249853759,117.48881851593461
63.054891456731696,43.22038921218923
194.74552550365604,131.08787729974446
38.460258095912195,81.93456218841011
166.6358809267476,143.4565739382145
6.10155930031572,105.11877357465512
5.670406123780877,111.42806690896428
14.681897420677696,122.47856699928373
16.997110892239288,43.808450696965735
44.1600019992179,34.41023678720753
158.38915673967637,101.47380846028598
177.7821890263705,152.21617968752926
183.984922408009,184.9865824092501
106.15412864661721,74.57700449268319
36.22294908101876,41.6889275321747
84.45621549386954,37.26799647057914
53.90448840411178,6.343769805168256
73.52971906516714,155.26928593893592
60.41599666421436,172.78905436242673
156.21761223958936,53.420364417958815
61.92308756983532,187.89445115655178
24.599566259028983,12.381070589367154
83.30616867414044,81.2768187683653
88.6137669719567,50.67785441990291
62.12275779387255,108.41578026814643
46.30842246499361,80.58736080899818
30.68370442212525,51.16310136918887
92.90692404675916,75.29374684096376
174.04365494692624,152.52485024069549
70.82424617219267,184.44647515626536
25.82504826502267,41.60999366342439
162.84257330359412,116.72231655040748
180.09716620042843,6.6962119231595345
8.251089360017538,171.41031391443582
32.771239902842254,34.02552456833314
60.061671478915116,109.84957918112389
78.62729110823359,117.73743465474969
98.07832746288624,12.931431977592323
35.00874098296271,48.26779804948401
8.14295538263388,54.53943337090642
176.03732324420173,195.33173568025404
169.73519218913083,51.641310769087596
144.88176438589292,148.76198364259847
128.12187445584058,49.43098365678386
172.25859438314984,137.41441628811606
46.752346776004934,79.35316115961811
6.500259391939827,106.62927067165138
64.90626718399005,114.90122450755204
52.08121097663371,153.2478576924618
42.280543513515134,195.861782689778
73.97637515476751,156.2512691979169
123.88305466125487,193.02097337571107
196.09586277187262,138.39483174161347
40.03671423683176,34.100624607504585
73.16620018497386,154.61696390337224
16.8126667316119,16.273941302080125
89.66599411186044,43.07882908783251
5.5489410937351575,83.61930822536132
118.55128100073534,95.60110678845692
196.66091672260347,11.44530223747763
25.20274124196036,109.59881920686877
42.08528960917249,104.1148652852232
177.48145555464876,192.90208283153586
18.706718703973774,59.08101953177735
185.45177839194298,12.054309728142746
105.19456952604264,133.92485871990752
10.0,25.0
180.0,180.0