125.77910568064503,11.461922451071572
159.1899815177478,94.13411215121786
126.79263319320145,95.42638435214201
181.3874161646285,125.49269866690028
90.3564427320066,5.55809936314429
5.945068386737095,121.87077650857198
59.45078822181017,133.70172338123254
103.1801084942762,84.57695864599165
56.57124602111908,120.62367896783151
171.71107850351908,25.78899895542274
12.24570616432467,9.422162417448703
121.67999109047865,63.199093112523556
89.87095723671708,69.48148036537896
171.84634144533536,27.284925994215875
18.98845847704029,33.63018698450569
26.33653688206993,8.403173875002713
122.19007234295512,94.89407779256038
145.2504919477645,101.59695929748173
100.68932704068241,112.18092946589027
104.01888234686108,170.52363493072963
186.4705731880062,14.923686216481041
56.548868039887985,42.62780511908917
79.64436368968637,32.28657482611511
109.47086900882066,101.14581153938033
134.3985807597653,65.24514468862321
17.08279734322246,175.73603779377922
175.09479848754518,23.962775106781013
157.85503914669937,131.71258038925671
171.34077183805235,190.7282727058198
196.19300072048435,135.133841481265
105.61058209547811,194.64543127549885
89.86897088438788,24.384673603530697
33.501459877712534,37.74427804520451
193.66009375014417,178.61311862044465
83.86922022711174,25.178609302781204
97.86747202729721,133.91288467836893
135.84324922608727,67.59684525713347
43.917344022596204,151.97951494240974
33.87314634800401,123.5402120169548
80.32490179736769,128.38489345138083
7.051301286144585,112.0067993800054
77.89456987987427,179.97198287998597
16.35295605114641,47.70485323674862
99.39064141727458,152.91098208657323
101.76501804541782,90.96083368580057
115.62835428859543,26.39651975000052
166.0449650803298,16.779482103002575
175.71915829771592,179.2862321333706
50.53845076288897,109.02453884013242
55.0431145866611,96.76674353021517
22.5604465742787,176.86094599082278
115.14408273785443,180.6380326287313
95.05120499731247,176.39161984666973
172.28066869806844,18.57567059174064
161.40392039377053,155.91172841967617
48.17568359426219,76.9173238733891
113.50664458564216,156.6497361512153
109.76610884406412,100.49526360920126
54.21848486569158,74.41493930253199
40.40363719695006,119.90155893351273
42.591169123964775,25.35431788109741
166.09124808597804,108.77518483829435
8.341625967575023,74.34177133159665
36.43354823479473,57.93151322026722
90.13233990037766,176.8502553212437
30.8158918331518,131.88581985805482
105.14337653369371,43.856036483810946
41.88878579794268,45.76357480617862
192.41476788396324,36.12116084581505
36.43270544108817,165.62555553082447
36.35084829467934,16.078045069275973
142.59685445889514,123.47991314236413
50.59601534830628,60.21299926343811
102.88175879870748,9.462172072389377
174.55452460672538,97.62828164318907
186.1232383046692,175.8593118426852
94.81978632916291,91.95241634058753
161.35769567507137,12.467190241694551
103.5831643767018,132.04758049908114
98.42116585285163,103.47882164950444
111.40447218973178,78.9527732068383
75.84074487933731,20.941328646408937
83.37904727527837,104.84156883232797
19.53433338021917,78.50627926479974
42.74159296033093,187.8972180765097
40.56700163342764,40.158525088206815
77.59863278328032,112.06565203488154
5.194704645586455,93.41209897620597
49.45280204455877,18.657728154948355
189.36329386589446,32.82273469135925
83.0284985130672,27.273703147854388
109.08029393986067,161.10843475893805
126.45000638809617,164.8792049784184
75.18480488025608,193.8850125929009
102.45551162916898,103.61846037879678
67.14312205892452,129.84921796800245
83.48656201587205,150.2827764442224
191.19393421938176,23.81650107784039
19.263155189060832,66.17923805222566
59.205092550226034,15.916591769224578
168.80814952059816,129.71292338893898
40.1708839953564,126.48158538364034
173.35268944170252,62.89286550058039
179.25965555271657,67.38869551208926
123.04104275817978,161.72888027911344
124.61043922410383,16.23598389158639
48.11443904578345,132.69918047588538
169.1146906632118,180.98216201160764
96.55127583523657,36.826151801797145
26.050169824628174,182.5552814867577
8.949116123263062,171.76131184023384
8.836261880322354,92.54189557882023
164.32189437226668,22.33495855835182
46.264388332723904,124.84111339012547
143.77661220851337,192.26677860622138
20.928726828933755,174.83353935981756
168.89985844935472,19.260906336764034
190.16706129309122,133.63546649649408
157.27236906608104,145.87981515165882
92.5939894261111,20.792103977945697
156.0867367368816,122.77311416073286
102.65733856771527,107.79461720014419
9.002116815372268,165.12499173749353
158.22381290863888,74.2402145250761
79.89839678008985,40.33279265588651
77.8698667227468,23.70038795534909
145.6676229073529,84.16779668768856
152.96858622193156,34.829455925514125
33.248294890631605,152.2528343343113
49.281564073569086,54.229359556859464
32.65753193119174,22.378072069218394
102.94155728483777,169.68355128724295
79.41701004853199,29.346294941914536
116.13371394536519,183.01931949780982
12.850400686027875,49.264350812000416
28.951045528941147,187.5481310815937
60.86736626218602,91.32473965584391
54.51928631249868,93.69577250408211
168.54642612127526,191.3713235187727
84.89358637871601,74.61532660186678
43.66346980635286,45.629733046378156
14.614635101496914,173.2661958300453
181.72662481768825,78.84067684407519
174.43826445227555,108.48175524045539
102.95904575981109,158.81092599703322
180.7531018346159,156.76673301041907
33.45589682401584,26.923694037508938
117.47024009605389,10.867760621806461
51.713056232828514,77.45707108147072
39.259516428426686,71.547585037521
59.45827597400209,150.66608949880384
97.85443228413556,77.39734185480154
170.40965322019645,185.20046830434518
52.986416267309046,162.7205364508746
40.889907838765005,20.55856010208732
105.43900485002273,149.97595230771262
27.248841500400623,39.1770512327823
155.9636152155578,95.10842234942048
8.06780860018194,41.68896339659115
42.3650695316378,185.09286435689322
79.55193937822551,123.1189532577251
49.07676407371906,51.863078424912224
76.68339327554803,76.45715425321677
109.308772537483,70.29842511399829
80.69743897970365,16.120949468023387
19.023540070441253,35.187986221676404
174.92838144940984,74.55586737061117
51.7956603418971,119.43114477968935
170.21259876812778,165.26754514505834
16.93398951222757,94.01512048466788
43.465533803857696,131.49044221538267
76.70940428170667,161.87536400022466
124.99158024587273,116.90318038002196
116.86762273878821,168.2958965420983
20.30615165415174,31.22700308481587
27.4454140789282,48.9322396192417
161.70341323934142,82.35757515501109
91.60496462702962,14.878167703852366
85.62461255616917,24.207947757271132
188.93106482541248,100.57221257308312
83.30396028731049,38.01083333095865
56.520248586725245,8.262742540004217
87.66519801979908,176.22192841430365
57.56679944480818,71.0582806989537
15.89787285570821,6.048789226436595
43.28798440249703,103.19017384436471
6.535030494219557,182.1421226397395
193.75870138757418,12.933453398623499
47.27802596078498,61.22215121862898
174.4820974439476,81.77069509072908
168.6647686675427,37.19529464494336
180.62476521122232,29.368842790048262
110.76035905387204,58.129068273027855
75.35457611346612,177.11623865194014
88.95886628308304,7.364052341268941
18.071471329822916,8.457310380915546
21.900737169933358,51.69534873689571
34.77507464840559,73.32706753455793
31.35344326393435,65.870426256834
108.01797093655736,73.76553286214215
187.88554167632623,43.146695373488505
188.77318467758275,133.1753929334675
51.005361019194304,112.41424808833465
26.158403639913946,42.595167795395334
95.61272027844785,86.59244826294878
89.16942943316103,77.06906849553556
102.67645636685914,31.532262484454947
16.419707077799554,98.43484902517937
32.35668322990019,174.57388471759919
48.202439236895195,64.71325610621135
32.93570318071548,36.83615671870327
144.81858928795876,120.83877620835172
168.26856387512476,142.82040162728714
193.8832068247265,104.55992971955652
49.91509836009232,184.08679911238636
104.95279234152704,129.4146544973701
22.595726268372125,58.757601982551776
78.72004416032651,109.11432618299783
165.70837525558764,25.281975519444728
20.496399682378378,104.83297462763392
162.49609467460982,185.381201915842
41.74195869308717,32.496454422083886
33.752893406676506,68.91443754601192
77.100185183812,192.5406098067378
175.49326867708166,39.15486844996186
90.50210836403609,101.02240454439705
165.54801805528328,81.3751976777711
25.916042281171155,148.4476314310111
58.45221826549785,78.84989267055916
103.16518722028461,75.3427859756921
9.11249578227011,34.3308373286257
160.0239564880651,123.55308594775985
16.10378556195369,154.92928249171663
108.29293462417412,67.59707640825943
7.808610202090503,37.345610570674864
177.5626417285514,101.30729303726872
183.6132286303792,124.98234701677112
167.38702162421086,118.5234536803487
166.90747568180427,131.60009614608995
56.88292812589345,130.47671198189192
160.1171761395256,78.27745923435589
75.85341820732722,94.30953318270029
97.14780853637731,156.6884778660505
5.881629172163349,7.004293877622128
91.44685905153966,132.42881697148925
158.4282267314589,100.80842738352226
158.2338783923832,134.82994066095122
181.4059703109459,118.20840289231909
60.54932674093507,123.39719514447793
18.00160286077296,179.11738626210862
184.18688504957805,89.54329615525397
112.69214092660292,180.56461772348865
10.566625302525349,81.45114352581915
146.44915508430066,14.245840967332375
89.70151912802284,65.45097395488735
40.73909667227316,168.50551457420679
115.52473492380634,40.08971380192855
101.49583108515075,96.0990942287477
83.62900374381975,58.78331402696839
20.021349023504648,181.3920060215019
14.05287343567823,121.10292385539283
148.95747937860685,150.51156483173156
144.8555316022375,73.42217361187275
16.206404539971242,10.235137311614224
172.81249262624635,41.700798964644406
194.65971299411194,11.493588649066554
149.24230191941166,154.4573221369745
20.341869571659437,68.87562842047197
123.28687720501394,123.82615115222971
178.0455573655103,104.97616766046795
78.41611377448895,190.61201450852042
123.18073474050601,28.792612001470886
23.639645521068648,120.41748288835228
81.29334677056022,74.15396148429552
150.66546704086454,62.73061252291739
148.47097854869082,168.46672359972993
6.857948210714126,125.45239515351156
83.5203053526845,82.69030872774896
51.31809748079182,169.00710790720495
67.98220091296564,126.92723419134481
189.0383714271745,196.65389339012324
172.65085325115533,154.77864004009857
30.725769988680444,124.24621020063603
163.87838680020704,43.88797186468781
112.87104877309226,19.310857719049753
48.320161861005275,67.3035335138549
46.85531637668902,5.209924758159975
89.20788587918688,97.72063978838408
25.430608284786835,26.108467940024575
82.04552458586694,81.10657870878885
194.55839562224782,103.41531360044938
194.44475751742615,181.76445461965406
174.1047396693501,175.15316786355535
12.831617206685705,23.773715386094988
111.88647760777845,107.65438379110202
149.0648315025041,141.46618625426632
11.993822120745055,56.526051932746064
98.83006162068745,155.3964888799517
180.33512111065312,96.78666695216424
179.05675719781505,89.57404133052502
91.3987437822107,160.83068376674552
19.545460447021714,173.75428004295958
185.16066778747063,34.624449575696154
175.86988390941121,100.56594330479318
84.9523225308318,18.19845496333338
43.49504263695044,75.96447845535955
177.2501715369838,70.73739525769196
31.302682458234067,31.033176383983758
114.00640857840233,9.964820679619125
58.31629757338608,9.055385023169483
181.3750425314543,189.21324346407883
195.44994343216132,93.68211403106507
77.2523234351167,151.5004808504446
78.5749685086912,96.38404547858383
31.031718754103874,83.9493115324091
99.66290996963335,81.28058225310771
25.71973741103037,33.705419218935155
41.03357042539785,67.34428318207682
53.789675406007014,27.675994454138053
188.94942550817677,171.99084887717413
165.0267980815379,33.47611711176497
93.07689286384098,111.83877416847426
22.1505794878052,131.55835370264583
145.77975910776726,114.16410681041702
27.43797839231731,127.1638252251303
166.54460124168213,97.55167514162977
187.44112925545596,70.31257224811777
142.5795279329491,182.7587332399309
115.73998963000429,104.09357707148594
21.486966407049348,94.18382226073942
108.44795552855624,178.08497247724483
91.52246552791988,95.7541840733139
20.86235870009956,86.59381364045647
89.21889417384129,23.638108117989482
166.12095611441612,40.00922703759975
113.09430425860023,180.28461363779778
88.00582602241832,34.27083085063903
179.0535411314078,146.38075602324264
28.462516586290846,97.45396927526164
24.54845855353163,21.59770463113271
192.63213300479953,172.99441028762823
164.85500067399377,111.89788007798622
54.811743324212976,17.007169487206877
149.88125057543303,73.88515987042517
42.07707233502245,69.8856403145849
76.84165910447128,67.69209107920868
143.7589455637106,160.43627182771323
175.8795384347647,175.28324963562903
118.41239966597662,20.852681465338737
113.84688976157638,192.65018144697507
96.13951772737576,9.522941053214392
9.79917451275013,158.12303270571383
153.53379957546773,72.7855366279179
125.31816109685981,17.46595327808164
43.4671399140173,79.88600175604365
159.49394040282618,177.5265952333695
49.05739708120241,194.9648432546397
182.81967764699348,135.3530752150031
14.919362604545446,32.20810586491855
114.81815129639742,163.971299947117
25.878093398518843,118.95091051313153
55.032861298478174,112.01619526014753
98.26927165490346,100.0299521026502
174.0749651467048,106.35155700349648
166.77142883443622,158.06362277759
147.4674522932684,187.5262983732562
28.210765712706124,177.9523595287238
91.5123348124334,95.43395107942014
31.92264798246051,157.5129759802978
90.43655700982842,120.07336466025544
111.37070291035859,129.75325033195784
185.42240445749152,63.816128828767226
58.45791592816145,10.158326240928705
87.96872474918605,183.64299512510186
150.5707868248369,144.26245390600312
177.5757749730959,185.99648376407865
41.69392738984534,77.08995586931158
21.291182213200152,67.59426767224272
157.43655677122965,103.92092665010655
42.802828706893024,7.111826791958703
114.81097316856568,193.3263800071393
25.221227143604263,22.079029550290954
148.42833753825298,10.04288429279083
10.469198618693708,188.14353818352663
147.8732306928423,66.43073704633176
75.27340410875254,166.73431975757808
81.16406042316568,43.37538945351189
97.37535303283241,85.6487280710879
162.28181070317618,21.264954069653207
79.62802436712178,99.48051776659291
103.52246707833808,14.493577069928694
160.51819957677728,11.991042222922568
100.68618861647333,112.79071831250631
148.40776226442603,139.2187284070733
86.90643746035677,160.7340644629421
176.7689322769084,170.50421340440337
28.964785116827123,47.183984478103106
111.62612686985376,188.97293836161631
148.523967118699,34.153612762366855
153.2446155864706,77.01310043688994
121.8279343834395,108.73804171112495
87.87849491310493,195.82336456256954
25.742007977375525,86.54693097920534
27.94207539246458,10.995244783096526
106.75313871561877,13.402819635991083
51.06475484185703,122.33854805042658
20.02988742763427,65.48565702985269
41.38203370425979,28.990868509476844
35.08643879842588,45.08294774748856
30.32578278987304,71.99746874838198
121.83554949296524,94.83178228782174
12.47133410905332,188.98864804469727
86.24736693125853,107.88795451190016
42.622449707348295,19.762559558876077
23.122053331985406,166.1558154075747
54.89151368463664,6.416336587900617
187.66013492478652,19.90177001992291
99.03052928298251,157.01568301378182
93.0627631937712,5.46843837244874
143.4383892678933,111.55003513166245
24.201539895608754,64.22120781266703
6.909537169918624,83.68742537837304
100.64763142166522,194.18966451380976
18.774189573455182,74.59780284880327
154.00965545442378,115.62313264170955
159.14157970883784,107.2373224116839
177.64614179105442,75.2428281515188
166.06855406149324,31.64951371086875
54.15492859762778,68.78075903869795
35.876978736659,187.0848508954731
110.14368150533852,98.60051137850763
9.564679470489256,52.35185271768655
38.25469148637873,159.71633249163702
36.197273477299845,164.7545633696321
71.97433323676296,129.7775581830674
52.66248870690212,151.9803370439758
87.84338895376187,12.024788977459156
103.68727887648434,132.1336017323861
100.17249580576588,161.2900017309135
60.10939825358847,184.20395844614114
55.951057950795665,93.20550247294393
54.73635038484529,149.9851688305907
153.84419873287658,41.49096791658285
43.802360343313495,185.71416774855498
6.417716706792171,13.503062643364046
113.10915182600219,130.40858303984052
77.11094391772566,148.81104809364007
58.64223043270703,8.420509159459789
18.519879523444374,121.88736301096127
97.87784371559087,30.895433271048958
76.61950311472624,29.79431850842924
181.4575600840334,187.0566728241185
153.79363101915777,170.6950730649335
186.62447471476767,102.37678323193005
196.98821337014175,29.573122128463048
122.58184171222628,16.925046405108475
81.5688818325416,97.3929327247828
85.72188774961552,7.267096718512526
38.78386378191258,22.88340171548907
87.73253434386956,41.510224118393865
156.2175357862672,192.10552157939475
47.061901847301364,66.88610897487986
155.30397013896987,5.39354724092755
173.88582609306658,86.53807190472179
101.79672406848546,25.53960999338878
110.68293789925599,102.87446430506657
181.9588670263498,195.0376907982409
123.71166759051496,88.13000464549512
122.31796525928628,9.250263286736976
36.85376145471504,90.15207665413743
156.6881696052534,195.51679418237907
103.06740365112275,153.1556460136931
123.36818316615373,151.19412196323128
21.08670098547873,165.24487879301142
31.898444569468058,81.56866794221156
122.19789204861581,86.44114495282406
124.57470999938512,89.4951477112473
8.909094283002887,58.26227508780831
192.28005879182638,100.86413310041978
141.60713373460624,126.56036463933258
44.87721975548354,39.11784037870479
10.583746080206081,188.52409450715038
51.390087008346406,112.47113898025977
11.282994151643383,165.80412088624726
52.8750273259834,11.789914953589058
179.33511510925678,172.6120020929801
122.57509028596719,82.82735672783012
83.16797060075142,74.29791920619473
189.94098734026826,169.75829349023158
10.48536282252782,118.75009042866914
180.64696389610188,42.46415527926231
147.33947744109486,185.53971788023117
181.21011302003228,146.74307032946214
107.98015240686453,72.44236898874834
39.35515794921546,116.31989664451093
76.48351692301453,81.04891160267017
176.46409291752116,16.255886876506
94.25891241685991,103.86499905802285
17.18280840900838,57.54344568565784
156.61651535213136,121.81838752523085
154.72890354183832,35.2003454490414
48.158200546195104,185.18913179184662
95.00858163889609,20.78692194377178
173.2211726516749,29.03744436629956
98.11653755976563,84.32047554077232
78.42435973570583,167.23258303600792
171.47858407301013,148.29296026977735
142.4646440448191,106.05027200601889
32.93652267450858,17.458725632365937
164.32390467528,170.1639405133769
10.557198297185,105.62175951060443
162.8364975587834,24.38649697973067
123.64289726134069,101.57074258355713
26.994267976751253,174.48792919799868
183.80747027175886,125.68266397770685
167.81357700967288,32.51148144922908
121.19960614107242,14.610257202075195
125.39134415242675,157.15400271687034
7.387756383629265,127.78397922483384
5.094850335709123,82.79354057051236
76.6434799019482,173.60259448419478
16.78080043821905,163.66016131466304
181.4223313460463,83.46000586896504
105.71637169591438,169.13680702989097
14.46396111314015,189.49844022190354
96.92289017841118,170.9279273675459
41.36293228422702,132.44820996705644
14.695532222906309,104.19071253891596
51.26038661328275,108.03617145073376
189.62565572656325,118.6165922657571
85.02520933639693,77.28424998809543
9.97936939840163,169.39712785360723
59.99594955071052,116.10540651635162
32.417234234976256,38.031401508358265
10.51040947907519,24.494125016329612
78.34560815382447,42.0877084263862
99.38732173078215,68.64920899448501
150.84749554031615,114.08681453416848
22.59257975110497,5.842383409676708
87.2264324996144,37.21176721382585
83.87678097814667,161.46116515065333
180.8709956597434,182.52716332675803
196.84095167173552,185.5663693790298
24.337858926116713,95.24469800735007
44.20990533370131,10.195522830117683
106.10384454641934,171.3576891595364
56.21607084879367,32.05262415405549
28.10044884899665,171.8390070626829
183.05598683853316,16.457624900986033
194.9619438859021,28.668306135592626
59.14427979292134,41.96314741497276
48.87615752834033,153.61920959424458
185.23946323523177,33.02816199563496
185.90446524664245,124.32979053151887
92.79999579354312,41.762899485165896
189.2684593383333,112.73971032756042
41.39508605581099,15.751640186522208
32.410904375988984,58.152434697323585
120.39243110027707,97.0459155826636
120.13451770481181,187.07227519172784
6.293605192965832,126.20190675193874
171.13408533687078,178.44027721087173
25.85891990769455,54.550309543701644
35.95379901311176,126.42971600806166
154.67475560313568,37.885422490640636
146.17669674538854,25.380528381858856
37.49018470636006,18.274809494482717
48.64802916485059,43.52926973990181
141.37479609398395,13.301604158236115
100.62720999701025,164.5197882805914
80.90732984767418,73.71876805864612
98.5824474981461,158.78112012499489
87.18735467561947,81.43364700628082
145.31010282838054,191.7622879512298
78.10443204809083,188.3795907052926
111.06392813306421,36.894735473344376
147.1184994491128,88.32481314331103
145.9262948338365,168.45849140387313
125.3069580218069,182.8549007916273
27.91099712414305,160.2429208710824
114.48526833894945,150.54075901218087
31.963771665680515,152.0950701167321
196.4353563688806,58.319256487836654
102.79139233745994,59.35703923681589
90.80584958612476,30.6976450349191
86.9509429035076,162.94699709852512
148.3375539828409,68.63025539863813
175.62697318757736,76.24632142264718
11.419405189556786,130.2900826982558
96.53150207461313,190.4923738399605
25.66166973063374,130.74689049233643
194.93963536268464,108.21577651779623
13.991202473858065,123.08867893089672
9.808795418504523,79.63320544338201
195.03125005627845,68.41027561247273
49.952604096975335,37.58067511831193
177.74559886156337,166.96174787690885
102.72532767513567,152.5152306764159
186.69883125317034,122.5893417859315
52.9489643105226,153.0406693040274
88.33744401185189,191.1708417889075
183.20664121813545,109.59836693361355
113.36918155047265,15.858193275206897
169.04036393567014,145.63443011919043
190.78864400676287,178.9127153015691
156.85527517605843,112.03721352055254
49.1385494994456,121.53639457097967
120.94745007809246,95.89276304867737
90.45770381059178,116.81144616140028
8.964657978164286,71.9597957257007
171.91406687046242,65.94589035265608
76.63563252575716,127.26387836288211
20.593907330880512,187.52636751586434
171.08836852195392,185.76010546495795
28.705148461520928,29.66050608729212
182.63726462297157,29.93908951296679
91.56927453756448,99.14396800538992
161.45779014547728,10.765844877876267
108.15769587864314,103.88852090564664
6.332052815436171,159.31408437885557
184.77924068568984,36.596169854414505
162.66039073426626,181.23489161248116
23.034258896811274,157.5112915560743
11.468333747472718,109.95260475436099
79.597493951008,172.5822616915764
141.8855270479829,78.53859458294858
149.70037050628807,136.43668483083894
123.12671120161674,15.467429387677454
82.67605570480306,21.10967842871135
37.09745527225838,184.12117311713888
144.72720309276647,105.8714221282475
104.08423601508616,32.18931797609935
17.666491683714582,39.53965784833352
120.231848484476,120.12011957735565
55.52261969715347,167.64129627129262
158.21117317006613,21.366225409053772
79.95325083444901,88.68873663587759
16.36667292788526,10.998059992244224
22.80887457820793,123.68320171970944
165.23928038179037,191.9439656319343
80.67092966295145,30.409326478382454
125.23797900130232,196.21752366616548
177.58052276960584,58.67564109253672
187.5257130425621,104.06367385298022
98.46209298851474,23.218909354409774
6.156566244533787,188.56348856510618
164.70886144497382,189.86036289529085
158.62798810338185,108.73468669393077
5.505859981700175,82.89773063928244
188.76844925448728,77.73839223807434
91.05471300425606,104.4238082003483
125.38427027349815,196.70241000106853
165.39260768098694,74.75535672664607
37.52401002103277,15.263914025965143
185.9834376881911,7.002472292382309
150.33319570335152,79.51020303915121
76.18663411887647,148.80867473416455
178.66122748917323,26.37766711305306
146.72518366107224,74.27545383304361
101.61999443367803,26.25527509664461
81.65562305571015,103.30527918080485
38.77007299505215,11.42967434965063
125.95056009893999,181.75008028669512
43.85014600409006,163.7780691702954
174.78875427939727,79.59204349430485
20.229906644394315,6.945080366578318
95.14069696313436,22.44097265966711
20.22584474296109,18.763304501931575
90.61816719660496,21.61817241851852
190.92380373156922,189.81665665724552
104.08446302313166,112.79857660426336
193.6661875378499,132.45472418367066
75.42717948194957,37.67490509137528
161.65554663940156,153.77090524426487
189.8547580754864,78.23517893081892
154.60831261311571,161.38613096815754
111.89816403090697,11.657470947826956
91.94489337712261,128.81707669929438
161.58421274616927,58.227739867179736
88.65312417307338,74.10857980023223
187.17390505352813,146.49838216875997
53.805303677161966,66.86700210056495
93.68970846569437,14.278997519754485
58.08257363810592,167.66285905463687
104.31807971175822,14.565704731320222
112.61882518950551,7.742034270648074
190.8656772532447,76.83523238137721
48.379577115481304,74.36249986520869
85.38461314091298,173.27621361855648
176.0493099502427,95.02833307680105
189.9717850683427,174.34273585248454
7.746309538613835,70.57855215766513
118.08725546753739,106.95943411896766
177.6324444537807,191.53969862118726
146.88397346108778,143.97983748296787
68.6780986129206,125.68773814484175
37.5804301212111,91.15913246459527
110.90021037832192,114.55990315526934
33.82002797524514,129.44254072889956
76.24281587037814,13.480065858399907
142.2247525469802,27.11784424365799
77.30833523748186,130.7447343873561
34.01049888216211,174.60878529170304
123.57348587242085,7.4961729569936075
186.91376195519155,118.34775527134153
18.7456478367911,79.37983367114974
22.720034211399504,161.5374498864303
81.71124700393759,66.452280981137
121.58409379767788,132.2220497488104
40.634373415705014,121.95468769800573
171.8636730190588,21.77499921151912
58.033897733203396,62.37336407774871
47.11364911209576,175.68691804623722
177.78042573348128,78.30411485945851
7.958120985807622,157.73071355050314
25.439129716533838,85.49296466220471
110.58749531436757,80.37573369829931
10.281744774534282,28.577894007859864
103.72378947652257,183.08298775848044
28.759369684530682,186.10756674306032
108.79983409784236,117.83716340424141
187.55004890093784,37.55075345747521
87.05918214299861,94.07145527392404
125.66733360310741,114.4373845399781
123.79149125256473,151.8233460157831
169.85427822279576,82.33391731719203
114.70345313792126,37.53972139080318
18.372359934642557,72.22582537062318
12.241405334407856,187.91694284329992
113.10778313498787,38.8746683017823
116.24088670270744,87.34617552070776
113.62560286360163,74.22782989274859
142.1904524246131,121.41528777460118
57.95002423614037,25.79721654867098
141.7409354225748,150.6655328017309
96.36571148734824,131.76900783641048
145.158703772487,107.440352413512
29.942099388768163,96.93040942796922
60.427543329654235,148.3505738640658
22.3013748789714,152.57747335006493
91.53181611075678,111.97013038822054
114.00996731237176,156.7206713791295
150.27884797702572,170.16650243007942
41.29478523229112,12.089973511384265
120.85662549128949,80.05668541138854
193.40008888185258,27.435058837485784
162.75984448293508,36.1118485887948
12.47720673923596,42.25776212226964
75.19866083809764,103.25740485268253
40.27955382708325,42.184935445289604
100.36758672856737,190.71467733267716
17.809841704925017,149.00563805021008
97.41558007071204,111.69391164789994
178.56924104991353,154.1189107278758
78.8673306884526,153.3744870718198
25.082997960823523,60.365317592396096
119.3738654193806,24.972479136729568
162.1834996955556,134.40884534827657
91.61368847229905,171.20026855939614
13.846259851776729,11.664517017573136
104.31260441377421,120.78041702428878
5.183338454742454,62.63589814510804
148.03619540811056,103.56080083756358
158.74758754264687,37.690469342797094
113.9906283063299,10.412974649348763
151.70896842223047,193.708568157975
191.26479622922153,32.99088865886441
26.302474533913482,188.878389835122
40.918921777930464,106.45759043252419
109.57108331173094,152.40233561543374
34.8440903155228,27.822757811549476
196.81756542234672,74.56369832202267
196.2575781464064,186.88429840706152
151.7161008609349,160.41479274250642
146.13667273624097,147.48726333276176
120.95513753825044,173.0458294785627
80.27466865959839,24.643869006659664
120.00784871372298,169.75039955969416
76.47363890744202,81.6268485602983
28.15289133333767,115.33348359038625
89.80885930420709,132.21572602601222
141.91227941494932,16.011412324140036
148.55535296817962,72.11316420762319
176.2378389736116,150.50449765299211
168.31514915959744,97.54870013327977
10.72601018325458,26.87964143417066
16.13399496655289,175.16223036988768
41.71586585739366,27.202393630581835
173.5616663303405,102.66933438446064
157.39445035151223,13.681076435134608
28.12955426099256,154.09943189520013
84.61544882735073,80.0609308770522
23.590936318601806,26.257601443655048
58.16877204931689,29.63635531798863
58.84636340898529,120.02386561133787
154.69182394566025,179.6239324210365
84.7979789855933,184.1843193294516
28.06550086807891,90.53989739997557
104.02123601305472,189.670581636331
120.8359162702942,69.98758150261048
115.83780601075996,83.06339865926726
98.07169285424638,70.30678903888402
178.7416861851621,123.73898967760631
6.149922838611803,121.38351247516884
149.9314088660336,108.23482456337312
181.8877570388056,170.05302418693378
43.68930337707659,54.873813457187524
188.3569513700137,79.87788299533204
102.81524130731307,86.34123990171365
13.011434125941712,65.31601841522208
117.21703177372602,37.62816342604859
122.83976476136156,98.05096452728394
30.796214004339298,42.015254116455566
114.27991253819472,76.94434095622327
126.58268701866055,121.52687171743847
151.407802517369,171.80056691994935
148.16704386872507,8.213959632792783
145.28201968029427,137.2723072409635
16.000379446333902,161.42140510145268
148.65994869023757,17.27036863567668
146.66249081305142,157.22266342085982
48.77691738395592,126.50507258565659
174.79001655128533,188.57996377184756
112.5232352163285,77.79624003849337
27.09262945414264,32.48431512269519
52.3083246134727,75.70104310930054
18.7540456973586,89.87061931263362
39.38748788438322,106.59031317446366
85.12089092287025,185.84037206695507
183.69298171271768,137.31388756862768
36.97771249653107,35.59773942924382
146.64300405317192,84.56271866093033
168.87944932264057,165.00859462918044
99.8193001438365,128.0912424592081
172.82673741364084,108.38516230536821
158.76301883242306,136.53950587508243
42.551280351644294,79.99458064148853
45.5228795864776,9.068980203615112
29.639390901827802,41.674759419841
54.73493820946976,78.40418525117741
24.31165444005528,44.266124191748524
120.21029642282018,85.77846425122733
159.42858367019664,123.26936235805047
158.45368579773626,99.40091865063646
109.11397099281636,86.71512075956612
48.4266929667054,191.40241491328055
169.149174379536,110.16404741598811
14.307955221639176,162.49278091294613
49.133650708079855,131.15565124954193
155.58617297165915,155.90600129189656
79.25726945087166,183.28373461168712
12.365699613973277,86.88264570141554
162.56590478243075,61.322158889575554
18.855132019852928,121.97092798165616
29.403557290886575,161.62608004993177
185.72877680915397,178.6490734846301
168.95404206430788,173.4032419552163
28.403563541688754,170.50386171886612
116.41284693738798,99.91945714019624
126.97719599550884,29.986803973105204
178.33192594295727,140.57972534314402
93.9510858428603,151.75103380565037
51.613570407278964,80.0534995621062
21.757342999552577,66.25573615894335
32.110244982088844,76.17746856957392
185.7597045380005,85.954701822316
183.31421627032117,122.26766138814419
41.865509553705365,23.198083363808784
58.94016420363977,124.2656907739528
58.09109470642681,162.41825309636025
148.7402744949486,104.99803682961134
26.15217413541001,16.82480396151903
40.95427960824775,87.85532910819823
40.79329034958307,118.36867522527714
44.18428582917534,51.60238018582869
7.7396072914069185,56.09930825678095
28.702225208696618,148.29230173202063
98.16939141916322,78.38894923526496
81.51075140122403,148.06286149778597
147.52450037885964,59.13725603370465
176.63566304364866,11.322068210289585
117.22667869232065,115.73290484173724
172.37029341193315,118.43147364968391
106.32259128828312,21.16444129486471
179.5197969557825,162.76119418997558
188.69192211940577,150.41722352108258
87.79313734859713,189.44687661562833
147.80426015443547,113.49816478541464
86.72593054689501,34.45611820829203
183.82960040458877,187.32440600493544
164.7527665041913,154.64544197589132
29.2787111534045,73.60781088252241
124.35081715324564,161.8742362999634
178.40541333954926,186.538498554553
60.05283851115203,83.53148807029334
108.08818116982633,33.09650548426724
9.955527954291098,163.41948691605896
57.02898629927703,92.1917251967904
107.40843046065791,80.81722647647318
162.22106820646857,182.73629940489218
39.3083382687709,36.76116341730195
171.68111641832274,85.10814366692209
122.93926887321348,38.94590091515679
172.0745483889942,21.780542618659638
89.17338468166633,118.5115569189524
100.04397372771732,36.627921979546834
32.83357906607923,20.6218159145242
159.1270678345392,191.36977826412712
100.29948169055848,173.33763384601818
87.68295861247049,59.34660773313992
22.725203376547263,49.5822334850933
117.30095672844608,81.66198643107954
27.24152006439625,150.3590633048073
119.19026360624193,20.602234013494183
6.461252623562313,175.96879321867462
121.77373416755495,131.45888923637455
188.91969656368582,75.7219809767077
160.93503503488327,168.19210743985607
147.49491250838415,113.94921828090568
194.72971948756754,5.803077634258165
93.36992218774189,110.45915210462582
37.407366930603295,172.63562427101297
43.586655639835634,193.85144640322648
37.91767824635762,152.75986048483722
29.734730705085422,36.627053049107026
122.00045336354256,11.027494709266248
160.98263750442493,131.94917994019352
143.36822912459036,84.30605808913178
163.75767655869635,14.144888210819666
69.28262923189823,133.33317786320998
164.9016826987431,79.14996332827181
27.619636530147055,58.47849403940555
177.68426379821426,87.16750614827892
165.20401323306345,129.01253130695855
161.86041568582093,107.33767505116144
170.84422431776937,71.88341195906105
185.23811182705913,11.802822449990494
159.802701701656,144.89177648987035
157.1951100105129,105.87354561387689
21.11163476147391,5.480220967042376
25.54093964545783,98.97652889046452
15.392579691964567,170.9224436153613
162.6598985281096,6.93254930461474
55.99060702280463,10.977579431013956
131.23227869246904,60.073444200551975
22.276442736628887,48.49859130711019
142.64316381021462,160.9198208088414
49.92491095619823,8.312488037602026
194.37556283898377,21.070533048332862
80.40070129071565,23.76078456837366
189.11234854779102,126.66341694217088
164.50569704825804,107.80752937585912
105.51896241295242,120.03061131838837
83.17268509449974,25.34438568212845
194.37323794126448,108.81143544917164
27.05947930572395,120.90583530855683
16.71012154106186,83.8743959836967
27.181891900880245,123.85012715154754
94.79786656726642,110.99520265805363
30.197282439259485,47.81218381871727
115.9581266848645,196.19584624154916
196.34899075163403,137.79325784360273
11.433325353220994,175.24120930432258
16.163900486746137,119.80611970867349
77.58550806611248,88.790668737705
45.71154240085314,40.728869088817305
114.98239835410278,151.56673279946472
196.38599796595147,167.8472354145538
173.83866474840326,70.57018375581991
168.95956555819714,80.42838366719354
160.85249421793824,58.45686821438932
196.193190564513,96.67924505835248
126.34820332160956,190.0835963572521
37.24748024949817,38.616323110371326
106.28533780370206,95.24041753258848
186.7472777177349,170.46641094151383
100.69511235799122,119.11015834797443
102.43544376417293,156.36552447693325
95.92697817220655,119.24724544907473
26.902783151178934,26.909838857926378
144.96404051126632,103.69621297948116
110.28649351630351,165.86989265560018
66.40974388222105,131.6086072463716
102.39003677092909,15.92164967888902
8.431365182254641,64.76088395680692
195.36634335539188,148.69946934811279
56.48182295816993,95.05868908500834
19.6936381247089,152.81869605740772
162.16204214618475,103.07842716428837
168.17007659454885,150.59051463468964
46.29850161286093,26.6830400391719
9.806434586272491,26.498237774930324
178.6195397814971,119.279761267688
95.21486934435092,59.05028845845798
13.02036803070432,7.227912090195939
158.39961418489617,8.160390310016389
5.4357688508976105,155.0250528804907
30.2399567151817,40.40953584470902
191.0253980118325,160.96592268560676
81.765411270097,75.69801572581432
12.355496933243801,8.576941384964007
44.75033343397662,9.772388692000629
170.5146450128948,85.37058494907279
83.29186201954272,99.39527856482222
87.03670743736895,77.51612984922328
39.41485004593989,192.53954611576935
76.09854434028178,154.45395722880687
105.00008545448922,17.10274885693625
23.08747665760032,187.8696794089482
167.18581061208263,41.59248646365366
182.3122679981515,39.35324036349292
101.76128557281349,185.87593905381362
32.54776440087739,105.74774847679178
36.88930576769601,65.44773060566482
16.195564712160607,153.7163833655434
9.097901416636002,64.45170263194083
97.0864911026957,191.50182459444142
123.62302618338148,160.18986247979728
51.524766373892305,92.62263508907421
145.8385345251132,5.580618940297612
183.47791387702094,36.40755403861536
58.45767967825299,105.17055076498627
10.327137941805814,83.61116531641545
104.1123248752985,10.437813425160167
142.29361374635522,5.9252852047740046
157.4435640394279,163.38466835571737
53.26838219893523,95.96389013209337
183.21504607020023,137.06474263037447
82.16799650101262,171.86970867396565
189.92267708791965,115.57592814585259
48.40827309277149,169.15579962734674
173.9351343508131,166.23574614011727
24.473009514485053,27.89993942073078
111.36491238244437,152.73553744810903
192.47194369937736,33.3339745324701
22.324764112148898,60.17663619761195
76.49049171472896,62.12278251378807
126.10593030001687,97.05100008783556
57.452775780953786,31.764129751461972
190.12032606371824,34.384906832093264
75.55058509502858,66.90837343319699
43.36310926522252,46.73925397654887
147.71486865745084,163.93769308133994
154.72668881998584,69.97798878296537
150.66060812304232,146.5289781288843
185.32270661037688,164.55155359805838
17.858600088895784,63.4420247177735
147.65684993270048,105.02110713802999
108.75378359390837,175.7163870597338
101.90560864400565,99.95129355423998
82.95728709048323,76.74055439782168
81.23663932902816,24.80708453252137
8.610452616492324,191.60184093459267
144.30660796382764,98.33846296748608
38.731817380603744,178.47711831960407
56.87752670795097,183.38584510228227
24.56834503415459,54.52244244258711
6.096562224246664,68.8284140433914
196.51132570014556,58.6133216490421
106.04903070914776,125.52106504574463
119.76697379316298,105.13158941531829
105.6119311650752,173.05121021710278
76.61335278998904,61.49581195746853
143.774729407414,24.677200743691824
14.769023440594745,172.90928584321978
123.98740901518248,58.01895895543165
177.76250014644813,188.02382296959473
183.46117808031372,175.82584096843775
24.655000751427714,26.063522620052726
38.246355719737615,12.011844241408847
89.8615649340842,157.49171861871665
118.69879907477598,108.13911231107627
180.91121895807504,12.59960605293471
45.87317834011803,79.06410339233314
23.847680863800633,175.243589384707
50.72963215950408,116.39304189032987
88.67974561395117,162.63582880845934
52.096326921920266,20.886817439309084
49.515472104269975,153.88247653698065
109.26415790903324,126.18137041775498
178.22003146655385,123.21330871771843
185.7548860486721,21.776904526673984
105.90412438706187,12.990766534460127
38.86460544876988,95.47479726906843
184.92784028170772,96.68777267463601
46.14804762341891,113.95674202967488
196.2858903674268,72.82184194993609
34.49792070764206,109.06869713901622
119.84086515681838,74.18843488102594
187.35769819789232,26.533162587862023
75.86815170402194,164.62532747670406
33.584145687225686,85.02616956062579
20.7754836160625,79.62164200961213
116.61210026193217,59.74989834654914
55.05689269734994,174.056468864244
150.070855220707,98.18185887014765
147.8579986773451,86.20306174110802
40.662180171289364,196.41254392318325
194.25932889226226,35.767199048107145
194.0576898798506,170.65888217815052
184.73062843652298,79.73532604945359
18.38668831853281,55.016663387578106
155.33494431456933,24.79952026950608
76.18993784216445,37.44919295175559
108.4426464849534,21.165233626149227
179.84995193154265,63.992525055063446
180.27076840101125,109.1887674310707
188.44731397426574,153.6136629302945
46.692044385957814,112.28090715548755
111.3300062962638,191.23602600633268
104.70755786457457,95.94009248173177
71.78274930034519,133.83638152605246
90.95271409190846,79.61286979987305
49.123255231706224,87.19994093562116
53.27382846180512,164.67196615935686
185.93109918328335,20.804466892329344
143.49908459210383,23.963438504576764
100.62130393041,11.2083545501047
143.56653086237054,154.4434130330618
56.26271255809614,5.411669797684576
147.32506640024266,24.986156619299685
58.82755374004837,176.1439630368448
114.35157634312517,109.22455301993277
80.52825295707623,41.47906711332321
26.500760139763404,104.90912796157969
28.852734952842074,173.44674806464255
96.32531981897648,104.1893721975863
160.18177739121856,79.5674056647775
41.78630791163421,10.232300239426474
60.816620345419594,12.080459609750555
91.12873751038596,33.16156227114889
26.349264624507903,98.36766874438456
111.06821362799,58.78998058818819
142.98513223959102,130.9024486275242
165.192236680206,181.6331015377672
41.066152307044646,161.49629163847553
24.347909404405776,191.46612108014764
143.91609420897836,134.4250322187373
99.1089596422263,20.69162033893156
193.62910634593467,74.35624422660875
30.50679252727482,29.39836731451829
47.25778609980978,51.99398935049471
177.10279078489893,117.55011341626535
191.50956031832328,128.19471777343037
36.854742357024726,77.58016447430133
25.213873680047698,10.474485958268213
37.40659967406567,188.37223672668637
58.79249776183932,160.59996308225286
156.53538332956242,68.7411819248781
60.572184986227235,181.05183007929014
194.49113944373244,104.68404124083824
9.200050954917433,43.252361328547515
111.43434839532961,6.089492656299203
188.60571057009793,76.34799020109205
26.65296625055036,74.25684749065911
56.13858916838436,192.84395066226773
37.82532331701611,79.86619250039412
80.28089377098426,18.022534396425158
125.04124637324674,127.45356174195548
54.780251398519816,58.62526777295931
142.31188237829952,28.114982838687023
6.985461607634405,78.35031715501377
173.34863101767317,21.292725330364004
8.137265232325111,162.3170532316457
54.550164569374125,17.461786167611915
90.75124977451615,178.03078706368774
42.49163773343048,196.4888705897464
192.24360456310137,180.83595511761527
5.16847674427039,108.8553433280818
167.7752330753079,22.858746031932604
148.8057420409256,79.40117899454147
108.08896654079636,129.42051122905124
56.357020486378964,193.8234822105342
41.36708001438325,33.4014130239022
27.103453801091522,64.09063664553786
106.80729314450716,61.062111106285485
142.14824892101174,145.74761393521592
55.20275201694917,85.73925855735025
144.32561003423686,162.85819687265416
166.180592677312,120.21512288540107
30.081374675885566,13.01536320736943
45.541666180611,195.3754052705507
185.3282191667791,125.52942077526365
167.8368572210025,58.309151764247694
181.1290422536111,20.412236279722148
163.12515563518667,136.45214631332874
82.26067435317032,98.68131799432561
81.54816574531203,109.98691943448729
92.29931123441321,73.5138562197659
106.88081143468811,175.34012163674066
52.49034773859918,159.66548876871238
15.933826319116752,176.51439267567878
39.88267395957738,41.71604593013074
78.12873386300446,108.23392875385069
22.8371824576576,185.8409405829897
78.97195045732907,119.97467817904365
52.6916457413112,10.256044689707055
5.541569668379203,98.78119788413237
182.2824701952989,42.436119959708364
36.42357053313282,114.35050010456736
20.639738161663363,21.84148064150934
10.065196641965438,112.72900178871761
6.385772909340808,86.39371544934838
26.058182208416437,26.421314522418257
36.13412411449618,15.818157807343807
45.47523547074364,196.72931862610562
43.7698883630675,129.88074419855764
170.01607951230335,82.05963308708068
108.90838391040865,149.95271207776833
154.84125283047362,133.35754090338935
28.343587099867907,76.52897397851042
105.01269806930648,16.721020417637472
48.39683028431121,168.6536999042823
26.021310068606113,39.87908897243093
116.18322366576575,168.72353607830777
44.91545086671447,28.48669762154365
149.12411657012532,157.63483300600817
163.0085317045596,162.90412685476105
161.11116921469275,129.0281908660506
175.67648998459492,33.72023919763106
120.59460616781013,160.36813623741156
34.52175171131961,153.3837863209607
119.02179608962288,15.645152679337333
9.982518616497861,191.4008222110769
171.92161869422375,24.87654964365173
18.267879725368566,125.76971518496357
10.968253635129061,69.4605676233649
170.7194704844501,120.1974170690782
59.34910344633463,60.623820887089856
165.42823235864054,164.71347626549837
45.166195131149735,194.75669424074397
140.99840256432617,93.73790388354718
57.21463777052183,126.58713539285534
157.5220963623074,126.64822700979008
151.35359224369296,151.13478739792362
160.4146653297443,21.015557224859325
19.257190906100337,48.583995205595826
163.6822486490444,119.32267391033179
163.6451426797826,105.08992580500474
186.13751230188092,40.18436983331029
38.49654479864934,189.0744746079684
97.28316558867847,42.06904391181463
90.31962799512945,149.73856525841646
183.99814539403758,160.2544054616953
102.15312203174504,91.40019923645158
26.71040321415119,81.22206837630354
183.8026255167347,26.10136115848959
153.98392622189706,84.61904815976749
7.284940025603332,78.29244572549324
79.48193590130704,15.995673074828488
82.46594079495326,106.10472118671528
114.04906759905626,163.10465519457816
32.14842989431723,49.98439334818275
33.61264146242016,131.62905454756427
113.60758769368071,126.36904019963707
15.169179948250266,77.09618388115997
163.49603063799566,166.61078444026944
123.80734483196551,22.425436392965086
13.409197546550343,87.56252586238715
42.95183315882913,127.9971189948153
40.94773573934371,65.51740955659338
9.00158993228305,133.35239483928183
109.55569616263502,103.07897143146121
82.37769639403902,94.40185348581613
48.450282473124545,25.48646200959141
32.16137037198555,79.79099052652096
88.29790931855601,126.9437503850454
146.15423645837015,102.75661736130493
40.17214425167756,120.66622378033573
193.08415325557402,127.56386115111988
27.092341992038513,29.84151754738755
164.89348741580093,125.74098140079833
107.21615018999466,169.99412540288515
40.48525405263917,72.54408555989491
18.668049918367828,91.77192069015271
149.981620182524,103.00490888535276
157.03404599096794,35.7653342796253
16.971411045099085,133.94966236422218
97.74732141985052,172.12135137134277
37.05494372552642,86.3069265125263
157.35131305382677,150.6185946919436
104.33371922604124,90.35947867901336
141.3283796331181,75.3613009858503
78.45308323383375,183.40765242684338
193.72727346209368,26.77214375774815
92.383436266853,126.9457807737749
126.08492988000427,188.32272341575626
99.392942321672,99.16243058420943
89.56543558992796,99.69430744272204
174.6490815747325,62.654559899106744
155.0727758142182,150.41117169639733
80.86164225678954,190.22075251739125
30.60861058062905,26.466978407187167
187.23366570560336,151.79945160849758
62.93656857116849,126.9409391070876
14.162355337072027,178.84784573756093
98.39273938984063,84.12563841652579
57.699770708094384,32.89046536632685
195.54526010632574,62.01039090927918
145.6058107573594,39.084363707500536
147.09042037049025,37.34735391810723
6.193623927399724,104.16988738573966
32.686921321629974,193.68201052349718
193.16810026055495,79.52040786819359
168.75512409106722,156.30443187172543
26.22777178050794,149.60720166523623
125.6409526608651,83.6494682146465
107.23650829794356,79.2250758274211
103.39796566156764,132.19391069527316
63.834492489794286,126.87204672919391
182.80260329470906,181.73493706686835
116.0702214371355,15.620111165325527
83.9059519245481,59.711157752675284
152.08959505051436,134.43904780672332
29.3730435775566,64.90190333372321
153.0924268306861,165.57125319950757
187.6011488925728,114.36078015647894
48.747907443613194,176.90216489984732
126.69018879821262,95.3455120160461
11.370876105208515,16.413308175349826
151.38255822126376,73.97186922869828
163.06421370140157,153.63058406514162
27.72193719902573,55.35986657372802
52.86901535890212,17.631764769313634
18.47308713300255,91.75478675418964
166.45537537558428,93.99008921325043
162.80779509663185,90.63946265396315
126.36588255944216,194.9444260734736
38.38842158210859,186.24172059962817
184.60497751502825,172.17710464645728
7.667325233677941,96.22017523716636
100.84020359878134,8.465323108518927
56.789030374479694,164.1908857625484
114.63437139613552,95.07158023862446
87.15864513090293,32.60416888398731
125.3255465190349,60.26608460269978
52.90655643421474,173.7933583674285
117.60605647287122,117.94418499946025
162.35892850154636,110.35646718294916
165.92864979108614,66.36492772017371
80.02665100754899,181.94253394806395
157.02982936635252,87.85627805432262
14.462435187916354,46.80736815332675
167.77768685975772,178.40293570350448
187.90004578785843,24.198049438419723
48.215043870156734,29.902387153810103
169.57497884716008,86.93730152011945
123.97355980547155,102.65690534130073
103.43572863041874,18.621780410544474
113.33346352660568,118.06698830163037
36.676583622973226,154.49274218531474
125.38504592432554,38.432115001575006
115.72764860265085,192.42515362123888
123.92704299489358,124.13962517364295
24.157915140542986,165.7451638134866
93.83495591060256,131.18944427028708
41.26396243249694,34.52717189800281
106.20909552207551,150.2817607072554
5.446836374875343,158.12750001240022
154.06232228026403,100.3636999903835
47.305716373617344,27.84579580752527
9.049720918260654,121.37464143768499
55.792994520892734,60.05776868375401
152.42665839938894,158.54315329369894
82.1630277164991,23.508185632501846
180.21225204953163,34.69620396503874
184.63152694268157,38.825436284399196
121.7513952214525,188.23784860380033
152.3742911206167,189.61424823520744
152.4645917420958,180.76875895989957
122.8920277291389,65.04951515678425
195.52943019238603,94.74324613295614
161.2471074676036,67.88050036266844
9.831680050224493,181.82948394459106
15.418778304402517,21.79233088295833
192.74194444991792,6.221578547638737
171.80127550756148,117.66194695608975
39.269187829110585,192.7820190349695
20.187147936048866,161.07138575939234
77.66542808428711,33.92091140177784
93.17815025331986,181.31556147191705
100.83591169576607,85.82134374709719
10.726323014817996,81.55802379481743
92.8404959247667,27.844870029016743
151.65422405019817,187.2298032902425
8.688553519340763,44.29023802912682
174.37616154893198,32.89306267368876
46.480573691330015,89.98781344725369
192.76576412572697,167.46208819892738
10.004906908535983,42.16879101881804
23.389118323243864,17.750712529013725
55.29415523039701,192.1813280074609
143.6150859591181,35.38737072068339
36.62005408364095,149.89541419026693
111.76565092131516,79.657322994917
8.398129034877341,85.01035031561346
12.548518677609843,103.49532208168661
16.0510861188822,111.16902573042911
18.14651364435032,128.40490894329955
162.14487661537294,18.290409587396695
92.51456138109187,15.384600326684126
41.97100915579162,124.57791984130704
23.025586495132774,68.64849931626728
111.34484545020676,157.6221586714877
92.99662540535154,33.11397303864602
124.92997636325845,115.12456621109908
80.46412094190498,62.832757535916656
46.87921781158523,116.63998236532035
100.32601790707825,128.17685146467534
145.6465049938425,88.01626893272359
77.34242313399923,126.04341438120183
35.12973327791896,97.5935788015818
124.7091097170469,60.17521071984698
55.86845484143098,56.99326321127953
5.71451471322542,18.049074754017777
162.77509539694367,138.5903783923709
15.114100504948855,98.1003028395076
44.361853280252994,157.23259992984444
79.45495095627577,127.92683733397233
156.44174513533991,166.91384982962379
144.43742732349818,108.29065226693835
46.82930402579624,40.701870838092745
21.388276399172625,132.9976607595619
158.2424141306173,185.6461402599712
166.18009884690065,100.03404803774967
107.99227791009824,150.90618584681238
113.66510039677836,116.18171365179636
23.260778446349562,114.66203549427198
19.744207500723633,83.13346792582337
162.76100354991587,41.74950948803905
106.85855821265477,169.57589721558682
14.938930474903257,119.38532684634563
23.387870582812514,120.2309836643382
167.0680467194503,126.04765984048196
163.74034853545493,100.18244286518647
158.26885821770458,29.436362906676894
54.81566135558228,22.73973836496439
120.67269885497772,104.69789828902395
178.94906453007317,145.62561799822913
52.24919210863083,195.95183487033262
81.85455851444479,78.24335315043025
23.40398949979865,120.40052769139096
157.35243095505382,26.90987901885111
124.71161996330707,100.85534784934721
117.09730770429476,115.55812296219327
56.7740650347499,121.31463603804647
180.09754286905473,58.53298173587465
181.2221766825547,71.25390469964361
175.44492947116905,27.16973891924964
81.61042241552082,38.29744211666818
5.297370649542009,6.439053766210983
173.47892947008995,11.615547336012774
126.42021435692831,28.811041634593654
172.71872481180816,43.48553910101381
77.37724334678364,159.87537855406296
147.74524228487488,105.93217675196118
177.71023579747745,164.20395139491208
81.33299464845474,118.93556417523848
21.790756853362147,83.87709281464957
165.68283939861348,27.937127657114
46.455828630756194,75.94550460222081
161.88593100141458,11.601209594568969
152.95999876828677,184.19672264032096
7.3350377714804305,157.5468033473158
17.251370351493925,195.07084021337147
87.74127135150988,22.899936252689354
46.63544695563618,61.774308315931165
88.5417874096918,173.13974164013513
99.08666222747235,31.07432388126059
173.60829513995253,40.941710278591906
152.88842315517593,157.7091156174103
91.09269305986685,8.753745130783036
92.70578209802545,167.1607973028662
43.02762230414776,44.88481633260192
59.259534559883924,195.41630046238143
56.131154724774504,106.57865232713436
57.10256078520673,122.68068162637599
14.921504866216146,89.27481853994335
89.94102816714683,60.77017178372222
32.401263332184904,133.49092985203777
154.27531630101421,144.59160575105236
50.22827624372523,42.14539869818215
187.69325802775577,174.39290500528236
101.10623155216368,41.58723074459052
184.88373137635682,84.48229890686164
177.60096229931764,168.09082400352023
99.21529615209437,37.892060796898505
175.67842282070978,178.60542474496614
27.172669694548027,119.3566255377309
61.43461450624787,130.20552442689905
155.66304680843518,186.7026234389865
155.9475340692735,12.111583709685322
78.61563340588117,84.72845795159594
172.90319164294417,161.66628203832886
53.125893190438624,129.17556155655993
174.02275880240836,126.20114046537975
12.300952188287138,67.4853084426799
154.0856390152064,152.39098464558867
12.78324975233161,127.94131597057296
42.7427575384605,22.245839339486658
16.207274847438203,5.946114718021288
14.242033959324816,34.63958930648107
45.96440685021728,125.30946589757022
161.3760148543015,26.372806862242285
97.04650567834521,35.92644703481944
189.86513389447194,106.34482129784034
196.52438152533057,65.01035689865353
119.32806141441753,34.16235565843361
41.56297139705191,35.643163646645306
37.56617810790083,122.14904477361286
96.58199140082579,119.54187257807007
190.71209541483316,31.15754097997592
115.54999734895296,184.49141386872327
165.51695951060051,130.65969404691901
168.8133943137115,30.815404917796002
42.10523139448725,173.52731562955063
111.95023671012474,86.32243545676447
82.54241027069651,176.84317378189445
170.09757543547877,103.611095559115
94.45617868362652,37.6349808325351
19.478696421890053,33.031029742598875
39.63918727394053,170.24940117973983
170.3292654917254,24.167141370362053
40.42380787502956,28.20301925312903
189.50753668363726,6.186489626682121
176.84858255886994,62.572708199322285
28.46912723917603,165.7340146692807
93.23447711150037,167.39034909784576
37.588032237831634,27.16513778159675
110.40811379377209,40.61250965618432
11.696639635720791,164.042247897256
21.083985536529166,119.77002768879431
86.413547554638,98.7826476338602
20.134129342133097,119.72501484794122
148.32136943899283,18.112985695239352
155.4038121378029,25.931490239846436
191.91530549720522,166.5376067213455
167.3053225386887,65.90533762921496
88.27965762279513,153.93283968103788
40.54135485248685,10.671442532176554
172.08073216989033,173.581629471276
90.31494953674456,68.01748763366164
196.5875247598554,158.7503554699487
150.79425841870062,83.75555179844238
22.79849825332642,148.58970626072505
150.07779217039766,68.2459069603548
186.24811333571,165.62738726234917
96.15183423719097,180.23168764302133
12.880142612617663,105.6732860775178
83.02473036893241,85.40181370285782
173.22406471152325,105.61821716572906
57.742432637064525,13.88169344637857
30.28236220964943,8.20793822070597
59.44678537669434,108.24382711543872
180.84288742825365,129.1729022535976
50.32975229242208,103.91425555728725
37.58928259177468,34.04104392236726
194.4442509411,174.94496904184254
176.29490875203624,23.128140956884454
178.57955088691227,77.19123788811088
25.68811062275258,103.48211465074655
166.60932026233965,188.60275314518472
5.832924462660215,27.41518663798859
168.60723362219773,115.92041088296165
154.48744546077936,43.683857837427354
11.360117877156343,117.36734248541678
50.248228256059846,15.976605548797362
46.30563915251803,6.9115835637654675
86.78039912490615,130.1702459973211
89.82741581362252,123.0482858572486
26.974862009512087,114.7247229224166
41.2920063102358,59.66507495663348
20.887337418772177,119.26190082281798
169.0776030974926,176.6132757819547
170.70653331492684,81.33314792651079
96.47333485716409,172.39628510805315
121.10507732198712,180.36324396301103
95.88995020241698,195.72134065186575
50.694981651784,32.55325692985885
168.99518486614897,75.41590487609314
9.351461055798673,8.250838627923681
77.68927633036301,32.87156334211919
118.89468438440403,160.34102087006085
57.168631945440296,114.78969278592416
114.24403865779661,29.03220231170966
177.047120289945,105.97099158357739
33.03529521634877,195.89252810198417
58.80105451668476,175.24130320025628
110.39977805874541,85.33820635471768
98.68923314676059,171.92810519803402
184.09360800017714,85.79045011530462
33.204595346935086,104.09961772053764
17.243346168565154,38.85760364944075
180.51398771367073,122.53001567593653
85.97881904807925,88.75301149294184
62.12089988104112,125.07098930566096
191.66427559014417,196.67326531338435
121.35781530999239,77.25010527876039
143.36764377371176,59.23505218708281
76.15959715165025,105.01869112330269
43.73009106032628,14.513810306310255
122.41050396445053,189.37717760157244
121.58689915874984,131.87482004533908
152.7360838310624,33.75682741533601
141.09426095017085,125.84091927236014
82.97139856632069,99.883827876939
19.46588656460842,45.23434694981523
45.899437524908414,176.51013985460125
12.402267632728428,64.60230875955946
167.61698856118977,68.38906256088733
13.223119908452553,10.491617348177348
121.00578207561094,161.18178312274523
165.72944864051564,123.36280972533592
144.567859608056,147.0868856632155
24.872140301574845,106.16424733799533
93.83770790911429,103.494528958183
159.76328131981498,35.151955164616574
81.51575072468634,115.54851761584425
107.91919235612531,88.88387308921563
117.36009645218465,97.4794411255251
178.89485456437154,163.64942082631623
104.4177447235644,85.23550118940905
97.34225466780568,163.56108804521799
122.12411822033084,30.27395968681695
37.808893732467986,154.68604091711248
36.75505649017807,109.5245856704687
39.90830073666329,79.86637921004242
56.175474674836,14.429952392250854
25.457633916807183,153.36840253117063
120.77369632794422,156.94066501333776
60.98740313126762,61.4303244213201
43.26975831351788,185.47274440156207
146.03725013301903,23.147232924552924
60.619694128323395,29.81093638785634
13.428709781580059,39.7994255415486
163.81844275636695,174.5460202285842
56.79131346297168,61.67805559657127
157.78702036378886,92.73288916834022
12.052095075949019,36.81166112337704
108.96713287649276,148.25451310723045
141.69547679759617,158.944175337932
13.7987062161459,116.8138008787518
29.68965948646385,120.50049600838338
20.25952161742977,96.76998772862042
15.451136329433217,56.37318512879007
164.31713451048896,161.53603408564328
158.99295390212313,34.39675247729354
123.51699047700296,78.71294215063368
51.209098592845876,93.37899522445134
6.785259932875955,38.36330500902719
24.186455076773623,84.48424504398567
117.04408048005091,130.69853906213456
87.98117165443189,192.72642244720478
174.31344226844612,153.2984289009161
33.39725881942559,170.8622103431145
77.05371919342596,37.36069770383133
33.73059537234358,151.78676715433778
34.51431513075275,173.62759884981722
114.68522779604352,125.79984117631119
94.71546685287933,162.96061935009567
162.00984756378517,10.732586097573408
145.72073878316098,174.70942777985735
144.5995144089847,129.95327714309275
11.402004894513611,92.83392327291934
33.360422438452034,194.98165770026702
94.63453946027013,10.456489856816575
22.10700037906383,46.01588166224433
16.743691744603918,22.790637829920737
174.77416284180785,135.91817275243466
7.82685775567041,90.75863066618992
39.25788380589538,79.07952158807947
15.50000520077517,83.91522280056171
185.62059810772422,140.69136708777972
40.60975477204528,171.70800534669803
13.824564277363631,121.83481441592485
28.50609060194366,52.9391202917356
111.15532609793716,96.51921677866578
163.86027609929067,81.76122405351292
92.56999595112526,189.79809754611188
186.72390362118924,110.41772462808896
17.29501012318471,122.283973702916
78.75791662196191,114.71514638128365
121.28893630218188,98.59334887079896
44.68001799554141,107.10014689663842
156.39731184560992,133.2536762395494
185.94824803681158,187.67466927739002
27.63177935608632,36.82047545429282
145.0581057622215,165.9746184381669
167.4974086561355,184.97895870968338
166.78808822860373,87.00762735918113
103.61448496040116,27.557222382207154
11.13579109369779,126.35322805988885
117.94481442144559,62.42814656698158
93.37373015769025,23.907211379597346
38.73170420206273,23.05352337691334
163.0782971054127,87.49981787989284
60.476022067482845,80.5386706003629
85.65573926244093,150.12015751976602
58.676800505540875,187.88735707448487
43.38388361253009,178.86469667055292
45.78139839768959,188.96520604207308
156.20731146259138,104.3463432390239
161.42621070035534,85.85648541000643
82.64515343920229,132.12315496649452
119.30910182334016,35.859628172627566
112.26907648700032,43.143390899899586
95.14689281468783,123.72077286830375
170.40280270391398,92.47012759603328
14.890278204216596,152.52981699625857
54.331937993320985,27.624165021692175
120.59106192900671,64.9884576438162
49.82616407963615,78.33143705259559
153.7726484271771,22.721180752719892
8.275037487693597,188.80522107058536
51.11355843397079,41.619596851953354
156.93887034407857,27.91395511978601
33.59035754722695,34.82187121917515
154.145496707238,180.2739048983501
170.74190869791957,141.64285888697916
119.44552573084957,122.75517422484728
189.05680032436254,11.659963772554107
48.768522905817925,173.3049119233807
104.35528466185133,96.0103118498691
12.008182482740393,130.9808166429017
52.08877461841628,189.73662737702537
179.56515640796155,29.363272718494866
166.90996219667122,93.07713065963438
137.20567744157864,58.72262432931489
96.81962541896759,117.84094534579569
148.96080949252254,137.335271436333
160.77715367738108,32.92651062308456
172.41615045252217,97.8980044111398
105.02854221386845,104.38777722688302
54.13794991423327,95.06797823407304
158.65226475783095,192.7639485441065
51.90565509388124,32.4941826279225
52.23562183765186,21.557851451629436
54.705621286340666,30.035806417367137
8.568567034679441,62.85221405486111
156.3039795877,133.12863651753463
194.98840845464275,15.912664937756345
108.8781282437888,102.11564166158276
22.97328982954467,9.83815595131913
177.9939307292468,67.82650259325206
21.05362369559173,124.81508411412733
168.4904266212357,139.87193116077583
98.29283651203,16.706019490987323
168.9480117120466,96.30235863740221
5.944276678578451,8.672395663370454
174.00378920782828,96.84762587628252
152.52749086905183,63.949125180769066
23.99082515930716,117.76524017029823
21.76821113972581,66.38324544721554
13.538360499882968,44.65264996283207
189.75396361528558,160.0922393127296
108.17987557548099,8.93107072750128
179.85160813025632,186.7523763223767
27.511918374056172,106.40662299638566
103.23547073496484,60.60690779379361
21.72125276068845,116.43060803631566
125.54348822175747,102.78179718175183
94.95234328740668,36.98568630997245
150.234274093515,65.05250458663174
45.96333024157821,123.2934005763486
112.86128740619534,43.53818367379836
166.6239220900907,12.854134026606527
165.38021641086272,132.64944063450702
53.025917690569386,22.667880073838
98.94220229116954,131.2356778772765
103.23729082140785,120.1600530892476
126.33235085927558,85.29176966909476
58.18645000835645,162.9849087727828
29.459846563397505,113.60007981951664
157.2371779704317,134.06612285463524
104.85415967818203,78.85683288572716
181.91088735026227,36.99239168067579
81.40547667894238,126.88639206236051
109.74194927577541,155.00968408137282
157.38949403682835,15.38624266587837
49.796252153901605,187.4987210692742
33.72801373964933,106.72973713868122
92.99758663339753,31.02861135147194
38.556911718130074,167.05238137511478
51.28313156522554,90.29020833044821
80.91626389800976,101.50911585136626
23.720744431304762,190.42783088968218
155.4882454390844,32.55346113247971
87.28474376262108,196.38996491395332
108.44614727905659,71.10151658601882
157.2638561708418,7.923228140124902
52.440347686462644,184.53500257669523
86.11289943872698,16.874929214202925
108.97559874763765,92.7856962803143
172.3922033172339,192.87427057957382
13.439429711923362,83.31284797781703
81.5214773279309,41.239556274229756
144.06663430099675,145.18508414645657
118.1949894454469,193.370157464578
10.421221057053323,119.95821050114803
114.01580139510995,196.76566305633182
102.51711938075258,94.96401542031867
11.176539787977923,12.385061573088603
40.669534092870016,159.05922736466846
152.58406655742692,105.069309164767
179.62359970684452,139.0354431958574
90.4276251507698,152.72853969402453
106.52122604904623,151.22129178244856
99.87765528933225,67.40514878312639
81.12554461303611,130.33969059003982
156.85728766886342,25.9095171485692
32.864812721535685,129.91425351657378
167.69372649376655,96.44019377737517
34.691080658729206,166.83117421083256
157.3668234449467,176.48253590262846
162.6323604212098,134.58111363600602
16.4190721967724,81.8902369504044
125.38037190718272,188.05475181660418
179.65742900350364,104.18296057067849
21.91865790929997,170.6549336584304
19.259467261031727,163.84146495091568
126.65361061921422,22.74839921428667
43.71318984305578,91.69121005543418
49.17992678008929,62.75541490101477
159.00890695610917,33.357978855190154
162.40774509885227,40.29104799528377
185.99388430909343,153.08924042632086
18.84222887746156,126.41536034711747
22.005990130908646,108.79930612684751
181.17276029718576,113.12795748366335
50.039740928374854,75.39647310881054
95.48519090176491,42.88416082814675
52.34998461421358,194.46013847190295
119.11096652530753,66.09572466851564
112.19815413082293,10.992204561037017
117.45979222070545,63.02737544288458
170.77562367792464,108.74009814884289
118.20988951480122,61.016645342958014
57.159805131426694,165.43112427598177
143.02226678065546,12.61320165637587
57.635140534184615,90.11973515838007
193.01624003183187,15.83082878731299
96.59044098078796,40.76766257181039
75.34197352704435,37.13556634896316
189.79653495407285,182.3725755027957
176.00762264460113,106.64909552527305
13.320140590093438,9.527773382592951
117.51058093158674,24.53473316700258
126.70014085337957,175.9287313797692
109.47807306545366,186.40633089003222
122.72009009462936,123.74757031754173
79.98201726212444,118.46991291900467
25.071783853260087,52.75467986293021
186.74356632006334,72.39325946659858
181.02957279757428,188.81622200848102
82.53117187884315,66.48130566192147
38.570212950687846,108.83356280409632
154.808527445887,118.19625790301109
82.78170429901219,79.28018575326723
118.8709652402616,195.05289984655278
175.8275131641568,16.707576420116652
57.9072198411117,25.63170712909313
166.36007173530567,9.535846143046156
155.49518793253867,67.95629836091715
23.626682285566766,132.82132561484633
45.66615294912601,36.29969494160482
29.886942928042426,63.89273178514876
10.069584179588128,18.136161138189212
88.53256073065106,130.1933082338528
173.16885506769276,164.96191791011142
107.13087938253099,179.46139468579972
23.757744173196198,179.8833706919764
188.80439512635203,158.13585152919197
122.16917173804934,103.80079497189818
27.588621009463314,118.84434444803007
93.17863436518611,150.59524285259758
174.49056801445266,127.12027693327225
39.36457062680974,51.03885943220636
26.190173314145696,170.86598400900004
191.85213306424305,176.22682931251174
195.92158333029622,8.345640531623975
120.02080921438906,102.78902076839515
117.10957514877965,8.495973195216
34.8572232367834,38.246712183218364
185.87328537034608,142.72899411910882
95.0834653238844,123.03789380506606
163.38889300070383,10.726710829860568
42.534409584266044,101.76798219648614
158.86348876415954,162.77521190295994
170.3036993682935,20.233843937510535
118.29114374647114,67.30290275491136
95.91007500330318,162.5331240280852
163.45281232987426,5.702441892290846
103.31571602680495,183.0217546324729
157.0475395774501,147.71743416859536
52.76677373451992,173.40936657139832
60.162722183941455,106.4808067701589
29.11749135313491,117.42658848707862
45.957914974981556,150.37366546501434
152.41983084314882,81.37052240645464
122.36883842229103,76.84645164019338
79.55674418683923,183.03333806331707
14.745763624475153,80.9028080970527
36.864940601224305,79.73822344656578
45.816188646451195,10.129139620754433
40.40131236492055,126.75109847842006
86.37626126734644,191.25805762972132
144.04624762233493,33.7788320519379
116.73713575615642,58.670157831162854
94.86796099926572,66.07726089489154
22.027731642938413,54.88734161360509
42.097456180281135,41.270588315991056
120.950598079761,40.233459684927396
190.03690369969067,195.89015224120416
14.08886566375434,75.54246693848036
174.3768086856984,112.56952573916757
78.7983592899888,153.64030834797342
25.59294518021148,148.0191164428546
177.13059914128496,75.17484157579848
171.15958801693913,118.28246433594573
97.66537027873001,190.71754151808014
98.8404915694572,121.24120079894863
60.90036940023097,151.14880962146555
35.348789234903435,58.343505928479175
186.8980264387245,148.0307211797288
8.408233214508122,100.91618650198279
13.360256768467757,196.47554779056046
163.12376486777754,118.69363330775681
109.92107891780101,154.00337097833898
31.28347869530752,113.58518174239863
83.79966304107141,92.85436894426532
101.96109492064184,71.51069997331572
99.95005587399844,17.41081417031284
102.24788320721785,118.03097317120705
9.108769670519846,180.69055148371186
188.6281331590242,147.57636382435163
89.0979074190866,130.3731230785385
34.475936918441185,84.14288103267134
164.14182485215406,134.65636295310927
6.724353893158959,114.79546346661148
76.68925058477865,80.19093818365748
61.56697969260797,129.04826407058732
58.841607613777455,29.13486109165253
55.69402177619411,159.54136282622602
111.98252393728353,22.287898426829646
159.02571770822047,187.75789287479105
8.625922846715376,39.025287690228915
181.1544066654414,31.865098922013757
16.798869973334813,52.121017405774936
36.361467855305754,131.27747596647083
22.700105791322244,108.19899725412529
9.582067053928006,103.7001070718721
33.00545142777393,172.23515766482825
155.69666656981286,140.3576260258076
187.19122063072302,115.75381221042099
96.11557116260983,101.56200857766669
167.60828649520644,28.608417190400434
95.29938256692377,111.411984965201
84.11011482271938,21.64594090853098
41.21699319623489,178.30633630998597
191.1498522871841,150.38566651719796
195.54052023151831,59.334080113189685
40.74132329630568,96.36841861395607
57.96418197581588,103.411487388808
16.905836971140875,28.558132927773073
89.1218937784806,177.44388834927608
38.6794423400937,154.66707770556926
109.50319278142011,35.77959736741607
193.70782291269006,16.726580331219694
177.86497567579124,6.541764133847076
192.04543081354066,25.569480295586086
54.26624510207378,87.2469752829503
54.836151982622184,99.45765866695582
46.49740926819802,170.2412532757757
158.17623870156655,7.071546205681256
153.47482419374256,114.58575582046153
188.5064102833777,109.45859637033367
192.90748303122535,97.34035858428352
175.4023599992297,26.32581232921202
48.53436230396154,53.785646641104854
94.29248679797111,80.26500818256997
82.94098166524559,154.79222327329555
101.47244683469833,35.370752803801786
30.40004011660532,187.279500838105
121.2083935914221,163.21343605978456
160.82025996931003,102.74787731802382
155.51511956036552,160.66543742796682
108.16518417224817,25.026847262888325
111.98618830973825,92.60645189716989
115.4802401181132,58.571665057785694
54.20015767310037,192.9904983287437
115.81402033997988,164.46963573874592
166.19273836555732,5.314326720813524
162.60109341177716,162.28116688576242
107.93430977550963,158.37920795993494
17.75562230165811,118.75831292876185
90.09809004068768,12.563003296442965
158.81095365324643,131.99806807634025
47.67078061004743,96.33130869980802
42.467020219341215,153.76594454037246
67.07689928410223,124.51694747976326
190.93346943629595,74.33875214474017
10.0,25.0
180.0,180.0